ppm HF Concentration mole,X (m),Y (m),Z (m)
96,66.98,85.78,40.56
102,67.03,85.59,40.46
104,68,85.55,40.46
100,66.95,85.78,41.02
91,67.83,85.78,40.53
82,66.95,85.78,41.73
173,66.38,85.26,40.58
101,66.43,85.78,40.52
119,67.14,85.58,40.75
130,67.16,85.43,40.65
124,68.07,85.4,40.65
151,66.61,85.3,40.46
165,67.54,85.19,40.46
159,68.5,85.12,40.46
58,66.96,85.78,42.41
45,66.96,85.78,43.07
20,66.38,85.25,43.74
28,66.96,85.78,43.72
36,68.02,85.78,43.74
11,66.38,85.25,44.38
2,66.74,79.29,50.1
2,67.35,78.31,50.3
110,66.38,85.25,41.07
80,66.38,85.25,41.78
111,67.1,85.58,41.17
113,67.92,85.58,40.72
93,68.02,85.78,40.98
88,67.1,85.58,41.83
86,68.01,85.78,41.75
464,66.38,84.3,40.62
158,66.57,85.13,40.75
117,66.63,85.58,40.72
133,67.23,85.32,40.87
130,68.06,85.28,40.85
161,66.77,85.17,40.65
169,67.61,85.08,40.65
157,68.52,85.03,40.66
857,66.6,84.29,40.46
383,66.99,84.71,40.46
476,68.02,84.6,40.46
307,68.93,84.51,40.46
201,69.36,85.33,40.46
394,71.3,85.15,40.46
39,66.38,85.24,42.45
59,67.1,85.58,42.48
77,68.02,85.78,42.43
59,68.03,85.78,43.09
42,67.11,85.58,43.12
29,66.38,85.24,43.09
33,66.38,84.24,43.77
20,66.58,85.13,43.76
17,66.38,84.25,44.39
54,66.38,83.35,43.78
32,66.38,83.34,44.4
10,66.95,85.78,44.37
27,67.1,85.58,43.75
16,68.01,85.78,44.38
114,72.35,85.55,44.01
94,71.37,85.78,44.02
35,68.09,85.58,43.76
22,69.44,85.78,44.05
4,66.38,85.25,45.02
10,66.58,85.13,44.39
7,66.38,84.26,45.02
17,66.38,83.35,45.02
2,72.35,84.84,46.32
2,72.35,84.84,46.97
2,72.35,85.56,47.98
2,71.37,85.78,47.97
2,71.37,85.78,49.31
2,72.15,84.71,47.56
426,71.8,84.37,40.46
460,72.18,84.84,40.46
3,83.27,65.92,40.21
2,67.03,78.83,50.1
2,66.85,79.31,49.84
2,66.58,79.3,49.95
2,66.38,79.31,49.57
2,66.71,78.41,50.1
2,67.82,77.82,50.3
2,69.1,76.24,50.3
408,66.38,83.58,40.62
328,66.37,83.13,40.8
606,66.37,83.17,40.61
179,66.38,84.29,41.16
70,66.38,84.26,41.87
119,66.58,85.13,41.19
116,67.2,85.32,41.27
82,66.58,85.13,41.85
89,67.2,85.32,41.9
404,71.33,85.78,41.24
442,71.65,85.63,40.46
133,69.4,85.78,41.28
108,68.1,85.58,41.13
95,68.08,85.58,41.84
117,68.13,85.3,41.24
98,68.12,85.3,41.9
1201,66.41,83.13,40.45
1229,66.58,83.44,40.46
477,66.57,84.24,40.77
153,66.88,85.07,40.87
158,67.66,85.02,40.87
155,68.53,84.91,40.85
628,66.75,84.23,40.65
307,67.1,84.65,40.65
365,68.04,84.56,40.66
237,68.94,84.48,40.66
192,69.36,85.2,40.65
355,71.19,85.01,40.66
1210,66.96,83.79,40.46
965,67.52,84.17,40.46
793,68.45,84.08,40.46
287,69.35,84.01,40.46
270,70.29,84.56,40.46
341,71.23,83.9,40.46
66,66.38,84.25,42.51
44,66.58,85.13,42.49
59,67.2,85.32,42.52
341,71.37,85.78,42.7
77,68.09,85.58,42.49
59,69.44,85.78,42.75
56,68.09,85.58,43.12
76,68.12,85.3,42.52
53,68.12,85.3,43.15
40,67.2,85.32,43.15
52,66.38,84.24,43.14
31,66.58,85.13,43.13
167,66.38,83.38,42.55
95,66.38,83.36,43.16
439,72.35,85.55,42.68
19,66.87,85.06,43.77
29,66.58,84.23,43.77
16,66.58,84.23,44.39
52,66.38,82.54,43.78
46,66.58,83.34,43.77
38,66.38,81.56,43.79
35,66.38,81.57,44.4
35,66.38,82.54,44.4
28,66.58,83.34,44.4
114,72.35,84.81,43.7
28,72.35,84.81,44.36
6,72.35,84.81,45.01
5,67.44,85.78,45.34
12,67.1,85.58,44.39
25,67.2,85.32,43.77
25,67.66,85.02,43.77
19,68.09,85.58,44.39
32,68.12,85.3,43.77
6,72.35,85.55,45.33
7,71.37,85.78,45.33
8,69.44,85.78,45.34
95,71.25,85.58,44.06
125,72.15,85.37,44.06
151,71.89,84.64,43.77
63,71.89,84.64,44.39
27,69.44,85.58,44.07
3,72.35,84.82,45.67
26,66.38,82.54,45.02
3,66.38,85.26,45.66
4,66.58,85.13,45.02
10,66.87,85.06,44.4
4,66.38,84.26,45.65
7,66.58,84.23,45.02
16,66.58,83.34,45.02
6,66.38,83.35,45.65
11,66.38,82.54,45.65
2,67.44,85.78,47.95
2,67.44,85.78,46.64
2,69.44,85.78,47.94
2,72.35,85.55,46.65
3,71.37,85.78,46.65
3,69.44,85.78,46.63
3,72.15,84.71,46.29
2,72.35,83.86,46.31
2,72.15,84.71,46.92
2,72.35,83.86,46.96
2,69.57,76.01,50.3
2,69.55,75.96,50.11
2,71.25,85.58,47.88
2,71.89,84.64,47.52
2,72.15,85.37,47.89
374,71.67,84.28,40.66
398,71.87,84.58,40.85
424,72,84.72,40.66
446,72.15,83.88,40.46
467,72.35,84.68,40.53
457,72.35,85.55,41.23
38,66.38,80.67,44.4
2,83.27,65.93,40.2
3,83.26,65.93,40.2
3,83.27,65.93,40.2
4,83.27,65.95,40.21
4,83.27,65.95,40.23
4,83.27,65.94,40.22
4,83.27,65.97,40.22
4,83.27,65.96,40.23
2,83.27,65.92,40.2
3,83.26,65.92,40.21
3,83.27,65.92,40.2
4,83.27,65.95,40.26
3,83.27,65.93,40.21
3,83.27,65.91,40.21
3,83.27,65.91,40.21
4,83.27,65.95,40.24
3,83.26,65.96,40.32
3,83.26,65.96,40.3
2,66.58,80.15,49.96
32,66.38,81.57,45.02
2,66.38,81.3,49.25
2,66.38,80.15,49.58
2,67.13,78.85,49.84
2,66.85,79.32,49.4
2,66.38,79.32,48.85
2,66.58,79.33,49.46
2,66.58,78.43,49.95
2,66.38,78.41,49.55
2,66.83,78.44,49.84
2,66.58,77.96,50
2,66.97,77.93,50.1
2,68.26,77.32,50.3
2,67.29,77.39,50.3
3,69.11,75.96,50.1
3,68.6,76.05,50.3
2,68.68,76.76,50.3
35,66.38,80.67,45.02
1659,66.22,82.05,42.34
1797,66.2,81.67,41.98
1916,66.19,82.47,41.98
181,66.38,83.41,41.2
131,66.38,83.39,41.91
595,66.57,83.53,40.76
479,66.54,83.08,40.85
894,66.35,82.71,40.72
797,66.54,83.1,40.72
767,66.35,82.85,40.53
1843,66.29,82.48,40.66
197,66.58,84.25,41.23
80,66.58,84.23,41.89
122,66.87,85.06,41.27
126,67.66,85.02,41.27
85,66.87,85.06,41.9
93,67.66,85.02,41.9
401,71.5,85.44,40.66
352,71.21,85.58,41.39
139,69.41,85.58,41.42
126,68.54,84.98,41.25
103,68.54,84.96,41.9
1043,66.58,83.04,40.63
953,66.73,83.37,40.65
1431,66.92,82.92,40.45
1636,66.41,81.82,40.42
1666,66.43,82.24,40.42
1509,66.59,82.53,40.43
427,66.85,84.2,40.87
243,67.17,84.61,40.87
267,68.06,84.54,40.87
192,68.94,84.46,40.87
168,69.33,84.95,40.83
331,71.17,84.77,40.83
352,71.58,84.23,40.87
922,67.06,83.75,40.66
719,67.56,84.15,40.66
587,68.46,84.07,40.66
234,69.34,83.99,40.66
234,70.26,84.47,40.66
295,71.15,83.86,40.66
1383,67.46,83.27,40.46
1218,67.96,83.67,40.46
705,68.86,83.6,40.46
205,69.76,83.52,40.46
262,70.69,83.46,40.46
380,71.74,83.43,40.46
67,66.58,84.23,42.52
50,66.87,85.06,42.52
65,67.66,85.02,42.52
301,71.25,85.58,42.78
66,69.45,85.58,42.8
79,68.54,84.96,42.52
57,68.54,84.96,43.15
42,67.66,85.02,43.15
33,66.87,85.06,43.15
48,66.58,84.23,43.14
231,66.37,82.52,42.61
170,66.58,83.35,42.53
101,66.38,82.56,43.19
87,66.58,83.35,43.15
49,66.38,81.54,43.19
440,71.89,84.64,42.52
425,72.15,85.37,42.77
341,71.89,84.64,43.15
489,72.35,84.82,42.38
363,72.35,84.82,43.04
157,71.58,84.23,43.77
18,67.17,84.61,43.77
23,66.85,84.2,43.77
67,71.58,84.23,44.4
10,67.17,84.61,44.4
12,66.85,84.2,44.4
42,66.38,81.97,43.79
47,66.58,82.54,43.77
38,66.82,83.32,43.77
39,66.38,81.07,43.78
38,66.58,81.56,43.78
37,66.38,81.08,44.4
34,66.38,81.98,44.4
33,66.58,81.57,44.4
32,66.58,82.54,44.4
23,66.82,83.32,44.4
133,72.15,84.7,43.74
43,72.15,84.7,44.38
80,72.35,83.84,43.73
11,72.35,83.84,44.37
10,72.15,84.7,45.02
4,72.35,83.84,45.02
5,67.56,85.58,45.34
13,67.2,85.32,44.4
26,68.06,84.54,43.77
13,67.66,85.02,44.4
36,68.54,84.96,43.77
18,68.12,85.3,44.4
9,71.25,85.58,45.33
8,72.15,85.37,45.33
14,71.89,84.64,45.02
6,71.89,84.64,45.64
17,71.58,84.23,45.02
9,69.44,85.58,45.33
42,68.94,84.46,43.77
32,69.42,85.11,44.08
115,71.25,85.04,44.08
5,72.15,84.7,45.65
3,72.35,83.85,45.66
30,66.38,81.98,45.02
24,66.58,82.54,45.02
34,66.38,81.08,45.02
3,66.38,84.8,46.62
3,66.58,85.13,45.65
5,66.87,85.06,45.02
4,66.58,84.23,45.65
7,66.85,84.2,45.02
5,67.17,84.61,45.02
3,66.38,82.94,47.88
2,66.58,82.93,49.15
2,66.38,84.81,47.93
14,66.82,83.32,45.02
7,66.58,83.34,45.65
11,66.58,82.54,45.65
4,66.38,82.96,46.6
17,66.38,81.98,45.65
2,72.35,82.99,46.3
2,67.56,85.58,47.88
3,67.56,85.58,46.6
2,69.45,85.58,47.87
8,71.58,84.23,45.65
3,71.25,85.58,46.61
3,72.15,85.37,46.61
3,71.89,84.64,46.27
3,69.45,85.58,46.6
2,71.89,84.64,46.9
3,72.15,83.79,46.28
2,72.15,83.79,46.92
2,72.35,82.44,46.3
2,69.56,76.21,50.1
2,70.06,76.17,50.3
2,69.55,75.96,49.53
2,69.55,76.16,49.95
2,70.13,75.96,50.12
2,71.87,83.76,47.52
2,71.58,84.23,47.52
2,71.25,85.04,47.83
397,71.89,84.65,41.24
397,71.98,83.8,40.66
431,72.15,84.55,40.72
426,72.15,85.37,41.39
414,71.89,84.64,41.9
458,72.35,84.85,40.95
454,72.35,83.88,40.56
463,72.35,84.82,41.7
151,66.37,81.54,42.6
39,66.38,80.67,43.78
36,66.58,80.67,44.4
39,66.38,80.16,44.4
1703,66.3,81.67,40.66
1333,66.54,81.53,40.43
4,83.27,65.98,40.22
3,83.27,65.98,40.21
3,83.27,66.02,40.24
3,83.27,65.96,40.28
2,83.26,65.99,40.28
2,83.27,66.02,40.26
3,83.27,65.99,40.26
3,83.27,65.96,40.26
3,83.26,65.92,40.2
2,83.27,65.93,40.2
3,83.27,65.94,40.2
3,83.27,65.93,40.19
3,83.26,65.93,40.21
4,83.26,65.94,40.21
4,83.26,65.95,40.21
4,83.25,65.96,40.22
4,83.27,65.96,40.21
3,83.27,65.96,40.21
3,83.27,65.95,40.2
4,83.25,65.97,40.22
4,83.27,65.97,40.21
4,83.25,65.95,40.23
4,83.26,65.95,40.22
4,83.27,65.93,40.23
4,83.25,65.98,40.23
3,83.27,65.99,40.24
4,83.27,65.98,40.22
4,83.25,65.97,40.23
4,83.25,65.96,40.23
4,83.27,65.96,40.24
2,83.27,65.9,40.21
2,83.28,65.91,40.2
3,83.27,65.92,40.19
3,83.27,65.9,40.2
3,83.27,65.9,40.2
4,83.25,65.92,40.21
3,83.26,65.92,40.2
3,83.26,65.91,40.21
3,83.26,65.91,40.2
4,83.26,65.94,40.32
4,83.26,65.94,40.3
4,83.25,65.95,40.26
4,83.27,65.93,40.27
4,83.26,65.93,40.28
3,83.27,65.9,40.21
4,83.27,65.92,40.22
3,83.27,65.89,40.21
4,83.27,65.9,40.22
3,83.26,65.9,40.21
4,83.27,65.93,40.24
4,83.25,65.95,40.24
4,83.27,65.92,40.24
4,83.26,65.92,40.22
4,83.27,65.92,40.26
3,83.26,65.97,40.34
3,83.26,65.98,40.32
3,83.24,65.96,40.32
4,83.26,65.95,40.32
2,83.26,65.98,40.3
3,83.24,65.96,40.3
4,83.26,65.95,40.31
4,83.25,65.95,40.36
4,83.26,65.95,40.34
2,83.27,66.05,40.28
2,83.27,66.05,40.26
3,83.27,66.05,40.24
2,83.26,65.99,40.33
2,83.26,66,40.32
2,83.26,66,40.3
29,66.58,81.57,45.02
2,66.58,81.29,49.15
2,66.58,80.16,49.47
23,66.38,81.08,45.65
20,66.38,81.57,45.65
3,66.38,81.29,47.88
2,66.38,80.15,48.86
2,67.13,78.85,49.4
2,66.89,80.22,49.4
2,66.85,79.32,48.77
2,66.91,81.21,49.08
3,66.38,79.33,48.18
2,66.58,79.33,48.8
3,66.38,78.43,48.83
2,66.58,78.44,49.46
2,66.38,77.56,49.54
2,66.38,76.91,50.1
2,66.58,77.57,49.95
2,66.69,77.52,50.11
2,66.83,78.44,49.4
2,67.07,77.97,49.85
2,67.38,77.45,50.1
3,67.75,76.86,50.3
2,69.13,76.16,49.95
2,68.64,76.24,50.11
2,68.66,76.35,49.84
2,69.13,75.96,49.52
3,68.59,75.96,50.09
3,68.16,76.33,50.3
2,66.38,76.44,50.11
25,66.38,80.67,45.65
33,66.58,80.67,45.02
36,66.38,80.16,45.02
1468,66.3,82.47,41.97
288,66.32,82.28,42.34
1777,66.31,81.67,41.96
430,66.33,81.76,42.34
1709,66.21,82.06,42.23
1726,66.16,81.78,41.92
1832,66.14,82.36,41.91
205,66.37,82.75,41.95
259,66.57,83.37,41.23
390,66.36,82.75,41.25
1705,66.31,81.67,41.23
1869,66.3,82.47,41.25
166,66.58,83.35,41.9
622,66.84,83.37,40.85
625,66.71,83.05,40.86
1115,66.47,82.63,40.78
1029,66.48,82.77,40.62
1816,66.35,82.38,40.73
196,66.85,84.2,41.27
92,66.85,84.2,41.9
152,67.17,84.61,41.27
155,68.06,84.54,41.27
137,68.94,84.46,41.27
356,71.58,84.23,41.27
88,67.17,84.61,41.9
93,68.06,84.54,41.9
102,68.94,84.46,41.9
140,69.4,85.12,41.54
331,71.23,85.05,41.51
383,71.58,84.23,41.9
1231,66.99,82.88,40.62
1619,66.43,81.86,40.52
1695,66.45,82.21,40.53
1409,66.66,82.49,40.57
1514,67.42,82.38,40.45
1561,66.93,81.97,40.44
623,67.12,83.73,40.87
489,67.58,84.13,40.87
407,68.46,84.06,40.87
190,69.34,83.98,40.87
210,70.24,84.3,40.85
275,71.1,83.83,40.87
373,71.87,83.76,40.87
1152,67.49,83.26,40.66
969,67.97,83.66,40.66
573,68.86,83.59,40.66
173,69.75,83.51,40.66
230,70.65,83.44,40.66
336,71.61,83.37,40.66
1411,67.9,82.78,40.46
1171,68.38,83.18,40.46
434,69.27,83.11,40.46
173,70.18,83.04,40.46
285,71.13,82.99,40.46
401,72.1,82.93,40.46
70,66.85,84.2,42.52
56,67.17,84.61,42.52
65,68.06,84.54,42.52
81,68.94,84.46,42.52
407,71.58,84.23,42.52
323,71.58,84.23,43.15
77,69.42,85.11,42.83
328,71.25,85.04,42.83
62,68.94,84.46,43.15
44,68.06,84.54,43.15
34,67.17,84.61,43.15
44,66.85,84.2,43.15
174,66.37,81.95,42.74
290,66.55,82.5,42.54
169,66.82,83.32,42.52
75,66.38,81.97,43.2
102,66.58,82.54,43.16
78,66.82,83.32,43.15
40,66.38,81.06,43.17
58,66.58,81.56,43.16
468,72.15,84.7,42.46
351,72.15,84.7,43.11
464,72.35,83.85,42.41
350,72.35,83.84,43.07
125,71.87,83.76,43.77
137,71.1,83.83,43.77
29,68.46,84.06,43.77
21,67.58,84.13,43.77
28,67.12,83.73,43.77
40,71.87,83.76,44.4
76,71.1,83.83,44.4
11,67.58,84.13,44.4
16,67.12,83.73,44.4
41,66.58,81.98,43.78
40,66.8,82.49,43.77
34,67.06,82.85,43.77
38,66.58,81.08,43.77
35,66.77,81.56,43.77
38,66.75,80.67,43.77
35,66.58,81.08,44.4
34,66.75,80.67,44.4
31,66.77,81.56,44.4
28,66.8,82.49,44.4
32,66.58,81.98,44.4
22,67.06,82.85,44.4
96,72.15,83.78,43.75
21,72.15,83.78,44.39
100,72.35,82.99,43.74
10,72.35,82.99,44.38
11,71.87,83.76,45.02
7,72.15,83.78,45.02
4,72.35,82.98,45.02
14,68.06,84.54,44.4
20,68.54,84.96,44.4
5,67.66,85.17,45.33
9,69.42,85.11,45.33
13,71.25,85.04,45.33
28,71.1,83.83,45.02
52,69.34,83.98,43.77
26,68.94,84.46,44.4
61,70.26,84.42,44.08
17,68.46,84.06,44.4
6,71.87,83.76,45.65
4,72.15,83.79,45.65
2,72.35,82.99,45.66
16,67.06,82.85,45.02
27,66.58,81.98,45.02
21,66.8,82.49,45.02
31,66.58,81.08,45.02
26,66.77,81.56,45.02
30,66.75,80.67,45.02
3,72.35,82.43,45.02
2,72.35,82.43,45.66
3,66.58,84.69,46.6
3,66.87,85.06,45.65
9,67.12,83.73,45.02
4,66.85,84.2,45.65
7,67.58,84.13,45.02
3,67.17,84.61,45.65
3,66.58,82.92,47.85
2,66.96,82.87,49.08
2,66.58,84.69,47.87
11,66.8,82.49,45.65
7,66.82,83.32,45.65
9,67.06,82.85,45.65
6,66.38,82,46.38
5,66.58,82.95,46.6
16,66.58,81.98,45.65
2,72.15,82.96,46.28
2,67.63,85.16,47.83
3,67.64,85.17,46.59
2,69.43,85.11,47.83
14,71.1,83.83,45.65
4,71.58,84.23,46.27
3,69.43,85.11,46.58
3,71.25,85.04,46.58
2,71.58,84.23,46.9
3,71.87,83.76,46.27
2,71.87,83.76,46.9
2,72.15,82.96,46.91
2,72.15,82.41,46.28
2,72.15,82.42,46.91
2,72.35,82.02,46.29
2,69.55,75.96,48.81
2,70.1,75.96,49.55
2,68.15,80.54,49.4
2,67.45,81.93,49.08
2,71.53,83.35,47.52
2,71.1,83.83,47.52
2,70.26,84.42,47.83
2,71.83,82.86,47.52
424,72.15,84.72,41.12
412,72.15,83.79,40.75
436,72.15,84.7,41.82
438,72.35,83.87,41.02
429,72.35,83.02,40.57
440,72.35,83.86,41.73
863,66.36,81.42,41.23
889,66.36,81.42,41.96
248,66.54,81.59,42.53
43,66.38,81.02,42.57
40,66.38,80.66,43.15
39,66.58,80.67,43.77
40,66.38,80.16,43.77
38,66.58,80.16,44.4
40,66.38,79.33,44.39
1650,66.35,81.76,40.73
1329,66.61,81.56,40.54
865,66.35,81.41,40.65
569,66.75,81.03,40.45
2,83.28,66.1,40.39
3,83.26,65.98,40.2
3,83.27,66.05,40.21
3,83.26,65.98,40.2
4,83.27,65.99,40.22
3,83.27,66.02,40.21
4,83.24,65.97,40.21
4,83.24,65.97,40.22
4,83.25,65.99,40.23
3,83.25,66.02,40.23
3,83.27,66.03,40.24
3,83.27,66,40.24
3,83.25,66.02,40.24
3,83.24,65.96,40.28
3,83.27,65.98,40.28
2,83.26,66,40.28
2,83.24,65.99,40.28
2,83.27,66.03,40.26
2,83.25,66.02,40.26
2,83.27,66,40.26
3,83.24,65.99,40.26
4,83.25,65.96,40.26
3,83.27,65.97,40.27
4,83.24,65.96,40.23
4,83.24,65.96,40.22
4,83.25,65.95,40.22
4,83.25,65.95,40.23
3,83.27,65.93,40.19
3,83.27,65.94,40.2
4,83.25,65.93,40.21
4,83.25,65.95,40.21
3,83.26,65.95,40.2
3,83.27,65.96,40.2
3,83.27,65.96,40.2
4,83.24,65.96,40.21
3,83.26,65.97,40.2
4,83.25,65.93,40.22
4,83.24,65.92,40.21
3,83.25,65.99,40.25
4,83.24,65.98,40.23
4,83.27,65.98,40.24
4,83.25,65.96,40.24
3,83.29,65.86,40.21
2,83.28,65.86,40.25
2,83.28,65.9,40.2
3,83.28,65.88,40.21
3,83.28,65.88,40.21
2,83.27,65.91,40.19
2,83.27,65.9,40.19
3,83.26,65.92,40.19
3,83.26,65.91,40.19
3,83.26,65.9,40.2
3,83.27,65.89,40.2
3,83.25,65.91,40.21
2,83.28,65.86,40.25
4,83.24,65.94,40.32
4,83.26,65.92,40.32
4,83.24,65.94,40.3
4,83.26,65.92,40.3
4,83.25,65.93,40.26
4,83.24,65.93,40.28
4,83.26,65.92,40.29
4,83.26,65.91,40.3
4,83.27,65.89,40.24
4,83.26,65.9,40.22
3,83.26,65.9,40.21
3,83.26,65.89,40.21
4,83.27,65.89,40.23
4,83.25,65.93,40.24
4,83.25,65.92,40.24
4,83.27,65.9,40.25
4,83.25,65.91,40.22
4,83.25,65.92,40.26
4,83.26,65.91,40.28
4,83.26,65.9,40.26
2,83.26,66.01,40.36
2,83.26,66.01,40.34
3,83.26,65.99,40.36
2,83.26,65.99,40.34
2,83.28,66.07,40.39
3,83.26,66.01,40.38
3,83.25,65.99,40.4
3,83.26,65.99,40.38
3,83.25,65.96,40.36
3,83.23,65.98,40.34
3,83.26,65.96,40.35
3,83.23,65.98,40.32
4,83.23,65.95,40.32
3,83.24,65.98,40.3
4,83.23,65.95,40.3
4,83.25,65.92,40.34
4,83.22,65.95,40.36
4,83.25,65.94,40.36
4,83.23,65.95,40.34
4,83.26,65.93,40.35
3,83.25,65.96,40.38
2,83.28,66.1,40.38
2,83.29,66.1,40.38
2,83.27,66.06,40.28
2,83.25,66.05,40.28
3,83.27,66.07,40.26
2,83.25,66.04,40.26
3,83.25,66.04,40.22
3,83.25,66.04,40.24
2,83.25,66.07,40.28
2,83.27,66.09,40.27
3,83.27,66.07,40.23
3,83.27,66.07,40.21
3,83.27,66.06,40.2
2,83.23,65.99,40.32
2,83.23,66,40.32
2,83.23,66,40.3
2,83.27,66.05,40.31
2,83.27,66.1,40.34
2,83.25,66.07,40.32
2,83.27,66.08,40.31
21,66.58,81.08,45.65
19,66.58,81.57,45.65
4,66.58,81.29,47.85
2,66.58,80.16,48.8
5,66.38,81.23,46.61
3,66.38,80.15,47.87
2,67.13,78.85,48.77
2,66.89,80.22,48.77
3,67.27,80.61,48.77
3,67.18,79.73,48.77
4,67.67,80.13,48.77
3,66.85,79.32,48.15
17,66.77,81.56,45.65
5,66.91,81.21,47.83
20,66.75,80.67,45.65
3,66.38,79.33,47.53
4,66.85,79.32,47.52
3,66.58,79.33,48.16
3,66.38,78.44,48.17
3,66.58,78.45,48.79
3,66.38,77.6,48.82
2,67.52,78.37,48.77
3,66.83,78.44,48.77
3,66.38,76.97,49.53
2,66.58,77.61,49.45
2,66.8,77.6,49.84
2,66.57,77.02,49.95
2,66.9,77.02,50.11
2,67.19,76.4,50.3
2,67.07,77.97,49.4
2,67.44,77.49,49.84
2,67.81,76.96,50.1
2,69.13,76.16,49.44
2,68.63,76.16,49.94
2,68.21,76.47,50.11
2,68.25,76.57,49.84
2,69.13,75.96,48.81
3,68.62,75.96,49.51
2,67.13,75.96,50.17
3,68.15,75.96,50.1
3,67.6,76.09,50.3
2,66.38,76.07,50.12
2,66.66,76.12,50.3
3,66.38,76.48,49.54
2,66.57,76.59,49.95
2,66.66,76.57,50.11
2,66.75,75.96,50.11
23,66.58,80.67,45.65
27,66.38,80.16,45.65
34,66.58,80.16,45.02
38,66.38,79.34,45.02
356,66.81,83.32,41.26
1590,66.36,82.36,41.91
856,66.4,82.22,42.22
1428,66.42,81.84,42.22
1737,66.39,81.78,41.9
1710,66.19,82.06,41.87
487,66.53,82.66,41.91
716,66.51,82.67,41.27
1661,66.37,81.78,41.25
1822,66.36,82.36,41.26
216,66.82,83.32,41.9
1033,67.03,82.83,40.84
1617,66.44,81.89,40.76
1713,66.46,82.2,40.77
1331,66.69,82.46,40.8
1376,66.67,81.6,40.77
303,67.12,83.73,41.27
148,67.12,83.73,41.9
228,67.58,84.13,41.27
202,68.46,84.06,41.27
130,69.34,83.98,41.27
260,71.1,83.83,41.27
377,71.87,83.76,41.27
104,67.58,84.13,41.9
96,68.46,84.06,41.9
94,69.34,83.98,41.9
164,70.25,84.43,41.56
264,71.1,83.83,41.9
405,71.87,83.76,41.9
1464,67.43,82.38,40.63
1551,66.95,81.97,40.58
1326,67.82,81.89,40.46
1214,67.33,81.47,40.45
906,67.5,83.25,40.87
717,67.98,83.66,40.87
437,68.86,83.58,40.87
149,69.74,83.5,40.87
215,70.62,83.42,40.87
320,71.53,83.34,40.87
1316,67.9,82.78,40.66
1029,68.38,83.18,40.66
362,69.27,83.1,40.66
146,70.16,83.03,40.66
258,71.07,82.96,40.66
358,71.93,82.88,40.66
1205,68.3,82.3,40.46
893,68.79,82.7,40.46
139,69.68,82.63,40.46
403,72.28,82.48,40.46
194,70.6,82.56,40.46
315,71.6,82.51,40.46
105,67.12,83.73,42.52
67,67.58,84.13,42.52
63,68.46,84.06,42.52
81,69.34,83.98,42.52
278,71.1,83.83,42.52
429,71.87,83.76,42.52
323,71.87,83.76,43.15
228,71.1,83.83,43.15
132,70.26,84.42,42.83
69,69.34,83.98,43.15
45,68.46,84.06,43.15
40,67.58,84.13,43.15
57,67.12,83.73,43.15
267,66.73,81.59,42.46
268,66.55,81.97,42.66
269,66.76,82.45,42.48
192,67.06,82.85,42.52
88,66.58,81.97,43.17
85,66.8,82.49,43.15
75,67.06,82.85,43.15
44,66.58,81.07,43.15
54,66.77,81.56,43.15
41,66.75,80.67,43.15
449,72.15,83.78,42.48
330,72.15,83.78,43.12
426,72.35,82.99,42.44
364,72.35,82.99,43.09
151,71.53,83.35,43.77
106,70.62,83.42,43.77
67,69.74,83.5,43.77
34,68.86,83.58,43.77
22,67.98,83.66,43.77
26,67.5,83.25,43.77
61,71.53,83.35,44.4
68,70.62,83.42,44.4
14,67.98,83.66,44.4
16,67.5,83.25,44.4
34,66.98,81.97,43.77
28,67.43,82.37,43.77
38,66.89,80.22,43.77
35,66.93,81.09,43.77
36,66.85,79.32,44.4
33,66.89,80.22,44.4
30,66.93,81.09,44.4
26,66.98,81.97,44.4
21,67.43,82.37,44.4
107,72.15,82.95,43.76
18,72.15,82.96,44.39
131,72.35,82.43,43.75
12,72.35,82.43,44.39
12,67.5,83.25,45.02
9,67.98,83.66,45.02
34,70.62,83.42,45.02
21,71.53,83.35,45.02
7,72.15,82.95,45.02
34,69.34,83.98,44.4
46,69.74,83.5,44.4
18,70.26,84.42,45.33
23,68.86,83.58,44.4
8,68.5,84.52,45.33
10,71.53,83.35,45.65
4,72.15,82.95,45.65
17,67.43,82.37,45.02
21,66.98,81.97,45.02
31,66.85,79.32,45.02
28,66.89,80.22,45.02
25,66.93,81.09,45.02
16,66.93,81.09,45.65
7,72.15,82.41,45.02
4,72.15,82.41,45.65
3,72.35,82.01,45.02
2,72.35,82.01,45.66
4,66.96,82.87,47.83
6,67.12,83.73,45.65
3,67.01,84.61,46.58
5,67.58,84.13,45.65
2,67.01,84.61,47.83
8,67.5,83.25,45.65
7,67.98,83.66,45.65
7,66.58,81.99,46.38
13,66.98,81.97,45.65
7,66.96,82.9,46.59
12,67.43,82.37,45.65
3,71.83,82.86,46.27
2,68.5,84.52,47.83
17,70.62,83.42,45.65
5,71.1,83.83,46.27
4,70.26,84.42,46.58
3,71.1,83.83,46.9
4,71.53,83.35,46.27
2,71.53,83.35,46.9
2,71.83,82.86,46.9
3,71.97,82.41,46.27
2,71.97,82.41,46.9
2,72.15,82,46.28
2,69.55,75.96,48.16
2,70.09,75.96,48.83
2,68.55,80.06,49.4
2,68.96,79.58,49.4
4,67.75,81.01,48.77
5,68.15,80.54,48.77
6,67.45,81.93,47.83
2,69.03,80.46,49.4
4,68.23,81.42,48.77
5,68.63,80.94,48.77
2,68.23,81.42,49.4
2,68.63,80.94,49.4
2,69.3,83.54,47.83
2,71.03,82.95,47.52
2,70.62,83.42,47.52
2,71.43,82.47,47.52
403,72.15,83.79,41.17
384,72.15,82.96,40.75
422,72.15,83.79,41.83
409,72.35,83.01,41.04
408,72.35,82.47,40.57
408,72.35,83,41.76
1180,66.51,81.51,41.25
48,66.38,80.97,41.2
1040,66.51,81.51,41.91
44,66.38,80.98,41.92
56,66.58,81.05,42.54
43,66.75,80.67,42.52
41,66.38,80.64,42.54
42,66.58,80.67,43.15
41,66.38,80.15,43.15
41,66.58,80.16,43.77
42,66.38,79.33,43.77
40,66.85,79.32,43.77
39,66.58,79.34,44.4
41,66.38,78.45,44.39
1197,66.48,81.5,40.74
686,66.85,81.05,40.62
134,67.15,80.6,40.46
50,66.45,80.62,40.46
78,66.37,80.97,40.64
2,83.28,66.11,40.4
2,83.28,66.1,40.39
3,83.24,65.97,40.2
3,83.24,65.97,40.2
3,83.25,65.98,40.2
3,83.26,66.05,40.2
3,83.27,66.03,40.21
3,83.26,66.02,40.2
3,83.26,65.99,40.2
4,83.27,66,40.21
4,83.24,65.97,40.22
4,83.24,65.97,40.23
4,83.23,65.96,40.21
4,83.23,65.98,40.22
4,83.23,65.98,40.23
4,83.24,65.98,40.23
4,83.24,65.98,40.22
3,83.24,66,40.23
3,83.24,66.03,40.23
3,83.24,66.03,40.24
3,83.24,66,40.24
4,83.24,65.95,40.28
2,83.24,66.03,40.28
2,83.23,65.99,40.3
2,83.24,66,40.28
3,83.24,65.98,40.28
4,83.24,65.95,40.26
2,83.24,66.03,40.26
3,83.24,66,40.26
3,83.24,65.98,40.26
4,83.24,65.95,40.22
4,83.24,65.95,40.21
3,83.26,65.96,40.2
3,83.25,65.96,40.2
3,83.25,65.93,40.2
4,83.23,65.92,40.22
3,83.24,65.92,40.2
4,83.24,65.98,40.24
4,83.24,65.95,40.24
3,83.3,65.86,40.21
2,83.31,65.85,40.21
3,83.29,65.86,40.22
3,83.28,65.86,40.22
2,83.28,65.86,40.24
2,83.29,65.86,40.23
3,83.28,65.86,40.23
3,83.28,65.87,40.22
3,83.29,65.87,40.2
2,83.29,65.87,40.2
3,83.29,65.86,40.21
3,83.29,65.86,40.21
3,83.28,65.86,40.2
3,83.29,65.86,40.2
3,83.28,65.87,40.21
3,83.29,65.86,40.21
3,83.28,65.86,40.24
3,83.27,65.86,40.25
2,83.27,65.85,40.25
4,83.27,65.88,40.22
3,83.28,65.87,40.2
3,83.28,65.88,40.2
3,83.27,65.88,40.2
2,83.28,65.88,40.19
2,83.28,65.89,40.2
3,83.28,65.87,40.21
3,83.27,65.88,40.21
3,83.27,65.88,40.2
3,83.27,65.88,40.21
3,83.27,65.88,40.2
3,83.26,65.9,40.19
2,83.27,65.89,40.19
3,83.25,65.91,40.2
3,83.25,65.89,40.2
3,83.25,65.89,40.21
3,83.24,65.89,40.21
3,83.26,65.88,40.21
3,83.26,65.88,40.2
2,83.27,65.86,40.26
2,83.27,65.86,40.27
4,83.23,65.92,40.32
4,83.25,65.91,40.33
4,83.23,65.92,40.3
4,83.23,65.92,40.26
4,83.22,65.94,40.26
4,83.22,65.94,40.28
4,83.23,65.92,40.28
4,83.25,65.9,40.32
4,83.25,65.88,40.3
4,83.24,65.91,40.3
4,83.26,65.9,40.3
4,83.25,65.89,40.24
4,83.27,65.88,40.25
4,83.26,65.89,40.22
4,83.23,65.92,40.24
4,83.25,65.91,40.24
3,83.23,65.89,40.22
4,83.24,65.91,40.26
4,83.24,65.91,40.28
4,83.26,65.89,40.29
4,83.26,65.88,40.27
4,83.26,65.88,40.28
3,83.23,66.01,40.36
2,83.27,66.04,40.35
2,83.23,66.01,40.34
3,83.25,65.98,40.36
3,83.22,65.99,40.36
3,83.22,65.99,40.34
2,83.27,66.07,40.42
3,83.25,65.99,40.44
3,83.25,65.99,40.42
2,83.25,65.99,40.46
3,83.26,66.01,40.4
2,83.27,66.04,40.39
2,83.26,66.08,40.39
3,83.26,66.01,40.38
3,83.23,66.01,40.38
3,83.22,65.99,40.4
3,83.25,65.97,40.4
3,83.25,65.97,40.38
3,83.22,65.99,40.38
2,83.25,66.1,40.38
4,83.22,65.96,40.36
4,83.22,65.96,40.34
3,83.21,65.98,40.32
3,83.22,65.96,40.32
4,83.22,65.94,40.32
3,83.22,65.96,40.3
4,83.22,65.94,40.3
4,83.25,65.94,40.38
4,83.25,65.91,40.36
4,83.25,65.91,40.34
4,83.23,65.92,40.34
4,83.22,65.94,40.36
4,83.25,65.92,40.36
4,83.22,65.94,40.34
3,83.25,65.95,40.4
4,83.21,65.96,40.38
3,83.25,65.95,40.38
2,83.28,66.11,40.38
2,83.24,66.11,40.39
2,83.3,66.12,40.4
2,83.24,66.06,40.28
3,83.24,66.06,40.26
2,83.23,66.05,40.28
3,83.23,66.05,40.26
3,83.23,66.05,40.23
3,83.23,66.05,40.24
3,83.24,66.06,40.23
3,83.24,66.06,40.24
2,83.27,66.09,40.26
3,83.25,66.07,40.24
3,83.27,66.09,40.23
3,83.26,66.07,40.2
2,83.21,66.01,40.32
2,83.23,66.02,40.32
2,83.23,66.02,40.3
2,83.27,66.09,40.31
2,83.24,66.05,40.31
6,66.58,81.22,46.6
4,66.58,80.15,47.85
6,66.38,80.15,46.59
3,67.13,78.85,48.15
3,67.6,79.25,48.77
4,68.08,79.66,48.77
3,68,78.77,48.77
4,68.48,79.18,48.77
19,66.89,80.22,45.65
9,66.9,81.17,46.6
8,67.28,80.16,47.83
4,66.38,79.33,46.9
6,66.85,79.32,46.9
4,66.58,79.33,47.53
3,66.38,78.45,47.53
6,67.13,78.85,47.52
3,66.58,78.45,48.15
3,66.38,77.62,48.16
3,67.52,78.37,48.15
3,66.83,78.44,48.15
3,66.38,77.01,48.82
3,66.58,77.63,48.79
2,67.07,77.97,48.77
3,66.58,77.05,49.45
3,66.8,77.61,49.4
3,66.99,77.09,49.84
3,67.3,76.54,50.11
2,67.44,77.49,49.4
2,67.84,77.01,49.84
2,69.14,76.16,48.78
2,68.64,76.16,49.44
3,67.25,76.16,50
3,68.21,76.16,49.94
3,67.7,76.27,50.11
2,67.74,76.38,49.84
2,69.55,75.96,47.53
2,69.14,75.96,48.16
3,68.64,75.96,48.8
3,68.19,75.96,49.51
3,67.56,75.96,50.09
3,66.38,76.08,49.56
2,66.58,76.25,49.95
2,66.83,76.3,50.11
3,66.38,76.51,48.83
3,66.58,76.61,49.45
2,66.78,76.68,49.84
3,66.9,76.16,49.95
3,66.78,75.96,49.55
25,66.58,80.16,45.65
30,66.38,79.33,45.65
22,66.85,79.32,45.64
36,66.58,79.34,45.02
39,66.38,78.45,45.02
748,67.05,82.85,41.26
1711,66.47,81.9,41.84
1578,66.49,82.18,41.87
763,66.74,82.46,41.89
1166,66.69,81.62,41.89
1641,66.46,81.91,41.26
1717,66.48,82.18,41.27
1044,66.73,82.47,41.27
1355,66.69,81.61,41.27
498,67.06,82.85,41.9
1406,67.41,82.37,40.84
742,66.9,81.12,40.83
1546,66.93,81.97,40.81
579,67.5,83.25,41.27
285,67.5,83.25,41.9
370,67.98,83.66,41.27
230,68.86,83.58,41.27
113,69.74,83.5,41.27
197,70.62,83.42,41.27
321,71.53,83.35,41.27
148,67.98,83.66,41.9
97,68.86,83.58,41.9
94,69.74,83.5,41.9
189,70.62,83.42,41.9
341,71.53,83.35,41.9
1298,67.83,81.89,40.65
1224,67.35,81.48,40.62
861,68.22,81.41,40.46
62,67.62,80.13,40.46
687,67.72,81.01,40.46
1196,67.9,82.78,40.87
863,68.38,83.18,40.87
281,69.26,83.1,40.87
134,70.15,83.02,40.87
247,71.03,82.95,40.87
339,71.83,82.85,40.87
1131,68.31,82.3,40.66
792,68.79,82.7,40.66
127,69.67,82.62,40.66
362,72.09,82.44,40.66
170,70.57,82.55,40.66
286,71.49,82.49,40.66
732,68.71,81.82,40.46
404,69.19,82.22,40.46
83,70.1,82.15,40.46
221,71.04,82.09,40.46
347,72.02,82.04,40.46
124,67.5,83.25,42.52
74,67.98,83.66,42.52
60,68.86,83.58,42.52
90,69.74,83.5,42.52
177,70.62,83.42,42.52
362,71.53,83.35,42.52
297,71.53,83.35,43.15
152,70.62,83.42,43.15
84,69.74,83.5,43.15
46,68.86,83.58,43.15
41,67.98,83.66,43.15
55,67.5,83.25,43.15
68,66.93,81.09,42.52
231,66.97,81.97,42.51
168,67.43,82.37,42.52
66,66.98,81.97,43.15
55,67.43,82.37,43.15
42,66.89,80.22,43.15
42,66.93,81.09,43.15
417,72.15,82.96,42.49
339,72.15,82.96,43.13
401,72.35,82.44,42.45
375,72.35,82.44,43.1
144,71.83,82.86,43.77
158,71.03,82.95,43.77
89,70.15,83.02,43.77
44,69.26,83.1,43.77
24,68.38,83.18,43.77
24,67.91,82.78,43.77
41,71.83,82.86,44.4
83,71.03,82.95,44.4
63,70.15,83.02,44.4
33,69.26,83.1,44.4
17,68.38,83.18,44.4
18,67.91,82.78,44.4
30,67.35,81.49,43.77
27,67.83,81.89,43.77
37,67.18,79.73,43.77
35,67.27,80.61,43.77
32,67.13,78.85,44.4
31,67.18,79.73,44.4
29,67.27,80.61,44.4
26,67.35,81.49,44.4
24,67.83,81.89,44.4
131,72.15,82.41,43.76
20,72.15,82.41,44.39
177,72.35,82.02,43.75
18,72.35,82.01,44.39
14,67.91,82.78,45.02
13,68.38,83.18,45.02
35,70.15,83.02,45.02
34,71.03,82.95,45.02
14,71.83,82.86,45.02
16,69.3,83.54,45.33
16,71.03,82.95,45.65
7,71.83,82.86,45.65
20,67.83,81.89,45.02
21,67.35,81.49,45.02
27,67.13,78.85,45.02
26,67.18,79.73,45.02
23,67.27,80.61,45.02
18,67.18,79.73,45.65
17,67.27,80.61,45.65
15,67.35,81.49,45.65
17,67.83,81.89,45.65
11,71.97,82.41,45.02
5,71.97,82.41,45.65
7,72.15,82,45.02
4,72.15,82,45.65
4,72.35,81.52,45.02
2,72.35,81.52,45.66
3,67.55,83.7,47.21
11,67.91,82.78,45.65
10,68.38,83.18,45.65
12,67.43,81.93,46.57
5,71.43,82.47,46.27
6,69.3,83.54,46.58
19,70.15,83.02,45.65
6,70.62,83.42,46.27
3,70.62,83.42,46.9
6,71.03,82.95,46.27
3,71.03,82.95,46.9
2,71.43,82.47,46.9
3,71.78,81.99,46.27
2,71.78,81.99,46.9
2,72.15,81.51,46.28
2,70.08,75.96,47.53
2,70.08,75.96,48.17
2,70.96,75.96,48.85
6,68.4,78.3,48.15
2,68.88,78.7,48.77
6,68.55,80.06,48.77
5,68.96,79.58,48.77
10,68.19,80.98,47.83
4,68.35,82.74,47.83
5,69.03,80.46,48.77
2,70.11,82.58,47.83
2,70.95,82.07,47.52
4,69.44,79.98,48.77
374,72.15,82.96,41.18
364,72.15,82.43,40.75
389,72.15,82.96,41.84
387,72.35,82.46,41.05
392,72.35,82.05,40.57
388,72.35,82.45,41.77
122,66.57,81.03,41.24
68,66.74,80.67,41.27
41,66.38,80.62,41.16
76,66.57,81.03,41.9
45,66.75,80.67,41.9
40,66.38,80.63,41.9
43,66.58,80.66,42.53
46,66.89,80.22,42.52
41,66.38,80.14,42.52
44,66.58,80.16,43.15
42,66.38,79.33,43.14
46,66.85,79.32,43.15
43,66.58,79.34,43.77
42,66.38,78.45,43.77
37,67.13,78.85,43.77
41,66.58,78.45,44.39
41,66.38,77.63,44.39
38,66.83,78.44,44.4
184,67.23,80.61,40.66
122,66.63,80.65,40.65
154,66.54,81.02,40.76
115,66.74,80.67,40.87
50,66.65,80.2,40.46
42,66.38,80.63,40.61
56,67.01,79.73,40.46
2,83.32,65.85,40.19
2,83.34,65.86,40.19
2,83.31,65.87,40.2
2,83.28,66.11,40.43
2,83.27,66.12,40.4
2,83.29,66.12,40.43
2,83.28,66.13,40.4
3,83.24,66.05,40.2
3,83.23,65.96,40.2
3,83.24,65.98,40.2
3,83.24,65.99,40.2
3,83.25,66.03,40.2
3,83.25,66,40.2
4,83.22,65.96,40.23
3,83.23,66.02,40.23
4,83.23,65.99,40.23
3,83.23,66.02,40.24
3,83.23,65.99,40.24
3,83.22,65.96,40.28
3,83.21,65.98,40.3
2,83.21,66.01,40.3
2,83.23,66.02,40.28
2,83.23,65.99,40.28
4,83.22,65.96,40.26
3,83.23,66.02,40.26
3,83.23,65.99,40.26
4,83.22,65.91,40.23
4,83.22,65.94,40.22
3,83.23,65.92,40.2
3,83.24,65.95,40.2
4,83.22,65.96,40.24
4,83.22,65.94,40.24
4,83.21,65.95,40.23
4,83.21,65.95,40.28
4,83.21,65.95,40.26
2,83.3,65.85,40.21
2,83.31,65.86,40.19
3,83.27,65.86,40.22
3,83.28,65.87,40.23
2,83.29,65.85,40.22
2,83.28,65.85,40.22
2,83.28,65.85,40.23
2,83.28,65.85,40.23
2,83.29,65.86,40.19
2,83.28,65.87,40.19
3,83.28,65.86,40.2
3,83.28,65.86,40.21
3,83.28,65.85,40.2
3,83.28,65.85,40.21
3,83.28,65.86,40.21
2,83.27,65.85,40.24
3,83.27,65.87,40.25
2,83.26,65.85,40.25
2,83.26,65.85,40.24
3,83.27,65.87,40.22
3,83.27,65.87,40.23
2,83.28,65.87,40.2
2,83.28,65.88,40.19
2,83.27,65.89,40.19
3,83.26,65.88,40.21
3,83.27,65.87,40.21
3,83.27,65.87,40.2
3,83.26,65.88,40.2
3,83.23,65.89,40.2
3,83.25,65.89,40.19
2,83.26,65.89,40.19
3,83.25,65.88,40.21
2,83.26,65.85,40.26
2,83.26,65.85,40.27
2,83.27,65.86,40.28
3,83.27,65.87,40.26
2,83.27,65.86,40.29
4,83.22,65.91,40.32
4,83.22,65.91,40.3
4,83.22,65.91,40.26
4,83.21,65.92,40.26
4,83.21,65.92,40.28
4,83.22,65.91,40.28
4,83.25,65.87,40.32
4,83.22,65.89,40.32
4,83.25,65.89,40.33
4,83.23,65.88,40.3
4,83.25,65.87,40.3
4,83.23,65.89,40.3
3,83.24,65.88,40.24
3,83.24,65.88,40.22
4,83.22,65.91,40.24
4,83.23,65.89,40.25
3,83.23,65.89,40.2
3,83.22,65.88,40.23
4,83.23,65.89,40.26
4,83.23,65.89,40.28
4,83.24,65.88,40.26
4,83.24,65.88,40.28
3,83.26,65.87,40.29
3,83.23,66.02,40.36
2,83.24,66.05,40.35
2,83.23,66.02,40.34
3,83.21,66.01,40.36
4,83.21,65.98,40.36
3,83.21,66.01,40.34
3,83.21,65.98,40.34
3,83.26,66.01,40.42
2,83.27,66.09,40.44
2,83.25,66.1,40.4
2,83.27,66.04,40.43
2,83.26,66.08,40.42
2,83.26,66.01,40.44
3,83.22,66.1,40.4
2,83.26,66,40.44
3,83.22,65.99,40.44
3,83.25,65.98,40.44
3,83.22,65.99,40.42
3,83.25,65.97,40.42
2,83.26,66.02,40.46
2,83.26,66.04,40.47
2,83.26,66.02,40.48
2,83.25,65.98,40.48
2,83.25,66,40.48
2,83.25,66,40.46
3,83.21,65.99,40.45
3,83.25,65.98,40.46
2,83.25,66.09,40.39
3,83.23,66.02,40.4
3,83.24,66.05,40.39
3,83.23,66.02,40.38
3,83.21,66.01,40.4
3,83.21,65.98,40.4
3,83.21,66.01,40.38
4,83.21,65.98,40.38
3,83.22,66.09,40.38
4,83.21,65.95,40.36
4,83.21,65.95,40.34
4,83.2,65.97,40.34
4,83.2,65.97,40.36
3,83.2,65.99,40.32
4,83.2,65.97,40.32
3,83.2,65.97,40.3
4,83.21,65.95,40.32
4,83.21,65.92,40.32
4,83.21,65.95,40.3
4,83.21,65.92,40.3
3,83.24,65.92,40.4
4,83.24,65.91,40.38
4,83.21,65.94,40.38
4,83.25,65.92,40.38
4,83.24,65.89,40.36
4,83.24,65.89,40.34
4,83.21,65.91,40.36
4,83.24,65.9,40.36
4,83.22,65.91,40.34
4,83.21,65.92,40.36
4,83.21,65.92,40.34
3,83.24,65.95,40.44
3,83.24,65.96,40.42
3,83.24,65.96,40.44
4,83.2,65.95,40.4
3,83.24,65.94,40.4
4,83.21,65.95,40.38
4,83.2,65.97,40.4
4,83.2,65.97,40.38
3,83.24,65.96,40.46
3,83.24,65.96,40.48
2,83.27,66.12,40.39
2,83.23,66.14,40.4
2,83.3,66.12,40.38
2,83.28,66.14,40.39
2,83.32,66.12,40.39
2,83.24,66.13,40.41
2,83.26,66.09,40.26
2,83.25,66.09,40.27
3,83.22,66.06,40.27
2,83.22,66.03,40.28
3,83.22,66.03,40.26
3,83.22,66.03,40.23
3,83.22,66.03,40.24
3,83.22,66.06,40.24
3,83.27,66.09,40.23
2,83.25,66.09,40.21
2,83.23,66.08,40.2
2,83.2,66.02,40.32
2,83.22,66.03,40.32
2,83.2,66.02,40.3
2,83.22,66.03,40.3
2,83.22,66.09,40.34
2,83.26,66.09,40.3
2,83.22,66.06,40.32
7,66.58,80.15,46.59
9,66.38,79.33,46.27
14,67.28,80.16,46.58
12,68.04,79.21,47.83
9,66.85,79.32,46.27
5,66.58,79.33,46.9
4,66.38,78.45,46.9
9,67.13,78.85,46.9
4,66.58,78.45,47.52
3,66.38,77.63,47.53
18,68.4,78.3,47.52
8,67.52,78.37,47.52
4,66.83,78.44,47.52
3,66.38,77.04,48.16
3,66.58,77.64,48.15
4,68.8,77.82,48.15
3,67.92,77.89,48.15
3,67.07,77.97,48.15
3,66.58,77.07,48.79
3,66.8,77.61,48.77
2,67.44,77.49,48.77
3,66.99,77.09,49.4
3,67.37,76.64,49.85
2,69.55,76.16,47.52
2,68.65,76.16,48.78
2,68.22,76.16,49.44
3,67.65,76.16,49.94
3,69.13,76.52,47.52
2,67.73,76.38,49.4
5,69.55,75.96,46.9
2,69.14,75.96,47.53
2,68.65,75.96,48.16
3,68.22,75.96,48.8
3,67.59,75.96,49.51
3,66.38,76.09,48.84
3,66.57,76.26,49.46
3,66.94,76.42,49.84
3,66.38,76.56,48.17
3,66.58,76.62,48.79
3,66.78,76.68,49.4
3,66.92,76.16,49.45
3,66.8,75.96,48.83
27,66.58,79.33,45.64
32,66.38,78.45,45.65
19,67.13,78.85,45.65
37,66.58,78.46,45.02
39,66.38,77.64,45.02
23,67.52,78.37,45.02
34,66.83,78.44,45.02
33,69.14,75.96,45.02
1235,67.43,82.37,41.27
174,66.92,81.09,41.9
1206,66.96,81.97,41.88
457,66.92,81.09,41.27
1481,66.95,81.97,41.27
828,67.43,82.37,41.9
1255,67.82,81.89,40.86
168,67.27,80.61,40.87
1218,67.33,81.51,40.84
915,67.91,82.78,41.27
402,67.91,82.78,41.9
524,68.38,83.18,41.27
151,69.26,83.1,41.27
123,70.15,83.02,41.27
243,71.03,82.95,41.27
342,71.83,82.86,41.27
181,68.38,83.18,41.9
75,69.26,83.1,41.9
119,70.15,83.02,41.9
252,71.03,82.95,41.9
365,71.83,82.86,41.9
799,68.23,81.42,40.66
63,67.65,80.13,40.66
658,67.74,81.01,40.66
278,68.63,80.94,40.46
62,68.05,79.65,40.46
174,68.14,80.53,40.46
1037,68.31,82.3,40.87
668,68.79,82.7,40.87
110,69.67,82.62,40.87
336,71.97,82.41,40.87
161,70.55,82.54,40.87
277,71.43,82.47,40.87
650,68.71,81.82,40.66
348,69.19,82.22,40.66
79,70.08,82.15,40.66
201,70.98,82.07,40.66
309,71.87,82.01,40.66
196,69.12,81.34,40.46
81,69.6,81.75,40.46
357,72.23,81.57,40.46
119,70.52,81.68,40.46
254,71.49,81.61,40.46
116,67.91,82.78,42.52
71,68.38,83.18,42.52
58,69.26,83.1,42.52
116,70.15,83.02,42.52
255,71.03,82.95,42.52
390,71.83,82.86,42.52
327,71.83,82.86,43.15
227,71.03,82.95,43.15
108,70.15,83.02,43.15
52,69.26,83.1,43.15
37,68.38,83.18,43.15
43,67.91,82.78,43.15
50,67.18,79.73,42.52
44,67.27,80.61,42.52
85,67.35,81.49,42.52
73,67.83,81.89,42.52
40,67.35,81.49,43.15
36,67.83,81.89,43.15
44,67.18,79.73,43.15
40,67.27,80.61,43.15
395,72.15,82.42,42.49
352,72.15,82.41,43.13
380,72.35,82.02,42.45
378,72.35,82.02,43.11
144,71.97,82.41,43.77
184,71.43,82.47,43.77
135,70.55,82.54,43.77
64,69.67,82.62,43.77
29,68.79,82.7,43.77
26,68.31,82.3,43.77
32,71.97,82.41,44.4
67,71.43,82.47,44.4
90,70.55,82.54,44.4
50,69.67,82.62,44.4
24,68.79,82.7,44.4
22,68.31,82.3,44.4
34,67.75,81.01,43.77
35,68.23,81.42,43.77
37,67.6,79.25,43.77
39,67.67,80.13,43.77
27,67.52,78.37,44.4
29,67.6,79.25,44.4
32,67.67,80.13,44.4
29,67.75,81.01,44.4
32,68.23,81.42,44.4
43,69.14,75.96,44.39
169,72.15,82,43.76
25,72.15,82,44.39
243,72.35,81.52,43.76
34,72.35,81.52,44.39
25,69.55,75.96,45.64
40,69.55,75.96,45.02
19,68.31,82.3,45.02
17,68.31,82.3,45.65
15,68.79,82.7,45.65
19,68.79,82.7,45.02
33,69.67,82.62,45.02
45,70.55,82.54,45.02
24,71.43,82.47,45.02
20,69.67,82.62,45.65
23,70.55,82.54,45.65
12,71.43,82.47,45.65
19,67.6,79.25,45.65
28,68.23,81.42,45.02
24,67.75,81.01,45.02
24,67.6,79.25,45.02
25,67.67,80.13,45.02
21,67.67,80.13,45.65
20,67.75,81.01,45.65
25,68.23,81.42,45.65
26,68,78.77,45.65
28,68,78.77,45.02
15,71.78,81.99,45.02
7,71.78,81.99,45.65
7,72.15,81.51,45.02
3,72.15,81.51,45.65
4,72.35,81.11,45.02
2,72.35,81.11,45.66
16,70.08,75.96,46.27
6,70.07,75.96,46.9
9,68.35,82.74,46.58
22,68.19,80.98,46.58
7,70.95,82.07,46.27
7,70.11,82.58,46.58
4,70.95,82.07,46.9
3,71.95,81.52,46.27
5,71.35,81.59,46.27
2,71.95,81.52,46.9
2,71.35,81.59,46.9
2,72.15,81.1,46.28
2,69.55,76.33,47.52
2,71.89,75.96,47.92
2,70.07,76.16,47.52
2,70.94,75.96,47.55
2,70.95,75.96,48.19
6,69.2,77.34,47.52
3,69.61,76.86,47.52
12,69.28,78.22,47.52
18,68.88,78.7,47.52
7,68.88,78.7,48.15
4,69.28,78.22,48.15
2,69.36,79.1,48.77
12,69,80.02,47.83
6,69.15,81.78,47.83
2,69.51,80.86,48.77
2,70.47,81.66,47.52
2,70.87,81.19,47.52
2,69.84,79.5,48.77
2,72.35,76.29,47.94
353,72.15,82.42,41.18
345,72.15,82.01,40.75
368,72.15,82.42,41.85
371,72.35,82.04,41.05
372,72.35,81.56,40.57
366,72.35,82.03,41.77
49,66.58,80.66,41.23
51,66.89,80.22,41.27
40,66.38,80.13,41.14
44,66.58,80.66,41.9
48,66.89,80.22,41.9
40,66.38,80.14,41.87
46,66.58,80.15,42.52
41,66.38,79.33,42.5
51,66.85,79.32,42.52
46,66.58,79.33,43.14
42,66.38,78.45,43.14
45,67.13,78.85,43.15
44,66.58,78.45,43.77
42,66.38,77.63,43.77
32,67.52,78.37,43.77
43,66.83,78.44,43.77
40,66.38,77.05,44.39
41,66.58,77.64,44.39
34,67.07,77.97,44.4
24,68.66,75.96,44.39
50,69.14,75.96,43.77
69,67.52,79.25,40.46
56,66.79,80.21,40.66
67,66.57,80.66,40.77
57,66.89,80.22,40.87
55,67.11,79.73,40.66
41,66.38,80.14,40.6
52,66.59,79.3,40.46
55,67.18,79.73,40.87
2,83.26,66.12,40.42
2,83.25,66.14,40.41
2,83.3,66.14,40.41
3,83.22,66.04,40.2
3,83.2,66.02,40.23
3,83.22,65.97,40.2
3,83.23,65.99,40.2
3,83.24,66.02,40.2
3,83.2,66.02,40.24
4,83.2,65.97,40.23
4,83.21,65.98,40.23
4,83.21,65.98,40.24
3,83.21,66.01,40.23
3,83.21,66.01,40.24
2,83.2,66.02,40.28
3,83.2,66.02,40.26
3,83.21,65.98,40.28
2,83.2,65.99,40.3
2,83.21,66.01,40.28
3,83.21,65.98,40.26
3,83.21,66.01,40.26
3,83.2,65.97,40.28
4,83.2,65.97,40.26
4,83.2,65.97,40.24
4,83.19,65.95,40.23
4,83.21,65.9,40.23
4,83.21,65.92,40.23
3,83.22,65.91,40.2
3,83.22,65.94,40.2
4,83.21,65.95,40.24
4,83.21,65.92,40.24
3,83.21,65.95,40.2
4,83.2,65.94,40.23
4,83.19,65.94,40.28
4,83.19,65.94,40.26
2,83.3,65.85,40.19
2,83.27,65.85,40.3
2,83.27,65.85,40.31
2,83.26,65.85,40.3
2,83.26,65.85,40.31
3,83.26,65.86,40.3
2,83.27,65.85,40.23
2,83.28,65.86,40.19
2,83.28,65.86,40.19
2,83.27,65.85,40.21
2,83.25,65.84,40.25
2,83.25,65.84,40.24
3,83.25,65.86,40.24
3,83.26,65.86,40.23
2,83.27,65.88,40.19
2,83.27,65.87,40.19
3,83.26,65.86,40.21
3,83.23,65.87,40.21
2,83.24,65.88,40.2
2,83.25,65.84,40.26
2,83.25,65.84,40.27
3,83.25,65.86,40.26
2,83.25,65.84,40.28
2,83.25,65.84,40.29
3,83.26,65.86,40.28
4,83.2,65.9,40.32
4,83.2,65.9,40.3
4,83.2,65.9,40.26
4,83.19,65.91,40.26
4,83.19,65.91,40.28
4,83.2,65.9,40.28
4,83.22,65.87,40.32
3,83.25,65.87,40.33
4,83.21,65.88,40.32
4,83.23,65.87,40.3
4,83.22,65.88,40.3
3,83.23,65.87,40.24
3,83.23,65.87,40.22
4,83.2,65.9,40.24
3,83.19,65.88,40.23
4,83.22,65.88,40.24
3,83.22,65.88,40.2
3,83.2,65.87,40.23
4,83.22,65.88,40.26
4,83.22,65.88,40.28
3,83.23,65.87,40.26
3,83.23,65.87,40.28
2,83.22,66.07,40.35
3,83.22,66.03,40.36
2,83.22,66.03,40.34
3,83.2,66.02,40.36
4,83.2,65.99,40.36
3,83.2,66.02,40.34
3,83.2,65.99,40.34
2,83.19,66.01,40.32
2,83.19,66.01,40.3
2,83.25,66.02,40.49
2,83.26,66.04,40.49
2,83.24,65.98,40.49
2,83.25,66.01,40.5
2,83.25,66.01,40.51
3,83.23,66.02,40.42
2,83.23,66.09,40.41
2,83.25,66.1,40.43
2,83.24,66.05,40.43
2,83.23,66.02,40.44
3,83.21,66.1,40.4
3,83.21,66.01,40.44
3,83.21,65.98,40.44
3,83.21,66.01,40.42
3,83.21,65.98,40.42
3,83.2,66.09,40.4
2,83.22,66.02,40.46
2,83.23,66.05,40.47
2,83.22,66.02,40.48
2,83.2,65.98,40.48
2,83.25,65.99,40.48
2,83.21,66.01,40.48
2,83.21,66.01,40.46
3,83.21,65.98,40.46
3,83.22,66.07,40.39
3,83.22,66.03,40.4
3,83.22,66.03,40.38
3,83.2,66.02,40.4
3,83.2,65.99,40.4
4,83.2,66.02,40.38
4,83.2,65.99,40.38
4,83.18,66.08,40.37
4,83.19,65.94,40.36
4,83.19,65.94,40.34
4,83.18,65.98,40.34
4,83.18,65.95,40.34
4,83.18,65.98,40.36
4,83.18,65.95,40.36
3,83.17,66,40.32
2,83.17,66,40.3
3,83.18,65.98,40.32
3,83.18,65.98,40.3
4,83.18,65.95,40.32
4,83.18,65.95,40.3
4,83.19,65.94,40.32
4,83.19,65.91,40.32
4,83.19,65.94,40.3
4,83.19,65.91,40.3
3,83.24,65.92,40.42
3,83.24,65.9,40.4
3,83.24,65.91,40.4
4,83.2,65.92,40.4
4,83.21,65.91,40.38
4,83.24,65.9,40.38
4,83.2,65.92,40.38
3,83.24,65.86,40.36
4,83.21,65.88,40.36
3,83.24,65.88,40.36
3,83.24,65.87,40.34
4,83.21,65.88,40.34
3,83.24,65.88,40.34
4,83.2,65.9,40.36
4,83.2,65.9,40.34
4,83.19,65.91,40.36
4,83.19,65.91,40.34
2,83.24,65.97,40.5
2,83.24,65.97,40.52
2,83.24,65.96,40.54
4,83.18,65.98,40.4
4,83.18,65.98,40.38
3,83.24,65.94,40.44
3,83.2,65.95,40.44
3,83.2,65.96,40.42
3,83.24,65.94,40.42
3,83.2,65.97,40.44
3,83.2,65.97,40.42
4,83.19,65.94,40.4
4,83.19,65.94,40.38
4,83.18,65.95,40.4
4,83.18,65.95,40.38
3,83.24,65.94,40.46
3,83.24,65.94,40.48
3,83.19,65.97,40.46
2,83.19,65.97,40.48
2,83.26,66.15,40.39
3,83.22,66.14,40.4
2,83.23,66.13,40.43
2,83.23,66.09,40.25
2,83.23,66.09,40.27
2,83.19,66.05,40.27
3,83.19,66.05,40.24
2,83.23,66.09,40.23
3,83.19,66.06,40.2
3,83.18,66.08,40.34
2,83.19,66.04,40.31
2,83.23,66.09,40.31
9,66.58,79.33,46.27
11,66.38,78.45,46.27
28,68.04,79.21,46.58
11,67.13,78.85,46.27
5,66.58,78.45,46.9
4,66.38,77.63,46.9
34,68.4,78.3,46.9
13,67.52,78.37,46.9
5,66.83,78.44,46.9
3,66.38,77.06,47.53
4,66.58,77.64,47.52
12,68.8,77.82,47.52
9,67.92,77.89,47.52
4,67.07,77.97,47.52
3,66.58,77.08,48.15
3,66.8,77.61,48.15
2,68.32,77.42,48.15
3,67.44,77.49,48.15
3,66.99,77.09,48.77
2,67.37,76.65,49.4
6,69.55,76.16,46.9
2,69.14,76.16,47.52
2,68.65,76.16,48.15
2,68.24,76.16,48.78
2,67.65,76.16,49.44
9,69.13,76.52,46.9
5,68.73,76.94,47.52
3,68.66,76.35,47.52
2,68.25,76.57,48.15
2,67.73,76.38,48.77
14,69.55,75.96,46.27
5,69.14,75.96,46.9
3,68.66,75.96,47.53
2,68.24,75.96,48.16
3,67.63,75.96,48.81
3,66.38,76.12,48.15
3,66.58,76.26,48.8
3,66.95,76.41,49.4
3,66.38,76.6,47.53
3,66.58,76.64,48.16
3,66.78,76.68,48.77
3,66.93,76.16,48.79
3,66.82,75.96,48.17
29,66.58,78.46,45.65
33,66.38,77.64,45.65
18,67.52,78.37,45.65
24,66.83,78.44,45.65
22,69.14,75.96,45.64
38,66.38,77.07,45.02
38,66.58,77.64,45.02
23,67.92,77.89,45.02
30,67.07,77.97,45.02
36,66.38,76.61,45.02
35,69.14,76.16,45.02
25,68.66,76.35,45.02
21,68.66,75.96,45.01
966,67.83,81.89,41.27
53,67.18,79.73,41.9
53,67.27,80.61,41.9
318,67.35,81.49,41.9
54,67.18,79.73,41.27
83,67.27,80.61,41.27
953,67.35,81.49,41.27
279,67.83,81.89,41.9
710,68.23,81.42,40.87
60,67.67,80.13,40.87
577,67.75,81.02,40.87
693,68.31,82.3,41.27
205,68.31,82.3,41.9
369,68.79,82.7,41.27
81,69.67,82.62,41.27
338,71.97,82.41,41.27
157,70.55,82.54,41.27
281,71.43,82.47,41.27
117,68.79,82.7,41.9
69,69.67,82.62,41.9
359,71.97,82.41,41.9
163,70.55,82.54,41.9
303,71.43,82.47,41.9
232,68.63,80.94,40.66
62,68.06,79.65,40.66
150,68.15,80.53,40.66
64,69.03,80.46,40.46
83,68.46,79.18,40.46
60,68.54,80.06,40.46
549,68.71,81.82,40.87
280,69.19,82.22,40.87
80,70.07,82.14,40.87
195,70.95,82.07,40.87
294,71.78,81.99,40.87
165,69.11,81.34,40.66
79,69.59,81.74,40.66
313,72.06,81.54,40.65
112,70.49,81.67,40.66
231,71.4,81.6,40.66
59,69.52,80.86,40.46
70,70.02,81.27,40.46
160,70.94,81.2,40.46
297,71.95,81.15,40.46
59,68.31,82.3,42.52
49,68.79,82.7,42.52
70,69.67,82.62,42.52
387,71.97,82.41,42.52
166,70.55,82.54,42.52
326,71.43,82.47,42.52
340,71.97,82.41,43.15
300,71.43,82.47,43.15
159,70.55,82.54,43.15
71,69.67,82.62,43.15
35,68.79,82.7,43.15
32,68.31,82.3,43.15
55,67.6,79.25,42.52
50,67.67,80.13,42.52
45,67.75,81.01,42.52
44,68.23,81.42,42.52
39,67.75,81.01,43.15
37,68.23,81.42,43.15
46,67.6,79.25,43.15
46,67.67,80.13,43.15
375,72.15,82,42.49
360,72.15,82,43.13
356,72.35,81.53,42.46
370,72.35,81.53,43.11
54,69.55,75.96,44.39
64,69.55,75.96,43.77
189,71.78,81.99,43.77
196,70.95,82.07,43.77
100,70.07,82.14,43.77
43,69.19,82.22,43.77
36,68.71,81.82,43.77
49,71.78,81.99,44.4
100,70.95,82.07,44.4
78,70.07,82.14,44.4
37,69.19,82.22,44.4
33,68.71,81.82,44.4
48,68.15,80.54,43.77
53,68.63,80.94,43.77
42,68,78.77,43.77
51,68.08,79.66,43.77
26,67.92,77.89,44.4
34,68,78.77,44.4
41,68.08,79.66,44.4
41,68.15,80.54,44.4
48,68.63,80.94,44.4
27,68.66,76.35,44.4
44,69.14,76.16,44.39
226,72.15,81.51,43.77
40,72.15,81.51,44.39
289,72.35,81.11,43.76
58,72.35,81.11,44.39
26,69.55,76.16,45.64
30,70.08,75.96,45.65
41,69.55,76.16,45.02
50,70.08,75.96,45.02
37,68.73,76.94,45.02
32,69.13,76.52,45.65
42,69.13,76.52,45.02
29,68.71,81.82,45.02
25,68.71,81.82,45.65
22,69.19,82.22,45.65
30,69.19,82.22,45.02
49,70.07,82.14,45.02
42,70.95,82.07,45.02
28,70.07,82.14,45.65
19,70.95,82.07,45.65
29,68.08,79.66,45.65
41,68.63,80.94,45.02
34,68.15,80.54,45.02
33,68.08,79.66,45.02
30,68.15,80.54,45.65
36,68.63,80.94,45.65
58,68.8,77.82,45.02
41,68.4,78.3,45.65
45,68.48,79.18,45.65
39,68.4,78.3,45.02
47,68.48,79.18,45.02
12,71.95,81.52,45.02
28,71.35,81.59,45.02
5,71.95,81.52,45.65
12,71.35,81.59,45.65
7,72.15,81.1,45.02
3,72.15,81.1,45.65
10,72.35,80.56,45.03
2,72.35,80.56,45.66
16,69.55,76.33,46.27
7,69.55,76.33,46.9
14,70.07,76.16,46.27
20,70.95,75.96,46.28
6,70.07,76.16,46.9
8,70.94,75.96,46.91
15,71.88,75.96,46.62
17,69.2,77.34,46.9
23,69.61,76.86,46.27
11,69.61,76.86,46.9
53,68.88,78.7,46.27
28,69.28,78.22,46.9
35,68.88,78.7,46.9
32,69,80.02,46.58
15,69.15,81.78,46.58
11,70.47,81.66,46.27
5,70.47,81.66,46.9
8,70.87,81.19,46.27
3,71.73,81.11,46.27
3,70.87,81.19,46.9
2,71.73,81.11,46.9
2,71.92,80.59,46.27
2,72.15,80.56,46.28
10,72.35,76.3,46.62
2,69.99,76.47,47.52
2,70.91,76.16,47.53
5,69.68,77.74,47.52
2,69.68,77.74,48.15
3,70.08,77.26,47.52
5,69.8,79.06,47.83
3,69.95,80.82,47.83
334,72.15,82.01,41.19
321,72.15,81.53,40.75
345,72.15,82.01,41.85
349,72.35,81.55,41.05
316,72.21,80.65,40.46
356,72.35,81.16,40.57
341,72.35,81.54,41.78
47,66.58,80.15,41.22
37,66.38,79.33,41.11
56,66.85,79.32,41.27
36,66.38,76.57,44.39
47,66.58,80.15,41.89
39,66.38,79.33,41.85
54,66.85,79.32,41.9
48,66.58,79.33,42.51
40,66.38,78.45,42.5
53,67.13,78.85,42.52
47,66.58,78.45,43.14
41,66.38,77.63,43.14
42,67.52,78.37,43.15
48,66.83,78.44,43.15
40,66.38,77.04,43.77
44,66.58,77.64,43.77
31,67.92,77.89,43.77
39,67.07,77.97,43.77
41,66.58,77.08,44.39
39,66.8,77.61,44.4
31,68.32,77.42,44.4
28,67.44,77.49,44.4
25,68.65,76.16,44.39
50,69.14,76.16,43.77
32,68.66,76.35,43.77
23,68.25,76.57,44.4
22,68.26,75.96,44.37
30,68.65,75.96,43.77
55,69.14,75.96,43.15
66,67.57,79.25,40.66
80,67.96,78.77,40.46
58,66.94,78.85,40.46
48,66.58,80.15,40.76
57,66.75,79.31,40.66
37,66.38,79.33,40.58
65,67.6,79.25,40.87
58,66.85,79.32,40.87
2,83.25,66.14,40.43
3,83.19,66.12,40.41
2,83.2,66.1,40.44
3,83.18,66.15,40.41
3,83.2,66.02,40.21
3,83.2,65.97,40.21
3,83.21,65.98,40.2
3,83.22,66.01,40.21
4,83.19,65.99,40.24
3,83.18,65.99,40.27
4,83.18,65.95,40.28
4,83.18,65.95,40.26
4,83.18,65.95,40.24
3,83.19,65.95,40.21
4,83.19,65.91,40.23
3,83.2,65.9,40.21
3,83.21,65.92,40.2
4,83.19,65.94,40.24
4,83.19,65.91,40.24
4,83.18,65.93,40.23
3,83.19,65.94,40.21
4,83.17,65.94,40.28
4,83.17,65.94,40.26
4,83.18,65.93,40.28
4,83.18,65.93,40.26
2,83.26,65.85,40.32
2,83.26,65.84,40.32
3,83.25,65.86,40.32
2,83.25,65.84,40.3
2,83.25,65.84,40.31
3,83.24,65.85,40.3
2,83.26,65.84,40.21
2,83.27,65.85,40.19
2,83.24,65.85,40.24
2,83.24,65.85,40.22
2,83.23,65.87,40.2
2,83.24,65.85,40.21
2,83.26,65.86,40.19
2,83.25,65.84,40.26
2,83.25,65.84,40.27
2,83.25,65.84,40.28
2,83.25,65.84,40.29
3,83.24,65.85,40.26
3,83.24,65.85,40.28
4,83.19,65.88,40.32
4,83.19,65.88,40.3
4,83.19,65.88,40.26
4,83.18,65.9,40.26
4,83.18,65.9,40.28
4,83.19,65.88,40.28
3,83.21,65.85,40.32
4,83.2,65.87,40.32
3,83.21,65.85,40.3
4,83.2,65.87,40.3
3,83.21,65.85,40.24
3,83.21,65.85,40.23
2,83.22,65.87,40.2
3,83.19,65.88,40.21
4,83.19,65.88,40.24
3,83.2,65.87,40.24
3,83.19,65.86,40.23
2,83.2,65.87,40.21
4,83.2,65.87,40.26
4,83.2,65.87,40.28
3,83.21,65.85,40.26
3,83.21,65.85,40.28
2,83.25,65.84,40.36
2,83.26,65.84,40.34
2,83.25,65.85,40.36
3,83.25,65.85,40.34
3,83.19,66.05,40.35
4,83.19,66.01,40.36
3,83.19,66.01,40.34
4,83.17,66,40.36
4,83.17,66,40.34
2,83.16,66.02,40.31
2,83.22,66.05,40.49
2,83.22,66.02,40.49
2,83.25,66.03,40.5
2,83.25,66.03,40.52
2,83.2,65.98,40.49
2,83.25,65.99,40.5
2,83.21,66.01,40.5
2,83.25,66.02,40.52
2,83.21,66.01,40.51
2,83.24,65.99,40.52
2,83.24,66.02,40.54
2,83.24,65.99,40.54
2,83.24,65.99,40.55
3,83.22,66.03,40.42
3,83.22,66.06,40.42
2,83.22,66.08,40.43
2,83.22,66.03,40.44
3,83.18,66.09,40.4
2,83.2,66.02,40.44
3,83.2,65.99,40.44
3,83.2,66.02,40.42
3,83.2,65.99,40.42
4,83.14,66.09,40.42
2,83.17,66.08,40.44
4,83.18,66.08,40.4
2,83.22,66.03,40.46
2,83.22,66.03,40.48
2,83.2,66.02,40.48
2,83.2,65.99,40.48
2,83.2,66.02,40.46
2,83.2,65.99,40.46
4,83.19,66.05,40.39
4,83.19,66.01,40.4
4,83.19,66.01,40.38
4,83.17,66,40.4
4,83.17,66,40.38
4,83.15,66.07,40.37
4,83.18,65.93,40.36
4,83.18,65.93,40.34
4,83.17,65.97,40.34
4,83.17,65.94,40.34
4,83.17,65.97,40.36
4,83.17,65.94,40.36
4,83.16,65.98,40.32
3,83.16,65.98,40.3
4,83.17,65.97,40.32
4,83.17,65.97,40.3
4,83.17,65.94,40.32
4,83.17,65.94,40.3
4,83.18,65.93,40.32
4,83.18,65.9,40.32
4,83.18,65.93,40.3
4,83.18,65.9,40.3
2,83.24,65.92,40.52
3,83.23,65.88,40.4
3,83.24,65.88,40.38
3,83.24,65.9,40.44
3,83.24,65.91,40.44
3,83.24,65.91,40.42
4,83.19,65.93,40.42
3,83.23,65.89,40.4
4,83.2,65.9,40.4
4,83.19,65.91,40.4
4,83.2,65.9,40.38
3,83.24,65.89,40.38
4,83.19,65.91,40.38
2,83.24,65.9,40.46
2,83.24,65.9,40.48
3,83.24,65.91,40.46
2,83.24,65.91,40.48
3,83.21,65.85,40.36
3,83.24,65.86,40.37
3,83.2,65.87,40.36
3,83.21,65.85,40.34
4,83.2,65.87,40.34
4,83.19,65.88,40.36
4,83.19,65.88,40.34
4,83.18,65.9,40.36
4,83.18,65.9,40.34
2,83.24,65.98,40.54
2,83.24,65.94,40.5
2,83.24,65.94,40.52
2,83.19,65.97,40.5
2,83.24,65.95,40.5
2,83.19,65.97,40.52
2,83.24,65.95,40.51
2,83.24,65.94,40.54
2,83.19,65.97,40.54
3,83.18,65.98,40.44
3,83.18,65.98,40.42
3,83.18,65.98,40.46
2,83.18,65.98,40.48
4,83.17,65.97,40.4
4,83.17,65.97,40.38
3,83.19,65.94,40.44
4,83.19,65.94,40.42
3,83.18,65.95,40.44
3,83.18,65.95,40.42
4,83.18,65.93,40.4
4,83.18,65.93,40.38
4,83.17,65.94,40.4
4,83.17,65.94,40.38
3,83.19,65.94,40.46
2,83.19,65.94,40.48
3,83.18,65.95,40.46
2,83.18,65.95,40.48
2,83.26,66.17,40.4
3,83.2,66.17,40.41
2,83.2,66.16,40.44
2,83.16,66.03,40.27
2,83.16,66.06,40.26
2,83.19,66.09,40.27
3,83.13,66,40.27
3,83.13,66,40.25
3,83.16,66.03,40.24
3,83.16,66.06,40.24
2,83.19,66.09,40.22
3,83.17,66.08,40.21
3,83.16,66.03,40.21
4,83.15,66.07,40.34
2,83.19,66.08,40.3
4,83.14,66.07,40.33
2,83.14,66.04,40.31
10,66.58,78.46,46.27
14,66.38,77.64,46.27
50,69.28,78.22,46.27
44,68.4,78.3,46.27
16,67.52,78.37,46.27
10,66.83,78.44,46.27
5,66.38,77.06,46.89
5,66.58,77.64,46.9
29,68.8,77.82,46.9
17,67.92,77.89,46.9
6,67.07,77.97,46.9
3,66.58,77.08,47.52
4,66.8,77.61,47.52
8,68.32,77.42,47.52
4,67.44,77.49,47.52
2,67.84,77.01,48.15
3,66.99,77.09,48.15
2,67.37,76.65,48.77
14,69.55,76.16,46.27
5,69.14,76.16,46.9
2,68.65,76.16,47.52
2,68.24,76.16,48.15
2,67.66,76.16,48.78
32,69.2,77.34,46.27
18,69.13,76.52,46.27
14,68.73,76.94,46.9
8,68.66,76.35,46.9
4,68.25,76.57,47.52
2,67.73,76.38,48.15
12,69.14,75.96,46.27
4,68.66,75.96,46.91
3,68.26,75.96,47.54
3,67.66,75.96,48.16
2,66.37,76.14,47.53
3,66.57,76.27,48.15
3,66.95,76.41,48.77
5,66.37,76.54,46.89
3,66.58,76.65,47.52
3,66.78,76.68,48.15
3,66.94,76.16,48.15
3,66.82,75.95,47.57
32,66.38,76.62,45.64
34,66.38,77.07,45.64
30,66.58,77.64,45.65
61,68.8,77.82,45.65
21,67.92,77.89,45.65
21,67.07,77.97,45.65
24,69.14,76.16,45.64
35,68.73,76.94,45.65
23,68.66,76.35,45.65
19,68.67,75.96,45.64
33,66.37,76.18,44.85
38,66.58,77.09,45.02
35,66.8,77.61,45.02
29,68.32,77.42,45.02
24,67.44,77.49,45.02
30,66.36,76.14,45.16
36,66.58,76.66,45.02
22,68.66,76.16,45.02
20,68.25,76.57,45.02
16,68.28,75.96,44.99
27,66.95,75.94,44.81
383,68.23,81.42,41.27
61,67.6,79.25,41.9
51,67.67,80.13,41.9
84,67.75,81.01,41.9
63,67.6,79.25,41.27
53,67.67,80.13,41.27
300,67.75,81.01,41.27
98,68.23,81.42,41.9
182,68.63,80.94,40.87
63,68.08,79.66,40.87
118,68.15,80.54,40.87
50,69.57,75.96,40.59
278,68.71,81.82,41.27
82,68.71,81.82,41.9
142,69.19,82.22,41.27
82,70.07,82.14,41.27
197,70.95,82.07,41.27
297,71.78,81.99,41.27
61,69.19,82.22,41.9
92,70.07,82.14,41.9
215,70.95,82.07,41.9
321,71.78,81.99,41.9
66,69.03,80.46,40.66
79,68.47,79.18,40.66
63,68.55,80.06,40.66
99,68.87,78.69,40.46
79,69.44,79.98,40.46
81,68.95,79.58,40.46
133,69.11,81.34,40.87
74,69.59,81.74,40.87
290,71.95,81.52,40.87
112,70.47,81.66,40.87
225,71.35,81.59,40.87
62,69.52,80.86,40.66
70,70,81.26,40.66
152,70.9,81.19,40.66
260,71.81,81.13,40.66
85,69.94,80.39,40.46
106,70.44,80.8,40.46
212,71.41,80.74,40.46
265,71.88,80.29,40.46
77,69.55,75.96,42.51
69,69.55,75.96,43.14
41,68.71,81.82,42.52
46,69.19,82.22,42.52
103,70.07,82.14,42.52
234,70.95,82.07,42.52
354,71.78,81.99,42.52
337,71.78,81.99,43.15
238,70.95,82.07,43.15
107,70.07,82.14,43.15
45,69.19,82.22,43.15
37,68.71,81.82,43.15
63,68,78.77,42.52
64,68.08,79.66,42.52
53,68.15,80.54,42.52
52,68.63,80.94,42.52
52,68.15,80.54,43.15
54,68.63,80.94,43.15
53,68,78.77,43.15
59,68.08,79.66,43.15
353,72.15,81.52,42.5
360,72.15,81.51,43.13
337,72.35,81.12,42.46
358,72.35,81.12,43.12
56,69.54,76.16,44.39
68,70.08,75.96,44.4
66,69.54,76.16,43.77
79,70.08,75.96,43.77
219,71.95,81.52,43.77
227,71.35,81.59,43.77
167,70.47,81.66,43.77
71,69.59,81.74,43.77
56,69.11,81.34,43.77
49,71.95,81.52,44.4
84,71.35,81.59,44.4
114,70.47,81.66,44.4
61,69.59,81.74,44.4
52,69.11,81.34,44.4
71,68.55,80.06,43.77
85,69.03,80.46,43.77
50,68.4,78.3,43.77
68,68.48,79.18,43.77
43,68.4,78.3,44.4
57,68.48,79.18,44.4
62,68.55,80.06,44.4
78,69.03,80.46,44.4
40,68.73,76.94,43.77
58,68.8,77.82,43.77
51,69.13,76.52,43.77
56,68.8,77.82,44.4
37,68.73,76.94,44.4
48,69.13,76.52,44.4
269,72.15,81.1,43.77
59,72.15,81.1,44.39
320,72.35,80.57,43.77
138,72.35,80.57,44.39
29,69.55,76.33,45.65
46,69.55,76.33,45.02
88,71.89,75.96,45.34
28,70.07,76.16,45.65
43,70.95,75.96,45.65
49,70.07,76.16,45.02
70,70.95,75.96,45.02
67,69.2,77.34,45.65
76,69.2,77.34,45.02
53,69.61,76.86,45.65
76,69.61,76.86,45.02
43,69.11,81.34,45.02
34,69.11,81.34,45.65
31,69.59,81.74,45.65
46,69.59,81.74,45.02
60,70.47,81.66,45.02
28,70.47,81.66,45.65
95,69.28,78.22,45.02
86,69.28,78.22,45.65
66,68.88,78.7,45.65
70,68.88,78.7,45.02
57,69,80.02,45.33
48,70.87,81.19,45.02
17,71.73,81.11,45.02
21,70.87,81.19,45.65
6,71.73,81.11,45.65
17,71.92,80.6,45.02
4,71.92,80.59,45.65
13,72.15,80.56,45.02
3,72.15,80.56,45.65
62,72.35,79.75,45.03
3,72.35,79.74,45.66
119,72.35,76.33,45.35
17,70,76.47,46.27
7,69.99,76.47,46.9
16,70.91,76.16,46.27
7,70.9,76.16,46.9
12,71.76,76.16,46.6
32,69.68,77.74,46.27
25,70.08,77.26,46.27
15,69.68,77.74,46.9
11,70.08,77.26,46.9
26,69.8,79.06,46.58
16,69.95,80.82,46.58
4,71.27,80.71,46.27
2,71.27,80.71,46.9
2,71.65,80.23,46.27
9,72.15,76.47,46.6
7,72.35,76.94,46.62
2,70.48,76.76,47.52
2,70.76,79.86,47.83
2,70.6,78.1,47.83
309,72.15,81.52,41.19
272,72.03,80.61,40.66
304,72.15,81.12,40.75
320,72.15,81.52,41.85
331,72.35,81.15,41.05
338,72.35,80.62,40.57
320,72.35,81.13,41.78
2,63.58,103.58,46.62
2,63.58,101.8,46.61
49,66.58,79.33,41.21
32,66.38,78.45,41.11
62,67.13,78.85,41.27
32,66.37,76.12,44.41
35,66.38,76.54,43.77
38,66.58,76.64,44.39
48,66.58,79.33,41.88
37,66.38,78.45,41.84
59,67.13,78.85,41.9
48,66.58,78.46,42.51
39,66.38,77.63,42.51
55,67.52,78.37,42.52
52,66.83,78.44,42.52
38,66.38,77.05,43.14
46,66.58,77.64,43.14
41,67.92,77.89,43.15
46,67.07,77.97,43.15
43,66.58,77.08,43.77
43,66.8,77.61,43.77
34,68.32,77.42,43.77
31,67.44,77.49,43.77
23,67.84,77.01,44.4
37,66.99,77.09,44.4
21,68.25,76.16,44.39
30,68.65,76.16,43.77
55,69.14,76.16,43.15
39,68.66,76.35,43.15
25,68.25,76.57,43.77
25,67.73,76.37,44.4
28,67.72,75.96,44.34
22,68.25,75.96,43.77
37,68.66,75.96,43.15
64,69.14,75.96,42.52
33,66.86,75.95,44.35
77,67.99,78.77,40.66
62,67.06,78.85,40.66
47,69.62,76.7,40.46
44,69.58,76.02,40.46
95,69.28,78.21,40.46
80,68.39,78.29,40.46
64,67.42,78.37,40.46
32,66.55,78.41,40.46
51,66.58,79.33,40.76
27,66.38,78.42,40.58
76,68,78.77,40.87
63,67.13,78.85,40.87
48,69.17,75.96,40.6
2,83.23,66.18,40.44
4,83.16,66.1,40.41
2,83.18,66.13,40.44
4,83.16,66.15,40.42
4,83.1,65.99,40.25
3,83.13,66,40.21
3,83.19,66,40.21
4,83.16,65.97,40.25
4,83.15,65.97,40.27
3,83.18,65.95,40.21
4,83.17,65.94,40.25
4,83.18,65.9,40.25
3,83.19,65.91,40.21
4,83.14,65.94,40.25
4,83.18,65.93,40.24
3,83.18,65.93,40.21
4,83.15,65.93,40.28
4,83.15,65.93,40.26
4,83.16,65.91,40.28
4,83.16,65.91,40.26
2,83.24,65.82,40.32
3,83.22,65.84,40.32
2,83.24,65.82,40.3
3,83.23,65.84,40.3
2,83.23,65.84,40.24
2,83.23,65.84,40.23
2,83.24,65.85,40.2
2,83.23,65.84,40.26
2,83.23,65.84,40.28
4,83.17,65.87,40.32
4,83.17,65.87,40.3
4,83.17,65.87,40.26
4,83.16,65.89,40.26
4,83.16,65.89,40.28
4,83.17,65.87,40.28
3,83.2,65.84,40.32
3,83.19,65.86,40.32
3,83.2,65.84,40.3
3,83.19,65.86,40.3
2,83.2,65.84,40.24
2,83.2,65.84,40.23
2,83.21,65.85,40.2
3,83.18,65.88,40.21
4,83.16,65.89,40.25
3,83.17,65.87,40.25
2,83.19,65.86,40.21
3,83.19,65.86,40.24
3,83.19,65.86,40.26
3,83.19,65.86,40.28
3,83.2,65.84,40.26
3,83.2,65.84,40.28
2,83.25,65.84,40.37
2,83.22,65.83,40.36
2,83.24,65.85,40.37
2,83.22,65.83,40.34
4,83.14,66.03,40.34
4,83.16,66.02,40.35
4,83.16,65.98,40.36
4,83.16,65.98,40.34
3,83.13,66,40.31
4,83.13,66.09,40.42
2,83.16,66.08,40.47
2,83.21,66.03,40.5
2,83.21,66.03,40.52
2,83.2,66.02,40.5
2,83.2,65.99,40.5
2,83.2,66.02,40.52
2,83.2,65.99,40.52
2,83.19,65.99,40.54
2,83.24,66,40.54
4,83.14,66.07,40.41
3,83.15,66.05,40.45
4,83.15,66.07,40.39
3,83.19,66.04,40.43
2,83.19,66.06,40.44
3,83.19,66.01,40.44
3,83.19,66.01,40.42
3,83.17,66,40.44
3,83.17,66,40.42
2,83.19,66.05,40.47
2,83.19,66.01,40.48
2,83.19,66.01,40.46
2,83.17,66,40.48
3,83.17,66,40.46
4,83.16,66.02,40.39
4,83.16,65.98,40.4
4,83.16,65.98,40.38
4,83.11,66.06,40.37
4,83.16,65.91,40.36
4,83.16,65.91,40.34
4,83.14,65.97,40.34
4,83.14,65.97,40.36
5,83.15,65.93,40.34
4,83.15,65.96,40.34
4,83.15,65.93,40.36
4,83.15,65.96,40.36
4,83.14,65.97,40.32
4,83.14,65.97,40.3
4,83.15,65.96,40.32
4,83.15,65.96,40.3
5,83.15,65.93,40.32
5,83.15,65.93,40.3
4,83.16,65.91,40.32
4,83.16,65.89,40.32
4,83.16,65.91,40.3
4,83.16,65.89,40.3
2,83.24,65.9,40.5
2,83.24,65.91,40.5
2,83.24,65.91,40.51
2,83.23,65.87,40.44
3,83.23,65.87,40.43
3,83.19,65.87,40.4
3,83.23,65.87,40.4
3,83.23,65.86,40.38
3,83.2,65.87,40.38
2,83.23,65.87,40.46
2,83.23,65.88,40.48
3,83.19,65.9,40.45
3,83.23,65.89,40.44
3,83.23,65.89,40.42
3,83.19,65.91,40.44
3,83.19,65.91,40.42
3,83.19,65.88,40.4
4,83.18,65.9,40.4
4,83.19,65.88,40.38
4,83.18,65.9,40.38
2,83.19,65.9,40.46
2,83.23,65.89,40.46
2,83.19,65.9,40.48
2,83.24,65.89,40.48
3,83.19,65.91,40.46
2,83.19,65.91,40.48
3,83.2,65.84,40.36
3,83.19,65.86,40.36
3,83.2,65.84,40.34
3,83.19,65.86,40.34
4,83.17,65.87,40.36
4,83.17,65.87,40.34
4,83.16,65.89,40.36
4,83.16,65.89,40.34
2,83.18,65.98,40.5
2,83.18,65.98,40.52
2,83.18,65.98,40.54
2,83.19,65.94,40.5
2,83.19,65.94,40.52
2,83.18,65.95,40.5
2,83.18,65.95,40.52
3,83.17,65.97,40.44
3,83.17,65.97,40.42
3,83.17,65.97,40.46
2,83.17,65.97,40.48
4,83.14,65.97,40.38
4,83.14,65.97,40.4
4,83.15,65.96,40.4
4,83.15,65.96,40.38
3,83.18,65.93,40.44
3,83.18,65.93,40.42
3,83.17,65.94,40.44
4,83.17,65.94,40.42
4,83.16,65.91,40.4
4,83.16,65.91,40.38
4,83.15,65.93,40.4
4,83.15,65.93,40.38
3,83.18,65.93,40.46
2,83.18,65.93,40.48
3,83.17,65.94,40.46
2,83.17,65.94,40.48
2,83.23,66.19,40.41
3,83.19,66.2,40.42
2,83.26,66.24,40.41
2,83.19,66.19,40.45
2,83.21,66.21,40.45
2,83.13,66.05,40.27
2,83.17,66.09,40.26
4,83.1,65.97,40.27
2,83.1,66.03,40.27
3,83.1,66.03,40.25
3,83.13,66.05,40.24
2,83.17,66.09,40.22
3,83.14,66.07,40.21
4,83.11,66.07,40.33
2,83.14,66.08,40.3
3,83.1,66.03,40.31
19,66.37,76.55,46.28
18,66.38,77.07,46.27
12,66.58,77.64,46.27
47,68.8,77.82,46.27
23,67.92,77.89,46.27
10,67.07,77.97,46.27
5,66.58,77.08,46.89
5,66.8,77.61,46.9
18,68.32,77.42,46.9
7,67.44,77.49,46.9
4,67.84,77.01,47.52
4,66.99,77.09,47.52
3,67.37,76.65,48.15
13,69.14,76.16,46.27
5,68.66,76.16,46.9
3,68.25,76.16,47.53
2,67.68,76.16,48.15
23,68.73,76.94,46.27
14,68.66,76.35,46.27
9,68.25,76.56,46.89
4,67.72,76.35,47.51
9,68.67,75.96,46.27
4,68.28,75.96,46.93
3,67.7,75.96,47.57
3,66.55,76.27,47.53
3,66.95,76.41,48.15
3,66.35,76.04,46.78
4,66.56,76.6,46.89
3,66.78,76.68,47.52
3,66.92,76.11,47.55
26,66.36,76.16,45.65
28,66.58,76.66,45.65
31,66.58,77.09,45.64
27,66.8,77.61,45.65
30,68.32,77.42,45.65
18,67.44,77.49,45.65
20,68.66,76.16,45.64
19,68.25,76.57,45.65
17,68.29,75.96,45.63
16,66.47,75.93,45.1
34,66.53,76.27,44.85
20,67.84,77.01,45.02
32,66.99,77.09,45.02
29,66.52,76.24,45.16
34,66.78,76.68,45.02
17,68.26,76.17,45.01
16,67.72,76.34,45.03
15,67.79,75.95,44.94
25,66.97,76.07,44.87
2,66.91,75.89,44.98
90,68.63,80.94,41.27
70,68,78.77,41.9
64,68.08,79.66,41.9
53,68.15,80.54,41.9
74,68,78.77,41.27
63,68.08,79.66,41.27
69,68.15,80.54,41.27
54,68.63,80.94,41.9
79,69.56,75.96,41.12
90,69.55,75.96,41.86
65,69.03,80.46,40.87
79,68.48,79.18,40.87
63,68.55,80.06,40.87
67,69.55,76.16,40.76
51,70.1,75.96,40.58
48,70.03,76.21,40.46
76,69.11,81.34,41.27
52,69.11,81.34,41.9
60,69.59,81.74,41.27
290,71.95,81.52,41.27
117,70.47,81.66,41.27
231,71.35,81.59,41.27
58,69.59,81.74,41.9
311,71.95,81.52,41.9
136,70.47,81.66,41.9
257,71.35,81.59,41.9
96,68.88,78.7,40.66
81,69.44,79.98,40.66
80,68.96,79.58,40.66
71,69.69,77.71,40.46
54,70.11,77.18,40.46
122,69.82,79.06,40.46
62,69.51,80.86,40.87
71,69.99,81.26,40.87
151,70.87,81.19,40.87
247,71.73,81.11,40.87
84,69.92,80.38,40.66
104,70.41,80.79,40.66
190,71.33,80.72,40.66
160,70.85,79.89,40.46
251,71.92,80.59,40.87
228,71.73,80.25,40.66
301,72.19,79.86,40.46
78,69.55,76.16,42.52
92,70.08,75.96,42.5
71,69.55,76.16,43.14
85,70.08,75.96,43.14
52,69.11,81.34,42.52
65,69.59,81.74,42.52
347,71.95,81.52,42.52
157,70.47,81.66,42.52
291,71.35,81.59,42.52
349,71.95,81.52,43.15
304,71.35,81.59,43.15
171,70.47,81.66,43.15
71,69.59,81.74,43.15
56,69.11,81.34,43.15
70,68.4,78.3,42.52
79,68.48,79.18,42.52
73,68.55,80.06,42.52
78,69.03,80.46,42.52
74,68.55,80.06,43.15
85,69.03,80.46,43.15
60,68.4,78.3,43.15
76,68.48,79.18,43.15
45,68.73,76.94,43.15
63,68.8,77.82,43.15
65,69.13,76.52,42.52
55,69.13,76.52,43.15
333,72.15,81.11,42.5
354,72.15,81.11,43.13
315,72.35,80.59,42.48
334,72.35,80.58,43.13
68,69.55,76.33,43.77
60,69.55,76.33,44.4
69,70.07,76.16,44.4
95,70.95,75.96,44.39
137,71.89,75.96,44.39
82,70.07,76.16,43.77
112,70.95,75.96,43.77
157,71.89,75.96,43.76
254,71.73,81.11,43.77
232,70.87,81.19,43.77
127,69.99,81.26,43.77
99,69.51,80.86,43.77
80,71.73,81.11,44.4
123,70.87,81.19,44.4
105,69.99,81.26,44.4
90,69.51,80.86,44.4
100,68.96,79.58,43.77
136,69.44,79.98,43.77
85,68.88,78.7,43.77
78,68.88,78.7,44.4
89,68.96,79.58,44.4
125,69.44,79.98,44.4
94,69.28,78.22,43.77
66,69.2,77.34,43.77
78,69.61,76.86,43.77
94,69.28,78.22,44.4
71,69.2,77.34,44.4
81,69.61,76.86,44.4
296,71.92,80.59,43.77
120,71.92,80.6,44.39
309,72.15,80.56,43.77
129,72.15,80.56,44.39
311,72.35,79.77,43.78
250,72.35,79.76,44.4
166,72.35,76.35,44.4
35,70,76.47,45.65
58,70,76.47,45.02
78,71.76,76.16,45.34
38,70.91,76.16,45.65
66,70.91,76.16,45.02
95,69.68,77.74,45.65
114,69.68,77.74,45.02
82,70.08,77.26,45.65
114,70.08,77.26,45.02
83,69.8,79.06,45.33
56,69.95,80.82,45.33
30,71.27,80.71,45.02
10,71.27,80.71,45.65
26,71.65,80.23,45.02
6,71.65,80.23,45.65
59,72.15,79.75,45.02
5,72.15,79.75,45.65
111,72.15,76.47,45.34
134,72.35,76.99,45.35
83,72.35,78.88,45.35
19,70.49,76.76,46.27
16,70.9,76.44,46.27
8,70.48,76.76,46.9
6,70.9,76.44,46.9
11,71.79,76.47,46.58
14,70.6,78.1,46.58
8,70.76,79.86,46.58
7,72.15,77.05,46.6
2,72.15,78.89,46.59
4,72.35,77.84,46.61
290,72.15,81.12,41.19
285,72.15,80.58,40.75
299,72.15,81.11,41.85
332,72.35,79.99,40.54
308,72.35,80.61,41.07
298,72.35,80.6,41.8
172,72.35,76.35,43.79
7,63.56,96.86,41.37
6,63.79,96.66,40.44
43,66.58,78.45,41.21
29,66.38,77.63,41.13
68,67.52,78.37,41.27
54,66.83,78.44,41.27
74,69.16,75.96,41.14
29,66.38,76.09,43.77
34,66.55,76.26,44.4
32,66.38,76.56,43.15
38,66.58,76.63,43.77
38,66.78,76.68,44.4
47,66.58,78.45,41.88
35,66.38,77.64,41.86
64,67.52,78.37,41.9
54,66.83,78.44,41.9
36,66.38,77.06,42.52
47,66.58,77.64,42.52
73,68.8,77.82,42.52
57,67.92,77.89,42.52
54,67.07,77.97,42.52
44,66.58,77.08,43.14
48,66.8,77.61,43.15
42,68.32,77.42,43.15
40,67.44,77.49,43.15
25,67.84,77.01,43.77
41,66.99,77.09,43.77
30,67.37,76.64,44.4
27,67.7,76.16,44.37
23,68.24,76.16,43.77
37,68.65,76.16,43.15
65,69.14,76.16,42.52
60,68.73,76.94,42.52
52,68.66,76.35,42.52
31,68.25,76.57,43.15
26,67.73,76.38,43.77
26,67.68,75.96,43.76
25,68.26,75.96,43.16
51,68.67,75.96,42.53
81,69.15,75.96,41.87
35,66.94,76.12,44.38
30,66.83,75.96,43.76
66,69.61,76.8,40.66
62,69.56,76.21,40.66
102,69.28,78.21,40.66
84,68.39,78.29,40.66
67,67.48,78.37,40.66
44,66.72,78.41,40.66
48,69.21,77.27,40.46
42,69.15,76.28,40.46
63,68.8,77.79,40.46
54,67.9,77.88,40.46
37,66.9,77.95,40.46
39,66.58,78.43,40.76
23,66.38,77.6,40.6
84,68.4,78.3,40.87
69,67.52,78.37,40.87
52,66.83,78.43,40.87
63,69.15,76.16,40.76
48,68.7,75.96,40.63
4,83.14,66.13,40.42
4,83.14,66.18,40.43
2,83.14,66.11,40.47
4,83.11,66.11,40.43
2,83.24,65.84,40.38
3,83.08,66.01,40.25
3,83.1,66.04,40.21
3,83.1,65.99,40.22
3,83.1,65.97,40.22
3,83.15,65.97,40.21
4,83.12,65.94,40.27
3,83.14,65.94,40.22
4,83.16,65.92,40.25
3,83.17,65.94,40.21
3,83.18,65.9,40.21
3,83.17,65.93,40.21
4,83.14,65.92,40.28
4,83.14,65.92,40.26
4,83.15,65.9,40.28
4,83.15,65.9,40.26
2,83.21,65.83,40.32
2,83.21,65.83,40.3
2,83.21,65.83,40.24
2,83.21,65.83,40.23
2,83.23,65.84,40.2
2,83.21,65.83,40.26
2,83.21,65.83,40.28
4,83.16,65.86,40.32
4,83.16,65.86,40.3
3,83.16,65.86,40.26
4,83.15,65.87,40.26
4,83.15,65.87,40.28
3,83.16,65.86,40.28
3,83.18,65.83,40.32
3,83.17,65.84,40.32
3,83.18,65.83,40.3
3,83.17,65.84,40.3
2,83.18,65.83,40.25
2,83.2,65.84,40.21
3,83.16,65.89,40.22
2,83.17,65.87,40.21
3,83.16,65.86,40.25
3,83.17,65.84,40.25
2,83.18,65.86,40.21
3,83.17,65.84,40.26
3,83.17,65.84,40.28
2,83.18,65.83,40.26
2,83.18,65.83,40.28
2,83.21,65.83,40.36
2,83.21,65.83,40.34
5,83.11,66.02,40.35
4,83.13,66,40.35
4,83.1,65.97,40.31
4,83.09,66.1,40.43
4,83.1,66.07,40.43
2,83.14,66.05,40.47
2,83.19,66.01,40.5
2,83.19,66.01,40.52
2,83.17,66,40.5
2,83.17,66,40.52
2,83.19,66.01,40.54
2,83.17,66,40.54
4,83.1,66.06,40.42
3,83.14,66.04,40.44
4,83.11,66.06,40.4
3,83.16,66.03,40.43
3,83.16,65.98,40.44
4,83.16,65.98,40.42
2,83.16,66.02,40.47
2,83.16,65.98,40.48
3,83.16,65.98,40.46
4,83.13,66,40.39
5,83.07,66.06,40.37
4,83.11,66.02,40.39
4,83.15,65.9,40.36
4,83.15,65.9,40.34
5,83.13,65.96,40.34
5,83.13,65.96,40.36
5,83.14,65.92,40.34
5,83.14,65.94,40.34
4,83.14,65.92,40.36
5,83.14,65.94,40.36
5,83.12,65.94,40.31
5,83.14,65.92,40.32
5,83.14,65.92,40.3
4,83.15,65.9,40.32
4,83.15,65.87,40.32
4,83.15,65.9,40.3
4,83.15,65.87,40.3
2,83.19,65.9,40.5
2,83.24,65.89,40.5
2,83.19,65.91,40.5
2,83.23,65.86,40.42
2,83.23,65.86,40.4
2,83.23,65.86,40.41
2,83.23,65.85,40.43
2,83.23,65.86,40.44
2,83.19,65.87,40.44
2,83.19,65.87,40.43
3,83.23,65.87,40.42
2,83.19,65.84,40.4
3,83.18,65.86,40.4
2,83.2,65.84,40.38
3,83.19,65.86,40.38
2,83.19,65.87,40.46
2,83.19,65.88,40.44
3,83.18,65.88,40.42
3,83.18,65.9,40.44
3,83.18,65.9,40.42
3,83.17,65.87,40.4
3,83.16,65.89,40.4
3,83.17,65.87,40.38
4,83.16,65.89,40.38
2,83.19,65.88,40.46
2,83.19,65.88,40.48
2,83.18,65.9,40.46
2,83.18,65.9,40.48
2,83.18,65.83,40.36
3,83.17,65.84,40.36
2,83.18,65.83,40.34
3,83.17,65.84,40.34
3,83.16,65.86,40.36
3,83.16,65.86,40.34
4,83.15,65.87,40.36
4,83.15,65.87,40.34
2,83.17,65.97,40.5
2,83.17,65.97,40.52
2,83.17,65.97,40.54
2,83.18,65.93,40.5
2,83.18,65.93,40.52
2,83.17,65.94,40.5
2,83.17,65.94,40.52
3,83.14,65.97,40.44
4,83.14,65.97,40.42
3,83.15,65.96,40.44
4,83.15,65.96,40.42
2,83.14,65.97,40.48
3,83.14,65.97,40.46
3,83.15,65.96,40.46
2,83.15,65.96,40.48
4,83.13,65.96,40.38
4,83.13,65.96,40.4
4,83.14,65.94,40.4
4,83.14,65.94,40.38
3,83.16,65.91,40.44
3,83.16,65.91,40.42
3,83.15,65.93,40.44
4,83.15,65.93,40.42
4,83.15,65.9,40.4
4,83.15,65.9,40.38
4,83.14,65.92,40.4
4,83.14,65.92,40.38
3,83.16,65.91,40.46
2,83.16,65.91,40.48
3,83.15,65.93,40.46
2,83.15,65.93,40.48
3,83.17,66.2,40.42
3,83.21,66.22,40.41
2,83.22,66.3,40.43
4,83.07,65.95,40.28
2,83.13,66.08,40.26
2,83.08,66.05,40.27
3,83.07,66,40.27
3,83.08,66.05,40.24
2,83.13,66.09,40.22
3,83.08,66.07,40.21
3,83.05,66.04,40.25
4,83.07,66,40.31
5,83.08,66.07,40.34
3,83.1,66.07,40.31
3,83.08,66.04,40.3
19,66.36,76.09,46.2
14,66.56,76.61,46.28
15,66.58,77.09,46.27
11,66.8,77.61,46.27
27,68.32,77.42,46.27
12,67.44,77.49,46.27
9,67.84,77.01,46.9
5,66.99,77.09,46.9
4,67.36,76.62,47.51
11,68.66,76.16,46.27
6,68.26,76.16,46.91
3,67.69,76.14,47.54
14,68.25,76.56,46.27
6,67.73,76.32,46.91
8,68.29,75.96,46.27
4,67.8,75.95,47.01
2,66.52,76.23,47.08
3,66.93,76.37,47.5
2,66.49,76.14,46.78
5,66.75,76.63,46.86
2,66.92,76.06,47.02
10,66.49,75.93,45.61
20,66.52,76.25,45.65
24,66.78,76.68,45.65
16,67.84,77.01,45.65
23,66.99,77.09,45.65
9,67.71,76.32,45.65
17,68.26,76.16,45.64
7,67.8,75.95,45.6
16,66.59,76.04,45.14
4,66.64,75.87,45.1
23,67.36,76.61,45.03
29,66.93,76.34,44.97
24,66.72,76.28,45.21
15,67.72,76.12,44.99
2,66.94,75.95,45.09
84,68.4,78.3,41.27
79,68.4,78.3,41.9
63,69.03,80.46,41.27
80,68.48,79.18,41.9
68,68.55,80.06,41.9
79,68.48,79.18,41.27
64,68.55,80.06,41.27
68,69.03,80.46,41.9
78,69.13,76.52,41.27
78,69.13,76.52,41.9
83,69.55,76.16,41.21
84,70.09,75.96,41.1
88,69.55,76.16,41.88
100,70.09,75.96,41.84
96,68.88,78.7,40.87
82,69.44,79.98,40.87
81,68.96,79.58,40.87
103,69.28,78.22,40.87
74,69.55,76.33,40.87
75,69.61,76.86,40.87
62,71.91,75.96,40.58
58,72.36,76.01,40.53
73,70.08,76.16,40.76
59,70.99,75.96,40.58
69,70.01,76.37,40.66
52,70.53,76.58,40.46
50,71,76.17,40.46
52,71.96,76.15,40.45
62,69.51,80.86,41.27
69,69.51,80.86,41.9
74,69.99,81.26,41.27
159,70.87,81.19,41.27
251,71.73,81.11,41.27
87,69.99,81.26,41.9
186,70.87,81.19,41.9
276,71.73,81.11,41.9
91,69.69,77.73,40.66
76,70.09,77.23,40.66
119,69.81,79.06,40.66
139,70.65,78.1,40.46
251,71.92,80.59,41.27
271,71.92,80.59,41.9
86,69.91,80.38,40.87
105,70.39,80.78,40.87
186,71.27,80.71,40.87
154,70.79,79.87,40.66
240,71.65,79.44,40.46
216,71.65,80.23,40.87
257,72.01,79.79,40.66
78,69.55,76.33,42.52
71,69.55,76.33,43.15
93,70.07,76.16,42.51
121,70.95,75.96,42.49
88,70.07,76.16,43.14
119,70.95,75.96,43.13
157,71.89,75.96,43.13
83,69.51,80.86,42.52
106,69.99,81.26,42.52
220,70.87,81.19,42.52
317,71.73,81.11,42.52
336,71.73,81.11,43.15
250,70.87,81.19,43.15
121,69.99,81.26,43.15
94,69.51,80.86,43.15
91,68.88,78.7,42.52
97,68.96,79.58,42.52
116,69.44,79.98,42.52
101,68.96,79.58,43.15
129,69.44,79.98,43.15
88,68.88,78.7,43.15
94,69.28,78.22,42.52
76,69.2,77.34,42.52
90,69.28,78.22,43.15
66,69.2,77.34,43.15
81,69.61,76.86,42.52
76,69.61,76.86,43.15
336,71.92,80.59,43.15
310,71.92,80.59,42.52
312,72.15,80.57,42.5
337,72.15,80.56,43.14
291,72.35,79.8,42.51
300,72.35,79.78,43.15
84,70,76.47,43.77
77,70,76.47,44.4
92,70.92,76.16,44.39
123,71.76,76.16,44.39
109,70.92,76.16,43.77
143,71.76,76.16,43.77
271,71.27,80.71,43.77
210,70.39,80.78,43.77
173,69.91,80.38,43.77
128,71.27,80.71,44.4
149,70.39,80.78,44.4
144,69.91,80.38,44.4
152,69.8,79.06,44.08
97,69.68,77.74,43.77
106,70.08,77.26,43.77
108,69.68,77.74,44.4
115,70.08,77.26,44.4
300,71.65,80.23,43.77
163,71.65,80.23,44.4
305,72.15,79.76,43.77
234,72.15,79.76,44.4
149,72.15,76.48,44.4
169,72.35,77.02,44.13
242,72.35,78.91,44.11
50,70.49,76.76,45.65
45,70.9,76.44,45.65
82,70.49,76.76,45.02
76,70.9,76.44,45.02
79,71.8,76.47,45.33
114,70.6,78.1,45.33
49,70.76,79.86,45.33
51,71.9,79.76,45.02
5,71.9,79.76,45.65
123,72.15,77.07,45.34
76,72.15,78.89,45.34
128,72.35,77.88,45.35
11,71.37,77.15,46.58
5,71.48,78.91,46.58
5,72.15,77.9,46.59
279,72.15,79.92,40.72
269,72.15,80.58,41.19
279,72.15,80.57,41.86
306,72.35,79.82,41.03
283,72.35,79.81,41.84
150,71.89,75.96,42.48
160,72.15,76.48,43.78
166,72.35,76.35,43.18
159,72.36,76.01,42.43
3,63.57,96.55,42.93
2,63.58,98.28,42.83
34,63.56,94.7,41.36
3,63.58,97.45,41.36
8,63.71,96.74,41.4
7,63.9,96.57,40.6
8,64.24,95.31,40.45
4,64.2,97.38,40.45
3,63.58,96.48,44.13
2,63.58,98.27,44.09
2,63.58,100.16,45.33
24,66.37,76.55,41.16
27,66.38,77.06,41.15
39,66.58,77.64,41.22
88,68.8,77.82,41.27
73,67.92,77.89,41.27
58,67.07,77.97,41.27
78,69.14,76.16,41.22
70,68.69,75.96,41.18
26,66.37,76.11,43.14
32,66.57,76.26,43.77
36,66.93,76.38,44.42
29,66.38,76.6,42.52
36,66.58,76.64,43.15
39,66.78,76.68,43.77
32,66.38,77.07,41.87
45,66.58,77.64,41.88
84,68.8,77.82,41.9
69,67.92,77.89,41.9
59,67.07,77.97,41.9
43,66.58,77.08,42.52
51,66.8,77.61,42.52
58,68.32,77.42,42.52
54,67.44,77.49,42.52
32,67.84,77.01,43.15
47,66.99,77.09,43.15
33,67.37,76.65,43.77
26,67.69,76.16,43.77
27,68.25,76.16,43.15
51,68.66,76.16,42.52
79,69.14,76.16,41.88
74,68.73,76.94,41.9
70,68.66,76.35,41.9
47,68.25,76.57,42.52
30,67.73,76.38,43.14
29,67.69,75.96,43.17
38,68.28,75.96,42.55
73,68.68,75.96,41.89
33,66.94,76.16,43.77
27,66.38,76.62,41.88
27,66.84,75.96,43.17
68,69.21,77.31,40.66
59,69.14,76.43,40.66
79,68.8,77.81,40.66
65,67.91,77.89,40.66
48,67.01,77.96,40.66
42,68.74,76.83,40.46
39,68.72,76.08,40.46
24,66.55,77.57,40.46
45,68.32,77.38,40.46
37,67.39,77.48,40.46
18,66.37,76.49,40.62
17,66.42,76.45,40.44
21,66.38,77.05,40.61
32,66.57,77.62,40.76
84,68.8,77.82,40.87
70,67.92,77.89,40.87
54,67.08,77.97,40.87
77,69.2,77.34,40.87
68,69.13,76.52,40.87
76,68.73,76.94,41.27
72,68.66,76.35,41.27
59,68.67,76.15,40.77
38,68.15,75.96,40.52
45,68.33,75.96,40.66
2,83.27,66.4,40.43
4,83.07,66.11,40.43
4,83.12,66.22,40.43
4,83.11,66.16,40.43
2,83.15,66.16,40.48
2,83.12,66.14,40.48
2,83.11,66.08,40.48
4,83.09,66.14,40.44
2,83.24,65.84,40.42
2,83.24,65.84,40.4
2,83.21,65.82,40.38
3,83.07,66.01,40.21
3,83.07,65.95,40.22
3,83.12,65.95,40.22
4,83.1,65.92,40.28
3,83.15,65.91,40.22
4,83.12,65.89,40.28
2,83.2,65.81,40.32
2,83.2,65.81,40.3
2,83.2,65.81,40.26
2,83.2,65.81,40.28
4,83.13,65.86,40.32
4,83.13,65.86,40.3
3,83.14,65.85,40.32
3,83.14,65.85,40.3
3,83.14,65.87,40.22
3,83.13,65.86,40.27
4,83.13,65.86,40.28
3,83.14,65.85,40.26
3,83.14,65.85,40.28
2,83.17,65.82,40.32
3,83.16,65.83,40.32
2,83.17,65.82,40.3
3,83.16,65.83,40.3
2,83.17,65.82,40.25
2,83.15,65.86,40.22
2,83.16,65.83,40.25
2,83.17,65.84,40.21
2,83.16,65.83,40.26
3,83.16,65.83,40.28
2,83.17,65.82,40.26
2,83.17,65.82,40.28
2,83.2,65.81,40.36
2,83.2,65.81,40.34
5,83.05,66.06,40.36
5,83.07,66,40.35
5,83.1,65.97,40.35
5,83.07,65.95,40.31
2,83.09,66.06,40.48
4,83.05,66.09,40.43
4,83.07,66.06,40.44
2,83.11,66.03,40.48
2,83.13,66.05,40.51
2,83.16,66.02,40.51
2,83.16,65.98,40.5
2,83.16,65.98,40.52
2,83.16,65.98,40.54
3,83.11,66.02,40.46
4,83.07,66.05,40.42
4,83.07,66.06,40.39
4,83.11,66.02,40.43
4,83.13,66,40.43
3,83.13,66,40.47
4,83.1,65.97,40.39
5,83.07,66,40.39
4,83.13,65.89,40.36
4,83.13,65.89,40.34
4,83.12,65.9,40.36
4,83.12,65.9,40.34
5,83.11,65.95,40.34
5,83.11,65.95,40.36
5,83.12,65.93,40.34
5,83.12,65.93,40.36
5,83.09,65.92,40.31
4,83.12,65.89,40.31
2,83.18,65.9,40.5
2,83.23,65.85,40.41
2,83.19,65.84,40.41
2,83.19,65.84,40.42
2,83.2,65.84,40.43
2,83.19,65.86,40.44
2,83.18,65.86,40.42
2,83.18,65.83,40.4
2,83.17,65.84,40.4
2,83.18,65.83,40.38
3,83.17,65.84,40.38
2,83.19,65.86,40.46
2,83.17,65.87,40.44
3,83.17,65.87,40.42
3,83.16,65.89,40.44
3,83.16,65.89,40.42
3,83.16,65.86,40.4
3,83.15,65.87,40.4
3,83.16,65.86,40.38
3,83.15,65.87,40.38
2,83.17,65.87,40.46
2,83.17,65.87,40.48
2,83.16,65.89,40.46
2,83.16,65.89,40.48
2,83.17,65.82,40.36
2,83.16,65.83,40.36
2,83.17,65.82,40.34
3,83.16,65.83,40.34
3,83.14,65.85,40.36
3,83.14,65.85,40.34
3,83.13,65.86,40.36
4,83.13,65.86,40.34
2,83.14,65.97,40.5
2,83.14,65.97,40.52
2,83.15,65.96,40.5
2,83.15,65.96,40.52
2,83.14,65.97,40.54
2,83.16,65.91,40.5
2,83.15,65.93,40.5
2,83.15,65.93,40.52
3,83.13,65.96,40.44
4,83.13,65.96,40.42
3,83.14,65.94,40.44
4,83.14,65.94,40.42
3,83.13,65.96,40.48
3,83.13,65.96,40.46
3,83.14,65.94,40.46
2,83.14,65.94,40.48
5,83.11,65.95,40.38
4,83.11,65.95,40.4
4,83.12,65.93,40.4
4,83.12,65.93,40.38
3,83.15,65.9,40.44
3,83.15,65.9,40.42
3,83.14,65.92,40.44
4,83.14,65.92,40.42
4,83.13,65.89,40.4
4,83.13,65.89,40.38
4,83.12,65.9,40.4
4,83.12,65.9,40.38
2,83.15,65.9,40.46
2,83.15,65.9,40.48
3,83.14,65.92,40.46
2,83.14,65.92,40.48
3,83.22,66.41,40.43
3,83.18,66.36,40.43
3,83.16,66.26,40.43
4,83.04,65.98,40.31
5,83.04,65.93,40.28
3,83.05,66.05,40.21
4,83.04,65.98,40.27
2,83.08,66.08,40.26
2,83.05,66.03,40.27
2,83.08,66.09,40.22
2,83.03,66.05,40.25
3,83.02,66.02,40.25
3,83.08,66.08,40.29
4,83.05,66.07,40.33
3,83.05,66.03,40.31
5,66.5,75.93,46.31
10,66.5,76.19,46.2
10,66.75,76.63,46.3
14,67.84,77.01,46.27
11,66.99,77.09,46.27
6,67.36,76.6,46.91
7,67.71,76.31,46.3
11,68.27,76.16,46.27
5,67.74,76.11,46.96
6,67.79,75.95,46.35
2,66.59,76.05,46.75
3,66.93,76.32,46.94
4,66.72,76.27,46.69
9,66.6,76.04,45.63
4,66.64,75.87,45.59
12,67.35,76.59,45.65
13,66.82,76.34,45.65
7,67.73,76.11,45.63
3,66.79,75.74,44.99
3,66.75,75.91,45.19
5,66.64,75.75,45.1
4,66.99,76.07,45.26
73,72.37,76.07,40.66
53,72.13,76.46,40.44
9,72.63,79.75,40.58
2,72.88,80.56,40.46
95,68.88,78.7,41.27
94,68.88,78.7,41.9
87,69.44,79.98,41.27
91,68.96,79.58,41.9
84,68.96,79.58,41.27
100,69.44,79.98,41.9
104,69.28,78.22,41.27
89,69.2,77.34,41.27
101,69.28,78.22,41.9
87,69.2,77.34,41.9
85,69.55,76.33,41.27
87,69.61,76.86,41.27
87,69.55,76.33,41.9
89,69.61,76.86,41.9
137,71.89,75.96,41.81
91,70.07,76.16,41.21
95,70.97,75.96,41.09
98,70.07,76.16,41.88
118,70.96,75.96,41.83
105,71.89,75.96,41.09
100,69.68,77.74,40.87
118,69.7,79.07,40.85
88,70.13,77.25,40.89
80,70,76.47,40.87
87,71.76,76.15,40.77
79,72.2,76.18,40.69
82,70.94,76.16,40.77
75,70.51,76.69,40.66
75,70.94,76.33,40.65
76,71.85,76.29,40.62
42,71.48,77.06,40.46
92,69.91,80.38,41.27
110,69.91,80.38,41.9
112,70.39,80.78,41.27
195,71.27,80.71,41.27
136,70.39,80.78,41.9
226,71.27,80.71,41.9
140,70.65,78.09,40.66
233,71.68,78.83,40.46
221,71.65,80.23,41.27
250,71.65,80.23,41.9
155,70.77,79.97,40.85
213,71.52,79.39,40.66
236,71.88,79.81,40.85
91,69.99,76.47,42.52
87,70,76.47,43.15
121,70.91,76.16,42.49
118,70.91,76.16,43.14
147,71.76,76.16,43.14
135,69.91,80.38,42.52
168,70.39,80.78,42.52
271,71.27,80.71,42.52
306,71.27,80.71,43.15
201,70.39,80.78,43.15
160,69.91,80.38,43.15
147,69.8,79.06,42.83
99,69.68,77.74,42.52
91,69.68,77.74,43.15
104,70.16,77.21,42.45
100,70.08,77.26,43.15
320,71.65,80.23,43.15
291,71.65,80.23,42.52
286,72.15,79.77,42.52
301,72.15,79.76,43.15
169,72.34,77.05,42.95
239,72.35,78.98,42.89
109,70.49,76.76,43.77
103,70.49,76.76,44.4
100,70.9,76.44,44.39
118,71.72,76.41,44.4
114,70.9,76.44,43.77
140,71.72,76.41,43.77
134,71.95,76.6,44.4
150,70.6,78.1,44.08
220,70.76,79.86,44.08
300,71.9,79.76,43.77
228,71.9,79.76,44.4
162,72.15,77.09,44.1
228,72.15,78.91,44.09
193,72.35,77.9,44.11
98,71.37,77.15,45.33
81,71.48,78.91,45.33
120,72.15,77.91,45.34
6,71.85,77.96,46.58
272,72.15,79.76,41.15
267,72.15,79.77,41.87
274,72.35,79.05,41.35
256,72.37,78.14,40.55
145,71.74,76.15,42.48
152,71.95,76.6,43.77
148,72.36,76.01,41.97
3,72.63,79.74,41.11
115,72.36,76.04,41.16
157,72.16,76.49,43.16
153,72.19,76.18,42.41
163,72.35,76.49,42.61
9,63.57,95.35,42.95
2,63.58,97.38,42.91
4,63.74,96.5,42.85
29,63.72,94.82,41.39
3,63.76,97.38,41.43
8,63.96,96.51,41.44
10,64.31,95.33,40.62
4,64.32,97.33,40.64
5,65.05,96.36,40.46
2,63.58,97.3,44.11
2,63.78,96.47,44.1
2,63.58,99.07,44.08
2,63.78,98.26,44.09
19,66.36,76.09,41.27
28,66.55,76.6,41.22
35,66.58,77.08,41.22
47,66.8,77.61,41.27
76,68.32,77.42,41.27
62,67.44,77.49,41.27
72,68.66,76.16,41.23
67,68.3,75.96,41.22
23,66.37,76.14,42.51
28,66.56,76.25,43.14
36,66.95,76.41,43.77
32,66.58,76.65,42.52
39,66.77,76.67,43.14
40,66.58,77.09,41.88
51,66.8,77.61,41.9
72,68.32,77.42,41.9
63,67.44,77.49,41.9
50,67.84,77.01,42.52
52,66.99,77.09,42.52
40,67.37,76.65,43.15
31,67.69,76.16,43.16
41,68.26,76.16,42.53
70,68.66,76.16,41.89
66,68.25,76.57,41.9
49,67.71,76.35,42.5
48,67.75,75.96,42.61
65,68.3,75.96,41.91
31,66.58,76.66,41.89
30,66.94,76.14,43.16
20,66.36,76.16,41.88
22,66.7,75.94,42.65
21,67.14,75.94,42.55
58,68.73,76.9,40.66
54,68.69,76.25,40.65
34,66.7,77.58,40.65
60,68.32,77.4,40.66
49,67.42,77.49,40.66
36,68.29,76.37,40.46
19,66.58,76.61,40.44
36,67.85,76.98,40.46
26,66.82,77.06,40.45
15,66.35,76.01,40.62
22,66.53,76.55,40.75
21,66.56,76.51,40.59
16,66.41,76.12,40.43
29,66.57,77.08,40.76
42,66.8,77.6,40.87
68,68.32,77.42,40.87
55,67.44,77.49,40.87
66,68.73,76.94,40.87
63,68.66,76.35,40.87
68,68.25,76.57,41.27
54,68.28,76.15,40.78
47,68.08,76.15,40.69
38,67.82,75.94,40.66
12,66.49,75.93,40.65
2,83.28,66.52,40.43
3,83.24,66.52,40.43
3,83.06,66.07,40.48
2,83.12,66.22,40.48
4,83.06,66.14,40.42
4,83.08,66.15,40.43
4,83.09,66.21,40.43
2,83.13,66.2,40.49
2,83.1,66.11,40.49
2,83.11,66.08,40.51
5,83.02,66.13,40.41
2,83.23,65.84,40.41
3,83.04,65.98,40.22
3,83.04,65.93,40.23
3,83.09,65.92,40.22
4,83.07,65.9,40.28
4,83.09,65.87,40.28
3,83.12,65.89,40.22
3,83.11,65.83,40.31
2,83.13,65.86,40.22
2,83.14,65.85,40.22
3,83.12,65.83,40.28
2,83.14,65.8,40.31
2,83.16,65.83,40.22
2,83.14,65.81,40.28
5,83.02,66.06,40.36
5,83.05,66.02,40.38
4,83.02,66.06,40.33
5,83.05,66.02,40.35
5,83.04,65.98,40.35
5,83.07,65.95,40.35
5,83.04,65.92,40.31
2,83.08,66.06,40.51
3,83.04,66.05,40.48
5,82.99,66.11,40.41
4,83.02,66.08,40.43
4,83.02,66.05,40.42
5,83.02,66.06,40.39
3,83.08,66.01,40.48
2,83.1,66.03,40.51
4,83.04,66.05,40.44
2,83.13,66,40.51
4,83.04,66.05,40.43
4,83.08,66,40.47
4,83.08,66,40.43
4,83.1,65.97,40.43
3,83.1,65.97,40.47
5,83.07,65.95,40.39
5,83.04,65.98,40.39
4,83.12,65.88,40.36
4,83.12,65.88,40.34
4,83.11,65.89,40.36
4,83.11,65.89,40.34
5,83.09,65.92,40.35
4,83.06,65.89,40.31
4,83.09,65.86,40.31
2,83.17,65.84,40.44
2,83.17,65.84,40.42
2,83.16,65.83,40.4
2,83.17,65.82,40.38
2,83.16,65.83,40.38
2,83.16,65.86,40.44
2,83.16,65.86,40.42
2,83.15,65.87,40.44
3,83.15,65.87,40.42
2,83.14,65.85,40.4
3,83.13,65.86,40.4
3,83.14,65.85,40.38
3,83.13,65.86,40.38
2,83.16,65.86,40.46
2,83.15,65.87,40.46
2,83.15,65.87,40.48
2,83.14,65.8,40.35
3,83.11,65.83,40.35
2,83.13,65.96,40.5
2,83.13,65.96,40.52
2,83.14,65.94,40.5
2,83.14,65.94,40.52
2,83.13,65.96,40.54
2,83.15,65.9,40.5
2,83.14,65.92,40.5
2,83.14,65.92,40.52
4,83.11,65.95,40.44
4,83.11,65.95,40.42
3,83.12,65.93,40.44
4,83.12,65.93,40.42
3,83.11,65.95,40.48
3,83.11,65.95,40.46
3,83.12,65.93,40.46
2,83.12,65.93,40.48
4,83.09,65.92,40.39
3,83.13,65.89,40.44
3,83.13,65.89,40.42
3,83.12,65.9,40.44
4,83.12,65.9,40.42
3,83.12,65.88,40.4
4,83.12,65.88,40.38
4,83.11,65.89,40.4
4,83.11,65.89,40.38
2,83.13,65.89,40.46
2,83.13,65.89,40.48
3,83.12,65.9,40.46
2,83.12,65.9,40.48
2,83.14,66.25,40.48
4,83.19,66.47,40.42
4,83.12,66.42,40.42
4,83.11,66.32,40.42
4,83.01,65.9,40.28
5,83.01,65.95,40.31
3,83.02,66.01,40.31
4,83.02,65.96,40.28
3,83.02,66.03,40.21
2,83.03,66.08,40.21
3,83.02,66.01,40.27
2,83.05,66.08,40.26
2,83.03,66.05,40.26
2,83.03,66.08,40.22
2,83,66.04,40.25
3,83.05,66.07,40.29
4,83,66.06,40.32
5,82.99,66.06,40.35
5,66.6,76.04,46.28
2,66.64,75.87,46.34
7,66.82,76.33,46.27
8,67.35,76.58,46.28
5,67.72,76.1,46.32
3,66.95,76.05,46.66
4,66.49,75.71,45.61
4,66.75,75.91,45.63
4,66.64,75.75,45.58
5,67.01,76.09,45.64
3,66.82,75.7,44.79
2,66.86,75.65,45.1
6,66.48,75.71,45.1
3,66.75,75.69,45.19
89,72.22,76.22,40.78
75,72.03,76.55,40.61
12,72.83,79.7,40.76
2,73.13,80.53,40.87
3,73.03,80.54,40.66
73,72.41,76.14,40.64
40,72.63,78.91,40.6
200,72.06,78.06,40.45
49,72.38,76.59,40.45
16,72.83,79.73,40.46
7,73.25,80.11,40.46
4,73.86,80.48,40.46
130,69.81,79.06,41.56
106,69.68,77.74,41.27
105,69.68,77.74,41.9
101,70.16,77.24,41.34
92,69.99,76.47,41.27
103,70.11,77.23,41.88
96,69.99,76.47,41.9
137,71.8,76.14,41.86
145,72.2,76.18,41.97
104,70.94,76.16,41.24
117,70.9,76.15,41.85
114,71.79,76.14,41.22
127,70.55,77.9,40.86
89,70.53,76.78,40.9
92,70.93,76.45,40.9
98,71.95,76.6,40.88
95,71.72,76.41,40.87
72,71.44,77.1,40.65
107,72.36,77.37,40.45
174,72.37,77.09,42.34
176,70.76,79.85,41.56
208,71.58,78.77,40.65
207,71.49,79.47,40.82
243,71.9,79.75,41.24
257,71.9,79.76,41.9
108,70.52,76.73,42.47
118,70.91,76.48,42.41
110,70.49,76.76,43.15
119,70.9,76.44,43.14
143,71.73,76.41,43.14
145,70.67,78.04,42.73
237,70.76,79.86,42.83
302,71.9,79.76,43.14
285,71.9,79.76,42.52
161,72.17,77.08,43.01
234,72.16,78.94,42.86
193,72.35,77.93,42.92
143,71.37,77.15,44.08
212,71.48,78.91,44.08
188,72.15,77.93,44.1
122,71.85,77.96,45.33
245,72.17,78.98,41.43
228,72.22,78.01,40.68
246,72.37,78.29,41.45
249,72.49,77.82,40.62
141,72.61,78.18,40.62
144,71.7,76.41,42.44
150,71.96,76.6,43.14
143,72.37,76.07,41.8
19,72.63,78.92,41.14
119,72.21,76.2,41.23
6,72.83,79.7,41.21
119,72.41,76.14,41.24
154,72.19,76.5,42.58
163,72.43,76.6,42.33
8,63.75,95.36,42.87
3,63.97,96.45,42.76
3,63.77,97.33,42.87
9,64.33,95.35,41.45
3,64.38,97.28,41.48
4,65.1,96.34,40.65
5,66.02,97.15,40.46
2,63.78,97.29,44.09
2,64.06,98.22,44.08
15,66.49,75.93,41.23
19,66.5,76.19,41.31
32,66.75,76.63,41.24
65,67.84,77.01,41.27
49,66.99,77.09,41.27
68,68.27,76.16,41.25
61,67.81,75.95,41.24
21,66.53,76.25,42.51
35,66.77,76.67,42.52
35,66.94,76.4,43.13
34,66.77,76.67,41.89
65,67.84,77.01,41.9
51,67.36,76.62,42.5
53,66.99,77.09,41.9
50,67.7,76.14,42.55
65,68.26,76.16,41.9
60,67.71,76.32,41.89
63,67.81,75.95,41.95
19,66.52,76.25,41.89
22,66.8,76.09,42.6
17,66.49,75.93,41.93
20,67.14,76.08,42.46
51,68.26,76.48,40.65
24,66.69,76.64,40.6
49,67.85,77,40.65
36,66.92,77.08,40.64
30,67.79,76.14,40.44
19,66.76,76.25,40.43
31,67.36,76.57,40.44
15,66.47,76.12,40.71
26,66.73,76.59,40.82
16,66.51,76.2,40.54
56,67.84,77,40.86
42,66.99,77.08,40.86
58,68.23,76.56,40.86
60,67.71,76.32,41.27
44,67.73,76.09,40.76
5,67.45,75.82,40.67
13,66.59,76.03,40.72
10,66.63,75.86,40.66
2,83.31,66.57,40.42
3,83.21,66.58,40.43
3,83.05,66.1,40.48
3,83.07,66.12,40.48
2,83.08,66.21,40.49
4,83.03,66.19,40.42
4,83.04,66.28,40.42
5,82.92,66.2,40.42
2,83.09,66.11,40.51
2,83.06,66.09,40.51
3,83.02,66.09,40.48
5,82.97,66.15,40.42
3,83.02,66.01,40.22
3,83.01,65.96,40.22
3,83.01,65.9,40.23
3,83.06,65.89,40.23
4,83.04,65.87,40.29
3,83.07,65.84,40.29
3,83.09,65.86,40.23
3,83.09,65.81,40.31
3,83.09,65.81,40.29
2,83.11,65.83,40.23
2,83.11,65.78,40.31
2,83.11,65.78,40.28
5,82.99,66.02,40.38
5,83.02,66,40.39
5,83.02,66.01,40.35
5,83,66.02,40.35
5,83.01,65.95,40.35
5,83.04,65.92,40.35
5,83.01,65.9,40.31
2,83.05,66.03,40.51
3,83.02,66.03,40.48
3,82.99,66.06,40.48
2,83.05,66.03,40.55
5,82.96,66.08,40.42
4,82.99,66.06,40.43
4,83.02,66.05,40.44
3,83.02,66.01,40.48
5,82.97,66.05,40.42
5,82.97,66.06,40.39
4,82.99,66.05,40.43
4,83.02,65.99,40.47
5,83.02,66,40.43
2,83.07,66,40.55
3,83.03,66.01,40.48
2,83.07,66,40.51
2,83.1,65.97,40.51
4,83.04,65.98,40.47
5,83.04,65.98,40.43
4,83.07,65.95,40.43
3,83.07,65.95,40.47
5,83.04,65.92,40.39
5,83.01,65.95,40.39
4,83.09,65.86,40.35
4,83.06,65.89,40.35
4,83.03,65.87,40.31
3,83.06,65.84,40.31
2,83.16,65.83,40.42
2,83.14,65.8,40.39
2,83.14,65.85,40.44
2,83.14,65.85,40.42
2,83.13,65.86,40.44
3,83.13,65.86,40.42
3,83.11,65.83,40.39
2,83.14,65.85,40.46
2,83.13,65.86,40.46
2,83.13,65.86,40.48
2,83.11,65.78,40.35
2,83.08,65.81,40.35
2,83.11,65.95,40.5
2,83.11,65.95,40.52
2,83.12,65.93,40.5
2,83.12,65.93,40.52
2,83.13,65.89,40.5
2,83.12,65.9,40.5
4,83.09,65.92,40.43
3,83.09,65.92,40.47
4,83.06,65.89,40.39
3,83.12,65.88,40.44
3,83.12,65.88,40.42
3,83.11,65.89,40.44
3,83.11,65.89,40.42
3,83.09,65.86,40.39
2,83.12,65.88,40.46
2,83.12,65.88,40.48
3,83.11,65.89,40.46
2,83.11,65.89,40.48
2,83.11,66.42,40.48
2,83.09,66.31,40.49
4,83.14,66.53,40.42
5,83.07,66.48,40.42
4,83.06,66.37,40.42
5,82.96,66.39,40.42
5,82.98,65.93,40.31
4,82.99,65.93,40.28
4,82.98,65.89,40.29
3,83,66.03,40.31
4,82.99,65.98,40.31
3,82.99,65.99,40.28
2,82.99,66.06,40.21
2,83.03,66.08,40.24
2,82.99,66.08,40.22
2,82.99,66.03,40.27
3,83,66.07,40.29
4,82.96,66.06,40.32
5,82.96,66.06,40.36
2,66.5,75.71,46.31
4,66.75,75.91,46.29
3,66.64,75.75,46.34
4,67.01,76.09,46.29
2,67.05,75.73,46.67
7,66.36,75.35,45.16
8,66.37,75.26,44.86
4,66.36,75.31,45.64
3,66.79,75.69,44.35
4,66.6,75.6,45.63
4,66.75,75.69,45.62
3,67.1,75.75,45.65
4,66.59,75.59,45.14
2,66.94,75.51,45.27
86,72.33,76.28,40.74
97,72.29,76.68,40.86
62,72.81,78.83,40.75
184,71.98,77.99,40.62
74,72.33,76.65,40.61
13,73.1,79.66,40.87
16,73,79.68,40.66
5,73.42,80.07,40.87
6,73.36,80.09,40.66
3,73.89,80.48,40.66
75,72.53,76.14,40.64
70,72.8,78.9,40.45
170,72.8,78.06,40.44
196,72.43,77.66,40.44
53,72.59,76.25,40.44
71,72.73,77.02,40.45
29,73.19,79.26,40.46
10,73.75,79.62,40.46
3,74.37,80.87,40.46
6,74.29,80,40.46
2,73.92,80.48,40.87
5,72.63,78.9,41.9
140,72.22,76.22,41.78
140,70.68,78.09,41.49
104,70.53,76.77,41.31
110,70.98,76.49,41.33
107,70.5,76.7,41.81
115,70.94,76.51,41.77
117,71.71,76.42,41.29
136,71.74,76.43,41.89
123,71.93,76.61,41.28
89,71.38,77.04,40.88
125,72.35,77.34,40.63
177,72.31,77.11,42.2
189,72.47,77.53,42.34
202,71.51,78.92,41.46
174,72.01,77.81,40.78
226,71.5,78.91,42.81
140,71.42,77.15,42.75
188,72.18,77.96,42.87
185,71.85,77.96,44.08
215,72.21,78.17,41.47
220,72.5,77.69,40.73
225,72.49,77.82,41.56
83,72.62,78.18,41.55
176,72.77,78.05,40.74
140,71.89,76.63,41.82
148,71.98,76.63,42.42
183,72.57,77.01,42.33
147,72.41,76.14,41.98
34,72.82,78.85,41.22
122,72.33,76.28,41.26
131,72.26,76.73,41.33
6,73.1,79.66,41.27
2,73.42,80.07,41.27
121,72.53,76.14,41.24
3,72.63,78.88,42.56
44,72.62,78.04,42.92
162,72.41,76.68,42.2
156,72.55,76.25,42.33
82,72.61,77.05,42.64
2,64.27,95.55,42.8
2,64.39,97.28,42.83
4,65.1,96.33,41.49
5,66.04,97.14,40.66
2,66.85,96.18,40.46
3,67,97.94,40.46
15,66.6,76.04,41.25
13,66.64,75.87,41.25
26,66.82,76.33,41.27
54,67.35,76.59,41.27
59,67.73,76.1,41.26
5,67.44,75.82,41.25
21,66.82,76.34,41.89
25,66.9,76.34,42.5
56,67.35,76.59,41.89
57,67.73,76.11,41.91
13,66.6,76.04,41.9
16,66.64,75.87,41.98
3,66.94,75.95,42.23
40,67.73,76.24,40.59
20,66.81,76.3,40.55
39,67.37,76.61,40.6
4,67.15,75.76,40.42
13,67.02,76.03,40.42
8,66.63,75.7,42.63
21,66.82,76.31,40.78
44,67.35,76.57,40.82
47,67.66,76.29,40.81
5,67.35,75.82,40.74
9,66.73,75.89,40.73
11,66.63,75.75,40.69
14,66.49,75.72,40.66
2,83.27,66.63,40.43
2,83.17,66.57,40.48
4,83.17,66.69,40.42
2,83.32,66.67,40.42
3,83.03,66.16,40.49
2,83.04,66.26,40.5
5,82.98,66.24,40.42
5,83,66.33,40.42
5,82.87,66.24,40.42
3,82.92,66.17,40.5
5,82.86,66.16,40.42
2,83.03,66.06,40.52
2,83.02,66.06,40.55
3,82.97,66.12,40.49
5,82.91,66.11,40.42
3,82.99,65.99,40.22
3,82.98,65.93,40.23
3,82.98,65.88,40.24
3,83.03,65.87,40.23
2,83.06,65.84,40.24
2,83.06,65.79,40.32
2,83.08,65.81,40.24
5,82.96,66.01,40.39
5,82.99,65.98,40.39
5,82.99,65.98,40.35
4,82.97,66.01,40.35
5,82.98,65.93,40.35
5,83.01,65.9,40.35
4,82.98,65.87,40.31
3,82.99,66.01,40.48
3,83.02,66.01,40.51
3,82.99,66.04,40.52
4,82.93,66.06,40.43
3,82.96,66.04,40.48
2,82.99,66.04,40.55
2,83.02,66.01,40.55
4,82.99,66.05,40.44
3,83.02,65.99,40.49
5,82.93,66.05,40.42
5,82.96,66,40.46
5,82.94,66.06,40.39
5,82.96,66,40.43
4,82.99,65.98,40.47
5,82.99,65.98,40.43
2,83.04,65.98,40.55
2,83.04,65.98,40.51
2,83.07,65.95,40.51
2,83.07,65.95,40.55
4,83.01,65.95,40.47
5,83.01,65.95,40.43
4,83.04,65.92,40.43
4,83.04,65.92,40.47
5,83.01,65.9,40.39
5,82.98,65.93,40.39
3,83.06,65.84,40.35
4,83.03,65.87,40.35
4,83.01,65.85,40.31
3,83.03,65.82,40.32
2,83.11,65.83,40.43
2,83.08,65.81,40.39
2,83.06,65.78,40.35
2,83.09,65.92,40.51
2,83.11,65.89,40.5
4,83.06,65.89,40.43
3,83.06,65.89,40.47
4,83.03,65.87,40.39
3,83.09,65.86,40.43
3,83.06,65.84,40.39
2,83.09,65.86,40.47
2,83.12,66.53,40.48
2,83.06,66.48,40.49
2,83.05,66.37,40.49
2,82.96,66.38,40.51
5,83.03,66.59,40.42
5,83,66.43,40.42
5,82.92,66.39,40.42
4,82.96,65.96,40.28
4,82.96,65.91,40.29
4,82.96,65.96,40.31
4,82.95,65.9,40.31
3,82.96,66.01,40.31
3,82.94,65.99,40.28
3,82.93,65.99,40.31
3,82.96,66.02,40.27
3,82.96,66.04,40.22
5,82.91,66.05,40.4
2,82.99,66.08,40.25
2,82.96,66.07,40.29
4,82.92,66.06,40.34
2,66.37,75.31,46.27
4,66.6,75.6,46.28
4,66.75,75.69,46.3
2,67.11,75.75,46.31
3,66.92,75.54,46.64
15,66.38,75.33,43.77
11,66.37,75.31,44.39
4,66.52,75.26,45.16
3,66.54,75.17,44.87
9,66.38,74.49,45.02
5,66.52,75.23,45.64
5,66.38,74.5,45.65
4,66.8,75.26,45.65
4,67,75.46,45.64
3,66.71,75.29,45.21
66,73.06,78.77,40.86
86,72.58,76.28,40.74
113,72.7,77.04,40.86
94,72.64,76.43,40.81
75,72.96,78.82,40.64
171,72.92,77.97,40.6
186,72.42,77.57,40.6
73,72.62,76.37,40.58
94,72.73,77.02,40.62
23,73.37,79.19,40.87
28,73.3,79.22,40.66
7,73.84,79.59,40.87
8,73.81,79.6,40.66
2,74.38,80.87,40.64
5,74.31,80,40.66
68,72.61,76.05,40.61
45,72.84,76.03,40.45
101,73.15,78.41,40.45
88,73.14,77.47,40.45
51,73.05,76.43,40.45
37,73.67,78.75,40.46
12,74.2,79.13,40.46
2,75.81,81.86,40.43
2,76.25,81.82,40.42
3,74.86,81.27,40.44
6,74.79,80.4,40.46
7,74.71,79.52,40.46
4,74.32,80,40.87
2,74.4,80.89,40.86
2,76.45,81.58,40.42
11,72.82,78.84,41.9
147,72.33,76.28,41.9
137,71.49,77.17,41.46
191,71.93,77.92,41.46
158,72.39,77.41,40.84
185,71.89,77.92,42.72
193,72.45,77.47,42.21
210,72.49,77.69,41.54
165,72.98,77.92,40.83
124,72.77,78.07,41.55
153,72.27,76.73,41.87
179,72.66,77.03,42.2
171,72.6,76.44,42.33
149,72.53,76.14,41.98
37,73.06,78.78,41.27
125,72.59,76.27,41.26
149,72.68,77.05,41.32
127,72.64,76.43,41.28
12,73.37,79.19,41.27
3,73.84,79.59,41.27
113,72.61,76.04,41.16
2,74.32,80,41.27
4,72.83,78.81,43.16
24,72.63,77.45,43.25
5,72.63,76.95,43.25
9,72.82,78.83,42.53
45,72.8,77.99,42.85
45,72.62,77.53,42.76
157,72.61,76.37,42.2
106,72.77,77.06,42.53
63,72.61,76.47,42.56
5,66.06,97.13,41.49
2,66.86,96.18,40.66
2,67.01,97.94,40.66
5,67.81,96.98,40.46
10,66.75,75.91,41.26
14,66.64,75.75,41.26
16,67.01,76.08,41.27
5,67.33,75.82,41.26
16,66.49,75.71,41.24
8,67.01,76.09,41.88
8,66.75,75.91,41.91
17,66.64,75.75,41.97
3,67.12,75.78,42.22
2,66.79,75.74,42.34
17,66.49,75.71,41.93
4,67.14,75.76,40.52
13,67,76.05,40.52
3,66.96,75.51,40.43
9,66.63,75.32,40.43
19,66.37,75.32,42.52
16,66.38,75.33,43.15
9,66.73,75.56,42.58
13,66.36,75.31,40.63
14,67,76.06,40.77
6,66.74,75.68,40.75
5,67.12,75.76,40.76
11,66.58,75.62,40.73
3,83.29,66.77,40.42
6,83.07,66.81,40.42
2,83.34,67.13,40.47
6,82.92,66.71,40.42
2,82.99,66.2,40.55
2,82.98,66.22,40.5
2,82.99,66.32,40.51
5,82.93,66.29,40.42
5,82.87,66.27,40.42
6,82.81,66.22,40.42
3,82.87,66.21,40.51
4,82.91,66,40.37
2,82.92,66.15,40.55
3,82.86,66.13,40.49
6,82.8,66.14,40.41
2,82.97,66.09,40.54
3,82.91,66.07,40.48
5,82.85,66.08,40.42
5,82.91,66,40.43
3,82.93,66,40.22
3,82.96,65.97,40.23
3,82.95,65.91,40.24
3,82.98,65.87,40.24
3,83.01,65.84,40.24
2,83.03,65.81,40.24
2,83.03,65.76,40.32
2,83.05,65.78,40.24
2,82.99,66.04,40.59
5,82.93,65.99,40.39
5,82.96,65.96,40.39
5,82.96,65.96,40.35
4,82.93,65.99,40.35
5,82.95,65.9,40.35
4,82.98,65.87,40.35
4,82.95,65.85,40.32
4,82.93,65.88,40.31
3,82.99,65.99,40.51
3,82.96,66.01,40.51
3,82.93,66.02,40.48
2,82.96,66.01,40.55
2,82.99,65.98,40.55
3,82.99,65.98,40.5
5,82.93,65.99,40.47
5,82.93,65.99,40.43
4,82.96,65.96,40.47
5,82.96,65.96,40.43
2,83.01,65.95,40.55
3,83.01,65.95,40.51
2,83.04,65.92,40.51
2,83.04,65.92,40.55
4,82.98,65.93,40.47
5,82.98,65.93,40.43
4,83.01,65.9,40.43
3,83.01,65.9,40.47
4,82.98,65.87,40.39
5,82.95,65.9,40.39
3,83.03,65.81,40.35
4,83,65.84,40.35
3,82.98,65.82,40.32
3,83,65.79,40.32
2,83.08,65.81,40.43
2,83.06,65.78,40.39
2,83.02,65.76,40.35
2,83.03,65.76,40.39
2,83.06,65.89,40.51
3,83.03,65.87,40.43
3,83.03,65.87,40.47
4,83,65.84,40.39
3,83.06,65.84,40.43
3,83.03,65.81,40.39
2,83.06,65.84,40.47
2,83.01,66.6,40.5
2,83,66.43,40.5
2,82.92,66.38,40.52
5,82.89,66.5,40.42
6,82.82,66.3,40.42
5,82.88,66.35,40.42
6,82.83,66.62,40.43
2,82.92,66.02,40.29
4,82.9,65.94,40.31
2,82.92,66.05,40.22
5,82.84,66.01,40.37
5,82.86,66.06,40.39
2,82.92,66.07,40.26
5,82.85,66.06,40.32
4,66.52,75.23,46.27
3,66.38,74.51,46.27
2,66.52,75.27,46.73
2,66.38,74.51,46.9
4,66.8,75.26,46.27
4,67,75.46,46.27
3,66.7,75.3,46.69
7,66.58,75.21,43.77
15,66.38,74.51,43.77
4,66.56,75.21,44.39
13,66.38,74.49,44.39
5,66.58,74.47,45.02
10,66.38,73.58,45.02
5,66.58,74.47,45.65
5,66.38,73.58,45.65
2,66.86,74.44,45.02
3,66.86,74.44,45.65
105,73.3,78.3,40.85
83,72.77,76.2,40.74
66,72.98,76.19,40.61
119,73.18,77.45,40.85
87,73.1,76.55,40.84
110,73.24,78.35,40.64
106,73.19,77.44,40.63
70,73.1,76.54,40.62
34,73.76,78.71,40.87
39,73.73,78.73,40.66
8,74.24,79.12,40.87
10,74.23,79.12,40.66
2,74.87,81.27,40.61
4,74.79,80.39,40.65
5,74.71,79.52,40.66
37,72.83,75.95,40.59
29,73.3,76,40.45
64,73.62,77.86,40.46
36,73.4,76.12,40.45
46,73.56,76.86,40.46
31,74.13,78.24,40.46
12,74.62,78.64,40.46
2,75.34,81.67,40.43
2,76.01,81.62,40.43
3,76.21,81.38,40.43
5,75.27,80.79,40.45
7,75.19,79.92,40.46
7,75.11,79.04,40.46
4,74.72,79.52,40.87
3,74.8,80.41,40.86
2,76.45,81.58,40.54
2,76.69,81.79,40.42
3,76.65,81.34,40.42
19,73.06,78.78,41.9
150,72.58,76.27,41.9
186,72.34,77.45,41.52
120,72.99,77.93,41.57
151,72.64,76.43,41.86
170,72.73,77.05,41.86
167,72.71,76.53,42.2
3,73.37,79.19,41.9
135,72.61,76.04,41.88
66,73.31,78.31,41.27
120,72.77,76.19,41.23
131,73.2,77.44,41.27
118,73.12,76.56,41.27
17,73.76,78.71,41.27
4,74.24,79.12,41.27
86,72.85,75.96,41.1
2,74.72,79.52,41.27
2,73.07,78.78,43.14
2,72.81,77,43.18
3,72.82,77.44,43.19
5,73.01,77.02,43.13
8,73.07,78.78,42.52
17,73.02,77.93,42.77
30,72.79,77.48,42.66
122,72.76,76.55,42.44
113,72.95,77.03,42.45
14,72.62,76.18,42.63
3,66.06,97.13,42.83
2,66.86,96.18,41.49
3,67.01,97.94,41.49
4,67.82,96.98,40.66
3,68.62,96.02,40.46
3,68.77,97.78,40.46
14,66.36,75.3,41.19
17,66.36,75.31,41.87
7,66.75,75.69,41.27
5,67.1,75.75,41.27
11,66.6,75.6,41.26
10,66.75,75.69,41.91
9,66.86,75.65,42.22
2,67.1,75.75,41.87
13,66.6,75.6,41.9
2,66.98,75.48,40.54
6,66.72,75.26,40.57
5,66.62,74.46,40.45
15,66.53,75.23,42.52
15,66.38,74.51,42.51
9,66.56,75.22,43.15
15,66.38,74.51,43.14
3,66.88,75.23,43.12
6,66.86,75.27,42.5
10,66.5,75.25,40.74
10,66.38,74.5,40.61
5,66.77,75.28,40.79
2,66.98,75.49,40.78
5,83.24,66.91,40.42
2,83.05,66.81,40.51
7,82.96,66.93,40.42
5,83.28,67.14,40.42
3,83.34,67.3,40.45
2,82.91,66.71,40.54
6,82.86,66.83,40.43
5,82.84,66.01,40.43
5,82.85,66.07,40.41
2,82.93,66.28,40.52
6,82.76,66.27,40.42
3,82.87,66.25,40.51
6,82.75,66.19,40.42
3,82.81,66.18,40.51
2,82.87,66.19,40.56
6,82.7,66.24,40.42
2,82.92,66.16,40.61
5,82.86,65.98,40.37
3,82.86,66.1,40.55
4,82.8,66.08,40.49
6,82.74,66.11,40.41
3,82.91,66.04,40.54
6,82.78,66.08,40.41
4,82.84,66.03,40.48
5,82.86,65.97,40.45
3,82.9,65.94,40.23
3,82.93,65.88,40.24
3,82.95,65.85,40.24
2,82.98,65.82,40.25
2,83,65.79,40.25
2,82.96,66.01,40.59
2,82.99,65.98,40.59
5,82.9,65.94,40.37
4,82.84,65.89,40.32
4,82.95,65.85,40.39
4,82.92,65.88,40.39
4,82.92,65.88,40.35
4,82.95,65.85,40.35
4,82.89,65.83,40.32
3,82.93,65.99,40.51
2,82.93,65.99,40.55
2,82.96,65.96,40.55
3,82.96,65.96,40.51
4,82.94,65.98,40.5
5,82.9,65.94,40.45
2,82.98,65.93,40.55
3,82.98,65.93,40.51
2,83.01,65.9,40.51
2,83.01,65.9,40.55
4,82.95,65.88,40.45
3,82.97,65.82,40.39
2,83,65.79,40.39
3,83,65.79,40.35
3,82.97,65.82,40.35
3,82.94,65.78,40.33
2,83.03,65.87,40.51
2,83,65.82,40.45
2,82.89,66.5,40.53
3,82.82,66.29,40.52
2,82.88,66.33,40.52
2,82.83,66.61,40.55
6,82.76,66.63,40.43
6,82.77,66.41,40.43
3,82.85,65.99,40.3
4,82.79,65.95,40.31
6,82.65,66.34,40.43
2,82.85,66.02,40.23
2,82.79,65.97,40.24
5,82.79,66.01,40.37
6,82.78,66.08,40.37
2,82.84,66.06,40.26
5,82.8,66.07,40.32
4,66.58,74.47,46.27
3,66.38,73.58,46.27
2,66.58,74.48,46.9
2,66.38,73.58,46.9
3,66.86,74.44,46.27
2,66.86,74.44,46.9
14,66.38,73.59,43.77
9,66.58,74.48,43.77
7,66.58,74.47,44.39
14,66.38,73.59,44.39
9,66.38,72.76,45.02
6,66.58,73.58,45.02
5,66.38,72.76,45.65
5,66.58,73.58,45.65
4,66.86,74.44,43.77
2,66.86,74.44,44.39
2,67.14,73.97,45.65
78,73.68,77.83,40.86
76,72.99,76.13,40.75
52,73.42,76.18,40.63
72,73.61,76.95,40.87
69,73.53,76.35,40.85
74,73.66,77.84,40.65
53,73.49,76.28,40.62
61,73.59,76.92,40.65
29,74.16,78.24,40.87
31,74.15,78.24,40.66
8,74.64,78.64,40.87
9,74.63,78.64,40.66
2,75.34,81.67,40.57
2,76.01,81.62,40.55
2,76.21,81.38,40.54
4,75.27,80.79,40.62
5,75.2,79.92,40.66
5,75.12,79.04,40.66
24,73.32,75.96,40.59
19,73.7,75.98,40.46
31,74.05,77.32,40.46
24,73.92,76.31,40.46
16,74.54,77.73,40.46
8,75.03,78.14,40.46
4,75.74,81.19,40.43
4,76.41,81.14,40.43
7,75.66,80.31,40.45
7,75.6,79.44,40.46
7,75.52,78.55,40.46
4,75.12,79.04,40.87
3,75.2,79.92,40.87
3,75.28,80.82,40.84
2,76.65,81.34,40.54
2,76.89,81.54,40.42
2,77.13,81.75,40.42
5,76.61,80.9,40.43
4,76.85,81.1,40.43
42,73.31,78.31,41.9
142,72.77,76.19,41.88
137,73.21,77.43,41.88
139,73.12,76.55,41.87
7,73.76,78.71,41.9
121,72.86,75.96,41.8
67,73.68,77.83,41.27
111,73,76.14,41.2
95,73.53,76.35,41.27
93,73.61,76.95,41.27
19,74.16,78.24,41.27
4,74.64,78.64,41.27
54,73.36,75.96,41.1
2,73.32,78.31,43.14
2,73.23,77.43,43.14
8,73.19,76.58,43.14
2,72.85,75.96,43.13
14,73.31,78.31,42.52
67,72.79,76.34,42.58
64,73.21,77.42,42.5
90,73.15,76.56,42.5
3,73.76,78.71,42.52
46,72.85,75.96,42.47
3,67.01,97.94,42.83
5,67.82,96.98,41.49
3,68.62,96.02,40.66
3,68.77,97.78,40.66
2,69.11,91.53,40.46
2,69.42,95.06,40.46
5,69.58,96.83,40.46
10,66.52,75.22,41.24
11,66.38,74.5,41.15
12,66.52,75.23,41.88
13,66.38,74.5,41.87
5,66.8,75.26,41.27
3,67,75.46,41.27
5,66.8,75.26,41.89
2,67,75.46,41.87
3,66.76,74.43,40.64
2,66.98,73.98,40.46
12,66.38,73.58,42.51
9,66.58,74.47,42.52
14,66.38,73.58,43.14
10,66.58,74.48,43.14
4,66.86,74.44,42.52
4,66.86,74.44,43.15
2,67.19,74.86,43.15
2,67.19,74.85,42.52
9,66.38,73.58,40.59
6,66.57,74.46,40.76
2,83.18,66.91,40.51
6,83.15,67.03,40.42
7,82.9,67.05,40.43
3,82.94,66.93,40.53
7,83.18,67.26,40.42
2,83.19,67.14,40.52
6,83.29,67.35,40.42
2,83.23,67.3,40.55
8,83.3,70.35,40.59
8,83.2,70.36,40.46
2,78.58,72.98,40.46
2,78.1,72.57,40.46
8,83.21,68.37,40.44
7,82.78,66.84,40.43
3,82.85,66.83,40.55
5,82.78,66.01,40.43
4,82.84,66.01,40.47
6,82.77,66.08,40.4
2,82.82,66.27,40.61
3,82.76,66.24,40.51
2,82.87,66.22,40.61
6,82.69,66.16,40.42
4,82.75,66.14,40.5
3,82.82,66.16,40.56
6,82.64,66.21,40.42
4,82.7,66.2,40.51
2,82.86,66.11,40.61
2,82.91,66.05,40.61
5,82.79,65.95,40.37
3,82.81,66.05,40.55
6,82.69,66.09,40.41
4,82.74,66.05,40.49
4,82.85,65.97,40.5
3,82.85,66,40.54
4,82.78,66.02,40.48
5,82.79,65.94,40.45
3,82.84,65.89,40.24
2,82.89,65.83,40.25
2,82.94,65.77,40.25
2,82.93,65.99,40.59
2,82.96,65.96,40.59
5,82.84,65.89,40.37
4,82.79,65.84,40.32
3,82.84,65.79,40.33
4,82.89,65.83,40.37
3,82.9,65.94,40.53
4,82.84,65.89,40.45
3,82.89,65.83,40.45
2,82.95,65.88,40.53
3,82.89,65.75,40.33
3,82.94,65.77,40.37
2,82.94,65.77,40.45
7,82.7,66.74,40.44
2,82.76,66.62,40.57
3,82.77,66.4,40.54
6,82.67,66.53,40.44
6,82.74,65.97,40.43
5,82.74,65.98,40.36
4,82.75,65.98,40.31
5,82.74,65.9,40.32
7,82.55,66.46,40.44
7,82.53,66.27,40.42
4,82.65,66.31,40.54
2,82.79,66.37,40.62
2,82.75,66.04,40.23
3,82.73,65.91,40.25
6,82.74,66.01,40.41
3,82.74,66.01,40.31
5,82.74,66.01,40.35
6,82.74,66.08,40.35
2,82.75,66.06,40.25
3,82.75,66.07,40.3
3,66.38,72.76,46.27
4,66.58,73.58,46.27
2,66.38,72.76,46.9
2,66.58,73.58,46.9
14,66.38,72.76,43.77
9,66.58,73.58,43.77
14,66.38,72.76,44.39
9,66.58,73.58,44.39
3,66.83,73.56,45.02
8,66.38,72.22,45.02
7,66.58,72.76,45.02
3,66.83,73.56,45.65
4,66.38,72.22,45.65
5,66.58,72.76,45.65
42,74.09,77.35,40.87
60,73.44,76.15,40.75
38,73.8,76.17,40.65
42,74,76.52,40.86
39,74.07,77.34,40.66
33,73.98,76.44,40.65
16,74.56,77.76,40.87
17,74.56,77.75,40.66
5,75.04,78.16,40.87
6,75.04,78.15,40.66
3,75.74,81.19,40.57
3,76.41,81.14,40.54
5,75.66,80.31,40.63
5,75.6,79.44,40.66
4,75.52,78.56,40.66
16,73.87,75.96,40.58
14,74.32,76.03,40.46
17,74.44,76.73,40.46
10,74.95,77.19,40.46
8,75.44,77.64,40.46
6,76.15,80.72,40.43
8,76.07,79.83,40.45
8,76,78.96,40.46
7,75.92,78.06,40.46
2,75.76,81.21,40.8
2,76.41,81.14,40.78
3,75.52,78.56,40.87
4,75.69,80.33,40.84
4,75.6,79.44,40.87
2,76.89,81.54,40.53
4,76.61,80.9,40.55
3,76.85,81.1,40.54
2,77.57,81.64,40.42
3,77.09,81.3,40.42
2,77.33,81.51,40.42
6,76.81,80.66,40.43
5,77.05,80.86,40.43
55,73.68,77.83,41.9
134,73,76.14,41.85
111,73.53,76.35,41.9
102,73.6,76.95,41.89
10,74.16,78.24,41.9
84,73.38,75.96,41.82
47,74.09,77.35,41.27
92,73.46,76.15,41.21
56,74.01,76.53,41.27
14,74.56,77.76,41.27
3,75.04,78.16,41.27
27,73.91,75.96,41.1
3,73.01,76.15,43.14
3,73.54,76.36,43.14
4,73.61,76.95,43.15
18,73.68,77.83,42.52
53,73,76.14,42.5
51,73.53,76.35,42.52
53,73.59,76.95,42.51
2,74.16,78.24,42.52
26,73.36,75.96,42.49
3,67.82,96.98,42.83
3,68.62,96.02,41.49
3,68.77,97.78,41.49
2,69.42,95.06,40.66
5,69.58,96.83,40.66
2,70.07,92.34,40.46
2,70.23,94.11,40.46
4,70.38,95.87,40.46
4,70.54,97.63,40.46
9,66.38,73.58,41.12
6,66.58,74.47,41.22
10,66.38,73.58,41.85
7,66.58,74.47,41.88
5,66.57,73.55,40.46
2,66.86,74.44,41.9
4,66.38,71.81,45.65
7,66.38,71.81,45.02
10,66.38,72.76,42.5
7,66.58,73.58,42.52
12,66.38,72.76,43.14
8,66.58,73.58,43.14
9,66.38,72.75,40.58
5,66.58,73.57,40.76
6,83.32,68.36,40.67
3,83.31,67.93,40.68
8,83.17,67.91,40.44
7,83.01,67.15,40.43
3,83.09,67.03,40.52
8,82.82,67.06,40.43
4,82.88,67.05,40.55
7,83.11,67.5,40.44
3,83.11,67.26,40.54
3,83.2,67.35,40.53
2,83.08,67.23,40.62
2,83.14,67.32,40.61
2,83.32,67.57,40.6
3,83.3,70.35,41.12
8,83.3,69.95,40.6
8,83.3,70.9,40.59
5,83.1,70.35,40.76
5,83.03,70.36,40.65
5,82.73,72.18,40.46
7,83.09,71.73,40.46
7,83.02,70.82,40.46
7,82.92,69.95,40.46
3,81.69,72.26,40.46
3,79.87,72.41,40.46
3,78.98,72.49,40.46
4,78.5,72.09,40.46
2,78.1,72.57,40.66
8,82.88,67.72,40.45
8,83.17,69.43,40.45
9,83.23,68.81,40.44
8,83.02,68.6,40.45
8,82.98,68.16,40.45
6,83.08,68.37,40.6
6,82.37,69.54,40.46
7,82.6,66.86,40.45
7,82.72,66.95,40.44
3,82.78,66.84,40.57
5,82.77,66.01,40.47
6,82.68,66.08,40.4
2,82.76,66.23,40.61
2,82.81,66.17,40.6
6,82.63,66.12,40.42
4,82.69,66.1,40.5
3,82.76,66.11,40.56
7,82.58,66.17,40.42
4,82.64,66.16,40.51
3,82.7,66.18,40.6
3,82.75,66.12,40.6
2,82.8,66.06,40.61
2,82.85,66,40.61
5,82.73,65.89,40.37
3,82.75,66,40.55
5,82.69,66.02,40.49
4,82.79,65.94,40.52
3,82.79,65.96,40.55
5,82.73,65.9,40.45
3,82.78,65.84,40.25
2,82.83,65.78,40.25
2,82.89,65.74,40.26
2,82.9,65.94,40.61
4,82.78,65.84,40.37
3,82.83,65.78,40.37
4,82.78,65.84,40.45
3,82.84,65.89,40.53
3,82.83,65.78,40.45
2,82.89,65.83,40.53
2,82.88,65.72,40.38
2,82.88,65.72,40.45
3,82.69,66.73,40.6
7,82.58,66.65,40.45
3,82.67,66.52,40.58
7,82.46,66.57,40.45
5,82.68,65.94,40.45
5,82.68,65.95,40.37
4,82.68,65.95,40.32
5,82.68,65.87,40.33
4,82.55,66.43,40.59
7,82.43,66.38,40.44
7,82.41,66.2,40.42
5,82.53,66.22,40.53
3,82.67,66.27,40.62
2,82.68,66,40.24
3,82.67,65.88,40.25
3,82.67,65.84,40.26
6,82.68,66,40.42
4,82.66,66.01,40.29
5,82.67,66.01,40.34
6,82.68,66.08,40.35
2,82.67,66.07,40.24
2,82.67,66.08,40.28
3,66.83,73.56,46.27
2,66.83,73.56,46.9
3,66.38,72.22,46.27
3,66.58,72.76,46.27
2,66.38,72.22,46.9
2,66.58,72.76,46.9
13,66.38,72.22,43.76
9,66.58,72.76,43.77
4,66.83,73.56,43.77
4,66.83,73.56,44.4
13,66.38,72.22,44.39
10,66.58,72.76,44.39
2,67.09,73.09,45.02
7,66.58,72.22,45.02
4,66.81,72.72,45.02
2,67.09,73.09,45.65
4,66.58,72.22,45.65
3,66.81,72.72,45.65
3,66.38,71.81,46.27
2,66.38,71.81,46.9
22,74.49,76.88,40.87
23,74.43,76.33,40.87
36,73.96,76.16,40.76
19,74.39,76.22,40.65
19,74.47,76.82,40.66
8,74.97,77.28,40.87
9,74.96,77.25,40.66
3,75.44,77.68,40.87
5,75.44,77.66,40.66
4,76.15,80.72,40.57
5,76.07,79.83,40.63
5,76,78.96,40.66
4,75.92,78.07,40.66
12,74.31,75.96,40.59
12,74.82,76.22,40.46
10,75.34,76.58,40.46
9,75.84,77.09,40.46
7,76.55,80.23,40.44
8,76.48,79.35,40.46
8,76.4,78.47,40.46
8,76.32,77.54,40.46
2,76.61,80.9,40.79
2,76.85,81.11,40.78
3,75.92,78.08,40.87
3,76.16,80.73,40.8
4,76.09,79.86,40.84
4,76,78.96,40.87
7,83.3,71.71,40.58
2,79.46,72.9,40.46
7,83.11,72.61,40.46
2,82.21,72.66,40.46
2,81.25,72.74,40.46
3,80.35,72.82,40.46
2,77.09,81.3,40.53
2,77.33,81.51,40.53
5,76.81,80.66,40.55
4,77.05,80.86,40.54
2,77.77,81.47,40.42
4,77.29,81.06,40.42
3,77.53,81.27,40.42
7,77.01,80.42,40.43
6,77.26,80.62,40.43
43,74.09,77.35,41.9
112,73.46,76.15,41.87
63,74.01,76.53,41.9
9,74.56,77.76,41.9
38,73.94,75.96,41.83
26,74.49,76.88,41.27
31,74.43,76.33,41.27
58,73.97,76.16,41.21
7,74.97,77.28,41.27
2,75.44,77.68,41.27
13,74.35,75.96,41.1
2,83.3,72.59,41.1
15,74.09,77.35,42.52
34,73.46,76.15,42.51
22,74.01,76.53,42.52
2,74.56,77.76,42.52
9,73.93,75.96,42.49
2,68.62,96.02,42.83
3,68.77,97.78,42.83
2,69.42,95.06,41.49
6,69.58,96.83,41.49
2,70.23,94.11,40.66
4,70.38,95.87,40.66
4,70.54,97.63,40.66
2,70.87,91.38,40.46
2,71.03,93.15,40.46
3,71.19,94.91,40.46
7,71.34,96.67,40.46
9,66.38,72.76,41.1
9,66.38,72.76,41.84
5,66.58,73.58,41.21
5,66.58,73.58,41.88
3,66.73,73.54,40.65
6,66.52,72.71,40.46
3,66.89,73.09,40.46
4,66.58,71.81,45.65
6,66.58,71.81,45.02
4,66.38,71.16,45.65
6,66.38,71.16,45.02
13,66.38,71.81,44.39
13,66.38,71.81,43.76
10,66.38,72.22,42.49
6,66.58,72.76,42.51
2,66.83,73.56,42.52
12,66.38,72.22,43.13
8,66.58,72.76,43.14
3,66.83,73.56,43.15
9,66.38,72.22,40.58
5,66.58,72.75,40.76
4,83.17,68.36,40.76
7,83.32,68.8,40.66
7,83.31,69.37,40.63
3,83.15,67.93,40.77
5,83.05,67.91,40.6
8,82.77,67.29,40.44
4,82.98,67.15,40.54
4,82.8,67.06,40.56
2,82.89,67.05,40.63
2,82.97,67.13,40.63
2,83.17,67.56,40.68
4,83.03,67.5,40.58
3,78.02,71.69,40.46
3,83.3,71.7,41.1
3,83.3,69.94,41.13
3,83.3,70.9,41.11
2,83.1,70.35,41.21
6,83.11,69.95,40.76
5,83.1,70.9,40.76
4,82.92,70.36,40.87
2,82.6,72.18,40.66
4,82.92,71.73,40.66
4,82.87,70.82,40.66
5,82.8,69.95,40.65
3,82.16,71.78,40.46
5,82.67,71.31,40.46
6,82.48,70.42,40.46
5,81.92,70.02,40.46
2,81.65,72.26,40.66
4,80.73,71.9,40.46
4,79.39,72.01,40.46
3,79.87,72.41,40.66
3,78.98,72.49,40.66
5,78.91,71.61,40.46
3,78.5,72.09,40.66
8,82.65,67.96,40.46
5,82.82,67.72,40.63
8,82.57,67.52,40.46
8,82.8,69.06,40.45
6,83.02,69.43,40.63
7,83.09,68.81,40.6
8,82.43,68.2,40.46
8,82.72,68.4,40.46
6,82.92,68.6,40.62
6,82.88,68.16,40.63
4,83,68.37,40.83
6,81.83,69.14,40.46
4,82.31,69.54,40.66
7,82.48,66.77,40.46
8,82.36,66.68,40.46
8,82.51,67.08,40.45
3,82.59,66.85,40.63
3,82.71,66.95,40.58
7,82.53,66.08,40.39
5,82.68,66,40.47
2,82.76,66.23,40.68
7,82.51,66.11,40.42
5,82.63,66.05,40.5
3,82.7,66.06,40.56
5,82.58,66.11,40.51
3,82.64,66.13,40.6
2,82.7,66.18,40.68
3,82.69,66.07,40.6
2,82.75,66.12,40.68
3,82.74,66.01,40.61
2,82.8,66.06,40.68
2,82.79,65.95,40.61
5,82.67,65.85,40.37
4,82.68,65.96,40.55
4,82.68,65.93,40.52
5,82.67,65.85,40.45
4,82.73,65.9,40.53
3,82.72,65.79,40.26
2,82.77,65.73,40.27
2,82.84,65.89,40.61
4,82.72,65.79,40.38
3,82.78,65.73,40.38
4,82.72,65.79,40.45
3,82.78,65.84,40.53
3,82.77,65.73,40.45
2,82.83,65.78,40.53
2,82.82,65.67,40.39
2,82.82,65.67,40.45
3,82.57,66.64,40.62
7,82.34,66.49,40.45
4,82.45,66.55,40.63
6,82.62,65.9,40.45
5,82.63,65.92,40.33
6,82.62,65.91,40.37
2,82.56,66.41,40.73
4,82.43,66.34,40.58
7,82.31,66.31,40.44
7,82.29,66.14,40.43
2,82.65,66.29,40.72
5,82.41,66.13,40.53
3,82.55,66.17,40.61
3,82.62,65.95,40.25
3,82.56,65.89,40.26
3,82.61,65.81,40.27
6,82.53,66,40.37
6,82.53,66.08,40.29
3,66.58,72.22,46.27
3,66.81,72.72,46.27
2,66.58,72.22,46.9
9,66.58,72.22,43.77
4,66.81,72.72,43.77
2,67.09,73.09,44.4
10,66.58,72.22,44.39
6,66.81,72.72,44.4
3,67.01,72.21,45.02
2,67.01,72.21,45.65
3,66.58,71.81,46.27
2,66.58,71.81,46.9
3,66.38,71.16,46.27
2,66.38,71.16,46.9
3,66.38,69.56,45.64
2,66.78,71.8,46.27
10,74.88,76.48,40.87
20,74.38,76.16,40.76
10,74.86,76.38,40.65
4,75.37,76.77,40.87
6,75.36,76.7,40.66
3,75.85,77.2,40.87
4,75.84,77.16,40.66
5,76.55,80.23,40.58
6,76.48,79.36,40.65
5,76.4,78.48,40.66
4,76.32,77.58,40.66
11,74.87,75.96,40.58
13,75.76,76.16,40.46
12,76.23,76.5,40.46
8,76.97,79.75,40.45
8,76.88,78.88,40.46
8,76.8,77.98,40.46
11,76.72,76.99,40.46
3,76.33,77.6,40.87
3,76.82,80.67,40.79
2,77.05,80.87,40.78
3,76.4,78.48,40.87
4,76.56,80.25,40.81
4,76.48,79.38,40.86
4,83.1,71.71,40.76
7,83.3,72.59,40.58
2,79.46,72.89,40.66
4,82.94,72.61,40.66
2,81.23,72.74,40.66
2,80.35,72.82,40.66
4,82.75,73.07,40.46
2,80.83,73.22,40.46
3,77.29,81.06,40.54
2,77.53,81.27,40.53
5,77.01,80.42,40.56
5,77.26,80.62,40.55
2,78.45,81.63,40.42
3,77.98,81.23,40.42
2,78.21,81.43,40.42
5,77.49,80.82,40.43
4,77.73,81.03,40.42
8,77.44,80.15,40.44
23,74.49,76.88,41.9
32,74.43,76.33,41.9
69,73.98,76.16,41.87
4,74.97,77.28,41.9
13,74.37,75.96,41.83
11,74.88,76.48,41.27
32,74.39,76.16,41.21
3,75.37,76.77,41.27
4,74.9,75.96,41.09
2,83.3,73.42,41.11
2,76.48,79.36,41.27
6,74.49,76.88,42.52
6,74.43,76.33,42.52
15,73.98,76.16,42.51
2,74.37,75.96,42.49
4,69.58,96.83,42.83
5,70.38,95.87,41.49
3,70.54,97.63,41.49
2,70.88,91.39,40.66
2,71.03,93.15,40.66
3,71.19,94.91,40.66
7,71.34,96.67,40.66
2,71.67,90.42,40.46
2,71.83,92.19,40.46
3,71.99,93.95,40.46
6,72.14,95.71,40.46
5,72.3,97.48,40.46
2,69.58,96.83,44.08
4,66.38,69.55,45.01
9,66.38,72.22,41.1
5,66.58,72.76,41.21
9,66.38,72.22,41.83
5,66.58,72.76,41.87
3,66.7,72.71,40.66
4,66.77,72.21,40.46
3,66.78,71.8,45.65
4,66.78,71.8,45.02
4,66.58,71.16,45.65
5,66.58,71.16,45.02
10,66.58,71.81,44.39
4,66.38,70.37,45.33
11,66.38,71.16,44.39
12,66.38,71.16,43.76
11,66.38,71.81,43.13
9,66.58,71.81,43.77
10,66.38,71.81,42.48
6,66.58,72.22,42.51
3,66.81,72.72,42.52
8,66.58,72.22,43.14
4,66.81,72.72,43.15
10,66.38,71.81,40.57
2,66.81,72.71,40.87
5,66.58,72.22,40.76
5,83.17,68.8,40.76
6,83.15,69.37,40.76
3,83.3,69.43,41.17
2,82.97,67.92,40.83
4,82.75,67.29,40.6
3,78.27,69.45,40.46
5,78.43,71.21,40.46
2,78.02,71.69,40.66
2,77.94,70.81,40.46
2,83.1,71.7,41.21
2,83.1,69.94,41.22
2,83.1,70.9,41.21
2,82.92,70.36,41.27
2,82.52,72.18,40.87
2,82.81,71.72,40.87
3,82.77,70.81,40.87
4,82.72,69.94,40.87
2,82.08,71.78,40.66
3,82.54,71.31,40.66
4,82.4,70.42,40.66
4,81.57,70.94,40.46
6,80.92,69.22,40.46
5,81.41,69.62,40.46
3,81.89,70.02,40.66
2,81.63,72.26,40.87
5,79.75,71.09,40.46
3,80.72,71.9,40.66
3,79.39,72.01,40.66
2,79.86,72.41,40.87
2,78.98,72.49,40.87
4,78.91,71.61,40.66
2,78.5,72.09,40.87
5,82.61,67.96,40.66
8,82.37,67.76,40.46
2,82.79,67.72,40.85
5,82.55,67.52,40.65
8,82.31,67.32,40.46
8,82.16,68,40.46
7,82.25,68.66,40.46
6,82.71,69.06,40.64
4,82.94,69.41,40.84
5,83.01,68.81,40.83
5,82.4,68.2,40.66
6,82.66,68.4,40.65
4,82.87,68.6,40.84
3,82.84,68.16,40.85
6,81.33,68.74,40.46
4,81.81,69.14,40.66
3,82.27,69.54,40.87
8,82.24,66.6,40.46
8,82.27,66.89,40.46
3,82.48,66.76,40.65
4,82.36,66.66,40.65
4,82.5,67.08,40.64
7,82.35,66.07,40.38
6,82.53,65.99,40.47
7,82.39,66.08,40.42
5,82.51,66.04,40.5
4,82.63,66.01,40.56
4,82.58,66.07,40.6
2,82.64,66.13,40.68
3,82.63,66.02,40.6
2,82.69,66.07,40.68
3,82.68,65.96,40.61
2,82.74,66.01,40.68
2,82.79,65.95,40.68
3,82.73,65.9,40.61
5,82.56,65.86,40.38
5,82.61,65.8,40.38
6,82.56,65.86,40.45
5,82.62,65.9,40.53
5,82.61,65.8,40.45
4,82.67,65.85,40.53
2,82.66,65.74,40.28
2,82.71,65.68,40.28
2,82.78,65.84,40.61
4,82.66,65.74,40.39
3,82.72,65.68,40.39
4,82.66,65.74,40.45
3,82.72,65.79,40.53
3,82.71,65.68,40.45
2,82.77,65.73,40.53
2,82.76,65.62,40.39
2,82.76,65.61,40.45
2,82.49,66.73,40.78
8,82.11,66.52,40.45
8,82.21,66.41,40.45
4,82.33,66.45,40.62
2,82.46,66.52,40.76
6,82.53,65.92,40.41
3,82.44,66.31,40.73
5,82.31,66.25,40.58
8,82.19,66.23,40.43
8,82.07,66.13,40.43
8,82.17,66.09,40.43
6,82.29,66.05,40.54
4,82.43,66.07,40.61
2,82.53,66.19,40.72
4,82.52,65.99,40.25
3,82.5,65.77,40.28
7,82.36,65.98,40.37
7,82.36,66.07,40.28
8,82.17,66.07,40.37
2,67.01,72.21,46.27
2,67.01,72.21,43.77
4,67.01,72.21,44.4
3,66.58,71.16,46.27
2,66.58,71.16,46.9
2,66.38,70.37,46.59
3,66.38,69.56,46.27
3,66.58,69.56,45.64
2,66.38,68.67,45.63
2,66.94,71.3,46.27
2,66.86,69.55,46.27
4,75.78,76.44,40.87
9,74.92,76.16,40.76
7,75.78,76.33,40.66
3,76.25,76.72,40.87
6,76.24,76.64,40.66
6,76.97,79.75,40.63
5,76.88,78.88,40.66
5,76.8,78,40.66
5,76.72,77.07,40.66
13,75.73,75.96,40.57
16,76.66,76.13,40.46
8,77.36,79.29,40.46
8,77.28,78.4,40.46
9,77.2,77.47,40.46
14,77.13,76.46,40.46
3,76.73,77.12,40.87
3,76.8,78,40.87
2,77.29,81.07,40.78
3,77.02,80.43,40.8
3,77.26,80.63,40.79
4,76.95,79.79,40.84
4,76.88,78.88,40.87
2,79.46,72.89,40.87
4,83.1,72.59,40.76
6,83.3,73.43,40.58
2,82.83,72.6,40.87
2,81.22,72.74,40.87
2,80.34,72.81,40.87
2,82.64,73.07,40.66
7,83.12,73.46,40.46
8,83.25,74.16,40.46
2,77.98,81.23,40.54
2,78.21,81.43,40.53
4,77.49,80.82,40.54
3,77.73,81.03,40.54
5,77.44,80.15,40.6
2,78.65,81.39,40.43
2,78.89,81.59,40.43
4,78.18,80.99,40.43
3,78.42,81.19,40.43
6,77.92,80.56,40.43
8,77.83,79.68,40.45
9,74.88,76.48,41.9
34,74.4,76.16,41.87
2,74.92,75.96,41.82
9,74.93,76.16,41.2
2,75.73,75.96,41.07
5,74.4,76.16,42.51
4,70.38,95.87,42.83
2,70.54,97.63,42.83
2,70.88,91.39,41.49
2,71.03,93.15,41.49
4,71.19,94.91,41.49
6,71.34,96.67,41.49
2,71.68,90.43,40.66
2,71.83,92.19,40.66
3,71.99,93.95,40.66
6,72.14,95.71,40.66
5,72.3,97.48,40.66
2,72.47,89.45,40.46
4,72.64,91.23,40.46
4,72.79,92.99,40.46
5,72.95,94.76,40.46
8,73.1,96.52,40.46
2,70.38,95.87,44.08
5,66.38,69.55,44.38
4,66.58,69.56,45.02
8,66.38,69.54,43.74
7,66.48,71.8,40.46
9,66.38,71.81,41.09
9,66.38,71.81,41.82
2,66.81,72.72,41.27
5,66.58,72.22,41.2
2,66.81,72.72,41.9
5,66.58,72.22,41.87
2,66.91,72.21,40.66
2,67.22,71.73,40.46
3,66.94,71.3,45.65
2,66.86,69.55,45.65
3,66.94,71.3,45.02
7,66.78,71.8,44.4
3,66.86,69.55,45.02
4,66.58,70.38,45.33
9,66.58,71.16,44.39
9,66.38,70.37,44.07
11,66.38,71.16,43.12
10,66.58,71.16,43.77
7,66.58,71.81,43.14
5,66.78,71.8,43.77
10,66.38,71.16,42.48
6,66.58,71.81,42.51
2,67.01,72.21,42.52
2,67.01,72.21,43.15
10,66.38,71.32,40.57
6,66.58,71.81,40.76
10,66.38,70.97,40.53
2,83.16,68.79,41.09
2,83.12,69.42,41.23
8,79.08,68.5,40.46
6,80.44,68.82,40.46
7,78.67,68.97,40.46
6,78.79,70.29,40.46
3,78.27,69.45,40.66
4,78.43,71.21,40.66
2,78.03,71.69,40.87
2,77.95,70.81,40.66
2,82.03,71.78,40.87
2,82.46,71.3,40.87
3,82.35,70.42,40.87
6,80.56,70.14,40.46
3,81.53,70.94,40.66
4,80.92,69.22,40.66
4,81.4,69.62,40.66
3,81.87,70.02,40.87
2,81.22,72.74,41.27
2,81.63,72.26,41.27
2,79.86,72.41,41.27
4,79.75,71.09,40.66
2,80.72,72,40.85
3,79.39,72.01,40.87
3,78.91,71.61,40.87
2,78.5,72.09,41.27
7,79.96,68.42,40.46
8,81.91,67.8,40.46
3,82.58,67.96,40.87
5,82.35,67.76,40.66
8,82.11,67.56,40.46
2,82.55,67.52,40.86
5,82.3,67.32,40.66
8,82.06,67.13,40.46
6,80.84,68.34,40.46
7,81.73,68.26,40.46
5,82.15,68,40.66
2,82.91,69.44,41.25
2,83,68.8,41.11
5,82.22,68.66,40.66
4,82.68,69.06,40.85
3,82.38,68.2,40.87
4,82.62,68.4,40.86
2,82.85,68.6,41.11
4,81.32,68.74,40.66
3,81.8,69.14,40.87
8,81.82,66.94,40.46
8,82.02,66.72,40.46
4,82.23,66.57,40.64
4,82.27,66.88,40.66
2,82.35,66.63,40.78
5,82.52,65.91,40.53
6,82.35,65.98,40.47
6,82.39,66,40.51
2,82.64,66.13,40.76
4,82.52,65.97,40.6
3,82.58,66.08,40.68
2,82.58,66.08,40.76
2,82.63,66.02,40.68
2,82.63,66.02,40.76
2,82.38,65.66,40.3
3,82.62,65.91,40.61
2,82.68,65.96,40.68
2,82.73,65.9,40.68
3,82.67,65.85,40.61
5,82.5,65.76,40.44
4,82.56,65.86,40.61
3,82.61,65.8,40.61
5,82.56,65.86,40.53
4,82.61,65.8,40.53
2,82.59,65.63,40.3
2,82.72,65.79,40.61
3,82.6,65.64,40.44
2,82.66,65.74,40.61
2,82.71,65.68,40.61
3,82.66,65.74,40.53
2,82.71,65.68,40.53
4,78.6,68.1,40.46
5,82.11,66.47,40.64
8,82,66.44,40.45
8,82.1,66.33,40.44
5,82.21,66.36,40.61
3,82.34,66.42,40.76
6,82.4,65.86,40.43
3,82.32,66.21,40.73
8,82.08,66.19,40.43
6,82.19,66.16,40.57
7,82.07,66.03,40.55
8,81.95,66.1,40.43
6,82.17,65.99,40.54
7,82.17,65.96,40.48
5,82.31,65.97,40.61
3,82.41,66.09,40.72
8,81.96,66.07,40.37
6,82.17,66.07,40.28
5,82.39,65.93,40.27
7,82.17,65.96,40.38
4,82.28,65.82,40.28
2,66.58,70.38,46.59
2,66.38,69.56,46.9
3,66.58,69.56,46.27
2,66.38,68.67,46.26
2,66.58,68.68,45.64
2,66.86,69.55,46.9
2,67.15,69.09,46.27
6,75.76,76.16,40.75
4,76.67,76.42,40.87
8,76.67,76.3,40.66
5,77.36,79.29,40.66
5,77.28,78.4,40.66
5,77.21,77.5,40.66
7,77.13,76.59,40.66
15,76.65,75.96,40.57
8,77.76,78.8,40.46
9,77.68,77.9,40.46
17,77.51,76.1,40.46
11,77.6,76.93,40.46
3,77.13,76.67,40.87
3,77.21,77.53,40.87
3,77.28,78.41,40.87
2,77.49,80.83,40.78
2,77.73,81.03,40.78
3,77.43,80.19,40.82
4,77.36,79.29,40.87
5,83.3,73.95,40.59
3,83.1,73.43,40.76
5,83.3,74.16,40.6
3,82.96,73.45,40.65
3,83.07,74.14,40.65
4,82.82,73.95,40.46
7,83.12,74.4,40.46
2,78.65,81.39,40.54
3,78.18,80.99,40.55
2,78.42,81.19,40.55
4,77.92,80.56,40.56
5,77.83,79.68,40.63
2,79.34,81.55,40.43
3,78.86,81.15,40.43
2,79.1,81.35,40.43
5,78.38,80.75,40.43
4,78.61,80.95,40.43
7,78.32,80.08,40.44
8,78.24,79.2,40.46
7,74.94,76.16,41.87
2,75.75,76.16,41.19
2,76.63,75.96,41.07
2,83.3,74.35,40.96
2,70.88,91.39,42.83
2,71.03,93.15,42.83
4,71.19,94.91,42.83
4,71.34,96.67,42.83
3,71.68,90.43,41.49
3,71.83,92.19,41.49
4,71.99,93.95,41.49
7,72.14,95.71,41.49
3,72.3,97.47,41.49
2,72.48,89.47,40.66
4,72.64,91.23,40.66
4,72.79,93,40.66
6,72.95,94.76,40.66
8,73.1,96.52,40.66
3,74.07,97.33,40.46
2,73.44,90.27,40.46
5,73.6,92.04,40.46
7,73.75,93.8,40.46
8,73.91,95.56,40.46
2,70.88,91.39,44.08
2,71.03,93.15,44.08
3,71.19,94.91,44.08
2,71.34,96.67,44.08
4,66.58,69.56,44.39
2,66.38,68.65,44.36
10,66.38,69.54,43.1
6,66.58,69.56,43.76
5,66.38,68.63,43.72
5,66.67,71.8,40.66
9,66.45,70.9,40.46
6,66.69,71.32,40.46
9,66.38,71.32,41.07
5,66.58,71.81,41.2
10,66.38,70.91,41.01
9,66.38,71.15,41.8
5,66.58,71.81,41.87
2,67.32,71.73,40.66
2,68.14,71.21,40.46
2,67.15,69.09,45.65
2,67.31,70.4,45.33
4,66.94,71.3,44.4
3,66.86,69.55,44.4
11,66.38,70.37,42.79
8,66.58,70.37,44.08
8,66.58,71.16,43.14
4,66.94,71.3,43.77
4,66.78,71.8,43.15
7,66.58,71.16,42.5
3,66.78,71.8,42.52
4,66.86,69.55,43.77
7,66.58,71.32,40.75
3,66.78,71.8,40.87
8,66.58,70.97,40.72
8,79.48,68.03,40.46
8,79.6,69.33,40.46
7,79.08,68.49,40.66
4,80.44,68.81,40.66
6,78.68,68.97,40.66
5,78.79,70.29,40.66
3,78.27,69.45,40.87
3,78.43,71.21,40.87
2,77.95,70.81,40.87
2,82.03,71.78,41.27
2,81.61,70.93,40.85
4,80.56,70.13,40.66
3,80.92,69.22,40.87
3,81.39,69.62,40.87
2,79.39,72.01,41.27
3,79.61,71.25,40.84
2,78.91,71.61,41.27
2,80.71,71.89,41.56
5,79.96,68.41,40.66
7,80.36,67.95,40.46
8,81.58,66.76,40.46
8,81.42,67.41,40.46
8,81.62,67.17,40.46
8,81.66,67.6,40.46
5,81.9,67.8,40.66
3,82.34,67.76,40.87
5,82.1,67.56,40.66
8,81.86,67.36,40.46
2,82.3,67.32,40.87
5,82.06,67.12,40.66
7,81.24,67.86,40.46
4,80.84,68.34,40.66
5,81.72,68.26,40.66
3,82.14,68,40.87
3,82.2,68.66,40.87
2,82.62,68.4,41.11
3,81.32,68.74,40.87
5,81.82,66.93,40.66
8,81.78,66.55,40.46
5,82.02,66.69,40.66
3,82.24,66.54,40.78
2,82.26,66.88,40.87
6,82.28,65.78,40.45
5,82.4,65.9,40.61
5,82.4,65.85,40.55
3,82.52,65.97,40.72
2,82.26,65.59,40.32
4,82.38,65.66,40.45
4,82.5,65.75,40.57
2,82.62,65.85,40.72
3,82.48,65.58,40.46
2,82.6,65.63,40.56
2,78.2,68.57,40.87
4,78.6,68.09,40.66
7,79,67.64,40.46
8,81.34,66.6,40.46
2,82.23,66.55,40.88
2,82.34,66.43,40.88
3,82.12,66.44,40.77
5,81.99,66.38,40.63
8,81.74,66.14,40.43
8,81.88,66.36,40.45
8,81.98,66.26,40.44
6,82.1,66.27,40.6
3,82.22,66.32,40.75
2,82.12,66.45,40.88
2,82.22,66.33,40.88
8,81.54,66.39,40.45
2,82.32,66.21,40.88
2,82.42,66.09,40.88
7,82.18,65.86,40.44
8,81.84,66.07,40.39
4,82.2,66.11,40.72
6,82.08,66.1,40.56
8,81.96,65.96,40.48
6,82.07,65.96,40.62
8,81.84,66.07,40.43
7,81.95,66,40.54
6,82.18,65.9,40.62
7,82.17,65.86,40.55
4,82.29,65.99,40.72
7,81.96,65.96,40.38
4,81.96,66.07,40.27
5,82.18,65.95,40.28
3,82.16,65.69,40.31
8,81.75,66.06,40.32
2,66.58,69.56,46.9
2,66.38,68.68,46.89
2,66.58,68.69,46.27
2,66.84,68.68,46.27
6,76.65,76.16,40.75
5,77.76,78.81,40.66
5,77.68,77.92,40.66
9,77.51,76.28,40.66
6,77.61,77,40.66
15,77.47,75.96,40.58
9,78.16,78.32,40.46
10,78.09,77.4,40.46
15,78.01,76.37,40.46
4,77.51,76.39,40.87
3,77.61,77.05,40.87
2,78.17,80.99,40.79
3,77.68,77.93,40.87
4,77.76,78.81,40.87
3,77.85,79.7,40.85
2,77.91,80.58,40.8
2,83.1,73.93,40.76
2,83.1,74.14,40.76
5,83.3,74.44,40.6
2,82.97,74.38,40.65
2,82.88,74.63,40.45
2,78.86,81.15,40.55
2,79.1,81.35,40.55
3,78.38,80.75,40.57
3,78.61,80.95,40.56
5,78.32,80.08,40.6
5,78.24,79.2,40.65
3,79.53,81.31,40.44
2,79.77,81.51,40.44
4,79.06,80.91,40.44
4,79.3,81.11,40.44
8,78.64,78.73,40.46
8,78.73,79.6,40.45
6,78.8,80.48,40.44
2,77.46,75.96,41.08
2,83.33,75.6,40.95
3,71.68,90.43,42.83
4,71.83,92.19,42.83
5,71.99,93.95,42.83
6,72.14,95.71,42.83
3,72.48,89.47,41.49
5,72.64,91.23,41.49
5,72.79,93,41.49
7,72.95,94.76,41.49
6,73.1,96.52,41.49
3,74.06,97.32,40.66
3,73.44,90.27,40.66
5,73.6,92.04,40.66
7,73.75,93.8,40.66
8,73.91,95.56,40.66
2,74.88,96.37,40.46
2,74.4,91.08,40.46
4,74.56,92.84,40.46
7,74.71,94.61,40.46
3,71.83,92.19,44.08
3,71.99,93.95,44.08
3,72.14,95.71,44.08
2,66.58,68.68,44.38
11,66.38,69.4,40.53
11,66.38,69.54,42.45
9,66.58,69.56,43.13
9,66.38,68.63,43.08
4,66.58,68.67,43.75
7,66.64,70.91,40.66
4,66.85,71.33,40.66
7,67.09,70.39,40.46
10,66.57,69.53,40.46
3,66.84,68.68,43.77
11,66.38,69.55,41.77
11,66.38,69.57,40.99
6,66.58,71.32,41.19
3,66.78,71.8,41.27
7,66.58,70.91,41.14
11,66.38,70.37,41.3
6,66.58,71.16,41.86
3,66.78,71.8,41.9
2,68.19,71.21,40.66
8,66.58,70.37,42.82
3,66.94,71.3,43.15
2,67.31,70.4,44.08
3,66.94,71.3,42.52
5,66.86,69.55,43.15
2,67.15,69.09,43.77
6,66.76,70.93,40.85
4,66.95,71.33,40.87
6,79.48,68.02,40.66
8,79.88,67.56,40.46
5,79.59,69.33,40.66
5,79.08,68.49,40.87
3,80.44,68.81,40.87
5,78.68,68.97,40.87
3,78.27,69.45,41.27
4,78.69,70.3,40.85
2,78.43,71.21,41.27
3,80.69,69.98,40.84
2,79.76,71.08,41.54
2,78.27,69.45,41.9
8,80.94,67.04,40.46
8,81.14,66.81,40.46
8,81.18,67.22,40.46
8,81.38,66.99,40.46
7,80.76,67.48,40.46
3,79.96,68.41,40.87
4,80.36,67.94,40.66
5,81.58,66.73,40.66
5,81.42,67.4,40.66
5,81.62,67.16,40.66
5,81.66,67.6,40.66
3,81.9,67.8,40.87
3,82.1,67.56,40.87
5,81.86,67.36,40.66
3,82.06,67.12,40.87
4,81.24,67.86,40.66
3,80.84,68.34,40.87
3,81.72,68.26,40.87
2,82.14,68,41.11
3,81.82,66.92,40.87
5,81.78,66.51,40.65
3,82.03,66.68,40.86
6,82.16,65.68,40.46
6,82.28,65.77,40.57
4,82.4,65.87,40.72
2,82.52,65.97,40.88
2,82.25,65.52,40.33
4,82.26,65.6,40.46
4,82.38,65.65,40.56
3,82.5,65.75,40.72
2,82.48,65.53,40.56
2,78.2,68.57,41.27
4,78.6,68.09,40.87
6,79,67.62,40.66
8,79.4,67.19,40.46
8,81.11,66.44,40.45
6,81.34,66.55,40.66
8,81.75,65.96,40.43
9,81.49,66.11,40.43
9,81.31,66.24,40.44
4,82,66.34,40.77
7,81.74,66.03,40.56
6,81.88,66.29,40.62
8,81.75,66.25,40.44
6,81.98,66.18,40.59
4,82.1,66.22,40.75
3,82,66.35,40.88
2,82.12,66.45,41.04
3,82.1,66.23,40.88
6,81.54,66.32,40.63
3,82.2,66.11,40.88
3,82.3,65.99,40.88
7,81.96,65.86,40.44
7,82.06,65.79,40.45
8,81.84,65.96,40.5
8,81.96,65.86,40.55
5,82.08,66.01,40.72
7,81.96,65.91,40.63
7,81.84,65.96,40.54
7,82.06,65.79,40.57
5,82.18,65.89,40.72
2,78.92,66.84,40.46
4,81.84,66.07,40.26
4,81.96,65.96,40.28
7,81.84,65.96,40.37
4,82.06,65.85,40.29
3,82.04,65.62,40.32
9,81.47,66.06,40.33
6,81.74,65.98,40.28
2,66.58,68.69,46.9
2,66.84,68.68,46.9
7,77.47,76.16,40.76
5,78.16,78.33,40.66
5,78.09,77.43,40.66
8,78.01,76.51,40.66
16,78,75.96,40.58
9,78.56,77.83,40.46
17,78.42,76.08,40.46
12,78.49,76.86,40.46
4,78.01,76.59,40.87
3,78.09,77.45,40.87
2,78.37,80.75,40.8
3,78.16,78.33,40.87
3,78.24,79.22,40.86
3,78.31,80.1,40.83
2,83.11,74.42,40.76
4,83.3,74.85,40.62
6,83.12,74.87,40.44
3,83.33,75.59,40.78
5,83.34,75.46,40.6
6,83.32,75.11,40.58
7,83.25,75.03,40.43
2,79.53,81.31,40.58
3,79.06,80.91,40.58
2,79.3,81.11,40.58
5,78.64,78.73,40.66
5,78.73,79.6,40.64
4,78.8,80.48,40.59
4,79.73,81.07,40.44
3,79.97,81.28,40.44
6,79.26,80.67,40.44
5,79.5,80.87,40.44
9,79.04,78.25,40.46
8,79.12,79.13,40.46
8,79.2,80,40.45
2,78,75.96,41.09
2,83.31,75.71,40.97
4,72.64,91.23,42.83
6,72.79,93,42.83
6,72.95,94.76,42.83
2,73.1,96.52,42.83
3,73.44,90.28,41.49
6,73.6,92.04,41.49
8,73.75,93.8,41.49
7,73.9,95.56,41.49
2,74.87,96.37,40.66
2,74.4,91.08,40.66
5,74.55,92.84,40.66
7,74.71,94.6,40.66
3,72.79,93,44.08
2,72.95,94.76,44.08
11,66.58,69.41,40.72
8,66.38,68.66,40.57
9,66.58,69.56,42.49
10,66.38,68.63,42.43
7,66.58,68.67,43.12
4,66.37,67.67,43.03
2,66.55,67.77,43.73
6,67.22,70.4,40.66
9,66.75,69.54,40.66
8,66.54,68.65,40.46
8,66.91,69.08,40.46
3,67.95,69.46,40.46
10,66.38,68.65,41.75
5,66.84,68.68,43.15
10,66.58,69.56,41.85
6,66.86,69.55,42.52
10,66.38,68.66,41.04
10,66.58,69.58,41.13
4,66.94,71.29,41.27
3,66.94,71.3,41.9
9,66.58,70.37,41.42
4,67.15,69.09,43.15
3,67.31,70.4,42.83
8,66.88,69.49,40.85
5,67.29,70.43,40.83
8,80.7,66.86,40.46
8,80.91,66.65,40.46
8,80.28,67.11,40.46
5,79.48,68.01,40.87
6,79.88,67.54,40.66
4,79.08,68.49,41.27
4,79.59,69.23,40.85
4,78.68,68.97,41.27
2,78.8,70.29,41.56
2,78.68,68.97,41.9
5,80.94,67.01,40.66
5,81.14,66.78,40.66
5,81.18,67.2,40.66
5,81.38,66.97,40.66
5,80.76,67.46,40.66
2,79.96,68.41,41.27
3,80.36,67.93,40.87
3,81.58,66.72,40.87
3,81.42,67.4,40.87
3,81.62,67.16,40.87
3,81.66,67.6,40.87
2,81.9,67.8,41.11
3,81.86,67.36,40.87
3,81.24,67.86,40.87
4,81.79,66.47,40.86
2,82.04,65.54,40.34
6,82.04,65.62,40.47
6,82.16,65.67,40.56
4,82.28,65.77,40.72
2,82.4,65.87,40.88
4,82.26,65.55,40.56
3,82.38,65.65,40.72
2,82.5,65.75,40.88
2,82.36,65.44,40.58
2,82.48,65.53,40.72
9,79.8,66.76,40.46
3,78.6,68.09,41.27
5,79,67.61,40.87
7,79.4,67.15,40.66
8,80.46,66.7,40.46
9,80.66,66.49,40.45
9,80.87,66.27,40.44
6,81.11,66.36,40.64
4,81.34,66.51,40.86
9,81.07,66.12,40.44
8,81.47,65.95,40.45
8,81.74,65.87,40.5
8,81.49,66,40.56
7,81.31,66.14,40.6
7,81.74,65.93,40.64
5,81.88,66.24,40.76
7,81.75,66.16,40.59
5,81.98,66.12,40.74
4,81.88,66.25,40.88
2,82,66.35,41.04
4,81.98,66.13,40.88
2,82.1,66.23,41.04
5,81.55,66.27,40.84
4,82.08,66.01,40.88
2,82.2,66.11,41.04
2,82.3,65.99,41.04
4,82.18,65.89,40.88
7,81.84,65.81,40.45
7,81.94,65.7,40.46
8,81.84,65.8,40.56
6,81.96,65.91,40.72
7,81.84,65.87,40.63
7,81.94,65.69,40.56
6,82.06,65.79,40.72
2,78.92,66.77,40.65
3,79.32,66.42,40.45
6,81.08,65.92,40.47
7,81.08,66.05,40.34
4,81.84,65.88,40.29
3,81.94,65.72,40.3
7,81.51,65.89,40.3
7,78,76.16,40.76
5,78.57,77.84,40.66
9,78.42,76.25,40.65
6,78.49,76.93,40.66
15,78.41,75.96,40.59
10,78.97,77.33,40.46
16,78.89,76.32,40.46
4,78.42,76.37,40.87
3,78.49,76.97,40.87
2,79.05,80.92,40.81
3,78.57,77.85,40.87
2,78.79,80.5,40.82
3,78.64,78.73,40.87
3,78.71,79.62,40.85
2,83.12,74.81,40.76
3,83.32,75.72,40.78
5,83.34,75.68,40.6
5,83.34,75.59,40.61
2,83,74.84,40.6
2,82.82,75.08,40.44
2,83.22,75.5,40.84
4,83.32,75.3,40.7
8,83.34,75.43,40.46
3,83.24,75.39,40.67
3,83.17,75.06,40.69
9,83.33,75.2,40.45
3,83.13,75,40.57
9,83.25,75.14,40.43
3,79.73,81.07,40.58
2,79.97,81.28,40.58
4,79.26,80.67,40.59
3,79.5,80.87,40.59
5,79.04,78.25,40.66
5,79.12,79.13,40.66
5,79.2,80,40.63
2,80.21,81.48,40.43
2,80.89,81.64,40.43
5,79.94,80.84,40.44
5,80.18,81.04,40.44
7,79.68,80.41,40.45
10,79.45,77.76,40.46
9,79.52,78.65,40.46
8,79.6,79.53,40.46
8,83.3,75.42,40.41
2,78.4,75.96,41.11
4,73.6,92.04,42.83
5,73.75,93.8,42.83
3,73.9,95.56,42.83
2,74.4,91.08,41.49
5,74.55,92.84,41.49
5,74.71,94.6,41.49
2,75.51,93.65,40.66
4,66.37,67.73,41.74
3,66.37,67.77,41.06
9,66.57,68.67,40.75
9,66.58,68.67,42.49
4,66.37,67.69,42.39
4,66.55,67.77,43.1
2,66.52,67.18,43.09
8,66.72,68.66,40.65
7,67.06,69.09,40.66
2,68.03,69.46,40.66
4,66.85,68.2,40.46
4,67.38,68.62,40.46
2,66.52,67.78,40.45
3,67.09,68.21,43.15
7,66.84,68.68,42.52
9,66.58,68.68,41.84
2,67.55,68.61,43.15
5,67.15,69.09,42.52
8,66.86,69.55,41.9
9,66.58,68.68,41.18
8,66.86,69.56,41.24
5,67.31,70.39,41.54
7,66.83,68.67,40.86
7,67.15,69.09,40.87
2,67.91,69.32,40.84
5,80.7,66.82,40.66
6,80.91,66.59,40.65
6,80.28,67.07,40.66
2,79.08,68.49,41.9
3,79.48,68.01,41.27
4,79.88,67.53,40.87
2,79.6,69.34,41.56
4,80.94,67,40.87
4,81.14,66.76,40.87
3,81.18,67.2,40.87
3,81.38,66.96,40.87
3,80.76,67.45,40.87
2,80.36,67.93,41.27
2,81.58,66.72,41.11
2,81.42,67.4,41.11
2,81.62,67.16,41.11
2,81.66,67.6,41.11
2,81.78,66.48,41.11
6,82.04,65.57,40.56
4,82.14,65.46,40.58
5,82.16,65.67,40.72
3,82.28,65.77,40.88
4,82.26,65.55,40.72
2,82.38,65.65,40.88
2,82.24,65.35,40.6
2,82.36,65.43,40.72
2,78.6,68.09,41.9
9,80.21,66.36,40.45
7,79.8,66.69,40.65
4,79,67.61,41.27
6,79.4,67.13,40.87
6,80.46,66.63,40.65
6,80.66,66.4,40.63
9,80.62,66.14,40.44
7,80.87,66.16,40.6
5,81.1,66.31,40.85
3,81.34,66.52,41.11
8,81.07,66,40.58
5,81.08,65.79,40.57
8,81.51,65.79,40.53
7,81.55,65.9,40.64
6,81.31,66.07,40.82
5,81.75,66.03,40.81
3,81.88,66.25,41.04
2,81.88,66.25,41.19
3,81.98,66.13,41.04
2,81.98,66.13,41.19
3,81.55,66.28,41.11
5,81.96,65.91,40.88
3,82.08,66.01,41.04
2,82.08,66.01,41.19
2,82.18,65.89,41.04
5,82.06,65.79,40.88
2,82.18,65.89,41.19
7,81.71,65.62,40.56
6,81.84,65.81,40.88
6,81.84,65.81,40.72
5,81.94,65.69,40.88
6,81.94,65.69,40.72
2,78.92,66.71,40.86
3,79.33,66.33,40.62
9,80.39,66.08,40.44
6,80.65,66.05,40.35
8,80.17,65.9,40.52
9,80.17,66.05,40.37
7,79.7,66.16,40.44
4,80.83,66.04,40.31
2,81.08,65.92,40.32
4,80.83,65.89,40.47
3,81.71,65.63,40.33
2,81.26,65.73,40.35
7,78.41,76.16,40.76
5,78.97,77.36,40.66
8,78.89,76.45,40.65
15,78.89,75.96,40.6
17,79.31,76.05,40.46
13,79.37,76.78,40.46
4,78.89,76.54,40.87
3,78.97,77.37,40.87
2,79.74,81.08,40.82
2,79.25,80.68,40.82
2,79.5,80.88,40.82
3,79.04,78.25,40.87
3,79.12,79.13,40.87
3,79.19,80.03,40.85
2,83.21,75.61,40.84
2,83.2,75.72,40.79
5,83.31,75.72,40.61
8,83.34,75.57,40.47
8,83.34,75.67,40.47
4,83.25,75.59,40.67
4,83.25,75.51,40.68
2,83.08,75.72,40.82
6,83.09,75.26,40.43
2,83.18,75.23,40.79
7,83.34,75.3,40.48
2,83.16,75.34,40.71
5,83.25,75.37,40.55
6,83.23,75.16,40.55
5,83.16,75.1,40.54
7,83.3,75.72,40.46
4,79.94,80.84,40.59
3,80.18,81.04,40.59
5,79.68,80.41,40.62
5,79.45,77.77,40.66
5,79.52,78.65,40.66
5,79.6,79.53,40.66
5,83.22,75.37,40.5
2,81.33,81.6,40.42
4,80.41,81.24,40.44
3,80.65,81.44,40.43
3,81.09,81.4,40.43
7,80.14,80.59,40.44
6,80.38,80.8,40.44
8,80.08,79.93,40.46
11,79.85,77.26,40.46
9,79.92,78.17,40.46
9,80,79.05,40.46
9,83.24,75.55,40.41
9,83.31,75.68,40.41
7,83.05,75.42,40.42
2,78.89,75.96,41.13
2,79.66,80.19,41.11
2,79.9,80.4,41.11
2,79.42,79.99,41.11
2,74.55,92.84,42.83
5,66.56,67.79,41.84
4,66.55,67.8,41.19
2,66.54,67.79,40.74
3,66.78,67.8,43.15
5,66.55,67.77,42.47
2,66.54,67.05,42.49
3,66.52,67.18,42.44
4,67,68.21,40.65
4,67.49,68.61,40.66
2,66.68,67.79,40.62
4,67.1,68.21,42.52
8,66.84,68.68,41.9
3,67.55,68.61,42.52
6,67.15,69.09,41.9
8,66.84,68.68,41.27
7,67.15,69.09,41.27
2,68.08,69.46,41.54
4,67.08,68.2,40.86
3,67.55,68.61,40.87
4,80.7,66.79,40.87
4,80.9,66.55,40.86
4,80.28,67.05,40.87
2,79.48,68.01,41.9
3,79.88,67.53,41.27
2,80.94,67,41.11
2,81.14,66.76,41.11
2,81.18,67.2,41.11
2,81.38,66.96,41.11
2,80.76,67.45,41.27
5,81.91,65.4,40.6
6,82.04,65.57,40.72
4,82.14,65.45,40.72
5,82.04,65.57,40.88
3,82.14,65.45,40.88
4,82.16,65.67,40.88
2,82.28,65.77,41.04
3,82.26,65.55,40.88
2,82.24,65.33,40.72
2,79,67.61,41.9
8,80.21,66.26,40.61
6,79.8,66.64,40.86
4,79.4,67.13,41.27
5,80.47,66.59,40.86
5,80.67,66.35,40.84
5,80.65,65.89,40.51
8,80.62,66.02,40.58
6,80.87,66.1,40.82
4,81.11,66.32,41.11
2,81.34,66.52,41.43
3,80.86,65.7,40.61
7,81.07,65.87,40.8
6,81.28,65.67,40.57
4,81.31,66.08,41.11
7,81.51,65.83,40.8
2,81.55,66.28,41.43
4,81.75,66.04,41.11
6,81.5,65.45,40.6
6,81.71,65.6,40.8
4,81.95,65.8,41.11
3,81.68,65.28,40.64
2,78.92,66.73,41.27
7,80.39,65.95,40.57
6,79.71,66.04,40.59
3,79.32,66.24,40.83
6,80.18,65.78,40.67
7,80.36,66.04,40.33
6,80.36,65.88,40.49
4,80.62,65.92,40.34
2,79.7,66.04,40.34
3,79.7,65.89,40.5
2,80.83,65.82,40.36
7,78.89,76.16,40.76
10,79.31,76.23,40.65
6,79.37,76.85,40.66
16,79.3,75.96,40.6
17,79.76,76.26,40.46
5,79.31,76.34,40.87
3,79.37,76.89,40.87
3,79.45,77.77,40.87
3,79.94,80.84,40.82
2,80.17,81.04,40.82
3,79.67,80.43,40.84
3,79.52,78.65,40.87
4,79.6,79.54,40.87
4,83.22,75.63,40.68
2,83.04,75.72,40.83
4,83.17,75.72,40.62
5,83.26,75.5,40.55
2,83.17,75.55,40.71
6,83.26,75.59,40.54
2,83.12,75.46,40.72
3,83.11,75.11,40.62
3,83.03,75.23,40.54
5,83.24,75.26,40.56
3,83.17,75.34,40.6
6,83.21,75.64,40.54
7,83.16,75.73,40.47
3,80.41,81.24,40.58
2,80.65,81.44,40.56
2,81.09,81.4,40.54
5,80.14,80.59,40.6
4,80.38,80.8,40.59
6,80.08,79.93,40.64
6,79.85,77.28,40.66
5,79.92,78.17,40.66
6,80,79.06,40.66
6,83.17,75.49,40.49
7,83.23,75.61,40.5
3,82.99,75.38,40.52
2,82.22,75.85,40.47
3,81.53,81.36,40.42
5,80.61,81,40.44
4,80.85,81.2,40.43
4,81.29,81.16,40.43
8,80.55,80.33,40.44
9,80.48,79.45,40.46
15,80.25,76.64,40.46
10,80.33,77.68,40.46
9,80.4,78.57,40.46
9,83.14,75.67,40.41
4,82.91,75.56,40.42
2,79.3,75.96,41.14
2,80.14,80.6,41.11
2,80.38,80.8,41.11
2,79.86,79.96,41.11
2,80.1,80.16,41.11
4,66.79,67.8,41.89
3,66.79,67.8,41.27
4,66.79,67.8,42.52
2,66.67,67.21,42.5
5,67.1,68.21,41.9
4,67.55,68.61,41.9
4,67.09,68.21,41.27
3,67.55,68.61,41.27
3,80.7,66.79,41.11
3,80.9,66.55,41.11
2,79.88,67.53,41.9
3,80.28,67.05,41.27
2,80.94,67,41.43
2,81.14,66.76,41.43
4,81.91,65.36,40.81
2,82.15,65.56,41.11
2,79.4,67.13,41.9
6,80.21,66.15,40.83
4,79.8,66.65,41.27
4,80.46,66.59,41.11
4,80.66,66.35,41.11
6,80.63,65.89,40.8
5,80.87,66.11,41.11
3,81.11,66.32,41.43
4,81.03,65.56,40.64
5,80.83,65.67,40.81
6,81.07,65.88,41.11
6,81.27,65.64,40.8
4,81.31,66.08,41.43
5,81.51,65.84,41.11
2,81.75,66.04,41.43
5,81.47,65.4,40.8
5,81.71,65.6,41.11
2,81.95,65.8,41.43
3,81.67,65.17,40.82
2,79.32,66.25,41.27
6,80.36,65.72,40.61
6,80.39,65.71,40.8
4,80.59,65.49,40.83
3,79.72,65.77,40.78
5,80.39,65.85,40.36
18,82.18,75.92,40.46
7,79.3,76.16,40.76
9,79.76,76.4,40.65
16,79.84,75.96,40.6
4,82.23,75.86,40.72
4,79.76,76.49,40.87
3,79.85,77.29,40.87
2,80.42,81.24,40.81
4,79.92,78.17,40.87
3,80.14,80.6,40.83
3,80.38,80.8,40.82
4,80,79.06,40.87
4,80.08,79.94,40.86
2,83.08,75.63,40.68
2,83.04,75.76,40.79
3,83.05,75.76,40.63
3,83.12,75.46,40.6
4,83.17,75.55,40.59
2,83.03,75.28,40.62
4,83.08,75.65,40.55
6,83.06,75.77,40.48
3,81.53,81.36,40.53
4,80.61,81,40.57
3,80.85,81.2,40.55
4,81.29,81.16,40.54
6,80.55,80.33,40.61
6,80.48,79.45,40.66
7,80.25,76.73,40.66
6,80.33,77.69,40.66
6,80.4,78.58,40.66
4,83.07,75.6,40.49
2,81.77,81.56,40.42
2,82,81.69,40.42
3,82.29,76.02,40.42
6,81.49,80.92,40.43
5,81.73,81.12,40.43
6,81.03,80.73,40.43
9,80.95,79.85,40.45
10,80.88,78.98,40.46
17,80.66,76.21,40.46
12,80.72,77.18,40.46
10,80.8,78.09,40.46
7,82.99,75.76,40.41
2,79.84,75.96,41.14
2,80.34,80.36,41.11
2,80.58,80.56,41.11
2,80.06,79.72,41.11
2,80.3,79.92,41.11
3,80.46,66.59,41.43
3,80.66,66.35,41.43
2,80.7,66.79,41.43
2,80.9,66.55,41.43
3,81.91,65.36,41.11
2,79.8,66.65,41.9
5,80.21,66.17,41.27
6,80.63,65.91,41.11
4,80.87,66.11,41.43
2,81.11,66.32,41.74
3,81.31,66.08,41.74
5,80.83,65.67,41.11
4,81.04,65.45,40.82
5,81.07,65.88,41.43
6,81.27,65.64,41.11
4,81.51,65.84,41.43
2,81.24,65.21,40.84
5,81.47,65.4,41.11
3,81.71,65.6,41.43
2,81.67,65.16,41.11
2,80.8,65.27,40.87
5,80.39,65.71,41.11
4,80.59,65.47,41.11
2,79.73,65.75,41.25
3,80.58,65.43,40.68
2,80.18,65.41,40.85
14,82.19,75.92,40.7
18,82.06,75.92,40.46
11,82.26,76,40.54
8,79.85,76.16,40.76
16,80.64,75.96,40.6
18,81.87,75.93,40.58
4,80.25,76.79,40.87
2,81.53,81.36,40.78
4,80.33,77.7,40.87
3,80.62,81,40.81
2,80.86,81.2,40.79
2,81.29,81.16,40.78
4,80.4,78.58,40.87
4,80.48,79.46,40.87
4,80.57,80.35,40.83
2,83.05,75.86,40.73
2,83.02,75.55,40.59
3,82.98,75.73,40.55
6,83.06,75.86,40.47
2,81.77,81.56,40.53
4,82.35,76.08,40.51
5,81.49,80.92,40.55
4,81.73,81.12,40.54
5,81.03,80.73,40.56
7,80.95,79.85,40.62
6,80.88,78.98,40.66
10,80.67,76.35,40.65
6,80.73,77.2,40.66
6,80.8,78.1,40.66
3,82.93,75.72,40.5
4,81.97,81.32,40.42
3,82.21,81.52,40.42
19,81.88,75.97,40.43
9,82.11,76.03,40.42
7,81.7,80.68,40.43
7,81.94,80.88,40.43
9,81.44,80.25,40.43
10,81.36,79.37,40.45
10,81.28,78.5,40.46
16,81.11,76.59,40.46
11,81.2,77.6,40.46
3,82.86,75.93,40.42
3,80.64,75.96,41.15
3,82.2,75.93,41.07
2,80.82,80.76,41.11
2,80.54,80.12,41.11
2,80.78,80.32,41.11
2,80.48,79.46,41.27
2,80.68,66.57,41.9
2,81.91,65.36,41.43
2,80.21,66.17,41.9
4,80.39,65.71,41.43
5,80.63,65.91,41.43
3,80.87,66.11,41.74
2,80.87,66.11,42.05
3,80.59,65.47,41.43
3,81.07,65.88,41.74
3,81.51,65.84,41.74
4,80.83,65.67,41.43
4,81.03,65.43,41.11
4,81.27,65.64,41.43
2,81.71,65.6,41.74
2,81.23,65.2,41.11
3,81.47,65.4,41.43
2,81.07,65.88,42.05
2,80.79,65.23,41.11
2,82.45,81.72,40.42
7,82.29,76.03,40.76
14,82.02,75.93,40.71
5,82.35,76.09,40.59
15,82.13,76.01,40.55
8,80.65,76.16,40.76
17,81.44,75.95,40.63
14,81.93,76.06,40.67
5,80.67,76.45,40.87
4,80.73,77.22,40.87
3,81.5,80.92,40.79
3,81.74,81.12,40.78
4,80.81,78.1,40.87
4,81.04,80.74,40.8
4,80.88,78.98,40.87
5,80.97,79.88,40.84
3,83.22,75.93,40.7
3,82.98,75.9,40.54
6,83.22,75.92,40.46
4,83.46,75.93,40.77
7,83.47,75.93,40.55
7,83.62,75.94,40.54
4,83.61,75.94,40.75
3,81.97,81.32,40.53
2,82.21,81.52,40.53
16,81.94,76.08,40.54
8,82.16,76.1,40.53
6,81.7,80.68,40.55
5,81.94,80.88,40.54
7,81.44,80.25,40.57
7,81.36,79.37,40.64
6,81.28,78.5,40.66
9,81.12,76.68,40.66
6,81.21,77.61,40.66
5,82.18,81.08,40.43
4,82.42,81.28,40.42
14,82.14,76.18,40.43
18,81.49,76.18,40.45
2,82.9,76.32,40.43
6,82.4,76.36,40.43
8,81.9,80.44,40.43
8,82.14,80.64,40.43
10,81.84,79.77,40.44
10,81.76,78.9,40.46
11,81.69,78.02,40.46
14,81.6,77.1,40.46
4,83.11,76.16,40.43
5,83.15,76.02,40.42
8,83.48,75.96,40.43
8,83.59,76.01,40.44
2,83.16,76.5,40.44
8,83.76,75.95,40.52
2,80.64,76.16,41.22
4,81.42,75.95,40.99
3,81.99,75.94,41.06
2,81.49,80.92,41.11
2,81.02,80.52,41.11
2,81.26,80.72,41.12
2,80.96,79.86,41.27
2,80.88,78.98,41.27
2,83.6,75.94,40.95
2,80.61,65.69,41.9
3,81.27,65.64,41.74
3,81.03,65.43,41.43
2,81.47,65.4,41.74
2,81.23,65.2,41.43
3,82.65,81.48,40.42
2,82.89,81.68,40.42
3,82.39,76.12,40.76
11,82.11,76.05,40.79
10,82.19,76.12,40.61
11,81.97,76.15,40.7
10,81.49,76.12,40.76
5,81.13,76.73,40.87
4,81.21,77.62,40.87
2,81.97,81.32,40.78
4,81.7,80.68,40.79
4,81.94,80.88,40.79
4,81.28,78.5,40.87
5,81.36,79.4,40.85
5,81.44,80.27,40.8
2,83.15,76.03,40.76
4,83.15,76.01,40.54
3,83.42,76.05,40.65
3,83.58,76.08,40.65
4,83.72,75.95,40.77
6,83.78,75.95,40.67
5,82.18,81.08,40.54
4,82.42,81.28,40.53
12,82.18,76.24,40.56
13,81.53,76.31,40.62
5,82.42,76.39,40.56
7,81.9,80.44,40.56
7,82.14,80.64,40.55
8,81.84,79.77,40.6
7,81.76,78.9,40.66
7,81.69,78.02,40.66
7,81.6,77.12,40.66
2,83.06,76.21,40.55
3,83.1,76.09,40.53
5,83.43,76.07,40.54
5,83.55,76.13,40.58
4,83.73,76.11,40.66
7,82.38,80.84,40.43
6,82.62,81.04,40.43
16,81.97,76.6,40.45
2,82.67,76.58,40.44
2,82.92,76.78,40.45
10,82.32,80.17,40.44
10,82.24,79.29,40.45
11,82.16,78.42,40.46
13,82.09,77.53,40.46
6,83.38,76.2,40.44
8,83.7,76.07,40.45
2,83.38,76.7,40.46
9,83.79,75.97,40.45
8,83.9,75.96,40.49
8,83.81,76.11,40.46
3,81.47,76.12,41.06
2,82.07,76.06,41.09
2,81.69,80.63,41.34
2,81.7,80.68,41.11
2,81.93,80.87,41.09
2,81.93,80.77,41.27
2,81.44,80.25,41.26
2,81.36,79.38,41.27
2,81.28,78.5,41.27
2,83.74,75.96,40.93
2,83.58,81.85,40.42
3,83.34,81.65,40.42
3,82.65,81.48,40.53
2,82.89,81.68,40.53
5,82.86,81.24,40.42
4,83.1,81.44,40.42
8,82.2,76.23,40.79
7,81.58,76.36,40.84
4,82.44,76.4,40.8
4,81.61,77.14,40.87
4,81.69,78.02,40.87
3,82.18,81.08,40.78
2,82.41,81.28,40.78
5,81.9,80.44,40.8
5,82.14,80.64,40.79
5,81.76,78.9,40.87
6,81.84,79.8,40.83
2,83.07,76.11,40.6
2,83.39,76.15,40.71
2,83.51,76.21,40.73
6,83.92,75.96,40.65
2,83.72,76.24,40.76
2,83.74,76.13,40.78
6,82.38,80.84,40.54
5,82.62,81.04,40.54
11,81.99,76.65,40.62
2,82.67,76.6,40.59
2,82.91,76.8,40.62
8,82.32,80.17,40.57
7,82.24,79.29,40.64
7,82.16,78.42,40.66
7,82.09,77.54,40.66
3,83.34,76.28,40.59
4,83.67,76.21,40.62
5,83.75,76.13,40.61
4,83.87,76.14,40.66
4,83.78,76.26,40.65
8,82.8,80.58,40.43
10,82.49,77.05,40.45
2,83.16,76.98,40.46
10,82.72,79.69,40.45
11,82.64,78.82,40.46
12,82.57,77.94,40.46
3,83.4,77.19,40.46
5,83.6,76.39,40.46
3,83.6,76.92,40.46
7,83.81,76.23,40.46
9,83.91,76.02,40.46
2,82.17,81.07,41.06
2,81.89,80.42,41.4
3,81.9,80.44,41.11
2,82.14,80.64,41.11
2,82.11,80.59,41.33
3,81.84,79.78,41.27
2,81.76,78.9,41.27
2,81.69,78.02,41.27
3,83.91,75.96,40.91
2,83.58,81.85,40.54
2,83.34,81.65,40.53
5,83.76,81.38,40.43
2,82.65,81.49,40.78
4,82.86,81.24,40.54
3,83.1,81.44,40.53
7,83.28,80.98,40.43
6,82.02,76.63,40.84
5,82.09,77.54,40.87
5,82.16,78.42,40.87
4,82.38,80.84,40.79
3,82.62,81.04,40.78
6,82.24,79.32,40.85
6,82.32,80.19,40.81
7,84.1,75.96,40.61
2,83.83,76.29,40.78
2,83.89,76.15,40.79
7,82.8,80.58,40.56
7,82.49,77.07,40.64
8,82.72,79.69,40.61
7,82.64,78.82,40.66
7,82.57,77.94,40.66
2,83.39,77.2,40.66
2,83.57,76.48,40.65
3,83.78,76.35,40.65
4,83.88,76.19,40.64
10,83.2,80.1,40.44
8,82.97,77.45,40.46
11,83.12,79.22,40.46
11,83.05,78.34,40.46
4,83.63,77.39,40.46
5,83.81,76.64,40.46
4,83.83,77.14,40.46
9,84.11,76.01,40.46
7,84.01,76.29,40.46
2,82.38,80.83,41.09
2,82.62,81.03,41.06
3,82.3,80.18,41.26
2,82.24,79.3,41.27
2,82.16,78.42,41.27
3,84.1,75.96,40.88
2,83.33,81.65,40.78
4,83.76,81.38,40.55
3,84.24,81.79,40.43
8,84.16,80.9,40.44
3,82.86,81.25,40.78
2,83.09,81.45,40.78
6,83.28,80.98,40.55
9,83.68,80.5,40.44
4,82.49,77.04,40.85
4,82.57,77.94,40.87
5,82.64,78.83,40.87
6,82.72,79.72,40.83
5,82.79,80.59,40.8
7,84.22,75.96,40.6
3,84.08,76.16,40.77
8,84.31,75.96,40.6
8,83.2,80.1,40.59
5,82.97,77.46,40.66
7,83.12,79.22,40.65
7,83.04,78.35,40.66
2,83.63,77.4,40.66
2,83.8,76.69,40.66
2,83.83,77.16,40.66
4,84.09,76.19,40.65
3,84,76.41,40.65
10,83.61,79.62,40.45
10,83.52,78.75,40.46
9,83.45,77.86,40.46
6,83.87,77.6,40.46
5,84.04,76.87,40.46
5,84.07,77.35,40.46
9,84.22,76.1,40.46
9,84.32,76,40.46
7,84.24,76.57,40.46
2,82.78,80.65,41.47
2,82.86,81.23,41.05
3,82.81,80.56,41.2
3,82.71,79.72,41.28
2,82.64,78.82,41.27
4,84.22,75.96,40.87
4,84.31,75.96,40.87
2,84.31,75.96,41.1
3,83.75,81.39,40.79
3,84.24,81.79,40.56
6,84.16,80.9,40.58
2,84.73,82.19,40.44
6,84.65,81.31,40.44
9,84.57,80.42,40.45
4,83.27,80.99,40.79
7,83.68,80.5,40.59
10,84.08,80.02,40.45
3,82.97,77.47,40.87
4,83.04,78.35,40.87
6,83.12,79.24,40.86
6,83.19,80.12,40.82
4,84.21,76.16,40.76
8,84.43,75.96,40.61
4,84.31,76.16,40.76
8,84.62,75.96,40.62
8,83.61,79.62,40.64
7,83.52,78.75,40.66
5,83.45,77.87,40.66
3,83.87,77.6,40.66
2,84.03,76.91,40.66
3,84.07,77.36,40.66
4,84.21,76.26,40.65
5,84.31,76.18,40.65
3,84.23,76.64,40.66
10,84,79.15,40.46
10,83.93,78.27,40.46
8,84.11,77.8,40.46
6,84.27,77.09,40.46
7,84.31,77.56,40.46
8,84.43,76.24,40.46
7,84.47,76.82,40.46
10,84.62,76.04,40.46
2,83.27,81.01,41.41
2,83.31,80.94,41.17
3,83.18,80.11,41.28
3,83.12,79.23,41.27
2,83.04,78.35,41.27
2,84.21,76.16,40.97
3,84.43,75.96,40.98
2,84.31,76.16,40.97
4,84.62,75.96,40.99
9,84.97,79.95,40.46
2,83.8,81.34,41.18
2,84.23,81.79,40.8
5,84.15,80.92,40.81
2,84.73,82.19,40.58
5,84.65,81.31,40.6
7,84.57,80.42,40.62
4,85.13,81.71,40.45
8,85.05,80.83,40.45
6,83.67,80.52,40.81
8,84.08,80.02,40.63
10,84.48,79.55,40.46
2,83.87,77.61,40.87
3,83.45,77.87,40.87
5,83.52,78.75,40.87
6,83.59,79.64,40.85
2,84.3,76.31,40.87
4,84.42,76.16,40.76
9,84.84,75.96,40.63
5,84.62,76.16,40.77
7,84,79.15,40.66
6,83.93,78.27,40.66
4,84.11,77.81,40.66
3,84.27,77.12,40.66
4,84.31,77.56,40.66
4,84.43,76.37,40.65
3,84.47,76.86,40.66
5,84.63,76.22,40.65
10,84.41,78.67,40.46
9,84.35,78.01,40.46
7,84.51,77.31,40.46
8,84.55,77.76,40.46
8,84.66,76.51,40.46
7,84.7,77.04,40.46
9,84.84,76.18,40.46
3,83.58,69.28,40.57
3,83.68,80.49,41.26
3,83.6,79.63,41.27
2,83.52,78.75,41.27
2,84.42,76.16,41.06
4,84.85,75.96,41.01
2,84.62,76.16,41.07
7,84.96,79.95,40.65
9,85.38,79.48,40.46
8,85.46,80.35,40.46
3,84.17,80.9,41.26
4,84.62,81.31,40.82
6,84.55,80.44,40.84
3,85.13,81.71,40.63
6,85.05,80.83,40.64
3,85.62,82.11,40.46
6,85.54,81.23,40.46
6,84.07,80.04,40.84
7,84.48,79.55,40.65
9,84.89,79.07,40.46
2,84.11,77.81,40.87
4,83.93,78.27,40.87
5,84,79.15,40.87
2,84.31,77.57,40.87
2,84.43,76.46,40.87
2,84.47,76.89,40.87
9,85.03,75.96,40.64
3,84.63,76.33,40.87
5,84.86,76.15,40.77
6,84.4,78.67,40.66
5,84.35,78.01,40.66
4,84.51,77.32,40.66
5,84.55,77.77,40.66
4,84.67,76.6,40.66
4,84.71,77.07,40.66
5,84.86,76.33,40.65
9,84.81,78.19,40.46
8,84.75,77.52,40.46
8,84.89,76.76,40.46
8,84.94,77.26,40.46
10,85.03,76.01,40.46
9,85.07,76.44,40.46
2,83.58,69.86,42.46
2,83.58,70.76,42.46
2,83.58,71.71,42.47
2,83.58,69.31,41.81
2,83.58,69.3,41.07
2,83.58,73.26,40.57
2,83.58,72.57,40.57
3,83.58,71.72,40.57
3,83.58,70.76,40.57
3,83.58,69.85,40.57
2,83.75,72.56,40.46
3,83.72,71.69,40.46
4,83.69,70.74,40.46
4,83.66,69.84,40.46
3,83.78,69.3,40.75
3,84.82,68.64,40.46
2,85.04,68.4,40.46
3,84.26,68.89,40.46
4,83.87,69.37,40.46
2,87.15,67.91,41.33
4,87.05,68.23,40.46
4,85.79,68.56,40.46
2,86.55,68.27,40.46
2,86.01,68.32,40.46
5,86.87,68.47,40.46
3,84.08,80.03,41.27
3,84,79.15,41.27
4,85.04,75.96,41.02
2,84.86,76.16,41.07
5,84.95,79.95,40.86
6,85.37,79.47,40.66
6,85.45,80.35,40.66
6,85.97,80.76,40.46
9,85.8,79,40.46
8,85.89,79.88,40.46
2,84.63,81.31,41.27
3,84.56,80.43,41.27
3,85.1,81.72,40.84
5,85.02,80.84,40.85
2,85.61,82.12,40.65
5,85.52,81.23,40.66
2,86.14,82.52,40.46
4,86.06,81.64,40.46
5,84.48,79.56,40.86
6,84.89,79.07,40.66
9,85.3,78.6,40.46
3,84.35,78.01,40.87
4,84.4,78.67,40.87
2,84.51,77.33,40.87
3,84.55,77.77,40.87
2,84.67,76.65,40.87
2,84.71,77.09,40.87
10,85.23,75.96,40.64
5,85.05,76.15,40.78
3,84.87,76.43,40.87
9,85.34,75.96,40.8
10,85.39,75.96,40.54
10,85.48,75.95,40.73
6,84.81,78.19,40.66
5,84.75,77.53,40.66
4,84.9,76.82,40.66
5,84.95,77.28,40.66
6,85.06,76.2,40.66
5,85.1,76.54,40.66
9,85.21,77.71,40.46
8,85.14,77,40.46
9,85.31,76.71,40.46
10,85.23,76.13,40.46
10,85.4,76,40.46
2,83.58,71.71,41.78
2,83.58,70.76,41.78
2,83.58,69.85,41.78
2,83.58,70.27,42.46
2,83.58,71.17,42.46
2,83.78,70.75,42.5
2,83.78,69.31,41.86
2,83.58,72.56,41.04
3,83.58,71.71,41.05
3,83.58,70.76,41.05
3,83.58,69.85,41.05
2,83.78,69.31,41.19
3,83.58,71.17,40.57
2,83.78,71.71,40.75
3,83.58,70.26,40.57
3,83.78,70.75,40.75
3,83.78,69.85,40.75
2,83.9,71.67,40.66
3,83.87,70.74,40.66
3,83.84,69.84,40.66
3,83.97,71.16,40.46
3,83.92,70.26,40.46
2,84.86,68.65,40.87
2,85.05,68.41,40.66
3,84.84,68.65,40.66
3,84.41,68.91,40.87
3,84.35,68.9,40.66
3,84.11,69.4,40.87
3,84.02,69.38,40.65
4,85.33,68.82,40.46
4,84.89,69.3,40.46
3,84.39,69.78,40.46
2,86.97,67.99,41.42
4,86.87,68.25,40.66
2,87.16,68.11,41.22
3,87.15,68.2,40.57
2,87.16,68.31,41.27
2,84.86,68.65,41.11
3,86.75,68.27,40.87
3,86.45,68.28,40.66
2,85.96,68.33,40.66
3,85.76,68.57,40.66
4,86.71,68.49,40.66
5,86.34,68.74,40.46
5,87.06,68.66,40.46
3,84.48,79.55,41.27
2,84.4,78.67,41.27
2,84.35,78.01,41.11
2,84.55,77.77,41.11
5,85.24,75.96,41.03
2,85.06,76.16,41.08
2,84.87,76.43,41.11
5,85.49,75.94,41.06
8,86.25,78.55,40.46
5,86.56,81.16,40.46
3,84.96,79.95,41.27
5,85.36,79.47,40.87
5,85.44,80.35,40.87
5,85.94,80.76,40.66
6,85.78,79,40.66
6,85.86,79.88,40.66
7,86.49,80.28,40.46
8,86.37,79.41,40.46
2,85.11,81.71,41.27
3,85.04,80.83,41.27
2,85.58,82.12,40.86
4,85.51,81.24,40.87
2,86.1,82.52,40.66
3,86.02,81.64,40.66
2,86.72,82.92,40.46
3,86.62,82.03,40.46
3,87.15,82.92,40.58
2,87.15,83.81,40.61
5,84.88,79.07,40.87
6,85.29,78.59,40.66
9,85.71,78.13,40.46
3,84.75,77.53,40.87
4,84.81,78.19,40.87
3,84.91,76.85,40.87
3,84.95,77.29,40.87
4,85.08,76.32,40.87
6,85.28,76.15,40.77
3,85.11,76.61,40.87
5,85.38,76.15,40.88
7,85.45,76.15,40.71
10,85.6,75.95,40.59
7,85.53,76.12,40.82
5,85.21,77.71,40.66
5,85.14,77.03,40.66
5,85.34,76.77,40.66
6,85.28,76.3,40.66
7,85.48,76.19,40.65
8,85.6,77.21,40.46
9,85.48,76.4,40.46
6,86.65,75.53,40.42
7,86.95,75.64,40.42
10,85.64,76.15,40.45
2,83.58,71.17,41.78
2,83.78,71.69,41.85
2,83.58,70.27,41.78
2,83.78,70.75,41.85
2,83.78,69.86,41.85
2,83.78,70.27,42.5
5,87,75.72,40.65
3,86.63,75.37,40.43
7,87.11,75.5,40.43
3,83.58,71.17,41.05
2,83.78,71.69,41.18
3,83.58,70.27,41.05
3,83.78,70.75,41.19
3,83.78,69.85,41.19
2,84.41,68.91,41.27
2,84.11,69.4,41.27
3,83.78,71.16,40.75
2,83.99,70.74,40.87
3,83.78,70.26,40.75
3,83.96,69.85,40.87
3,84.07,70.26,40.66
3,85.32,68.83,40.87
3,85.32,68.83,40.66
2,84.92,69.31,40.87
3,84.9,69.31,40.66
2,84.51,69.79,40.87
2,84.46,69.79,40.66
4,85.86,69.22,40.46
3,85.41,69.7,40.46
2,86.98,68.2,41.34
3,86.95,68.24,40.76
5,87.15,68.64,40.57
3,87.15,68.16,40.88
3,87.16,68.58,41.19
2,87,68.41,41.4
2,86.78,68.26,41.43
2,85.32,68.83,41.27
2,86.76,68.26,41.11
3,85.74,68.57,40.87
2,86.38,68.29,40.87
2,85.94,68.33,40.87
4,86.62,68.5,40.87
4,86.88,68.68,40.66
4,86.25,68.75,40.66
5,86.85,69.13,40.46
3,84.88,79.07,41.27
7,85.82,75.93,41.07
2,84.81,78.19,41.27
2,84.75,77.53,41.11
2,84.91,76.85,41.11
2,84.95,77.29,41.11
2,85.08,76.32,41.11
3,85.27,76.15,41.08
2,85.11,76.61,41.11
3,85.53,76.09,41.09
2,87.03,83.33,40.46
8,86.71,78.14,40.45
7,87.15,78.17,40.65
6,86.2,78.53,40.66
8,86.8,78.97,40.46
7,87.15,78.96,40.62
4,86.96,81.56,40.46
4,87.15,81.55,40.57
6,86.92,80.7,40.46
5,87.15,80.67,40.58
4,86.46,81.16,40.66
3,85.44,80.35,41.27
3,85.36,79.47,41.27
4,85.92,80.76,40.87
5,85.76,78.99,40.87
5,85.84,79.88,40.87
5,86.4,80.28,40.66
6,86.29,79.4,40.66
7,86.87,79.81,40.46
6,87.15,79.86,40.61
2,85.52,81.23,41.27
3,85.99,81.64,40.87
3,86.99,82.4,40.46
2,86.6,82.92,40.65
3,86.51,82.03,40.66
2,86.95,82.91,40.76
3,87.15,82.37,40.57
2,87.15,83.33,40.58
3,87.16,82.92,40.93
2,87.16,83.76,40.96
2,87.16,84.2,40.66
5,85.28,78.59,40.87
6,85.7,78.12,40.66
8,86.13,77.66,40.46
4,85.21,77.71,40.87
3,85.15,77.05,40.87
3,85.35,76.81,40.87
4,85.31,76.4,40.87
4,85.47,76.34,40.93
4,85.56,76.26,40.91
5,85.52,76.31,40.81
10,85.83,75.93,40.66
8,85.68,76.11,40.72
4,85.99,75.84,40.66
5,85.61,77.22,40.66
6,85.52,76.51,40.65
3,86.59,75.48,40.53
6,86.86,75.55,40.52
7,85.71,76.28,40.63
9,85.96,76.7,40.45
11,85.84,76.01,40.44
4,86.65,75.79,40.42
4,86.8,75.81,40.66
2,83.78,71.16,41.85
2,83.78,70.27,41.85
2,83.96,69.85,41.9
4,86.89,75.61,40.73
5,87.18,75.51,40.65
2,86.58,75.33,40.56
6,86.99,75.4,40.55
6,86.83,75,40.44
2,83.78,71.16,41.19
2,83.99,70.74,41.27
3,83.78,70.26,41.19
2,83.96,69.85,41.27
2,84.92,69.31,41.27
2,84.16,70.26,40.87
2,85.8,69.23,40.87
3,85.82,69.23,40.66
2,85.4,69.71,40.66
4,86.43,69.61,40.46
3,85.95,70.09,40.46
4,86.95,68.67,40.76
3,86.96,68.22,41.02
4,87.15,69.14,40.56
4,87.15,68.62,40.86
2,87.17,68.83,41.27
2,87.17,68.61,41.4
2,86.38,68.29,41.11
2,85.74,68.57,41.11
3,87.01,68.65,41.33
2,86.62,68.49,41.42
2,86.89,68.47,41.5
3,86.62,68.49,41.12
3,86.2,68.75,40.87
4,86.77,68.7,40.87
4,87.1,69.54,40.46
4,86.7,69.15,40.66
2,87.76,68.61,40.56
2,85.28,78.59,41.27
5,85.9,76.04,41.1
2,85.21,77.71,41.27
2,85.15,77.05,41.11
2,85.35,76.81,41.11
2,85.32,76.39,41.12
3,85.55,76.24,41.12
8,86.94,77.69,40.44
6,87.16,77.84,40.64
7,87.15,78.52,40.64
5,86.61,78.08,40.64
7,87.02,78.55,40.46
5,86.97,78.09,40.77
5,87.15,78.1,41.18
5,86.17,78.52,40.87
7,87.08,79.38,40.46
6,86.67,78.94,40.66
6,86.96,78.94,40.77
7,87.15,79.37,40.62
6,87.17,78.9,40.99
4,86.8,81.56,40.65
4,86.95,81.55,40.75
4,87.16,81.56,41.03
5,86.77,80.7,40.65
5,86.95,80.67,40.76
5,87.16,80.7,41.03
3,86.39,81.16,40.87
3,85.92,80.76,41.27
3,85.84,79.88,41.27
3,85.76,78.99,41.27
4,86.34,80.28,40.87
5,86.24,79.4,40.87
6,86.73,79.8,40.66
6,86.96,79.86,40.77
5,87.16,79.84,40.99
2,87.18,79.76,41.84
2,85.99,81.64,41.27
2,86.83,82.4,40.65
2,86.44,82.04,40.87
3,86.95,82.36,40.75
2,86.95,83.32,40.76
2,86.98,82.91,41.08
3,87.16,82.41,41.05
2,87.16,83.32,41.05
2,88.72,67.42,40.86
2,88.53,67.66,40.83
2,88.62,67.65,40.7
2,88.14,68.14,40.8
2,88.34,67.9,40.81
2,87.94,68.38,40.8
2,88.07,68.59,40.61
4,85.69,78.11,40.87
5,86.1,77.65,40.65
8,86.5,77.2,40.45
2,86.57,75.48,40.61
3,86.8,75.49,40.76
4,85.61,77.23,40.87
4,85.55,76.57,40.87
5,85.77,76.34,40.85
9,85.92,76.06,40.75
3,86.1,75.86,40.74
6,85.99,76.74,40.63
9,85.93,76.13,40.58
3,86.6,75.8,40.5
3,86.18,75.85,40.53
8,86.36,76.21,40.43
3,86.7,75.79,40.73
4,86.79,75.91,40.74
4,87.05,75.42,40.73
5,87.17,75.05,40.65
3,86.9,75.36,40.78
3,86.74,74.94,40.59
7,87.05,74.62,40.45
2,86.3,74.55,40.45
2,84.16,70.26,41.27
2,86.28,69.63,40.87
2,86.34,69.62,40.66
4,86.91,69.98,40.46
3,86.55,70.46,40.46
2,86.04,70.95,40.46
3,86.96,69.16,40.75
4,86.97,68.67,41.02
2,87.02,68.88,41.41
4,87.15,69.54,40.56
2,87.22,68.78,41.44
3,87.16,69.12,41.01
2,87.07,68.63,41.57
2,87.04,68.7,41.53
2,86.62,68.49,41.74
2,86.2,68.75,41.27
2,86.82,68.7,41.44
3,86.79,68.7,41.12
3,86.91,69.57,40.66
3,86.61,69.16,40.87
2,87.78,68.63,40.8
2,87.94,68.79,40.6
2,87.7,68.84,40.57
2,85.69,78.11,41.27
4,85.96,76.18,41.11
2,85.61,77.23,41.27
2,85.55,76.57,41.11
3,85.75,76.33,41.11
5,86.84,77.62,40.6
8,87.05,77.43,40.44
5,87.01,77.72,40.75
6,87.24,77.62,40.65
4,87.16,77.81,41.21
5,87.16,78.46,41.18
4,86.55,78.03,40.86
6,86.86,78.49,40.65
6,86.96,78.47,40.78
3,86.96,78.06,41.23
2,87.15,78.06,41.93
2,86.17,78.52,41.27
5,86.59,78.92,40.87
6,86.9,79.36,40.65
2,87.18,79.66,41.78
6,86.96,79.35,40.77
4,87,78.89,41.09
5,87.18,79.28,41.13
3,86.7,81.56,40.87
3,86.99,81.56,41.19
3,87.21,81.55,41.44
5,87.17,80.14,41.16
4,86.67,80.69,40.87
4,87.2,80.68,41.44
4,86.99,80.71,41.18
3,86.42,81.16,41.29
3,86.33,80.28,41.27
3,86.24,79.4,41.27
5,86.64,79.79,40.87
4,87,79.84,41.12
2,87.08,79.78,41.87
2,87.19,79.89,41.73
2,86.72,82.4,40.87
2,86.47,82.04,41.29
2,86.99,82.41,41.2
2,88.75,67.42,41.11
2,88.88,67.63,40.91
2,88.54,67.66,41.11
2,88.74,67.85,40.89
2,88.95,67.19,41.11
2,88.92,67.63,40.74
2,88.81,67.86,40.74
2,89.14,66.94,41.11
2,88.14,68.14,41.11
2,88.37,68.34,40.83
2,88.34,67.9,41.11
2,88.56,68.1,40.86
2,88.18,68.58,40.81
2,88.45,68.33,40.69
2,88.62,68.13,40.71
2,88.23,68.57,40.42
2,88.6,68.54,40.4
2,87.9,68.82,40.37
2,88.8,68.3,40.39
4,86.09,77.63,40.86
8,86.85,76.66,40.43
5,86.49,77.18,40.61
4,86.03,76.74,40.84
7,85.98,76.19,40.83
3,86.23,75.86,40.79
4,86.27,75.85,40.6
2,86.56,75.79,40.74
7,86.9,75.97,40.42
7,86.39,76.27,40.55
3,86.69,76,40.8
4,86.85,75.93,40.73
5,86.92,75.92,40.58
3,87.01,74.96,40.76
5,87.16,74.62,40.62
4,86.9,74.53,40.63
5,86.77,74.14,40.45
2,86.2,73.67,40.46
2,86.09,71.82,40.46
2,86.66,70.02,40.87
3,86.75,70.01,40.66
2,86.43,70.49,40.66
4,86.96,70.82,40.46
4,87.15,70.04,40.56
3,86.6,71.28,40.45
2,87.58,68.83,40.73
2,87.59,69.05,40.48
3,86.96,69.56,40.76
2,87,69.14,41.16
2,87.42,69.08,40.58
2,87.43,69.28,40.42
2,87.31,69.05,41.44
2,87.16,69.61,41.08
2,87.19,69.11,41.44
2,86.82,68.75,41.65
2,86.8,69.58,40.88
2,86.64,69.16,41.29
2,87.7,68.84,40.8
2,87.98,68.82,40.8
2,87.79,69.01,40.59
2,86.09,77.64,41.27
2,86.01,76.76,41.27
8,87.41,77.12,40.35
4,86.79,77.55,40.83
7,87.33,77.62,40.57
6,87.04,77.35,40.58
8,87.22,77.13,40.44
2,87.67,69.06,40.36
3,87.56,69.29,40.35
8,87.39,77.56,40.44
5,87.19,77.49,40.75
2,87,77.71,41.25
6,87.38,77.62,40.65
3,87.25,77.62,41.23
2,87.16,77.79,41.98
6,87.41,77.72,40.64
4,87.42,77.61,40.33
7,87.41,77.39,40.34
4,87.17,78.39,41.65
2,86.54,78.04,41.27
5,86.76,78.45,40.87
4,86.99,78.46,41.23
2,87.16,78.37,42.05
3,87.18,78.64,41.67
5,86.79,79.34,40.87
3,86.62,78.91,41.28
2,87.08,79.6,41.83
2,87.26,79.63,41.78
4,87.03,79.27,41.23
4,87.27,79.32,41.44
2,87.31,81.96,41.44
2,86.74,81.58,41.3
2,87.13,81.55,41.58
4,87.29,81.05,41.44
4,87.27,80.2,41.44
4,87.02,80.18,41.29
3,87.11,80.72,41.57
3,86.71,80.68,41.31
2,86.41,81.16,41.9
3,86.68,79.8,41.28
2,86.7,79.8,41.9
2,87.09,79.96,41.82
2,87.31,79.93,41.82
2,86.77,82.43,41.32
2,88.98,67.62,41.11
2,88.78,67.86,41.11
2,88.91,68.07,40.95
2,89.18,67.38,41.13
2,89.07,67.62,40.78
2,88.94,68.07,40.77
2,89.37,67.14,41.16
2,89.6,66.91,40.87
2,89.2,67.39,40.79
2,89.08,68.05,40.39
2,88.38,68.34,41.11
2,88.59,68.53,40.89
2,88.58,68.1,41.11
2,88.76,68.28,40.92
2,88.18,68.58,41.11
2,89.68,66.67,41.22
2,89.55,66.9,41.2
2,89.86,66.66,40.94
2,88.4,68.77,40.86
2,88.65,68.54,40.73
2,88.82,68.31,40.75
3,88.75,68.75,40.39
2,88.37,68.77,40.41
3,88.14,69.01,40.39
3,89.04,68.5,40.39
3,88.9,68.73,40.39
2,87.38,69.3,41.44
8,87.18,76.18,40.43
4,86.5,77.15,40.83
6,86.87,76.67,40.57
5,86.43,76.25,40.79
7,86.86,76.06,40.51
3,86.77,76.03,40.79
5,86.87,76.02,40.65
5,87.19,75.93,40.65
3,86.98,74.53,40.76
5,87.16,74.24,40.62
2,86.81,74.47,40.85
2,86.67,74.08,40.64
5,86.94,73.7,40.45
3,86.55,73.19,40.46
3,86.58,72.2,40.45
2,86.79,70.89,40.65
2,86.96,70.07,40.75
4,86.98,71.63,40.45
3,87.15,70.84,40.57
2,87.6,69.08,40.71
2,87.62,69.28,40.59
2,87.01,69.59,41.23
3,87.43,69.49,40.5
2,87.26,69.68,41.44
2,87.98,68.82,41.11
2,88.2,69.01,40.84
2,87.82,69.06,40.79
2,87.76,69.28,40.67
2,86.78,77.56,41.27
8,87.41,76.49,40.34
6,87.57,77.09,40.5
6,87.54,77.05,40.35
4,87.05,77.31,40.81
6,87.37,77.49,40.69
8,87.33,76.53,40.43
6,87.29,77.09,40.57
3,87.89,69.47,40.37
6,87.57,77.33,40.5
5,87.5,77.44,40.57
5,87.47,77.49,40.75
2,87.2,77.49,41.26
3,87.37,77.62,41.23
2,87.41,77.72,41.25
3,87.54,77.6,40.74
3,87.58,77.56,40.49
6,87.69,76.61,40.36
6,87.6,77.16,40.36
3,86.8,78.47,41.29
2,87.29,78.63,41.81
4,87.34,78.92,41.44
3,86.87,79.29,41.35
2,87.23,79.53,41.78
3,87.37,79.63,41.77
3,87.24,79.26,41.53
5,87.37,79.53,41.42
3,87.38,81.44,41.44
3,87.29,81.08,41.57
4,87.36,80.52,41.44
2,87.39,79.77,41.79
3,87.24,80.27,41.55
3,86.9,80.21,41.44
2,86.8,80.68,41.91
2,86.91,80.12,41.89
2,87.3,80.02,41.87
2,87.4,79.72,42.19
2,89.2,67.82,41.17
2,89.01,68.06,41.13
2,89.38,67.14,41.43
2,89.18,67.38,41.43
2,89.39,67.57,41.19
2,89.41,68,41.23
2,89.23,67.83,40.83
2,89.09,68.06,40.81
2,89.58,67.32,41.22
2,89.75,67.11,40.92
2,89.39,67.15,40.83
2,89.55,67.79,41.25
2,89.43,67.59,40.87
2,89.46,68.02,40.4
2,89.25,68.26,40.39
2,89.59,67.79,40.4
2,88.62,68.54,41.11
2,88.74,68.75,40.95
2,88.81,68.3,41.12
2,88.42,68.78,41.11
2,89.97,66.43,41.45
2,89.72,67.11,41.24
2,89.78,66.66,41.42
2,89.59,66.9,41.42
2,90.03,66.87,41
2,89.9,67.1,40.97
2,90.31,66.62,41.09
2,88.77,68.75,40.76
2,88.61,68.95,40.93
2,88.45,68.81,40.71
2,88.41,69.19,40.91
2,88.25,69.05,40.69
2,89.06,68.5,40.82
2,88.92,68.74,40.8
3,88.6,68.98,40.38
3,88.36,69.22,40.38
3,89.3,68.93,40.41
5,86.84,76.11,40.67
4,86.89,76.64,40.8
6,87.24,76.26,40.55
5,87.43,75.59,40.46
4,87.24,76.05,40.74
4,87.42,75.69,40.72
3,86.98,74.13,40.76
5,87.17,73.87,40.63
3,86.86,73.62,40.61
5,87.06,73.45,40.45
4,86.95,72.63,40.44
2,86.84,71.74,40.61
2,86.96,70.89,40.75
2,87.16,71.63,40.61
2,87.63,69.49,40.67
3,87.43,70.03,40.48
2,88.22,69.02,41.11
2,88,69.46,40.83
2,87.06,77.31,41.27
6,87.57,76.52,40.5
4,87.71,77.06,40.68
4,87.36,77.06,40.81
5,87.45,76.57,40.57
2,88.12,69.52,40.68
5,87.65,75.73,40.36
3,88.17,69.89,40.37
3,87.63,69.96,40.36
3,87.43,70.42,40.4
5,87.97,76.12,40.36
4,87.77,77.19,40.74
4,87.61,77.32,40.84
2,87.46,77.49,41.26
2,87.55,77.61,41.28
4,87.94,76.59,40.62
2,87.3,78.72,41.81
3,87.37,78.94,41.53
2,87.53,78.96,42.15
2,87.16,79.21,41.77
4,87.45,79.45,41.52
2,87.44,79.53,41.77
2,87.47,81.44,41.57
2,87.28,81.08,41.94
4,87.43,80.57,41.56
2,87.49,79.78,41.82
2,87.21,80.28,41.92
2,87.51,79.73,42.15
2,89.22,68.26,41.19
2,89.62,67.35,41.43
2,89.43,67.58,41.42
2,89.46,68.02,40.91
2,89.26,68.26,40.86
2,89.63,67.35,40.9
2,89.59,67.79,40.93
2,89.73,67.78,40.41
3,89.73,68.45,40.43
2,89.96,68.79,40.46
2,89.04,68.5,41.16
2,88.85,68.74,41.13
2,88.65,68.98,41.12
2,88.45,69.22,41.12
2,90.87,66.13,41.3
2,91.34,66.53,40.54
2,90.23,66.62,41.51
2,90.01,66.86,41.46
2,89.82,67.1,41.43
2,90.27,67.07,41.09
2,90.06,67.31,41.03
2,90.6,66.59,41.2
2,90.37,67.5,40.46
2,90.94,67.01,40.51
2,88.64,68.98,40.75
2,88.43,69.23,40.74
2,89.32,68.93,40.94
2,89.69,69.31,40.45
3,88.83,69.4,40.39
3,88.5,69.87,40.38
4,87.26,76.29,40.78
5,87.43,75.26,40.46
5,87.6,75.64,40.61
3,87.57,75.79,40.8
5,87.43,74.89,40.55
3,87.02,73.74,40.75
2,87.43,74,40.56
4,87.28,73.7,40.67
3,87.11,73.39,40.6
5,87.23,73.08,40.44
2,86.97,72.67,40.6
4,87.31,72.23,40.45
2,87.28,72.04,40.65
5,87.4,73.14,40.35
4,87.42,72.13,40.36
2,87.42,71.94,40.61
2,87.62,70.01,40.66
3,87.62,70.4,40.59
2,87.84,69.98,40.81
2,88.29,69.9,40.93
2,87.37,77.05,41.27
4,87.85,76.61,40.77
4,87.58,76.58,40.83
4,87.9,75.72,40.61
2,88.31,69.9,40.74
3,87.88,69.95,40.62
4,87.9,75.22,40.39
3,87.43,70.88,40.48
4,87.89,70.36,40.36
3,88.18,76.12,40.69
4,88.22,75.66,40.37
2,87.66,77.26,41.26
2,87.43,79.23,42.73
2,87.73,78.92,42.05
2,87.56,79.4,41.77
2,87.45,78.96,41.77
2,87.73,79.74,41.88
2,87.7,79.49,42.1
2,89.87,67.55,40.99
2,89.74,67.78,40.97
2,89.73,68.45,41.02
3,90.11,67.97,40.45
2,91.68,66.94,40.56
2,90.37,67.5,41.15
2,90.66,67.47,40.49
2,91.42,67.41,40.55
2,88.91,69.41,40.86
2,88.61,69.87,40.81
2,89.34,69.81,40.43
3,88.87,70.29,40.4
3,87.82,75.74,40.79
4,87.62,75.27,40.61
4,87.63,74.89,40.69
4,87.65,74.84,40.39
3,87.63,73.95,40.38
2,87.41,73.69,40.55
3,87.28,73.58,40.76
5,87.42,73.51,40.33
2,87.16,73.37,40.82
3,87.33,73.07,40.59
4,87.39,72.53,40.44
2,87.34,72.33,40.58
4,87.58,73.06,40.36
4,87.56,73.13,40.5
5,87.41,72.55,40.34
3,87.57,72.2,40.5
4,87.54,72.14,40.35
2,87.56,72.06,40.71
3,87.44,71.55,40.53
2,87.62,70.86,40.66
2,88.04,70.36,40.86
3,88.05,76.13,40.86
3,88.16,75.28,40.71
3,88.13,70.36,40.69
4,88.13,74.78,40.4
4,87.85,74.36,40.4
4,88.21,70.78,40.37
4,87.66,70.85,40.36
3,88.54,70.75,40.38
4,87.81,73.48,40.39
4,87.74,72.6,40.37
4,87.72,71.72,40.37
2,88.36,75.66,40.75
2,88.54,75.63,40.38
2,91.97,66.92,40.57
2,91,67.89,40.52
2,92.22,66.46,40.58
2,89.24,70.7,40.44
2,88.04,75.24,40.85
3,87.84,74.86,40.8
2,87.79,73.9,40.79
2,87.55,73.61,40.65
3,87.58,73.49,40.48
2,87.45,73.07,40.82
2,87.49,72.58,40.57
2,87.75,73.09,40.73
2,87.7,72.24,40.62
3,87.57,72.58,40.49
2,87.71,72.17,40.8
2,87.61,71.62,40.67
2,87.86,70.84,40.81
2,88.36,70.78,40.95
2,88.34,75.66,40.94
2,88.33,74.78,40.77
3,88.15,74.35,40.72
2,88.36,70.78,40.75
3,87.91,70.83,40.63
2,88.66,70.75,40.85
3,88.09,73.47,40.68
2,88.02,72.58,40.67
3,87.98,71.71,40.64
2,88.45,74.75,40.38
4,88.08,73.9,40.39
4,87.97,71.24,40.36
2,88.93,71.16,40.41
4,87.99,73.02,40.38
4,87.92,72.13,40.37
2,92.61,65.98,40.59
2,88.27,74.78,40.92
2,87.98,74.36,40.83
2,87.92,73.48,40.8
2,87.88,72.6,40.79
2,87.86,71.74,40.79
2,88.08,71.21,40.86
3,88.27,73.9,40.73
2,88.2,71.24,40.7
3,88.2,73.01,40.71
2,88.13,72.14,40.7
2,88.75,74.29,40.39
3,88.38,73.87,40.37
3,88.5,71.64,40.38
3,88.28,72.99,40.37
4,88.22,72.11,40.37
2,88.21,73.9,40.88
2,88.14,73.02,40.86
2,88.07,72.14,40.84
2,88.52,73.87,40.78
2,88.64,71.64,40.84
2,88.44,72.99,40.77
2,88.38,72.11,40.76
2,88.64,73.4,40.38
2,89.02,72.04,40.42
3,88.57,72.52,40.38
791,54.78,78.73,41.34
4275,54.78,78.73,41.33
145593,54.78,78.73,41.33
1649,54.78,78.73,41.33
171751,54.78,78.73,41.34
491,54.77,78.73,41.34
598,54.78,78.73,41.34
6268,54.78,78.73,41.34
1468,54.78,78.73,41.34
1000000,54.78,78.73,41.34
2037,54.78,78.73,41.34
1069,54.78,78.73,41.34
513,54.78,78.73,41.34
3448,54.78,78.73,41.34
1180,54.78,78.73,41.34
291322,54.78,78.73,41.34
998249,54.78,78.73,41.34
996892,54.78,78.73,41.34
998240,54.78,78.73,41.34
3078,54.78,78.73,41.34
995537,54.78,78.73,41.33
989557,54.78,78.73,41.33
2105,54.78,78.73,41.33
5940,54.77,78.73,41.34
64477,54.77,78.73,41.33
999672,54.77,78.73,41.34
999492,54.78,78.73,41.33
635,54.78,78.73,41.34
605,54.78,78.73,41.34
29334,54.78,78.73,41.34
464,54.78,78.73,41.34
975697,54.78,78.73,41.33
1670,54.78,78.73,41.33
2829,54.78,78.73,41.33
863,54.78,78.73,41.33
611,54.77,78.73,41.33
950,54.78,78.73,41.33
1037,54.77,78.73,41.32
27030,54.77,78.73,41.33
685,54.78,78.73,41.33
6390,54.78,78.73,41.33
1287,54.78,78.73,41.33
916386,54.78,78.73,41.33
3524,54.78,78.73,41.33
911957,54.78,78.73,41.33
529062,54.78,78.73,41.33
988,54.78,78.73,41.33
1856,54.78,78.73,41.33
842,54.78,78.73,41.33
999852,54.78,78.73,41.34
999093,54.78,78.73,41.34
74515,54.78,78.73,41.34
927511,54.77,78.73,41.34
999575,54.78,78.73,41.34
997433,54.77,78.73,41.34
326,54.78,78.73,41.34
71398,54.77,78.73,41.34
4738,54.77,78.73,41.34
558,54.77,78.73,41.34
479,54.78,78.73,41.34
594,54.78,78.73,41.35
997466,54.78,78.73,41.34
999611,54.78,78.73,41.34
999254,54.78,78.73,41.34
999097,54.78,78.73,41.34
998460,54.78,78.73,41.34
996842,54.78,78.73,41.33
998826,54.78,78.73,41.33
994232,54.78,78.73,41.33
997447,54.78,78.73,41.33
990151,54.78,78.73,41.33
5462,54.78,78.73,41.34
637,54.78,78.73,41.34
821235,54.78,78.73,41.34
787,54.78,78.73,41.34
997420,54.78,78.73,41.34
994641,54.78,78.73,41.34
728383,54.78,78.73,41.34
990440,54.78,78.73,41.34
995654,54.78,78.73,41.34
988795,54.78,78.73,41.34
153469,54.78,78.73,41.34
442480,54.78,78.73,41.34
1252,54.78,78.73,41.34
579,54.78,78.73,41.34
582,54.78,78.73,41.34
974768,54.78,78.73,41.33
813287,54.78,78.73,41.34
1493,54.78,78.73,41.34
1023,54.78,78.73,41.34
812993,54.78,78.73,41.34
898014,54.78,78.73,41.34
2422,54.78,78.73,41.34
993540,54.78,78.73,41.34
992599,54.78,78.73,41.34
995380,54.78,78.73,41.34
989814,54.78,78.73,41.34
990338,54.78,78.73,41.34
989152,54.78,78.73,41.34
896004,54.78,78.73,41.34
1703,54.78,78.73,41.34
987250,54.78,78.73,41.33
1457,54.78,78.73,41.33
983264,54.78,78.73,41.33
841790,54.78,78.73,41.33
176887,54.77,78.73,41.33
466988,54.77,78.73,41.33
7904,54.77,78.73,41.33
713,54.77,78.73,41.33
76465,54.77,78.73,41.33
1164,54.77,78.73,41.33
748,54.77,78.73,41.33
904,54.77,78.73,41.32
918,54.77,78.73,41.32
2562,54.77,78.73,41.34
997073,54.77,78.73,41.34
211683,54.77,78.73,41.34
4255,54.77,78.73,41.34
3651,54.77,78.73,41.34
999182,54.77,78.73,41.34
999977,54.77,78.73,41.34
999202,54.77,78.73,41.34
999868,54.77,78.73,41.34
998910,54.77,78.73,41.34
578767,54.77,78.73,41.34
989416,54.77,78.73,41.34
1135,54.77,78.73,41.34
14021,54.77,78.73,41.34
493,54.77,78.73,41.34
71,54.77,78.73,41.35
2395,54.77,78.73,41.33
2052,54.77,78.73,41.33
2422,54.77,78.73,41.33
996202,54.77,78.73,41.34
999034,54.77,78.73,41.34
999578,54.77,78.73,41.34
998048,54.77,78.73,41.34
995535,54.77,78.73,41.34
997964,54.77,78.73,41.34
998255,54.77,78.73,41.34
997386,54.77,78.73,41.33
998759,54.77,78.73,41.33
989255,54.77,78.73,41.33
103986,54.77,78.73,41.33
638,54.77,78.73,41.33
814138,54.77,78.73,41.33
999960,54.77,78.73,41.33
998806,54.78,78.73,41.33
999155,54.78,78.73,41.33
999207,54.77,78.73,41.34
999691,54.77,78.73,41.34
997046,54.77,78.73,41.34
999053,54.77,78.73,41.34
999097,54.77,78.73,41.33
999498,54.77,78.73,41.33
998399,54.78,78.73,41.34
998033,54.78,78.73,41.33
999168,54.77,78.73,41.33
993664,54.78,78.73,41.33
999971,54.77,78.73,41.33
7393,54.78,78.73,41.34
542,54.78,78.73,41.34
405,54.78,78.73,41.34
590,54.78,78.73,41.34
3196,54.78,78.73,41.34
598,54.78,78.73,41.34
10830,54.78,78.73,41.34
609,54.78,78.73,41.34
784,54.78,78.73,41.34
660,54.78,78.73,41.34
961,54.78,78.73,41.34
657,54.78,78.73,41.34
648804,54.78,78.73,41.33
368362,54.78,78.73,41.33
985,54.78,78.73,41.33
827,54.78,78.73,41.33
9922,54.78,78.73,41.33
695,54.78,78.73,41.33
710,54.78,78.73,41.33
937,54.77,78.73,41.33
910,54.78,78.73,41.33
299,54.77,78.73,41.33
949,54.77,78.73,41.33
718,54.78,78.73,41.33
941,54.78,78.73,41.33
927,54.77,78.73,41.32
1015,54.77,78.73,41.32
942,54.77,78.73,41.32
947,54.78,78.73,41.32
881153,54.77,78.73,41.33
882280,54.78,78.73,41.33
1337,54.78,78.73,41.33
1053,54.78,78.73,41.33
32690,54.77,78.73,41.33
528,54.77,78.73,41.33
14238,54.78,78.73,41.33
473,54.78,78.73,41.33
830,54.78,78.73,41.33
998035,54.78,78.73,41.33
996189,54.78,78.73,41.33
993727,54.78,78.73,41.33
1000000,54.78,78.73,41.33
948,54.78,78.73,41.32
942,54.77,78.73,41.32
924,54.78,78.73,41.33
841,54.78,78.73,41.33
159,54.78,78.73,41.33
47506,54.78,78.73,41.33
765,54.78,78.73,41.33
823,54.78,78.73,41.33
778,54.78,78.73,41.33
840,54.78,78.73,41.33
742,54.78,78.73,41.33
968488,54.78,78.73,41.33
589360,54.78,78.73,41.33
952664,54.78,78.73,41.33
798483,54.78,78.73,41.33
39289,54.78,78.73,41.33
152237,54.78,78.73,41.33
19379,54.78,78.73,41.33
926,54.78,78.73,41.32
866,54.78,78.73,41.33
904,54.78,78.73,41.33
873,54.78,78.73,41.32
850,54.78,78.73,41.33
935,54.78,78.73,41.32
999698,54.77,78.73,41.34
999154,54.78,78.73,41.34
999870,54.77,78.73,41.34
999660,54.78,78.73,41.34
628592,54.77,78.73,41.34
519021,54.78,78.73,41.34
959371,54.78,78.73,41.34
967632,54.77,78.73,41.34
795,54.78,78.73,41.34
599,54.78,78.73,41.34
12858,54.77,78.73,41.34
417,54.78,78.73,41.35
824,54.77,78.73,41.34
322,54.77,78.73,41.35
596,54.78,78.73,41.35
611,54.78,78.74,41.35
582,54.78,78.74,41.35
922,54.78,78.73,41.34
571,54.78,78.73,41.35
581,54.78,78.74,41.34
588,54.78,78.73,41.35
993512,54.78,78.73,41.34
999036,54.77,78.73,41.34
998080,54.78,78.73,41.34
997663,54.77,78.73,41.34
996030,54.78,78.73,41.34
992000,54.78,78.73,41.33
995789,54.78,78.73,41.33
983186,54.78,78.73,41.33
993306,54.78,78.73,41.33
973151,54.78,78.73,41.33
228690,54.78,78.73,41.34
19198,54.78,78.73,41.34
20273,54.78,78.74,41.34
50974,54.78,78.73,41.34
823194,54.78,78.73,41.34
996096,54.78,78.73,41.34
771955,54.78,78.73,41.34
956689,54.78,78.73,41.34
993439,54.78,78.73,41.34
976341,54.78,78.73,41.34
322201,54.78,78.74,41.34
649248,54.78,78.73,41.34
648,54.78,78.73,41.34
580,54.78,78.73,41.34
2946,54.78,78.74,41.34
596,54.78,78.74,41.34
578,54.78,78.73,41.35
578,54.78,78.74,41.35
579,54.78,78.74,41.35
883669,54.78,78.73,41.33
749780,54.78,78.73,41.33
954583,54.78,78.73,41.33
917404,54.78,78.73,41.34
119699,54.78,78.73,41.34
867045,54.78,78.73,41.34
292858,54.78,78.73,41.34
944517,54.78,78.73,41.34
269467,54.78,78.73,41.34
985385,54.78,78.73,41.34
977614,54.78,78.73,41.34
990117,54.78,78.73,41.34
978536,54.78,78.73,41.34
980349,54.78,78.73,41.34
971853,54.78,78.73,41.34
939081,54.78,78.73,41.34
364823,54.78,78.73,41.34
976317,54.78,78.73,41.33
965098,54.78,78.73,41.33
921854,54.78,78.73,41.33
346648,54.78,78.73,41.33
660,54.77,78.73,41.35
60366,54.77,78.73,41.33
545130,54.77,78.73,41.33
840,54.77,78.73,41.33
1236,54.77,78.73,41.33
111044,54.77,78.73,41.33
1113,54.77,78.73,41.33
328391,54.77,78.73,41.33
711,54.77,78.73,41.33
570,54.77,78.73,41.33
905,54.77,78.73,41.33
294,54.77,78.73,41.33
923,54.77,78.73,41.33
894,54.77,78.73,41.32
897,54.77,78.73,41.32
931,54.77,78.73,41.32
903,54.77,78.73,41.32
875,54.77,78.73,41.32
914,54.77,78.73,41.32
835,54.77,78.73,41.34
985904,54.77,78.73,41.34
864,54.77,78.73,41.34
767782,54.77,78.73,41.34
1258,54.77,78.73,41.34
1703,54.77,78.73,41.34
549,54.77,78.73,41.34
980387,54.77,78.73,41.34
993042,54.77,78.73,41.34
916463,54.77,78.73,41.34
992028,54.77,78.73,41.34
987849,54.77,78.73,41.34
173,54.77,78.73,41.34
739322,54.77,78.73,41.34
385,54.77,78.73,41.34
592509,54.77,78.73,41.34
973750,54.77,78.73,41.34
999562,54.77,78.73,41.34
989952,54.77,78.73,41.34
999025,54.77,78.73,41.34
991014,54.77,78.73,41.34
202593,54.77,78.73,41.34
916657,54.77,78.73,41.34
731,54.77,78.73,41.34
633,54.77,78.73,41.34
498,54.77,78.73,41.34
691,54.77,78.73,41.35
52,54.77,78.73,41.34
161,54.77,78.73,41.34
598,54.77,78.73,41.35
1051,54.77,78.73,41.34
994643,54.77,78.73,41.34
1379,54.77,78.73,41.34
1812,54.77,78.73,41.34
1000000,54.77,78.73,41.34
2228,54.77,78.73,41.34
984620,54.77,78.73,41.34
988232,54.77,78.73,41.34
1344,54.77,78.73,41.33
2289,54.77,78.73,41.33
981042,54.77,78.73,41.33
3065,54.77,78.73,41.33
887362,54.77,78.73,41.33
1193,54.77,78.73,41.33
651157,54.77,78.73,41.33
758,54.77,78.73,41.33
981670,54.77,78.73,41.34
992775,54.77,78.73,41.34
997612,54.77,78.73,41.34
989627,54.77,78.73,41.34
986991,54.77,78.73,41.33
996445,54.77,78.73,41.33
999405,54.77,78.73,41.33
995182,54.77,78.73,41.33
998013,54.77,78.73,41.33
999670,54.77,78.73,41.33
979098,54.77,78.73,41.34
984847,54.77,78.73,41.34
990713,54.77,78.73,41.34
993649,54.77,78.73,41.34
997543,54.77,78.73,41.34
973883,54.77,78.73,41.33
991719,54.77,78.73,41.33
996751,54.77,78.73,41.33
943865,54.77,78.73,41.33
995103,54.77,78.73,41.33
989865,54.77,78.73,41.33
998973,54.77,78.73,41.33
908950,54.77,78.73,41.33
432114,54.77,78.73,41.33
999119,54.77,78.73,41.33
999513,54.77,78.73,41.33
999272,54.77,78.73,41.33
999654,54.77,78.73,41.33
997763,54.78,78.73,41.33
997843,54.78,78.73,41.33
995583,54.77,78.73,41.34
998300,54.77,78.73,41.34
986584,54.77,78.73,41.34
995735,54.77,78.73,41.34
995032,54.77,78.73,41.33
998163,54.77,78.73,41.33
995957,54.77,78.73,41.34
995131,54.77,78.73,41.33
997256,54.77,78.73,41.33
998696,54.77,78.73,41.33
999656,54.77,78.73,41.33
999852,54.77,78.73,41.33
4436,54.78,78.73,41.34
625,54.78,78.73,41.34
616,54.78,78.73,41.34
50245,54.78,78.74,41.34
10637,54.78,78.74,41.34
572,54.78,78.73,41.34
587,54.78,78.74,41.34
588,54.78,78.73,41.34
509,54.78,78.74,41.34
596,54.78,78.73,41.34
599,54.78,78.73,41.34
423,54.78,78.74,41.34
607,54.78,78.73,41.34
4336,54.78,78.74,41.34
4217,54.78,78.73,41.34
68270,54.78,78.73,41.34
634,54.79,78.73,41.34
30265,54.78,78.73,41.34
635,54.78,78.73,41.34
9573,54.78,78.73,41.34
612,54.78,78.73,41.34
623,54.79,78.73,41.34
248933,54.78,78.73,41.33
94748,54.78,78.73,41.33
128808,54.78,78.73,41.33
19098,54.78,78.73,41.33
675,54.78,78.73,41.33
14104,54.78,78.73,41.33
679,54.78,78.73,41.33
12488,54.78,78.73,41.33
634,54.79,78.73,41.33
6682,54.78,78.73,41.33
717,54.78,78.73,41.33
692,54.78,78.73,41.33
889,54.78,78.73,41.32
426,54.77,78.73,41.33
911,54.78,78.73,41.33
932,54.78,78.73,41.33
500,54.77,78.73,41.33
913,54.78,78.73,41.33
946,54.77,78.73,41.32
985,54.77,78.73,41.32
945,54.78,78.73,41.32
934,54.78,78.73,41.32
942,54.78,78.73,41.32
811050,54.77,78.73,41.33
868207,54.77,78.73,41.33
842427,54.78,78.73,41.33
500606,54.78,78.73,41.33
76896,54.77,78.73,41.33
28902,54.77,78.73,41.33
45551,54.78,78.73,41.33
11960,54.78,78.73,41.33
998106,54.78,78.73,41.33
985885,54.78,78.73,41.33
979662,54.78,78.73,41.33
956043,54.78,78.73,41.33
945,54.78,78.73,41.32
948,54.78,78.73,41.32
945,54.78,78.73,41.32
941,54.77,78.73,41.32
937,54.77,78.73,41.32
938,54.77,78.73,41.32
799,54.78,78.73,41.33
761,54.78,78.73,41.33
10234,54.78,78.73,41.33
835,54.78,78.73,41.33
251715,54.78,78.73,41.33
10157,54.78,78.73,41.33
792,54.78,78.73,41.33
3642,54.78,78.73,41.33
40125,54.78,78.73,41.33
4834,54.78,78.73,41.33
944670,54.78,78.73,41.33
837588,54.78,78.73,41.33
929975,54.78,78.73,41.33
842346,54.78,78.73,41.33
405408,54.78,78.73,41.33
503803,54.78,78.73,41.33
204095,54.78,78.73,41.33
852,54.78,78.73,41.32
828,54.78,78.73,41.33
926,54.78,78.73,41.32
904,54.78,78.73,41.32
860,54.78,78.73,41.33
887,54.78,78.73,41.33
888,54.78,78.73,41.33
868,54.78,78.73,41.32
847,54.78,78.73,41.33
941,54.78,78.73,41.32
933,54.78,78.73,41.32
924,54.78,78.73,41.32
911,54.78,78.73,41.32
998779,54.77,78.73,41.34
998381,54.78,78.73,41.34
998764,54.77,78.73,41.34
997711,54.78,78.73,41.34
322660,54.77,78.74,41.34
377025,54.78,78.73,41.34
916559,54.78,78.73,41.34
859043,54.77,78.74,41.34
393,54.77,78.74,41.34
1638,54.78,78.73,41.34
416,54.77,78.74,41.35
618,54.77,78.73,41.35
433,54.77,78.74,41.35
623,54.78,78.74,41.35
617,54.77,78.74,41.35
619,54.77,78.74,41.35
601,54.78,78.74,41.35
606,54.78,78.74,41.35
578,54.78,78.74,41.35
587,54.78,78.74,41.35
606,54.78,78.74,41.35
591,54.78,78.74,41.35
585,54.78,78.74,41.35
368,54.78,78.74,41.34
409,54.78,78.74,41.34
588,54.78,78.74,41.35
597,54.78,78.74,41.35
989123,54.78,78.73,41.34
996934,54.77,78.73,41.34
996339,54.78,78.73,41.34
994031,54.77,78.73,41.34
992655,54.78,78.73,41.34
986804,54.78,78.73,41.33
990309,54.78,78.73,41.33
971150,54.78,78.73,41.33
987747,54.78,78.73,41.33
960318,54.78,78.73,41.33
108801,54.78,78.74,41.34
9179,54.78,78.74,41.34
5863,54.78,78.74,41.34
93781,54.78,78.74,41.34
251806,54.78,78.74,41.34
628959,54.78,78.74,41.34
986521,54.78,78.73,41.34
532257,54.78,78.74,41.34
935925,54.78,78.73,41.34
989829,54.78,78.73,41.34
957859,54.78,78.73,41.34
297746,54.78,78.74,41.34
695655,54.78,78.74,41.34
76891,54.78,78.74,41.34
599,54.78,78.74,41.34
581,54.78,78.73,41.34
575,54.78,78.74,41.34
578,54.78,78.74,41.35
363,54.78,78.74,41.34
589,54.78,78.74,41.35
41304,54.78,78.74,41.34
580,54.78,78.74,41.35
577,54.78,78.74,41.35
578,54.78,78.74,41.35
578,54.78,78.74,41.35
897601,54.78,78.73,41.33
585180,54.78,78.73,41.33
842623,54.78,78.73,41.33
424748,54.78,78.73,41.33
937602,54.78,78.73,41.33
914283,54.78,78.73,41.34
484789,54.78,78.73,41.34
848607,54.78,78.74,41.34
574681,54.78,78.74,41.34
150420,54.78,78.74,41.34
243959,54.78,78.74,41.34
929501,54.78,78.73,41.34
646706,54.78,78.73,41.34
266724,54.78,78.74,41.34
979336,54.78,78.73,41.34
961042,54.78,78.73,41.34
985407,54.78,78.73,41.34
962025,54.78,78.73,41.34
973666,54.78,78.73,41.34
956129,54.78,78.73,41.34
928475,54.78,78.73,41.34
714213,54.78,78.73,41.34
968570,54.78,78.73,41.33
949254,54.78,78.73,41.33
918769,54.78,78.73,41.33
689901,54.78,78.73,41.33
343382,54.78,78.74,41.34
349792,54.78,78.74,41.33
753,54.77,78.74,41.35
676,54.77,78.73,41.35
654,54.77,78.73,41.35
871,54.77,78.73,41.33
821,54.77,78.73,41.33
880,54.77,78.73,41.33
1749,54.77,78.73,41.33
277556,54.77,78.73,41.33
1068,54.77,78.73,41.33
896,54.77,78.73,41.33
21832,54.77,78.73,41.33
4164,54.77,78.73,41.33
114238,54.77,78.73,41.33
493,54.77,78.73,41.33
885,54.77,78.73,41.33
881,54.77,78.73,41.33
589,54.77,78.73,41.33
892,54.77,78.73,41.32
888,54.77,78.73,41.32
907,54.77,78.73,41.32
897,54.77,78.73,41.32
916,54.77,78.73,41.32
920,54.77,78.73,41.32
930,54.77,78.73,41.32
870,54.77,78.73,41.32
916,54.77,78.73,41.32
910,54.77,78.73,41.32
7284,54.77,78.73,41.34
768,54.77,78.73,41.34
757,54.77,78.73,41.34
485658,54.77,78.73,41.34
514,54.77,78.73,41.34
122057,54.77,78.73,41.34
737,54.77,78.73,41.34
416252,54.77,78.73,41.34
7672,54.77,78.73,41.34
509,54.77,78.73,41.34
719,54.77,78.73,41.34
838345,54.77,78.73,41.34
964782,54.77,78.73,41.34
529439,54.77,78.73,41.34
927879,54.77,78.73,41.34
730287,54.77,78.73,41.34
125814,54.77,78.73,41.34
505,54.77,78.73,41.34
188422,54.77,78.73,41.34
696059,54.77,78.73,41.34
986651,54.77,78.73,41.34
905763,54.77,78.73,41.34
990662,54.77,78.73,41.34
955370,54.77,78.73,41.34
134853,54.77,78.74,41.34
525508,54.77,78.74,41.34
502,54.77,78.73,41.34
715,54.77,78.73,41.34
690,54.77,78.73,41.35
689,54.77,78.73,41.34
678,54.77,78.73,41.35
675,54.77,78.73,41.35
727,54.77,78.74,41.35
9312,54.77,78.73,41.34
899,54.76,78.73,41.34
538020,54.77,78.73,41.34
888,54.76,78.73,41.34
762,54.76,78.73,41.34
501016,54.77,78.73,41.34
298326,54.77,78.73,41.34
881,54.77,78.73,41.34
867183,54.77,78.73,41.34
763767,54.77,78.73,41.34
1547,54.77,78.73,41.33
919,54.76,78.73,41.33
2131,54.77,78.73,41.33
18596,54.77,78.73,41.33
531407,54.77,78.73,41.33
529116,54.77,78.73,41.33
780687,54.77,78.73,41.33
825,54.77,78.73,41.33
101015,54.77,78.73,41.33
857,54.77,78.73,41.33
16401,54.77,78.73,41.33
806,54.77,78.73,41.33
907470,54.77,78.73,41.34
969511,54.77,78.73,41.34
988909,54.77,78.73,41.34
964264,54.77,78.73,41.34
884012,54.77,78.73,41.33
979071,54.77,78.73,41.33
995187,54.77,78.73,41.33
949795,54.77,78.73,41.33
988696,54.77,78.73,41.33
996512,54.77,78.73,41.33
925915,54.77,78.73,41.34
885821,54.77,78.73,41.34
968194,54.77,78.73,41.34
974803,54.77,78.73,41.34
987941,54.77,78.73,41.34
854508,54.77,78.73,41.33
966947,54.77,78.73,41.33
985416,54.77,78.73,41.33
763701,54.77,78.73,41.33
953012,54.77,78.73,41.33
940736,54.77,78.73,41.33
988901,54.77,78.73,41.33
597453,54.77,78.73,41.33
245421,54.77,78.73,41.33
994952,54.77,78.73,41.33
998245,54.77,78.73,41.33
994341,54.77,78.73,41.33
998756,54.77,78.73,41.33
995679,54.77,78.73,41.33
994938,54.77,78.73,41.33
983329,54.77,78.73,41.34
993737,54.77,78.73,41.34
963541,54.77,78.73,41.34
985640,54.77,78.73,41.34
981942,54.77,78.73,41.33
993215,54.77,78.73,41.33
991509,54.77,78.73,41.34
990228,54.77,78.73,41.33
977255,54.77,78.73,41.33
999085,54.77,78.73,41.33
993241,54.77,78.73,41.33
999579,54.77,78.73,41.33
569,54.78,78.74,41.34
566,54.78,78.74,41.34
620,54.79,78.73,41.34
615,54.79,78.73,41.34
8027,54.78,78.74,41.34
1178,54.78,78.74,41.34
587,54.78,78.74,41.34
590,54.78,78.74,41.34
498,54.78,78.74,41.34
600,54.78,78.74,41.34
585,54.78,78.74,41.35
600,54.78,78.74,41.34
583,54.78,78.74,41.34
607,54.78,78.74,41.34
117,54.78,78.74,41.34
610,54.79,78.74,41.34
1230,54.79,78.73,41.34
13670,54.78,78.73,41.34
632,54.79,78.73,41.34
611,54.79,78.73,41.34
4378,54.78,78.74,41.34
2034,54.78,78.74,41.34
624,54.79,78.73,41.34
624,54.79,78.73,41.34
84868,54.78,78.74,41.34
35338,54.78,78.74,41.34
73509,54.78,78.73,41.33
22491,54.78,78.74,41.33
39721,54.78,78.73,41.33
9958,54.78,78.73,41.33
646,54.79,78.73,41.33
3735,54.78,78.73,41.33
663,54.79,78.73,41.33
2793,54.79,78.73,41.33
641,54.79,78.73,41.33
815,54.78,78.73,41.33
876,54.78,78.73,41.33
9979,54.78,78.73,41.33
703,54.78,78.73,41.33
849,54.78,78.73,41.33
885,54.78,78.73,41.32
799,54.78,78.73,41.33
748,54.78,78.73,41.33
775,54.78,78.73,41.33
708,54.79,78.73,41.33
686,54.79,78.73,41.33
873,54.78,78.73,41.32
833,54.78,78.73,41.32
587,54.78,78.74,41.35
583,54.78,78.74,41.35
985,54.77,78.73,41.33
1044,54.77,78.73,41.33
684,54.78,78.73,41.33
1358,54.78,78.73,41.33
859,54.77,78.73,41.32
940,54.77,78.73,41.32
951,54.78,78.73,41.32
928,54.78,78.73,41.32
562716,54.77,78.73,41.33
863129,54.77,78.73,41.33
406924,54.78,78.73,41.33
693063,54.78,78.73,41.33
19881,54.77,78.73,41.33
84441,54.77,78.73,41.33
23300,54.78,78.73,41.33
106623,54.78,78.73,41.33
996893,54.77,78.73,41.33
980882,54.78,78.73,41.33
987703,54.77,78.73,41.33
956308,54.78,78.73,41.33
948,54.78,78.73,41.32
947,54.78,78.73,41.32
944,54.78,78.73,41.32
946,54.78,78.73,41.32
945,54.78,78.73,41.32
943,54.77,78.73,41.32
938,54.77,78.73,41.32
923,54.77,78.73,41.32
779,54.78,78.73,41.33
802,54.78,78.73,41.33
80405,54.78,78.73,41.33
4753,54.78,78.73,41.33
501124,54.78,78.73,41.33
79047,54.78,78.73,41.33
2703,54.78,78.73,41.33
40539,54.78,78.73,41.33
255439,54.78,78.73,41.33
102646,54.78,78.73,41.33
931619,54.78,78.73,41.33
862625,54.78,78.73,41.33
913038,54.78,78.73,41.33
843352,54.78,78.73,41.33
666840,54.78,78.73,41.33
710612,54.78,78.73,41.33
459542,54.78,78.73,41.33
851,54.78,78.73,41.32
829,54.78,78.73,41.33
916,54.78,78.73,41.32
905,54.78,78.73,41.32
1334,54.78,78.73,41.33
847,54.78,78.73,41.33
876,54.78,78.73,41.32
826,54.78,78.73,41.33
942,54.78,78.73,41.32
888,54.78,78.73,41.32
920,54.78,78.73,41.32
921,54.78,78.73,41.32
933,54.78,78.73,41.32
902,54.78,78.73,41.32
993057,54.77,78.74,41.34
997495,54.78,78.73,41.34
991036,54.77,78.74,41.34
997073,54.78,78.73,41.34
151436,54.77,78.74,41.34
288721,54.77,78.74,41.34
824984,54.77,78.74,41.34
610482,54.77,78.74,41.34
216,54.77,78.74,41.34
704,54.77,78.74,41.35
645,54.77,78.74,41.35
636,54.77,78.74,41.35
629,54.77,78.74,41.35
624,54.77,78.74,41.35
611,54.78,78.74,41.35
581,54.78,78.74,41.35
616,54.77,78.74,41.35
609,54.78,78.74,41.35
596,54.78,78.74,41.35
590,54.78,78.74,41.35
581,54.78,78.74,41.35
143,54.78,78.74,41.34
230,54.78,78.74,41.34
578,54.78,78.74,41.35
583,54.78,78.74,41.35
575,54.78,78.74,41.35
984989,54.78,78.73,41.34
990185,54.77,78.74,41.34
994346,54.78,78.73,41.34
985892,54.77,78.74,41.34
989364,54.78,78.73,41.34
981901,54.78,78.73,41.33
985003,54.78,78.73,41.33
962855,54.78,78.73,41.33
983289,54.78,78.73,41.33
953158,54.78,78.73,41.33
5916,54.78,78.74,41.34
124114,54.78,78.74,41.34
4400,54.78,78.74,41.34
11775,54.78,78.74,41.34
153959,54.78,78.74,41.34
425354,54.78,78.74,41.34
562385,54.78,78.74,41.34
985210,54.78,78.74,41.34
334152,54.78,78.74,41.34
896504,54.78,78.74,41.34
989904,54.78,78.74,41.34
946647,54.78,78.74,41.34
225589,54.78,78.74,41.34
661818,54.78,78.74,41.34
96716,54.78,78.74,41.34
208922,54.78,78.74,41.34
22497,54.78,78.74,41.34
84270,54.78,78.74,41.34
585,54.78,78.74,41.34
578,54.78,78.74,41.35
579,54.78,78.74,41.35
4506,54.78,78.74,41.34
352,54.78,78.74,41.34
579,54.78,78.74,41.35
16819,54.78,78.74,41.34
577,54.78,78.74,41.35
579,54.78,78.74,41.35
580,54.78,78.74,41.35
577,54.78,78.74,41.35
578,54.78,78.74,41.35
578,54.78,78.74,41.35
536,54.78,78.74,41.35
581,54.78,78.74,41.35
293293,54.78,78.74,41.33
208327,54.78,78.74,41.33
48142,54.78,78.74,41.33
120926,54.78,78.74,41.33
884905,54.78,78.74,41.33
758360,54.78,78.74,41.33
843582,54.78,78.74,41.33
654707,54.78,78.74,41.33
925417,54.78,78.74,41.33
896642,54.78,78.74,41.34
735015,54.78,78.74,41.34
828908,54.78,78.74,41.34
668351,54.78,78.74,41.34
411467,54.78,78.74,41.34
423642,54.78,78.74,41.34
912467,54.78,78.74,41.34
803762,54.78,78.74,41.34
533250,54.78,78.74,41.34
976239,54.78,78.74,41.34
950479,54.78,78.74,41.34
984111,54.78,78.74,41.34
952470,54.78,78.74,41.34
969132,54.78,78.74,41.34
944908,54.78,78.74,41.34
913573,54.78,78.74,41.34
822301,54.78,78.74,41.34
963057,54.78,78.74,41.33
937052,54.78,78.74,41.33
905049,54.78,78.74,41.33
808445,54.78,78.74,41.33
176606,54.78,78.74,41.34
587038,54.78,78.74,41.34
269936,54.78,78.74,41.34
132266,54.78,78.74,41.34
580552,54.78,78.74,41.33
148247,54.78,78.74,41.33
703,54.77,78.74,41.35
664,54.77,78.74,41.35
664,54.77,78.74,41.35
641,54.77,78.74,41.35
865,54.77,78.73,41.33
861,54.77,78.73,41.33
851,54.77,78.73,41.33
867,54.77,78.73,41.33
2466,54.77,78.73,41.33
845,54.77,78.73,41.33
874,54.77,78.73,41.33
878,54.77,78.73,41.33
885,54.77,78.73,41.32
16803,54.77,78.73,41.33
259011,54.77,78.73,41.33
1715,54.77,78.73,41.33
38432,54.77,78.73,41.33
24923,54.77,78.73,41.33
178928,54.77,78.73,41.33
700,54.77,78.73,41.33
858,54.77,78.73,41.33
633,54.77,78.73,41.33
911,54.77,78.73,41.32
873,54.77,78.73,41.32
897,54.77,78.73,41.32
882,54.77,78.73,41.32
902,54.77,78.73,41.32
902,54.77,78.73,41.32
876,54.77,78.73,41.32
907,54.77,78.73,41.32
923,54.77,78.73,41.32
925,54.77,78.73,41.32
868,54.77,78.73,41.32
920,54.77,78.73,41.32
914,54.77,78.73,41.32
909,54.77,78.73,41.32
903,54.77,78.73,41.32
907,54.77,78.73,41.32
796,54.76,78.73,41.34
809,54.76,78.73,41.33
767,54.76,78.73,41.34
3918,54.77,78.73,41.34
755,54.76,78.73,41.34
1022,54.77,78.73,41.34
757,54.76,78.73,41.34
197392,54.77,78.73,41.34
12050,54.77,78.73,41.34
720,54.77,78.73,41.34
18790,54.77,78.73,41.34
722,54.77,78.73,41.34
67986,54.77,78.73,41.34
2894,54.77,78.73,41.34
715,54.77,78.73,41.34
672,54.77,78.73,41.34
719,54.77,78.73,41.34
708,54.77,78.73,41.34
548446,54.77,78.73,41.34
882517,54.77,78.73,41.34
248412,54.77,78.73,41.34
740391,54.77,78.73,41.34
350319,54.77,78.73,41.34
20628,54.77,78.73,41.34
68950,54.77,78.74,41.34
443429,54.77,78.74,41.34
865276,54.77,78.74,41.34
752931,54.77,78.74,41.34
952610,54.77,78.74,41.34
878155,54.77,78.74,41.34
89971,54.77,78.74,41.34
400037,54.77,78.74,41.34
293,54.77,78.73,41.34
708,54.77,78.73,41.34
679,54.77,78.74,41.34
696,54.77,78.73,41.35
684,54.77,78.74,41.35
685,54.77,78.73,41.35
670,54.77,78.74,41.35
678,54.77,78.74,41.35
647,54.77,78.74,41.35
16235,54.76,78.73,41.34
783,54.76,78.73,41.34
257734,54.77,78.73,41.34
786,54.76,78.73,41.34
9985,54.76,78.73,41.34
5769,54.76,78.73,41.34
757,54.76,78.73,41.34
185178,54.77,78.73,41.34
47890,54.77,78.73,41.34
583650,54.77,78.73,41.34
426146,54.77,78.73,41.34
852,54.76,78.73,41.33
31709,54.77,78.73,41.33
1111,54.76,78.73,41.33
25059,54.76,78.73,41.33
26767,54.77,78.73,41.33
253595,54.77,78.73,41.33
271029,54.77,78.73,41.33
420046,54.77,78.73,41.33
814,54.76,78.73,41.33
12344,54.77,78.73,41.33
83351,54.77,78.73,41.33
850,54.76,78.73,41.33
1639,54.77,78.73,41.33
18350,54.77,78.73,41.33
725423,54.77,78.73,41.34
917193,54.77,78.73,41.34
965206,54.77,78.74,41.34
913959,54.77,78.74,41.34
640913,54.77,78.73,41.33
922589,54.77,78.73,41.33
973472,54.77,78.73,41.33
781557,54.77,78.73,41.33
953666,54.77,78.73,41.33
982363,54.77,78.73,41.33
797702,54.77,78.73,41.34
640183,54.77,78.73,41.34
925814,54.77,78.73,41.34
926333,54.77,78.73,41.34
963713,54.77,78.73,41.34
625165,54.77,78.73,41.33
912700,54.77,78.73,41.33
958744,54.77,78.73,41.33
566357,54.77,78.73,41.33
814121,54.77,78.73,41.33
823809,54.77,78.73,41.33
941331,54.77,78.73,41.33
398289,54.77,78.73,41.33
176523,54.77,78.73,41.33
980371,54.77,78.73,41.33
993311,54.77,78.73,41.33
975102,54.77,78.73,41.33
994317,54.77,78.73,41.33
991852,54.77,78.73,41.33
989964,54.77,78.73,41.33
959663,54.77,78.73,41.34
982810,54.77,78.73,41.34
922131,54.77,78.74,41.34
964225,54.77,78.74,41.34
955908,54.77,78.73,41.33
981251,54.77,78.73,41.33
982316,54.77,78.74,41.34
980246,54.77,78.74,41.33
879053,54.77,78.73,41.33
992630,54.77,78.73,41.33
958756,54.77,78.73,41.33
996183,54.77,78.73,41.33
581,54.79,78.74,41.34
607,54.79,78.74,41.34
620,54.79,78.73,41.34
615,54.79,78.74,41.34
876,54.78,78.74,41.34
469,54.78,78.74,41.34
23825,54.78,78.74,41.34
4484,54.78,78.74,41.34
589,54.78,78.74,41.34
592,54.78,78.74,41.34
605,54.78,78.74,41.34
585,54.78,78.74,41.34
599,54.78,78.74,41.34
586,54.78,78.74,41.35
601,54.78,78.74,41.34
606,54.78,78.74,41.34
432,54.78,78.74,41.34
607,54.79,78.74,41.34
610,54.79,78.74,41.34
583,54.79,78.74,41.34
1971,54.79,78.74,41.34
631,54.79,78.73,41.34
606,54.79,78.74,41.34
563,54.79,78.74,41.34
504,54.79,78.74,41.34
624,54.79,78.73,41.34
625,54.79,78.73,41.34
624,54.79,78.73,41.34
40261,54.78,78.74,41.34
22081,54.78,78.74,41.34
6680,54.78,78.74,41.34
115202,54.78,78.74,41.34
62870,54.78,78.74,41.34
18964,54.78,78.74,41.33
3647,54.79,78.74,41.33
9214,54.78,78.74,41.33
2041,54.79,78.73,41.33
650,54.79,78.73,41.33
614,54.79,78.73,41.33
662,54.79,78.73,41.33
544,54.79,78.74,41.33
638,54.79,78.73,41.33
809,54.78,78.73,41.33
793,54.78,78.73,41.33
707,54.78,78.73,41.33
765,54.78,78.73,41.33
731,54.78,78.73,41.33
769,54.78,78.73,41.33
683,54.78,78.74,41.33
1948,54.78,78.74,41.33
675,54.79,78.73,41.33
650,54.79,78.73,41.33
833,54.78,78.73,41.32
871,54.78,78.73,41.32
787,54.79,78.73,41.33
734,54.79,78.73,41.33
758,54.79,78.73,41.33
700,54.79,78.73,41.33
680,54.79,78.73,41.33
872,54.78,78.73,41.32
853,54.78,78.73,41.32
814,54.79,78.73,41.32
629,54.77,78.74,41.35
587,54.78,78.74,41.35
619,54.77,78.74,41.35
596,54.78,78.74,41.35
582,54.78,78.74,41.35
586,54.78,78.74,41.35
591,54.78,78.74,41.35
3813,54.77,78.73,41.33
2598,54.77,78.73,41.33
1019,54.77,78.73,41.33
1482,54.78,78.73,41.33
892,54.77,78.73,41.32
892,54.77,78.73,41.32
965,54.77,78.73,41.32
928,54.78,78.73,41.32
405261,54.77,78.73,41.33
747490,54.77,78.73,41.33
583782,54.77,78.73,41.33
666324,54.78,78.73,41.33
53579,54.77,78.73,41.33
88713,54.77,78.73,41.33
39568,54.77,78.73,41.33
73622,54.78,78.73,41.33
994351,54.77,78.73,41.33
979618,54.78,78.73,41.33
992123,54.77,78.73,41.33
957450,54.78,78.73,41.33
942,54.77,78.73,41.32
950,54.78,78.73,41.32
948,54.78,78.73,41.32
948,54.78,78.73,41.32
944,54.78,78.73,41.32
946,54.78,78.73,41.32
944,54.78,78.73,41.32
941,54.77,78.73,41.32
917,54.77,78.73,41.32
934,54.77,78.73,41.32
941,54.77,78.73,41.32
941,54.77,78.73,41.32
1304,54.78,78.73,41.33
22243,54.78,78.73,41.33
118197,54.78,78.73,41.33
53679,54.78,78.73,41.33
552696,54.78,78.73,41.33
305122,54.78,78.73,41.33
38876,54.78,78.73,41.33
192700,54.78,78.73,41.33
491064,54.78,78.74,41.33
289062,54.78,78.74,41.33
931141,54.78,78.73,41.33
857402,54.78,78.73,41.33
903770,54.78,78.74,41.33
864422,54.78,78.73,41.33
724449,54.78,78.73,41.33
759428,54.78,78.74,41.33
594551,54.78,78.74,41.33
847,54.78,78.73,41.32
811,54.78,78.73,41.33
903,54.78,78.73,41.32
889,54.78,78.73,41.32
4179,54.78,78.73,41.33
1085,54.78,78.73,41.33
853,54.78,78.73,41.32
1201,54.78,78.73,41.33
10178,54.78,78.74,41.33
730,54.78,78.74,41.33
797,54.78,78.74,41.33
939,54.78,78.73,41.32
930,54.78,78.73,41.32
905,54.78,78.73,41.32
885,54.78,78.73,41.32
904,54.78,78.73,41.32
893,54.78,78.73,41.32
920,54.78,78.73,41.32
933,54.78,78.73,41.32
938,54.78,78.73,41.32
937,54.78,78.73,41.32
926,54.78,78.73,41.32
822,54.78,78.74,41.32
877,54.78,78.73,41.32
963010,54.77,78.74,41.34
994884,54.77,78.74,41.34
902157,54.77,78.74,41.34
994685,54.77,78.74,41.34
87589,54.77,78.74,41.34
150629,54.77,78.74,41.34
604227,54.77,78.74,41.34
350318,54.77,78.74,41.34
63,54.77,78.74,41.34
137,54.77,78.74,41.34
545,54.77,78.74,41.35
603,54.77,78.74,41.35
654,54.77,78.74,41.35
627,54.77,78.74,41.35
615,54.77,78.74,41.35
592,54.78,78.74,41.35
614,54.77,78.74,41.35
595,54.78,78.74,41.35
579,54.78,78.74,41.35
588,54.78,78.74,41.35
74,54.77,78.74,41.34
484,54.77,78.74,41.35
537,54.78,78.74,41.35
41,54.78,78.74,41.34
458,54.78,78.74,41.35
978260,54.77,78.74,41.34
970892,54.77,78.74,41.34
989985,54.77,78.74,41.34
967742,54.77,78.74,41.34
983842,54.77,78.74,41.34
974447,54.77,78.74,41.33
979781,54.78,78.73,41.33
957187,54.78,78.74,41.33
979643,54.78,78.73,41.33
949830,54.78,78.74,41.33
572,54.78,78.74,41.35
581,54.78,78.74,41.35
18446,54.78,78.74,41.34
100755,54.77,78.74,41.34
23840,54.78,78.74,41.34
13239,54.78,78.74,41.34
119,54.78,78.74,41.34
331,54.78,78.74,41.35
177122,54.78,78.74,41.34
464889,54.78,78.74,41.34
470110,54.77,78.74,41.34
968535,54.78,78.74,41.34
302833,54.78,78.74,41.34
889486,54.78,78.74,41.34
991196,54.78,78.74,41.34
947759,54.78,78.74,41.34
168061,54.78,78.74,41.34
608720,54.78,78.74,41.34
24961,54.78,78.74,41.34
143382,54.78,78.74,41.34
301077,54.78,78.74,41.34
59388,54.78,78.74,41.34
93538,54.78,78.74,41.34
220265,54.78,78.74,41.34
100706,54.78,78.74,41.34
36879,54.78,78.74,41.34
586,54.78,78.74,41.34
65,54.78,78.74,41.34
579,54.78,78.74,41.35
580,54.78,78.74,41.35
2051,54.78,78.74,41.34
399,54.78,78.74,41.34
578,54.78,78.74,41.35
4024,54.78,78.74,41.34
578,54.78,78.74,41.35
578,54.78,78.74,41.35
579,54.78,78.74,41.35
578,54.78,78.74,41.35
578,54.78,78.74,41.35
578,54.78,78.74,41.35
32,54.78,78.74,41.34
434,54.78,78.74,41.35
579,54.78,78.74,41.35
580,54.78,78.74,41.35
523242,54.78,78.74,41.33
423798,54.78,78.74,41.33
130830,54.78,78.74,41.33
51296,54.78,78.74,41.33
92887,54.78,78.74,41.33
300776,54.78,78.74,41.33
172443,54.78,78.74,41.33
18511,54.78,78.74,41.33
51318,54.78,78.74,41.33
871929,54.78,78.74,41.33
798596,54.78,78.74,41.33
837465,54.78,78.74,41.33
736256,54.78,78.74,41.33
918517,54.78,78.74,41.33
881441,54.78,78.74,41.34
777616,54.78,78.74,41.34
819232,54.78,78.74,41.34
676716,54.78,78.74,41.34
578779,54.78,78.74,41.34
503626,54.78,78.74,41.34
897703,54.78,78.74,41.34
822770,54.78,78.74,41.34
661036,54.78,78.74,41.34
973363,54.78,78.74,41.34
945928,54.78,78.74,41.34
982405,54.78,78.74,41.34
951471,54.78,78.74,41.34
964792,54.78,78.74,41.34
957871,54.78,78.74,41.33
938261,54.78,78.74,41.34
898266,54.78,78.74,41.34
836027,54.78,78.74,41.34
929609,54.78,78.74,41.33
890171,54.78,78.74,41.33
828560,54.78,78.74,41.33
351954,54.78,78.74,41.34
691131,54.78,78.74,41.34
687054,54.78,78.74,41.33
445769,54.78,78.74,41.34
329054,54.78,78.74,41.34
337907,54.78,78.74,41.33
173596,54.78,78.74,41.33
159436,54.78,78.74,41.34
262831,54.78,78.74,41.34
183820,54.78,78.74,41.34
581,54.78,78.74,41.35
585,54.78,78.74,41.35
579,54.78,78.74,41.35
664,54.77,78.74,41.35
659,54.77,78.74,41.35
628,54.77,78.74,41.35
674,54.77,78.74,41.35
657,54.77,78.74,41.35
649,54.77,78.74,41.35
866,54.76,78.73,41.33
835,54.77,78.73,41.33
859,54.76,78.73,41.33
787,54.77,78.73,41.33
804,54.77,78.73,41.33
2159,54.77,78.73,41.33
872,54.76,78.73,41.33
871,54.77,78.73,41.33
883,54.77,78.73,41.32
879,54.76,78.73,41.32
882,54.77,78.73,41.32
890,54.77,78.73,41.32
84766,54.77,78.73,41.33
339400,54.77,78.73,41.33
4866,54.77,78.73,41.33
46861,54.77,78.73,41.33
44279,54.77,78.73,41.33
180193,54.77,78.73,41.33
2903,54.77,78.73,41.33
834,54.77,78.73,41.33
1120,54.77,78.73,41.33
890,54.77,78.73,41.32
908,54.77,78.73,41.32
899,54.77,78.73,41.32
898,54.77,78.73,41.32
895,54.77,78.73,41.32
894,54.77,78.73,41.32
869,54.77,78.73,41.32
853,54.77,78.73,41.32
895,54.77,78.73,41.32
923,54.77,78.73,41.32
919,54.77,78.73,41.32
923,54.77,78.73,41.32
910,54.77,78.73,41.32
908,54.77,78.73,41.32
897,54.77,78.73,41.32
902,54.77,78.73,41.32
908,54.77,78.73,41.32
749,54.76,78.73,41.34
798,54.76,78.73,41.34
780,54.76,78.73,41.34
786,54.76,78.73,41.34
887,54.76,78.73,41.33
828,54.76,78.73,41.33
807,54.76,78.73,41.33
815,54.76,78.73,41.33
834,54.76,78.73,41.33
846,54.76,78.73,41.33
756,54.76,78.73,41.34
768,54.76,78.73,41.34
745,54.76,78.73,41.34
747,54.76,78.73,41.34
677,54.76,78.73,41.34
756,54.76,78.73,41.34
759,54.76,78.73,41.34
89777,54.77,78.73,41.34
1098,54.77,78.73,41.34
735,54.77,78.73,41.34
10974,54.77,78.73,41.34
710,54.77,78.73,41.34
725,54.77,78.73,41.34
25155,54.77,78.73,41.34
171,54.77,78.73,41.34
725,54.77,78.73,41.34
721,54.77,78.74,41.34
720,54.77,78.73,41.34
708,54.77,78.74,41.34
711,54.77,78.73,41.35
705,54.77,78.74,41.35
321887,54.77,78.74,41.34
722141,54.77,78.74,41.34
123353,54.77,78.74,41.34
500697,54.77,78.74,41.34
162225,54.77,78.74,41.34
13979,54.77,78.74,41.34
49001,54.77,78.74,41.34
284917,54.77,78.74,41.34
715609,54.77,78.74,41.34
584215,54.77,78.74,41.34
871373,54.77,78.74,41.34
758201,54.77,78.74,41.34
77185,54.77,78.74,41.34
314169,54.77,78.74,41.34
362,54.77,78.74,41.34
684,54.77,78.74,41.35
699,54.77,78.73,41.35
30,54.77,78.74,41.34
665,54.77,78.74,41.35
684,54.77,78.74,41.35
691,54.77,78.74,41.35
677,54.77,78.74,41.35
70,54.77,78.74,41.34
580,54.77,78.74,41.35
5797,54.76,78.73,41.34
133477,54.76,78.73,41.34
2184,54.76,78.73,41.34
924,54.76,78.73,41.34
755,54.76,78.73,41.34
80320,54.76,78.73,41.34
19116,54.76,78.73,41.34
346517,54.77,78.73,41.34
223750,54.77,78.73,41.34
19031,54.76,78.73,41.33
11881,54.76,78.73,41.33
25934,54.76,78.73,41.33
151628,54.77,78.73,41.33
151077,54.76,78.73,41.33
228046,54.77,78.73,41.33
7614,54.76,78.73,41.33
70606,54.77,78.73,41.33
1088,54.76,78.73,41.33
22093,54.77,78.73,41.33
497917,54.77,78.74,41.34
814329,54.77,78.74,41.34
916460,54.77,78.74,41.34
830363,54.77,78.74,41.34
435217,54.77,78.73,41.33
810604,54.77,78.73,41.33
925867,54.77,78.73,41.33
555612,54.77,78.73,41.33
879777,54.77,78.73,41.33
949076,54.77,78.73,41.33
601837,54.77,78.74,41.34
411441,54.77,78.73,41.34
848364,54.77,78.74,41.34
815843,54.77,78.73,41.34
923510,54.77,78.73,41.34
417877,54.77,78.73,41.33
798981,54.77,78.73,41.33
914548,54.77,78.73,41.33
425298,54.77,78.73,41.33
693462,54.77,78.73,41.33
661415,54.77,78.73,41.33
864511,54.77,78.73,41.33
275470,54.77,78.73,41.33
135201,54.77,78.73,41.33
949536,54.77,78.73,41.33
980517,54.77,78.73,41.33
933964,54.77,78.73,41.33
979560,54.77,78.73,41.33
981480,54.77,78.74,41.33
979442,54.77,78.74,41.33
920187,54.77,78.74,41.34
960631,54.77,78.74,41.34
855969,54.77,78.74,41.34
924858,54.77,78.74,41.34
913021,54.77,78.74,41.33
957232,54.77,78.74,41.33
963100,54.77,78.74,41.34
959692,54.77,78.74,41.33
764933,54.77,78.73,41.33
932198,54.77,78.73,41.33
890625,54.77,78.73,41.33
975964,54.77,78.73,41.33
617,54.79,78.74,41.34
614,54.79,78.74,41.34
620,54.79,78.74,41.34
616,54.79,78.74,41.34
484,54.79,78.74,41.34
557,54.79,78.74,41.34
4508,54.78,78.74,41.34
188,54.78,78.74,41.34
592,54.78,78.74,41.34
592,54.78,78.74,41.34
599,54.78,78.74,41.34
587,54.78,78.74,41.34
600,54.78,78.74,41.34
595,54.78,78.74,41.34
588,54.78,78.74,41.35
603,54.79,78.74,41.34
604,54.79,78.74,41.34
605,54.79,78.74,41.34
594,54.78,78.74,41.34
608,54.79,78.74,41.34
610,54.79,78.74,41.34
607,54.79,78.74,41.34
584,54.78,78.74,41.35
595,54.79,78.74,41.34
507,54.79,78.74,41.34
636,54.79,78.73,41.33
630,54.79,78.73,41.34
618,54.79,78.74,41.34
621,54.79,78.74,41.34
543,54.79,78.74,41.34
598,54.79,78.74,41.34
627,54.79,78.73,41.34
624,54.79,78.74,41.34
9546,54.79,78.74,41.34
3996,54.79,78.74,41.34
778,54.79,78.74,41.34
39234,54.78,78.74,41.34
17866,54.78,78.74,41.34
3975,54.79,78.74,41.33
554,54.79,78.74,41.33
1789,54.79,78.74,41.33
535,54.79,78.73,41.33
556,54.79,78.73,41.33
652,54.79,78.73,41.33
576,54.79,78.74,41.33
792,54.78,78.73,41.33
783,54.79,78.73,41.33
708,54.78,78.74,41.33
745,54.78,78.74,41.33
721,54.79,78.73,41.33
749,54.79,78.73,41.33
614,54.79,78.74,41.33
661,54.79,78.74,41.33
654,54.79,78.73,41.33
621,54.79,78.73,41.33
818,54.78,78.73,41.32
872,54.78,78.73,41.32
854,54.78,78.73,41.32
808,54.79,78.73,41.32
873,54.79,78.73,41.32
768,54.79,78.73,41.33
794,54.79,78.73,41.32
723,54.79,78.73,41.33
745,54.79,78.73,41.33
681,54.79,78.73,41.33
836,54.79,78.73,41.32
627,54.77,78.74,41.35
626,54.77,78.74,41.35
635,54.77,78.74,41.35
626,54.77,78.74,41.35
615,54.77,78.74,41.35
591,54.78,78.74,41.35
608,54.78,78.74,41.35
611,54.78,78.74,41.35
584,54.78,78.74,41.35
589,54.78,78.74,41.35
598,54.78,78.74,41.35
602,54.78,78.74,41.35
593,54.78,78.74,41.35
946,54.78,78.73,41.32
926,54.77,78.73,41.32
17176,54.77,78.73,41.33
7838,54.77,78.73,41.33
2334,54.77,78.73,41.33
1267,54.78,78.73,41.33
1066,54.77,78.73,41.32
912,54.77,78.73,41.32
907,54.77,78.73,41.32
913,54.78,78.73,41.32
444183,54.77,78.73,41.33
602855,54.77,78.73,41.33
742615,54.77,78.73,41.33
404041,54.78,78.73,41.33
190306,54.77,78.73,41.33
75993,54.77,78.73,41.33
95999,54.77,78.73,41.33
26967,54.78,78.73,41.33
983671,54.77,78.74,41.33
979872,54.78,78.73,41.33
971035,54.77,78.74,41.33
972525,54.78,78.73,41.33
936,54.77,78.73,41.32
943,54.78,78.73,41.32
903,54.77,78.73,41.32
951,54.78,78.73,41.32
948,54.78,78.73,41.32
945,54.78,78.73,41.32
949,54.78,78.73,41.32
917,54.77,78.73,41.32
939,54.77,78.73,41.32
924,54.77,78.73,41.32
934,54.77,78.73,41.32
948,54.78,78.73,41.32
935,54.77,78.73,41.32
939,54.77,78.73,41.32
949,54.78,78.73,41.32
26861,54.78,78.74,41.33
120054,54.78,78.74,41.33
124300,54.78,78.73,41.33
127485,54.78,78.73,41.33
558542,54.78,78.73,41.33
452229,54.78,78.73,41.33
116888,54.78,78.74,41.33
352522,54.78,78.74,41.33
626386,54.78,78.74,41.33
455989,54.78,78.74,41.33
940345,54.78,78.74,41.33
876100,54.78,78.74,41.33
863278,54.78,78.74,41.33
898548,54.78,78.74,41.33
743873,54.78,78.74,41.33
776816,54.78,78.74,41.33
639514,54.78,78.74,41.33
794,54.78,78.74,41.32
1259,54.78,78.74,41.33
796,54.78,78.73,41.32
860,54.78,78.73,41.32
7386,54.78,78.73,41.33
8716,54.78,78.73,41.33
1037,54.78,78.74,41.32
16590,54.78,78.74,41.33
71121,54.78,78.74,41.33
3833,54.78,78.74,41.33
15900,54.78,78.74,41.33
663,54.78,78.74,41.33
1194,54.78,78.74,41.33
780,54.78,78.74,41.33
701,54.78,78.74,41.32
870,54.78,78.74,41.32
911,54.78,78.73,41.32
915,54.78,78.73,41.32
940,54.78,78.73,41.32
873,54.78,78.74,41.32
897,54.78,78.73,41.32
890,54.78,78.73,41.32
916,54.78,78.73,41.32
905,54.78,78.74,41.32
938,54.78,78.73,41.32
941,54.78,78.73,41.32
922,54.78,78.74,41.32
805,54.78,78.74,41.32
868,54.78,78.74,41.32
848,54.78,78.74,41.32
851,54.78,78.74,41.32
879,54.78,78.74,41.32
929,54.78,78.73,41.32
900,54.79,78.73,41.32
877374,54.77,78.74,41.34
979624,54.77,78.74,41.34
684212,54.77,78.74,41.34
955701,54.77,78.74,41.34
85291,54.77,78.74,41.34
69412,54.77,78.74,41.34
394964,54.77,78.74,41.34
296156,54.77,78.74,41.34
165,54.77,78.74,41.34
86,54.77,78.74,41.34
480,54.77,78.74,41.35
473,54.77,78.74,41.35
652,54.77,78.74,41.35
632,54.77,78.74,41.35
617,54.77,78.74,41.35
582,54.78,78.74,41.35
617,54.77,78.74,41.35
597,54.78,78.74,41.35
544,54.78,78.74,41.35
581,54.78,78.74,41.35
262,54.77,78.74,41.34
143,54.78,78.74,41.34
438,54.77,78.74,41.35
332,54.78,78.74,41.35
350,54.78,78.74,41.34
74,54.78,78.74,41.35
964168,54.77,78.74,41.34
926612,54.77,78.74,41.34
976980,54.77,78.74,41.34
932436,54.77,78.74,41.34
971228,54.77,78.74,41.34
959443,54.77,78.74,41.33
971460,54.77,78.74,41.33
951338,54.78,78.74,41.33
972151,54.77,78.74,41.33
946414,54.78,78.74,41.33
568,54.78,78.74,41.35
579,54.78,78.74,41.35
240,54.78,78.74,41.34
167,54.78,78.74,41.35
492,54.78,78.74,41.35
553,54.78,78.74,41.35
590,54.78,78.74,41.35
30336,54.78,78.74,41.34
31520,54.78,78.74,41.34
55998,54.77,78.74,41.34
39485,54.78,78.74,41.34
351391,54.77,78.74,41.34
14330,54.78,78.74,41.34
2095,54.78,78.74,41.34
154,54.78,78.74,41.35
179504,54.78,78.74,41.34
451282,54.78,78.74,41.34
933975,54.77,78.74,41.34
989605,54.77,78.74,41.34
296811,54.78,78.74,41.34
167717,54.78,78.74,41.34
884900,54.78,78.74,41.34
971150,54.78,78.74,41.34
597782,54.78,78.74,41.34
844268,54.78,78.74,41.34
44757,54.78,78.74,41.34
27579,54.78,78.74,41.34
166879,54.78,78.74,41.34
334134,54.78,78.74,41.34
116254,54.78,78.74,41.34
184708,54.78,78.74,41.34
332638,54.78,78.74,41.34
104087,54.78,78.74,41.34
202866,54.78,78.74,41.34
40912,54.78,78.74,41.34
12945,54.78,78.74,41.34
585,54.78,78.74,41.34
424,54.78,78.74,41.34
580,54.78,78.74,41.35
209,54.78,78.74,41.34
486,54.78,78.74,41.34
574,54.78,78.74,41.35
86,54.78,78.74,41.34
579,54.78,78.74,41.35
578,54.78,78.74,41.35
579,54.78,78.74,41.35
578,54.78,78.74,41.35
577,54.78,78.74,41.35
579,54.78,78.74,41.35
580,54.78,78.74,41.35
97,54.78,78.74,41.34
219,54.78,78.74,41.35
578,54.78,78.74,41.35
579,54.78,78.74,41.35
650951,54.78,78.74,41.33
305736,54.78,78.74,41.33
575996,54.78,78.74,41.33
245977,54.78,78.74,41.33
166594,54.78,78.74,41.33
132571,54.78,78.74,41.33
49997,54.78,78.74,41.33
14860,54.79,78.74,41.33
35074,54.78,78.74,41.33
464807,54.78,78.74,41.33
324184,54.78,78.74,41.33
169766,54.78,78.74,41.33
93504,54.78,78.74,41.33
42017,54.78,78.74,41.33
86403,54.78,78.74,41.33
6567,54.78,78.74,41.33
17909,54.78,78.74,41.33
864382,54.78,78.74,41.33
803122,54.78,78.74,41.33
833209,54.78,78.74,41.33
755458,54.78,78.74,41.33
647875,54.78,78.74,41.33
703228,54.78,78.74,41.33
914650,54.78,78.74,41.33
861091,54.78,78.74,41.33
897491,54.78,78.74,41.33
834442,54.78,78.74,41.33
872839,54.78,78.74,41.34
773282,54.78,78.74,41.34
665946,54.78,78.74,41.34
632167,54.78,78.74,41.34
513834,54.78,78.74,41.34
888018,54.78,78.74,41.34
815655,54.78,78.74,41.34
694721,54.78,78.74,41.34
976384,54.77,78.74,41.34
968954,54.77,78.74,41.34
945223,54.78,78.74,41.34
952748,54.78,78.74,41.34
885415,54.78,78.74,41.34
875275,54.78,78.74,41.34
955504,54.77,78.74,41.34
947111,54.77,78.74,41.33
935237,54.78,78.74,41.34
925330,54.78,78.74,41.33
881217,54.78,78.74,41.34
873436,54.78,78.74,41.33
886729,54.78,78.74,41.34
830569,54.78,78.74,41.34
879761,54.78,78.74,41.33
826581,54.78,78.74,41.33
726579,54.78,78.74,41.34
727373,54.78,78.74,41.33
462023,54.78,78.74,41.34
538225,54.78,78.74,41.34
307075,54.78,78.74,41.34
376818,54.78,78.74,41.34
456692,54.78,78.74,41.33
68347,54.78,78.74,41.33
58684,54.78,78.74,41.34
134954,54.78,78.74,41.34
84131,54.78,78.74,41.34
580,54.78,78.74,41.35
583,54.78,78.74,41.35
582,54.78,78.74,41.35
579,54.78,78.74,41.35
579,54.78,78.74,41.35
579,54.78,78.74,41.35
584,54.78,78.74,41.35
683,54.77,78.74,41.35
679,54.77,78.74,41.35
672,54.77,78.74,41.35
669,54.77,78.74,41.35
653,54.77,78.74,41.35
657,54.77,78.74,41.35
639,54.77,78.74,41.35
663,54.77,78.74,41.35
645,54.77,78.74,41.35
862,54.76,78.73,41.33
855,54.76,78.73,41.33
867,54.76,78.73,41.33
801,54.76,78.73,41.33
776,54.76,78.73,41.33
815,54.77,78.73,41.33
2884,54.77,78.73,41.33
875,54.76,78.73,41.32
870,54.76,78.73,41.33
870,54.76,78.73,41.33
865,54.77,78.73,41.33
876,54.77,78.73,41.32
873,54.76,78.73,41.32
887,54.76,78.73,41.32
887,54.77,78.73,41.32
123978,54.77,78.73,41.33
333101,54.77,78.73,41.33
10094,54.77,78.73,41.33
46848,54.77,78.73,41.33
53833,54.77,78.73,41.33
161258,54.77,78.73,41.33
10839,54.77,78.73,41.33
846,54.77,78.73,41.33
2013,54.77,78.73,41.33
977,54.77,78.73,41.32
894,54.77,78.73,41.32
887,54.77,78.73,41.32
832,54.77,78.73,41.32
838,54.77,78.73,41.32
889,54.77,78.73,41.32
887,54.77,78.73,41.32
887,54.77,78.73,41.32
893,54.77,78.73,41.32
901,54.77,78.73,41.32
905,54.77,78.73,41.32
921,54.77,78.73,41.32
896,54.76,78.73,41.32
907,54.77,78.73,41.32
913,54.77,78.73,41.32
801,54.76,78.73,41.34
778,54.76,78.73,41.34
796,54.76,78.73,41.34
765,54.76,78.73,41.34
760,54.76,78.73,41.34
782,54.76,78.73,41.34
790,54.76,78.73,41.34
774,54.76,78.73,41.33
743,54.76,78.73,41.33
1100,54.76,78.73,41.33
825,54.76,78.73,41.33
807,54.76,78.73,41.33
814,54.76,78.73,41.33
785,54.76,78.73,41.33
832,54.76,78.73,41.33
835,54.76,78.73,41.33
844,54.76,78.73,41.33
770,54.76,78.73,41.34
763,54.76,78.73,41.34
752,54.76,78.73,41.34
767,54.76,78.73,41.34
584,54.76,78.74,41.34
739,54.76,78.73,41.34
748,54.76,78.73,41.34
666,54.76,78.74,41.34
754,54.76,78.73,41.34
759,54.76,78.73,41.34
753,54.76,78.73,41.34
741,54.76,78.73,41.34
46266,54.76,78.74,41.34
6290,54.76,78.74,41.34
448,54.77,78.73,41.34
688,54.77,78.74,41.34
719,54.76,78.73,41.34
17892,54.77,78.74,41.34
215,54.77,78.74,41.34
734,54.76,78.73,41.34
727,54.77,78.74,41.34
727,54.76,78.73,41.34
724,54.77,78.74,41.34
713,54.77,78.74,41.35
715,54.77,78.73,41.35
721,54.76,78.73,41.35
704,54.77,78.74,41.35
708,54.77,78.74,41.35
701,54.77,78.74,41.35
189056,54.77,78.74,41.34
525747,54.77,78.74,41.34
66246,54.77,78.74,41.34
312271,54.77,78.74,41.34
91019,54.77,78.74,41.34
9495,54.77,78.74,41.34
36035,54.77,78.74,41.34
187751,54.77,78.74,41.34
582338,54.77,78.74,41.34
427808,54.77,78.74,41.34
762102,54.77,78.74,41.34
610910,54.77,78.74,41.34
63896,54.77,78.74,41.34
242568,54.77,78.74,41.34
451,54.77,78.74,41.34
667,54.77,78.74,41.35
70,54.77,78.74,41.34
627,54.77,78.74,41.35
692,54.77,78.74,41.35
694,54.77,78.74,41.35
678,54.77,78.74,41.35
228,54.77,78.74,41.34
472,54.77,78.74,41.35
668,54.77,78.74,41.35
2663,54.76,78.73,41.34
73635,54.76,78.74,41.34
694,54.76,78.73,41.34
695,54.76,78.73,41.34
42292,54.76,78.74,41.34
11200,54.76,78.74,41.34
203288,54.76,78.74,41.34
120170,54.76,78.74,41.34
11301,54.76,78.73,41.33
8362,54.76,78.73,41.33
14439,54.76,78.73,41.33
101532,54.76,78.73,41.33
88123,54.76,78.74,41.33
136756,54.76,78.73,41.33
5675,54.76,78.73,41.33
57307,54.76,78.73,41.33
1049,54.76,78.73,41.33
21215,54.76,78.73,41.33
321693,54.77,78.74,41.34
659599,54.77,78.74,41.34
838060,54.77,78.74,41.34
711650,54.77,78.74,41.34
298319,54.77,78.73,41.33
656738,54.77,78.73,41.33
850109,54.77,78.73,41.33
376168,54.77,78.73,41.33
749111,54.77,78.73,41.33
892978,54.77,78.73,41.33
419690,54.77,78.74,41.34
258653,54.76,78.74,41.34
722776,54.77,78.74,41.34
641092,54.77,78.74,41.34
855085,54.77,78.74,41.34
273445,54.76,78.74,41.33
634455,54.77,78.74,41.33
842615,54.77,78.74,41.33
760237,54.77,78.74,41.34
328871,54.77,78.73,41.33
584907,54.77,78.73,41.33
510272,54.77,78.73,41.33
759929,54.77,78.73,41.33
198872,54.77,78.73,41.33
106959,54.77,78.73,41.33
898920,54.77,78.74,41.33
953675,54.77,78.74,41.33
869679,54.77,78.74,41.33
945400,54.77,78.74,41.33
955099,54.77,78.74,41.33
957280,54.77,78.74,41.33
852866,54.77,78.74,41.33
861732,54.77,78.74,41.34
922196,54.77,78.74,41.34
862299,54.77,78.74,41.34
916502,54.77,78.74,41.33
926860,54.77,78.74,41.34
921716,54.77,78.74,41.33
669624,54.77,78.74,41.33
839566,54.77,78.74,41.33
806464,54.77,78.74,41.33
922868,54.77,78.74,41.33
616,54.79,78.74,41.34
614,54.79,78.74,41.34
618,54.79,78.74,41.34
516,54.79,78.74,41.34
527,54.79,78.74,41.34
233,54.79,78.74,41.34
432,54.79,78.74,41.34
596,54.78,78.74,41.34
600,54.79,78.74,41.34
593,54.78,78.74,41.34
599,54.78,78.74,41.34
589,54.78,78.74,41.35
594,54.79,78.74,41.34
604,54.79,78.74,41.34
604,54.79,78.74,41.34
601,54.79,78.74,41.34
602,54.79,78.74,41.34
584,54.78,78.74,41.35
609,54.79,78.74,41.34
606,54.79,78.74,41.34
609,54.79,78.74,41.34
585,54.79,78.74,41.35
647,54.79,78.73,41.33
596,54.79,78.74,41.34
544,54.79,78.74,41.34
578,54.79,78.74,41.33
490,54.79,78.74,41.33
632,54.79,78.73,41.34
617,54.79,78.74,41.34
618,54.79,78.74,41.34
608,54.79,78.74,41.34
615,54.79,78.74,41.34
626,54.79,78.74,41.34
26152,54.79,78.74,41.33
4356,54.79,78.74,41.33
19767,54.79,78.74,41.34
2839,54.79,78.74,41.34
620,54.79,78.74,41.34
404,54.79,78.74,41.34
12551,54.79,78.74,41.34
4832,54.79,78.74,41.34
509,54.79,78.74,41.33
634,54.79,78.74,41.33
774,54.79,78.74,41.33
800,54.79,78.74,41.32
764,54.79,78.74,41.33
789,54.79,78.74,41.32
707,54.79,78.74,41.33
726,54.79,78.74,41.33
704,54.79,78.74,41.33
722,54.79,78.74,41.33
624,54.79,78.74,41.33
838,54.79,78.74,41.32
873,54.79,78.74,41.32
837,54.79,78.73,41.32
758,54.79,78.73,41.33
719,54.79,78.73,41.33
669,54.79,78.73,41.33
798,54.79,78.73,41.32
635,54.77,78.74,41.35
623,54.77,78.74,41.35
640,54.77,78.74,41.35
624,54.77,78.74,41.35
638,54.77,78.74,41.35
604,54.78,78.74,41.35
611,54.78,78.74,41.35
625,54.77,78.74,41.35
625,54.77,78.74,41.35
590,54.78,78.74,41.35
598,54.78,78.74,41.35
602,54.78,78.74,41.35
613,54.78,78.74,41.36
597,54.78,78.74,41.36
588,54.78,78.74,41.36
592,54.78,78.74,41.35
591,54.78,78.74,41.36
946,54.78,78.73,41.32
948,54.78,78.73,41.32
949,54.78,78.73,41.32
928,54.77,78.73,41.32
927,54.77,78.73,41.32
919,54.77,78.73,41.32
937,54.77,78.73,41.32
940,54.78,78.73,41.32
44676,54.77,78.74,41.33
2007,54.77,78.74,41.32
25003,54.77,78.74,41.33
6946,54.77,78.74,41.33
779,54.78,78.73,41.33
1635,54.77,78.74,41.32
973,54.77,78.74,41.32
918,54.78,78.73,41.32
226149,54.77,78.74,41.33
436341,54.77,78.74,41.33
511693,54.77,78.74,41.33
724298,54.77,78.74,41.33
571109,54.78,78.73,41.33
183598,54.77,78.74,41.33
122438,54.77,78.74,41.33
43676,54.78,78.73,41.33
952264,54.77,78.74,41.33
979019,54.77,78.74,41.33
900792,54.77,78.74,41.33
972666,54.77,78.74,41.33
953239,54.78,78.74,41.33
916267,54.78,78.74,41.33
959,54.77,78.74,41.32
908,54.78,78.73,41.32
924,54.77,78.74,41.32
917,54.77,78.74,41.32
910,54.77,78.74,41.32
929,54.78,78.73,41.32
928,54.77,78.73,41.32
951,54.78,78.73,41.32
933,54.77,78.73,41.32
951,54.78,78.73,41.32
1311,54.78,78.74,41.33
648,54.78,78.74,41.33
752,54.78,78.74,41.33
776,54.78,78.74,41.32
98458,54.78,78.74,41.33
260002,54.78,78.74,41.33
47262,54.78,78.74,41.33
431353,54.78,78.74,41.33
181530,54.78,78.74,41.33
493614,54.78,78.74,41.33
193674,54.78,78.74,41.33
429351,54.78,78.74,41.33
677846,54.78,78.74,41.33
540732,54.78,78.74,41.33
565952,54.78,78.74,41.33
438050,54.78,78.74,41.33
790604,54.78,78.74,41.33
2730,54.78,78.74,41.32
24397,54.78,78.74,41.33
217,54.78,78.74,41.32
5012,54.78,78.74,41.33
765,54.78,78.74,41.32
25454,54.78,78.74,41.33
3739,54.78,78.74,41.32
49115,54.78,78.74,41.33
185368,54.78,78.74,41.33
80622,54.78,78.74,41.33
38012,54.78,78.74,41.33
6777,54.78,78.74,41.33
1964,54.78,78.74,41.33
17883,54.78,78.74,41.33
7335,54.78,78.74,41.32
27171,54.78,78.74,41.33
1049,54.78,78.74,41.33
689,54.78,78.74,41.32
773,54.78,78.74,41.33
646,54.78,78.74,41.32
787,54.78,78.74,41.32
705,54.78,78.74,41.32
838,54.78,78.74,41.32
842,54.78,78.74,41.32
921,54.78,78.74,41.32
767,54.78,78.74,41.32
899,54.78,78.74,41.32
879,54.78,78.74,41.32
917,54.78,78.74,41.32
944,54.78,78.74,41.32
888,54.78,78.74,41.32
709,54.78,78.74,41.32
789,54.78,78.74,41.32
833,54.78,78.74,41.32
931,54.78,78.74,41.32
870,54.79,78.73,41.32
897,54.79,78.74,41.32
912,54.79,78.73,41.32
924,54.78,78.73,41.32
907,54.78,78.74,41.32
775514,54.77,78.74,41.34
932517,54.77,78.74,41.34
560019,54.77,78.74,41.34
814728,54.77,78.74,41.34
850619,54.77,78.74,41.34
973341,54.77,78.74,41.34
76151,54.77,78.74,41.34
60238,54.77,78.74,41.34
231627,54.77,78.74,41.34
247152,54.77,78.74,41.34
352,54.77,78.74,41.34
143,54.77,78.74,41.34
407,54.77,78.74,41.35
296,54.77,78.74,41.35
656,54.77,78.74,41.35
643,54.77,78.74,41.35
636,54.77,78.74,41.35
619,54.77,78.74,41.35
608,54.77,78.74,41.35
584,54.77,78.74,41.35
591,54.77,78.74,41.35
558,54.78,78.74,41.35
579,54.78,78.74,41.35
229,54.77,78.74,41.34
283,54.77,78.74,41.35
410,54.77,78.74,41.34
369,54.77,78.74,41.35
441,54.78,78.74,41.34
111,54.78,78.74,41.35
935706,54.77,78.74,41.34
934126,54.77,78.74,41.34
929056,54.77,78.74,41.33
923650,54.77,78.74,41.33
854545,54.77,78.74,41.34
945567,54.77,78.74,41.34
874031,54.77,78.74,41.34
947058,54.77,78.74,41.34
954319,54.77,78.74,41.34
952878,54.77,78.74,41.34
930982,54.77,78.74,41.33
424,54.78,78.74,41.35
566,54.78,78.74,41.35
503,54.78,78.74,41.35
579,54.78,78.74,41.35
6056,54.78,78.74,41.34
359,54.78,78.74,41.34
353,54.78,78.74,41.35
64,54.78,78.74,41.35
514,54.78,78.74,41.35
549,54.78,78.74,41.35
442,54.78,78.74,41.35
504,54.78,78.74,41.35
582,54.78,78.74,41.35
588,54.78,78.74,41.35
83727,54.78,78.74,41.34
15402,54.78,78.74,41.34
27918,54.78,78.74,41.34
50182,54.78,78.74,41.34
109335,54.78,78.74,41.34
37365,54.78,78.74,41.34
230264,54.77,78.74,41.34
29945,54.77,78.74,41.34
31742,54.77,78.74,41.34
243396,54.77,78.74,41.34
13463,54.78,78.74,41.34
156299,54.78,78.74,41.34
1542,54.78,78.74,41.34
157,54.78,78.74,41.35
5242,54.78,78.74,41.34
368,54.78,78.74,41.35
155009,54.78,78.74,41.34
427939,54.78,78.74,41.34
641885,54.78,78.74,41.34
342404,54.78,78.74,41.34
512826,54.78,78.74,41.34
725299,54.78,78.74,41.34
60010,54.78,78.74,41.34
155276,54.78,78.74,41.34
54460,54.78,78.74,41.34
150860,54.78,78.74,41.34
121780,54.78,78.74,41.34
50789,54.78,78.74,41.34
283911,54.78,78.74,41.34
54662,54.78,78.74,41.34
21052,54.78,78.74,41.34
16026,54.79,78.74,41.34
4300,54.79,78.74,41.34
237,54.78,78.74,41.34
584,54.78,78.74,41.34
491,54.78,78.74,41.34
579,54.78,78.74,41.35
553,54.78,78.74,41.34
574,54.78,78.74,41.35
6753,54.78,78.74,41.34
131,54.78,78.74,41.34
194,54.79,78.74,41.34
397,54.79,78.74,41.34
580,54.78,78.74,41.35
579,54.78,78.74,41.35
578,54.78,78.74,41.35
579,54.78,78.74,41.35
580,54.78,78.74,41.35
370,54.78,78.74,41.34
57,54.78,78.74,41.35
177,54.78,78.74,41.34
51,54.78,78.74,41.35
578,54.78,78.74,41.35
578,54.78,78.74,41.35
578,54.78,78.74,41.35
578,54.78,78.74,41.35
416273,54.78,78.74,41.33
22139,54.79,78.74,41.33
278898,54.78,78.74,41.33
7999,54.79,78.74,41.33
877119,54.78,78.74,41.33
735382,54.78,78.74,41.33
182159,54.78,78.74,41.34
239318,54.78,78.74,41.34
930058,54.78,78.74,41.34
721762,54.78,78.74,41.34
898137,54.78,78.74,41.33
769088,54.78,78.74,41.33
482844,54.78,78.74,41.34
562345,54.78,78.74,41.33
194900,54.78,78.74,41.33
101285,54.78,78.74,41.34
145463,54.78,78.74,41.34
67345,54.79,78.74,41.34
37494,54.79,78.74,41.34
580,54.78,78.74,41.35
581,54.78,78.74,41.35
581,54.78,78.74,41.35
579,54.78,78.74,41.35
580,54.79,78.74,41.35
579,54.78,78.74,41.35
579,54.79,78.74,41.35
583,54.78,78.74,41.35
582,54.78,78.74,41.36
584,54.78,78.74,41.36
679,54.77,78.74,41.35
675,54.77,78.74,41.35
688,54.77,78.74,41.35
676,54.77,78.74,41.35
661,54.77,78.74,41.35
651,54.77,78.74,41.35
642,54.77,78.74,41.35
659,54.77,78.74,41.35
665,54.77,78.74,41.35
657,54.77,78.74,41.35
653,54.77,78.74,41.35
851,54.76,78.73,41.33
849,54.76,78.73,41.33
854,54.76,78.73,41.33
866,54.76,78.73,41.33
864,54.76,78.73,41.33
877,54.76,78.73,41.32
886,54.76,78.73,41.32
756,54.76,78.73,41.33
739,54.76,78.73,41.33
947,54.76,78.73,41.33
2897,54.76,78.73,41.33
868,54.76,78.73,41.32
864,54.76,78.73,41.33
861,54.76,78.73,41.33
869,54.76,78.73,41.32
887,54.76,78.73,41.32
133540,54.77,78.74,41.33
298428,54.77,78.74,41.33
18730,54.77,78.73,41.33
47612,54.77,78.73,41.33
61236,54.77,78.74,41.33
142663,54.77,78.74,41.33
21017,54.77,78.74,41.33
1007,54.77,78.73,41.33
726,54.77,78.73,41.32
3045,54.77,78.74,41.33
888,54.77,78.74,41.32
2015,54.77,78.74,41.32
895,54.77,78.73,41.32
897,54.77,78.74,41.32
885,54.77,78.73,41.32
896,54.77,78.74,41.32
885,54.77,78.73,41.32
910,54.77,78.73,41.32
897,54.76,78.73,41.32
891,54.76,78.73,41.32
904,54.76,78.73,41.32
902,54.77,78.73,41.32
913,54.77,78.73,41.32
909,54.77,78.73,41.32
915,54.77,78.73,41.32
796,54.76,78.73,41.34
800,54.76,78.73,41.34
776,54.76,78.73,41.34
773,54.76,78.73,41.34
779,54.76,78.73,41.34
782,54.76,78.73,41.34
790,54.76,78.73,41.34
786,54.76,78.73,41.34
728,54.76,78.73,41.33
763,54.76,78.73,41.33
716,54.76,78.73,41.33
807,54.76,78.73,41.33
826,54.76,78.73,41.33
793,54.76,78.73,41.33
818,54.76,78.73,41.33
795,54.76,78.73,41.33
825,54.76,78.73,41.33
834,54.76,78.73,41.33
842,54.76,78.73,41.33
773,54.76,78.73,41.34
772,54.76,78.73,41.34
763,54.76,78.74,41.34
764,54.76,78.73,41.34
752,54.76,78.74,41.34
614,54.76,78.74,41.34
740,54.76,78.74,41.34
748,54.76,78.73,41.34
732,54.76,78.74,41.34
710,54.76,78.74,41.34
750,54.76,78.74,41.34
747,54.76,78.74,41.34
753,54.76,78.73,41.34
744,54.76,78.73,41.34
23623,54.76,78.74,41.34
2385,54.76,78.74,41.34
427,54.76,78.74,41.34
618,54.76,78.74,41.34
8640,54.77,78.74,41.34
302,54.77,78.74,41.34
733,54.76,78.74,41.34
735,54.76,78.73,41.34
718,54.76,78.74,41.34
728,54.76,78.74,41.34
729,54.76,78.73,41.34
718,54.77,78.74,41.34
716,54.77,78.74,41.35
724,54.76,78.74,41.35
707,54.77,78.74,41.35
711,54.76,78.74,41.35
700,54.77,78.74,41.35
704,54.77,78.74,41.35
716,54.76,78.74,41.35
111612,54.76,78.74,41.34
361499,54.77,78.74,41.34
37191,54.76,78.74,41.34
195685,54.77,78.74,41.34
58006,54.77,78.74,41.34
7769,54.77,78.74,41.34
29572,54.77,78.74,41.34
133090,54.77,78.74,41.34
455281,54.77,78.74,41.34
648103,54.77,78.74,41.34
467368,54.77,78.74,41.34
310897,54.77,78.74,41.34
459926,54.77,78.74,41.34
632833,54.77,78.74,41.34
54356,54.77,78.74,41.34
193678,54.77,78.74,41.34
400,54.77,78.74,41.34
614,54.77,78.74,41.35
88,54.77,78.74,41.34
547,54.77,78.74,41.35
690,54.77,78.74,41.35
698,54.77,78.74,41.35
682,54.77,78.74,41.35
215,54.77,78.74,41.34
254,54.77,78.74,41.35
672,54.77,78.74,41.35
1563,54.76,78.74,41.34
38368,54.76,78.74,41.34
724,54.76,78.74,41.34
710,54.76,78.74,41.34
19892,54.76,78.74,41.34
3903,54.76,78.74,41.34
117660,54.76,78.74,41.34
64991,54.76,78.74,41.34
160201,54.76,78.74,41.34
9740,54.76,78.73,41.33
4480,54.76,78.74,41.33
11739,54.76,78.73,41.33
66019,54.76,78.74,41.33
48924,54.76,78.74,41.33
84120,54.76,78.74,41.33
4908,54.76,78.73,41.33
39538,54.76,78.74,41.33
1011,54.76,78.73,41.33
16502,54.76,78.74,41.33
203188,54.76,78.74,41.34
494750,54.77,78.74,41.34
283023,54.76,78.74,41.34
751282,54.77,78.74,41.34
790486,54.77,78.74,41.34
578405,54.77,78.74,41.34
728582,54.77,78.74,41.34
773763,54.77,78.74,41.34
177130,54.76,78.74,41.33
207271,54.76,78.74,41.33
505714,54.77,78.74,41.33
747975,54.77,78.74,41.33
253300,54.76,78.74,41.33
589043,54.77,78.74,41.33
809175,54.77,78.74,41.33
642076,54.77,78.74,41.34
571797,54.77,78.74,41.34
467422,54.77,78.74,41.34
741793,54.77,78.74,41.34
471675,54.77,78.74,41.33
732494,54.77,78.74,41.33
772248,54.77,78.74,41.33
779564,54.77,78.74,41.34
330611,54.76,78.74,41.34
342101,54.76,78.74,41.33
258763,54.77,78.74,41.33
487439,54.77,78.74,41.33
390127,54.77,78.74,41.33
644044,54.77,78.74,41.33
144924,54.76,78.74,41.33
84833,54.76,78.74,41.33
787903,54.77,78.74,41.33
830369,54.77,78.74,41.33
908435,54.77,78.74,41.33
888754,54.77,78.74,41.33
906017,54.77,78.74,41.33
917262,54.77,78.74,41.33
832017,54.77,78.74,41.33
580807,54.77,78.74,41.33
716772,54.77,78.74,41.33
750633,54.77,78.74,41.33
852713,54.77,78.74,41.33
897767,54.77,78.74,41.33
824698,54.77,78.74,41.33
613,54.79,78.74,41.34
619,54.79,78.74,41.34
483,54.79,78.74,41.34
595,54.79,78.74,41.34
598,54.79,78.74,41.35
604,54.79,78.74,41.34
585,54.79,78.74,41.35
609,54.79,78.74,41.34
611,54.79,78.74,41.34
588,54.79,78.74,41.35
584,54.79,78.74,41.35
642,54.79,78.74,41.33
642,54.79,78.74,41.33
593,54.79,78.74,41.33
615,54.79,78.74,41.34
624,54.79,78.74,41.34
4038,54.79,78.74,41.33
534,54.79,78.74,41.34
631,54.79,78.74,41.33
3229,54.79,78.74,41.33
632,54.79,78.74,41.33
631,54.79,78.74,41.34
626,54.79,78.74,41.34
755,54.79,78.74,41.33
694,54.79,78.74,41.33
664,54.79,78.74,41.33
1242,54.79,78.74,41.33
803,54.79,78.74,41.32
840,54.79,78.74,41.32
814,54.79,78.73,41.32
666,54.79,78.74,41.33
733,54.79,78.73,41.33
660,54.79,78.74,41.33
700,54.79,78.73,41.33
792,54.79,78.73,41.32
768,54.79,78.73,41.32
838,54.79,78.73,41.32
641,54.77,78.74,41.35
641,54.77,78.74,41.35
647,54.77,78.74,41.35
620,54.77,78.74,41.35
624,54.77,78.74,41.35
646,54.77,78.74,41.35
623,54.77,78.74,41.35
636,54.77,78.74,41.36
592,54.78,78.74,41.35
607,54.78,78.74,41.35
611,54.78,78.74,41.35
595,54.78,78.74,41.36
635,54.77,78.74,41.36
615,54.78,78.74,41.36
604,54.78,78.74,41.36
587,54.78,78.74,41.36
599,54.78,78.74,41.35
586,54.78,78.74,41.35
589,54.78,78.74,41.36
595,54.78,78.74,41.36
947,54.78,78.73,41.32
950,54.78,78.74,41.32
950,54.78,78.73,41.32
949,54.78,78.73,41.31
950,54.78,78.73,41.32
928,54.77,78.73,41.32
922,54.77,78.73,41.32
919,54.77,78.73,41.32
938,54.77,78.73,41.31
934,54.77,78.73,41.32
940,54.78,78.74,41.32
946,54.78,78.73,41.31
66445,54.77,78.74,41.33
55040,54.77,78.74,41.33
7369,54.77,78.74,41.32
5135,54.77,78.74,41.32
4608,54.77,78.74,41.32
31018,54.77,78.74,41.33
12757,54.77,78.74,41.33
2775,54.77,78.74,41.33
1344,54.77,78.74,41.32
915,54.77,78.74,41.32
551,54.78,78.74,41.32
6036,54.78,78.74,41.33
216244,54.77,78.74,41.33
279332,54.77,78.74,41.33
392993,54.77,78.74,41.33
516661,54.77,78.74,41.33
618074,54.77,78.74,41.33
203087,54.77,78.74,41.33
660489,54.77,78.74,41.33
719249,54.77,78.74,41.33
154319,54.77,78.74,41.33
135894,54.77,78.74,41.33
110808,54.78,78.74,41.33
628270,54.78,78.74,41.33
928828,54.77,78.74,41.33
946,54.77,78.74,41.32
959,54.77,78.74,41.32
937,54.77,78.74,41.32
939,54.77,78.74,41.32
785,54.78,78.74,41.32
860,54.78,78.74,41.32
956,54.77,78.74,41.32
923,54.77,78.74,41.32
964,54.77,78.74,41.32
915,54.77,78.74,41.32
912,54.77,78.74,41.32
940,54.78,78.74,41.32
924,54.77,78.74,41.32
947,54.78,78.74,41.32
1531,54.79,78.74,41.33
763,54.79,78.74,41.33
185594,54.78,78.74,41.33
360087,54.78,78.74,41.33
293336,54.78,78.74,41.33
163756,54.78,78.74,41.33
328107,54.78,78.74,41.33
850663,54.78,78.74,41.33
620154,54.78,78.74,41.33
12688,54.78,78.74,41.32
65280,54.78,78.74,41.33
19317,54.78,78.74,41.32
66670,54.78,78.74,41.33
27806,54.78,78.74,41.33
121278,54.78,78.74,41.33
23887,54.78,78.74,41.33
854,54.79,78.74,41.32
810,54.79,78.74,41.32
599,54.78,78.74,41.32
853,54.78,78.74,41.32
604,54.78,78.74,41.32
761,54.78,78.74,41.32
299,54.78,78.74,41.32
924,54.78,78.74,41.32
920,54.78,78.74,41.32
888,54.78,78.74,41.32
683,54.78,78.74,41.32
952,54.78,78.74,41.32
943,54.78,78.74,41.32
867,54.79,78.73,41.32
870,54.79,78.74,41.32
907,54.79,78.74,41.32
893,54.79,78.73,41.32
931,54.78,78.73,41.31
925,54.78,78.74,41.32
882,54.79,78.74,41.32
921,54.78,78.74,41.32
677685,54.77,78.74,41.34
75727,54.77,78.74,41.34
63189,54.77,78.74,41.34
218269,54.77,78.74,41.34
191912,54.77,78.74,41.34
33560,54.77,78.74,41.34
170909,54.77,78.74,41.34
495,54.77,78.74,41.34
248,54.77,78.74,41.34
168,54.77,78.74,41.35
58,54.77,78.74,41.35
171,54.77,78.74,41.34
69,54.77,78.74,41.35
645,54.77,78.74,41.35
624,54.77,78.74,41.35
622,54.77,78.74,41.35
608,54.77,78.74,41.35
616,54.77,78.74,41.35
580,54.77,78.74,41.35
531,54.77,78.74,41.34
863239,54.77,78.74,41.33
870140,54.77,78.74,41.34
849657,54.77,78.74,41.33
414,54.78,78.74,41.35
4041,54.78,78.74,41.34
535,54.78,78.74,41.35
583,54.78,78.74,41.35
580,54.78,78.74,41.35
592,54.78,78.74,41.35
583,54.78,78.74,41.35
42431,54.78,78.74,41.34
145828,54.78,78.74,41.34
24932,54.78,78.74,41.34
127409,54.78,78.74,41.34
53356,54.78,78.74,41.34
146260,54.78,78.74,41.34
114362,54.77,78.74,41.34
1417,54.78,78.74,41.34
576691,54.77,78.74,41.34
542908,54.78,78.74,41.34
100763,54.78,78.74,41.34
326427,54.78,78.74,41.34
6927,54.79,78.74,41.34
333,54.79,78.74,41.34
582,54.78,78.74,41.34
581,54.78,78.74,41.35
129,54.78,78.74,41.34
578,54.78,78.74,41.35
12246,54.78,78.74,41.34
58144,54.78,78.74,41.34
539959,54.78,78.74,41.33
186950,54.78,78.74,41.33
428959,54.78,78.74,41.33
128353,54.78,78.74,41.33
850067,54.77,78.74,41.33
759827,54.78,78.74,41.33
273875,54.78,78.74,41.34
348977,54.78,78.74,41.33
879398,54.77,78.74,41.34
768267,54.78,78.74,41.34
876710,54.77,78.74,41.33
779986,54.78,78.74,41.33
545224,54.78,78.74,41.34
613609,54.78,78.74,41.33
62573,54.79,78.74,41.33
30079,54.79,78.74,41.34
64706,54.79,78.74,41.33
121270,54.78,78.74,41.34
172268,54.78,78.74,41.33
579,54.78,78.74,41.35
580,54.78,78.74,41.35
580,54.79,78.74,41.35
581,54.79,78.74,41.35
579,54.79,78.74,41.35
579,54.79,78.74,41.35
581,54.78,78.74,41.35
580,54.79,78.74,41.36
583,54.78,78.74,41.36
582,54.79,78.74,41.36
580,54.79,78.74,41.35
43700,54.79,78.74,41.33
679,54.77,78.74,41.35
685,54.77,78.74,41.35
675,54.77,78.74,41.35
682,54.77,78.74,41.35
674,54.77,78.74,41.35
663,54.77,78.74,41.35
657,54.77,78.74,41.35
668,54.77,78.74,41.35
667,54.77,78.74,41.35
654,54.77,78.74,41.35
662,54.77,78.74,41.35
658,54.77,78.74,41.35
849,54.76,78.73,41.33
841,54.76,78.73,41.33
847,54.76,78.73,41.33
860,54.76,78.73,41.33
866,54.76,78.73,41.33
870,54.76,78.73,41.32
877,54.76,78.73,41.32
874,54.76,78.73,41.32
877,54.76,78.73,41.32
882,54.76,78.73,41.32
885,54.76,78.73,41.32
892,54.76,78.73,41.32
930,54.76,78.74,41.33
864,54.76,78.74,41.33
881,54.76,78.74,41.32
134431,54.77,78.74,41.33
258099,54.77,78.74,41.33
201150,54.77,78.74,41.33
345631,54.77,78.74,41.33
54443,54.76,78.74,41.33
37948,54.77,78.74,41.33
9084,54.77,78.74,41.32
80658,54.77,78.74,41.33
21401,54.77,78.74,41.32
1184,54.76,78.74,41.33
878,54.76,78.74,41.32
916,54.77,78.74,41.32
898,54.77,78.74,41.32
895,54.76,78.74,41.32
890,54.76,78.74,41.32
903,54.76,78.73,41.32
898,54.76,78.73,41.32
909,54.76,78.73,41.32
908,54.77,78.74,41.32
914,54.77,78.73,41.32
913,54.77,78.73,41.32
805,54.76,78.73,41.33
790,54.76,78.73,41.34
799,54.76,78.73,41.34
780,54.76,78.74,41.34
778,54.76,78.74,41.34
780,54.76,78.74,41.34
777,54.76,78.74,41.34
782,54.76,78.74,41.34
791,54.76,78.73,41.34
786,54.76,78.73,41.34
821,54.76,78.73,41.33
775,54.76,78.74,41.33
792,54.76,78.73,41.33
735,54.76,78.73,41.33
729,54.76,78.73,41.33
777,54.76,78.73,41.33
779,54.76,78.73,41.33
820,54.76,78.73,41.33
835,54.76,78.73,41.33
806,54.76,78.73,41.33
809,54.76,78.73,41.33
814,54.76,78.73,41.33
816,54.76,78.73,41.33
836,54.76,78.73,41.33
774,54.76,78.74,41.34
767,54.76,78.73,41.34
776,54.76,78.73,41.34
766,54.76,78.74,41.34
757,54.76,78.73,41.34
747,54.76,78.74,41.34
588,54.76,78.74,41.34
745,54.76,78.74,41.34
709,54.76,78.74,41.34
743,54.76,78.74,41.34
740,54.76,78.74,41.34
743,54.76,78.74,41.34
749,54.76,78.73,41.34
12325,54.76,78.74,41.34
1320,54.76,78.74,41.34
361,54.76,78.74,41.34
466,54.76,78.74,41.34
3998,54.76,78.74,41.34
239,54.76,78.74,41.34
734,54.76,78.74,41.34
737,54.76,78.74,41.34
725,54.76,78.74,41.35
719,54.76,78.74,41.35
725,54.76,78.74,41.34
719,54.76,78.74,41.34
717,54.76,78.74,41.35
724,54.76,78.74,41.35
711,54.76,78.74,41.35
716,54.76,78.74,41.35
706,54.77,78.74,41.35
715,54.76,78.74,41.35
64951,54.76,78.74,41.34
22406,54.76,78.74,41.34
245340,54.77,78.74,41.34
126744,54.77,78.74,41.34
227850,54.77,78.74,41.34
354195,54.77,78.74,41.34
42552,54.77,78.74,41.34
9904,54.77,78.74,41.34
29256,54.77,78.74,41.34
102204,54.77,78.74,41.34
395598,54.77,78.74,41.34
54148,54.77,78.74,41.34
156230,54.77,78.74,41.34
74620,54.77,78.74,41.34
186174,54.77,78.74,41.34
222,54.77,78.74,41.34
471,54.77,78.74,41.35
116,54.77,78.74,41.34
382,54.77,78.74,41.35
701,54.77,78.74,41.35
688,54.77,78.74,41.35
685,54.77,78.74,41.35
679,54.77,78.74,41.35
381,54.77,78.74,41.34
73,54.77,78.74,41.35
816,54.77,78.74,41.34
67,54.77,78.74,41.35
665,54.77,78.74,41.35
665,54.77,78.74,41.35
662,54.77,78.74,41.35
661,54.77,78.74,41.35
811,54.76,78.74,41.34
15879,54.76,78.74,41.34
676,54.76,78.74,41.34
671,54.76,78.74,41.34
6638,54.76,78.74,41.34
987,54.76,78.74,41.34
66258,54.76,78.74,41.34
34554,54.76,78.74,41.34
95229,54.76,78.74,41.34
1769,54.76,78.74,41.33
22904,54.76,78.74,41.33
6577,54.76,78.74,41.33
7722,54.76,78.74,41.33
39923,54.76,78.74,41.33
48970,54.76,78.74,41.33
2829,54.76,78.74,41.33
23298,54.76,78.74,41.33
1149,54.76,78.74,41.33
10079,54.76,78.74,41.33
184093,54.76,78.74,41.34
125891,54.76,78.74,41.34
356037,54.77,78.74,41.34
434572,54.77,78.74,41.34
458790,54.77,78.74,41.34
523390,54.77,78.74,41.34
595737,54.77,78.74,41.34
111907,54.76,78.74,41.33
144246,54.76,78.74,41.33
170667,54.76,78.74,41.33
290387,54.76,78.74,41.33
331117,54.76,78.74,41.33
382894,54.77,78.74,41.33
629196,54.77,78.74,41.33
443269,54.77,78.74,41.33
696370,54.77,78.74,41.33
694650,54.77,78.74,41.33
745955,54.77,78.74,41.33
226708,54.76,78.74,41.34
241401,54.76,78.74,41.33
579762,54.77,78.74,41.33
209219,54.77,78.74,41.33
401555,54.77,78.74,41.33
299350,54.77,78.74,41.33
532548,54.77,78.74,41.33
497590,54.77,78.74,41.33
623848,54.77,78.74,41.33
105860,54.76,78.74,41.33
65417,54.76,78.74,41.33
232989,54.76,78.74,41.33
166414,54.76,78.74,41.33
663844,54.77,78.74,41.33
804537,54.77,78.74,41.33
708339,54.77,78.74,41.33
618,54.79,78.74,41.34
618,54.79,78.74,41.34
612,54.79,78.74,41.34
598,54.79,78.74,41.34
599,54.79,78.74,41.35
609,54.79,78.74,41.34
589,54.79,78.74,41.35
611,54.79,78.74,41.34
612,54.79,78.74,41.34
603,54.79,78.74,41.34
592,54.79,78.74,41.35
621,54.79,78.74,41.34
585,54.79,78.74,41.35
586,54.79,78.74,41.35
642,54.79,78.74,41.33
639,54.79,78.74,41.33
629,54.79,78.74,41.33
622,54.79,78.74,41.34
526,54.79,78.74,41.33
582,54.79,78.74,41.34
637,54.79,78.74,41.33
610,54.79,78.74,41.33
632,54.79,78.74,41.33
626,54.79,78.74,41.34
631,54.79,78.74,41.34
625,54.79,78.74,41.34
739,54.79,78.74,41.33
656,54.79,78.74,41.33
698,54.79,78.74,41.33
744,54.79,78.74,41.33
750,54.79,78.74,41.33
664,54.79,78.74,41.33
775,54.79,78.74,41.32
789,54.79,78.74,41.32
808,54.79,78.74,41.32
823,54.79,78.74,41.32
730,54.79,78.74,41.33
660,54.79,78.74,41.33
696,54.79,78.74,41.33
713,54.79,78.73,41.33
654,54.79,78.74,41.33
685,54.79,78.73,41.33
764,54.79,78.74,41.32
786,54.79,78.74,41.32
777,54.79,78.73,41.32
748,54.79,78.73,41.32
855,54.79,78.74,41.32
841,54.79,78.74,41.32
843,54.79,78.73,41.32
823,54.79,78.73,41.32
806,54.79,78.73,41.32
654,54.77,78.74,41.35
649,54.77,78.74,41.35
633,54.77,78.74,41.35
634,54.77,78.74,41.35
646,54.77,78.74,41.35
653,54.77,78.74,41.36
634,54.77,78.74,41.35
606,54.77,78.74,41.35
616,54.77,78.74,41.35
652,54.77,78.74,41.36
643,54.77,78.74,41.36
633,54.77,78.74,41.36
621,54.77,78.74,41.35
612,54.78,78.74,41.36
603,54.78,78.74,41.36
625,54.77,78.74,41.36
608,54.78,78.74,41.36
595,54.78,78.74,41.36
579,54.78,78.75,41.35
581,54.78,78.75,41.35
583,54.78,78.75,41.35
585,54.78,78.75,41.36
585,54.79,78.74,41.36
610,54.78,78.75,41.35
590,54.78,78.75,41.35
594,54.78,78.75,41.36
949,54.78,78.74,41.32
949,54.78,78.73,41.31
939,54.77,78.73,41.31
948,54.78,78.73,41.31
949,54.78,78.74,41.31
946,54.78,78.74,41.32
949,54.78,78.74,41.32
926,54.77,78.73,41.31
923,54.77,78.73,41.31
923,54.77,78.73,41.32
911,54.77,78.74,41.32
930,54.77,78.73,41.31
937,54.77,78.74,41.31
927,54.77,78.74,41.32
947,54.78,78.74,41.32
945,54.78,78.74,41.31
948,54.78,78.73,41.31
950,54.78,78.73,41.31
940,54.78,78.73,41.31
32302,54.77,78.74,41.33
63796,54.77,78.74,41.33
350545,54.77,78.74,41.33
449675,54.77,78.74,41.33
831983,54.77,78.74,41.33
1004,54.77,78.74,41.32
1086,54.77,78.74,41.32
900,54.77,78.74,41.32
906,54.77,78.74,41.32
915,54.77,78.74,41.32
931,54.77,78.74,41.32
57019,54.78,78.74,41.33
9074,54.78,78.74,41.33
460024,54.78,78.74,41.33
319326,54.78,78.74,41.33
845055,54.77,78.74,41.33
689260,54.78,78.74,41.33
95531,54.78,78.74,41.33
93781,54.78,78.74,41.33
237868,54.78,78.74,41.33
82508,54.78,78.74,41.33
866,54.78,78.74,41.32
797,54.78,78.74,41.32
1396,54.78,78.74,41.32
354,54.78,78.74,41.32
930,54.78,78.74,41.32
910,54.78,78.74,41.32
891,54.78,78.74,41.32
838,54.78,78.74,41.32
946,54.78,78.74,41.32
954,54.78,78.74,41.32
950,54.78,78.74,41.32
940,54.78,78.74,41.32
869,54.79,78.74,41.32
892,54.79,78.74,41.32
904,54.79,78.73,41.31
932,54.78,78.74,41.31
901,54.78,78.74,41.32
936,54.78,78.74,41.32
901,54.79,78.74,41.32
880,54.79,78.74,41.32
945,54.78,78.74,41.32
483281,54.77,78.74,41.34
105878,54.77,78.74,41.34
221,54.77,78.74,41.34
605,54.77,78.74,41.35
605,54.77,78.74,41.35
533,54.77,78.74,41.34
733650,54.77,78.74,41.33
694978,54.77,78.74,41.34
732510,54.77,78.74,41.33
487,54.78,78.74,41.35
463,54.78,78.74,41.35
5259,54.78,78.74,41.34
4816,54.78,78.74,41.34
586,54.77,78.74,41.35
585,54.78,78.75,41.35
580,54.78,78.75,41.35
596,54.78,78.75,41.35
584,54.78,78.75,41.35
75355,54.78,78.74,41.34
198060,54.78,78.74,41.34
92826,54.77,78.74,41.34
813,54.77,78.74,41.34
83639,54.78,78.74,41.34
468747,54.77,78.74,41.34
481878,54.78,78.74,41.34
76874,54.78,78.74,41.34
380823,54.78,78.74,41.34
355,54.79,78.74,41.34
598,54.79,78.74,41.34
589,54.79,78.74,41.34
583,54.79,78.74,41.35
427,54.78,78.74,41.34
580,54.78,78.74,41.35
37317,54.78,78.75,41.34
245,54.79,78.75,41.34
113936,54.78,78.75,41.34
12988,54.79,78.75,41.34
803,54.78,78.75,41.34
565,54.78,78.75,41.35
600899,54.78,78.74,41.33
343393,54.78,78.74,41.33
524591,54.78,78.74,41.33
266783,54.78,78.74,41.33
177211,54.78,78.74,41.33
137339,54.78,78.74,41.33
788099,54.77,78.74,41.33
782969,54.78,78.74,41.33
350435,54.78,78.74,41.34
436194,54.78,78.74,41.33
784833,54.77,78.74,41.34
796944,54.78,78.74,41.34
813164,54.77,78.74,41.33
812388,54.78,78.74,41.33
638324,54.78,78.74,41.34
668744,54.78,78.74,41.33
12613,54.79,78.74,41.33
5231,54.79,78.74,41.34
13200,54.79,78.74,41.33
203411,54.78,78.75,41.34
39271,54.79,78.75,41.34
268965,54.78,78.75,41.33
63886,54.79,78.75,41.33
69004,54.79,78.75,41.33
580,54.79,78.75,41.35
579,54.79,78.75,41.35
581,54.79,78.74,41.35
579,54.79,78.74,41.35
580,54.79,78.74,41.35
580,54.79,78.75,41.35
580,54.79,78.74,41.36
581,54.79,78.75,41.36
579,54.79,78.74,41.35
581,54.79,78.74,41.36
580,54.79,78.74,41.35
978,54.79,78.74,41.33
16734,54.79,78.74,41.33
7318,54.79,78.74,41.33
788,54.79,78.74,41.32
842,54.79,78.74,41.32
874,54.79,78.74,41.32
705,54.76,78.74,41.35
681,54.77,78.74,41.35
690,54.76,78.74,41.35
674,54.77,78.74,41.35
680,54.77,78.74,41.35
669,54.77,78.74,41.35
663,54.77,78.74,41.35
669,54.77,78.74,41.35
676,54.77,78.74,41.35
659,54.77,78.74,41.35
665,54.77,78.74,41.35
663,54.77,78.74,41.36
846,54.76,78.73,41.33
847,54.76,78.73,41.33
846,54.76,78.74,41.33
856,54.76,78.73,41.33
860,54.76,78.73,41.33
861,54.76,78.74,41.33
866,54.76,78.73,41.32
869,54.76,78.74,41.32
872,54.76,78.74,41.32
875,54.76,78.73,41.32
876,54.76,78.74,41.32
881,54.76,78.74,41.32
891,54.76,78.73,41.32
889,54.76,78.73,41.32
896,54.76,78.73,41.32
878,54.76,78.74,41.33
860,54.76,78.74,41.33
874,54.76,78.74,41.32
34769,54.76,78.74,41.33
199284,54.77,78.74,41.33
1075,54.76,78.74,41.33
46378,54.77,78.74,41.33
874,54.76,78.74,41.32
1007,54.77,78.74,41.32
894,54.77,78.74,41.32
884,54.76,78.74,41.32
888,54.76,78.74,41.32
903,54.76,78.74,41.32
898,54.76,78.74,41.32
908,54.76,78.73,41.32
905,54.76,78.73,41.32
911,54.77,78.74,41.32
915,54.77,78.73,41.31
917,54.77,78.73,41.31
808,54.76,78.74,41.33
805,54.76,78.73,41.34
791,54.76,78.73,41.34
784,54.76,78.74,41.34
785,54.76,78.74,41.34
786,54.76,78.74,41.33
790,54.76,78.74,41.33
780,54.76,78.74,41.34
777,54.76,78.74,41.34
777,54.76,78.74,41.34
776,54.76,78.74,41.34
787,54.76,78.73,41.34
820,54.76,78.73,41.33
815,54.76,78.74,41.33
752,54.76,78.74,41.33
833,54.76,78.73,41.33
828,54.76,78.73,41.33
804,54.76,78.74,41.33
778,54.76,78.73,41.34
771,54.76,78.74,41.34
772,54.76,78.74,41.34
766,54.76,78.74,41.34
773,54.76,78.73,41.34
758,54.76,78.74,41.34
758,54.76,78.73,41.34
748,54.76,78.74,41.34
731,54.76,78.74,41.34
614,54.76,78.74,41.34
733,54.76,78.74,41.34
699,54.76,78.74,41.34
743,54.76,78.74,41.34
7233,54.76,78.74,41.34
1230,54.76,78.74,41.34
38475,54.76,78.74,41.34
11425,54.76,78.74,41.34
136,54.76,78.74,41.34
738,54.76,78.74,41.34
740,54.76,78.74,41.35
726,54.76,78.74,41.35
730,54.76,78.74,41.35
722,54.76,78.74,41.34
716,54.76,78.74,41.35
144095,54.77,78.74,41.34
28917,54.77,78.74,41.34
256978,54.77,78.74,41.34
88848,54.77,78.74,41.34
162,54.77,78.74,41.34
694,54.77,78.74,41.35
245,54.77,78.74,41.34
662,54.77,78.74,41.35
664,54.76,78.74,41.34
4847,54.76,78.74,41.34
675,54.76,78.74,41.33
8968,54.76,78.74,41.33
622,54.76,78.74,41.34
646,54.76,78.74,41.34
1841,54.76,78.74,41.34
607,54.76,78.74,41.34
38789,54.76,78.74,41.34
20513,54.76,78.74,41.34
122668,54.76,78.74,41.34
79546,54.76,78.74,41.34
56224,54.76,78.74,41.34
69685,54.76,78.74,41.33
156018,54.76,78.74,41.34
170632,54.76,78.74,41.33
9601,54.76,78.74,41.33
3224,54.76,78.74,41.33
290428,54.77,78.74,41.34
413251,54.77,78.74,41.34
143285,54.76,78.74,41.33
370939,54.77,78.74,41.33
533773,54.77,78.74,41.33
94125,54.76,78.74,41.33
393176,54.77,78.74,41.33
495055,54.77,78.74,41.33
644637,54.77,78.74,41.33
549139,54.77,78.74,41.33
618,54.79,78.74,41.34
615,54.79,78.74,41.34
609,54.79,78.74,41.34
600,54.79,78.74,41.34
592,54.79,78.74,41.35
612,54.79,78.74,41.34
603,54.79,78.74,41.34
614,54.8,78.74,41.34
604,54.79,78.74,41.35
596,54.79,78.74,41.35
621,54.79,78.74,41.34
620,54.8,78.74,41.34
587,54.79,78.74,41.35
590,54.79,78.74,41.35
639,54.79,78.74,41.33
637,54.8,78.74,41.33
630,54.79,78.74,41.33
624,54.79,78.74,41.34
622,54.79,78.74,41.33
619,54.79,78.74,41.34
638,54.79,78.74,41.33
630,54.79,78.74,41.33
631,54.79,78.74,41.33
625,54.79,78.74,41.34
630,54.8,78.74,41.34
625,54.8,78.74,41.34
718,54.79,78.74,41.33
653,54.79,78.74,41.33
690,54.79,78.74,41.33
727,54.79,78.74,41.33
695,54.79,78.74,41.33
650,54.79,78.74,41.33
755,54.79,78.74,41.32
764,54.79,78.74,41.32
785,54.79,78.74,41.32
795,54.79,78.74,41.32
714,54.79,78.74,41.33
655,54.79,78.74,41.33
684,54.79,78.74,41.33
649,54.8,78.74,41.33
698,54.8,78.74,41.33
676,54.8,78.74,41.33
748,54.79,78.74,41.32
775,54.79,78.74,41.32
756,54.8,78.73,41.32
729,54.8,78.74,41.32
826,54.79,78.74,41.32
813,54.79,78.74,41.32
852,54.79,78.74,41.32
862,54.79,78.73,41.31
840,54.79,78.74,41.32
800,54.79,78.74,41.32
819,54.79,78.74,41.32
808,54.79,78.73,41.32
785,54.79,78.73,41.32
833,54.79,78.73,41.31
659,54.77,78.74,41.35
657,54.77,78.74,41.35
641,54.77,78.74,41.35
644,54.77,78.74,41.35
654,54.77,78.74,41.35
643,54.77,78.74,41.35
629,54.77,78.75,41.35
613,54.77,78.75,41.35
624,54.77,78.75,41.35
652,54.77,78.74,41.36
657,54.77,78.74,41.36
642,54.77,78.74,41.36
642,54.77,78.74,41.36
623,54.77,78.74,41.36
613,54.78,78.75,41.36
606,54.78,78.75,41.36
630,54.77,78.75,41.36
626,54.77,78.74,41.36
627,54.77,78.74,41.36
586,54.79,78.74,41.36
592,54.78,78.74,41.37
593,54.78,78.75,41.36
608,54.78,78.74,41.36
613,54.78,78.74,41.37
579,54.78,78.75,41.35
582,54.78,78.75,41.35
579,54.78,78.75,41.35
580,54.78,78.75,41.35
585,54.78,78.75,41.35
588,54.78,78.75,41.36
581,54.78,78.75,41.35
582,54.78,78.75,41.36
616,54.77,78.75,41.35
597,54.78,78.75,41.35
620,54.77,78.75,41.36
602,54.78,78.75,41.36
949,54.78,78.74,41.31
948,54.78,78.73,41.31
949,54.78,78.73,41.31
939,54.77,78.74,41.31
932,54.77,78.73,41.31
946,54.78,78.74,41.31
936,54.77,78.74,41.32
949,54.78,78.74,41.31
943,54.78,78.74,41.32
923,54.77,78.73,41.31
927,54.77,78.74,41.31
926,54.77,78.74,41.31
919,54.77,78.73,41.31
915,54.77,78.74,41.32
907,54.77,78.74,41.32
929,54.77,78.74,41.31
922,54.77,78.74,41.32
949,54.78,78.74,41.31
947,54.78,78.74,41.31
950,54.78,78.73,41.31
939,54.78,78.74,41.31
945,54.78,78.73,41.31
950,54.78,78.74,41.31
930,54.79,78.73,41.31
888,54.79,78.73,41.31
939,54.79,78.73,41.3
913,54.79,78.73,41.3
53524,54.77,78.74,41.33
98857,54.77,78.74,41.33
291309,54.77,78.74,41.33
468087,54.77,78.74,41.33
691413,54.77,78.74,41.33
1093,54.77,78.74,41.32
1878,54.77,78.74,41.32
866,54.77,78.74,41.32
902,54.77,78.74,41.32
911,54.77,78.74,41.32
924,54.77,78.74,41.32
155586,54.78,78.74,41.33
51335,54.78,78.74,41.33
524297,54.77,78.74,41.33
413741,54.78,78.74,41.33
792066,54.77,78.74,41.33
763568,54.78,78.74,41.33
152363,54.77,78.74,41.33
97178,54.78,78.74,41.33
312096,54.78,78.74,41.33
110768,54.78,78.74,41.33
871,54.78,78.74,41.32
1133,54.78,78.74,41.32
16681,54.77,78.74,41.32
3647,54.78,78.74,41.32
934,54.77,78.74,41.32
893,54.78,78.74,41.32
893,54.78,78.74,41.32
6034,54.78,78.74,41.32
78482,54.78,78.74,41.33
51646,54.79,78.75,41.33
18479,54.78,78.74,41.33
909,54.78,78.74,41.32
828,54.78,78.74,41.32
915,54.78,78.74,41.32
942,54.77,78.74,41.32
939,54.78,78.74,41.32
948,54.78,78.74,41.32
941,54.78,78.74,41.32
942,54.78,78.74,41.31
906,54.79,78.74,41.31
919,54.78,78.74,41.32
898,54.79,78.74,41.32
930,54.78,78.74,41.32
949,54.78,78.74,41.32
947,54.78,78.74,41.31
294443,54.77,78.74,41.34
84888,54.77,78.74,41.34
388,54.77,78.74,41.34
602,54.77,78.74,41.35
609,54.77,78.74,41.35
451,54.77,78.74,41.34
582936,54.77,78.74,41.33
508004,54.77,78.74,41.34
590758,54.77,78.74,41.33
567,54.78,78.75,41.35
496,54.78,78.75,41.35
1966,54.78,78.75,41.34
8447,54.78,78.75,41.34
589,54.77,78.75,41.35
594,54.77,78.75,41.35
578,54.78,78.75,41.35
602,54.77,78.75,41.35
584,54.78,78.75,41.35
79694,54.78,78.75,41.34
253799,54.78,78.75,41.34
73068,54.77,78.74,41.34
633,54.77,78.75,41.34
70029,54.77,78.74,41.34
364810,54.77,78.74,41.34
405909,54.77,78.74,41.34
57587,54.78,78.75,41.34
346653,54.78,78.75,41.34
609,54.79,78.74,41.34
605,54.79,78.74,41.34
595,54.79,78.74,41.34
586,54.79,78.74,41.35
587,54.79,78.75,41.34
583,54.79,78.75,41.35
145400,54.78,78.75,41.34
48014,54.78,78.75,41.34
6213,54.78,78.75,41.34
592,54.79,78.75,41.34
45443,54.78,78.75,41.34
392,54.79,78.75,41.34
3065,54.78,78.75,41.34
558,54.78,78.75,41.35
511,54.78,78.75,41.34
578,54.78,78.75,41.35
655406,54.78,78.74,41.33
436441,54.78,78.74,41.33
605317,54.78,78.74,41.33
368689,54.78,78.74,41.33
278737,54.78,78.75,41.33
232681,54.78,78.75,41.33
686879,54.77,78.74,41.33
785850,54.77,78.74,41.33
429468,54.78,78.75,41.34
495217,54.78,78.75,41.33
648081,54.77,78.74,41.34
751749,54.77,78.74,41.34
698604,54.77,78.74,41.33
811159,54.77,78.74,41.33
671080,54.78,78.75,41.34
736606,54.78,78.75,41.33
589,54.79,78.74,41.33
516,54.79,78.74,41.34
713,54.79,78.74,41.33
260278,54.78,78.75,41.34
335644,54.78,78.75,41.33
94939,54.78,78.75,41.34
4897,54.79,78.75,41.34
136263,54.78,78.75,41.33
13744,54.79,78.75,41.33
148170,54.78,78.75,41.33
16290,54.79,78.75,41.33
582,54.79,78.75,41.35
580,54.79,78.75,41.35
583,54.79,78.74,41.35
581,54.79,78.75,41.35
582,54.79,78.74,41.35
580,54.79,78.75,41.36
580,54.79,78.75,41.35
580,54.79,78.75,41.35
580,54.79,78.74,41.36
580,54.79,78.74,41.36
10632,54.79,78.75,41.33
726,54.79,78.74,41.33
1180,54.79,78.74,41.33
690,54.79,78.74,41.33
773,54.79,78.74,41.32
811,54.79,78.74,41.32
887,54.78,78.74,41.32
911,54.78,78.74,41.32
842,54.79,78.74,41.32
867,54.79,78.74,41.32
706,54.76,78.74,41.35
710,54.76,78.74,41.35
719,54.76,78.74,41.35
702,54.76,78.74,41.35
690,54.77,78.74,41.35
680,54.77,78.74,41.35
689,54.76,78.74,41.35
677,54.77,78.74,41.35
670,54.77,78.74,41.35
675,54.77,78.74,41.35
681,54.76,78.74,41.35
666,54.77,78.74,41.35
672,54.77,78.74,41.36
677,54.76,78.74,41.36
663,54.77,78.74,41.36
669,54.77,78.74,41.36
843,54.75,78.73,41.33
853,54.75,78.73,41.33
844,54.76,78.74,41.33
846,54.76,78.74,41.33
856,54.76,78.74,41.33
857,54.76,78.74,41.33
862,54.75,78.73,41.32
866,54.76,78.74,41.32
868,54.76,78.74,41.32
871,54.75,78.73,41.32
883,54.76,78.73,41.32
875,54.76,78.74,41.32
877,54.76,78.74,41.32
889,54.76,78.74,41.32
894,54.76,78.73,41.32
890,54.76,78.73,41.32
895,54.76,78.74,41.32
901,54.76,78.73,41.31
860,54.76,78.74,41.33
855,54.76,78.74,41.33
868,54.76,78.74,41.32
16115,54.76,78.74,41.33
141898,54.77,78.74,41.33
864,54.76,78.74,41.33
34375,54.77,78.74,41.33
868,54.76,78.74,41.32
949,54.77,78.74,41.32
883,54.77,78.74,41.32
879,54.76,78.74,41.32
893,54.76,78.74,41.32
881,54.76,78.74,41.32
897,54.76,78.74,41.32
914,54.77,78.74,41.31
908,54.76,78.74,41.32
917,54.77,78.74,41.31
905,54.76,78.74,41.32
911,54.76,78.73,41.31
900,54.76,78.74,41.32
904,54.76,78.74,41.32
900,54.77,78.74,41.32
809,54.75,78.73,41.33
806,54.76,78.74,41.33
803,54.75,78.73,41.34
792,54.75,78.73,41.34
792,54.76,78.74,41.34
788,54.76,78.74,41.33
778,54.76,78.74,41.34
819,54.75,78.73,41.33
831,54.75,78.73,41.33
813,54.76,78.74,41.33
785,54.76,78.74,41.33
822,54.76,78.74,41.33
811,54.76,78.74,41.33
767,54.75,78.74,41.34
779,54.76,78.74,41.34
778,54.75,78.73,41.34
770,54.76,78.74,41.34
759,54.76,78.74,41.34
760,54.76,78.74,41.34
742,54.76,78.74,41.35
748,54.76,78.74,41.34
749,54.76,78.74,41.35
707,54.76,78.74,41.34
747,54.76,78.74,41.34
4998,54.76,78.74,41.34
529,54.76,78.74,41.34
740,54.76,78.74,41.34
735,54.76,78.74,41.35
729,54.76,78.74,41.35
725,54.76,78.74,41.34
720,54.76,78.74,41.35
74548,54.76,78.74,41.34
14597,54.76,78.74,41.34
164340,54.77,78.74,41.34
57947,54.77,78.74,41.34
513,54.76,78.74,41.34
702,54.76,78.74,41.35
201,54.77,78.74,41.34
683,54.77,78.74,41.35
934,54.76,78.74,41.33
561,54.76,78.74,41.34
28046,54.76,78.74,41.34
56677,54.76,78.74,41.33
1757,54.76,78.74,41.33
1132,54.76,78.74,41.33
157126,54.76,78.74,41.34
272167,54.77,78.74,41.34
65916,54.76,78.74,41.33
211057,54.76,78.74,41.33
353805,54.77,78.74,41.33
46757,54.76,78.74,41.33
266599,54.77,78.74,41.33
342692,54.77,78.74,41.33
489066,54.77,78.74,41.33
413533,54.77,78.74,41.33
614,54.8,78.74,41.34
619,54.79,78.74,41.34
616,54.79,78.74,41.34
611,54.79,78.74,41.34
613,54.79,78.74,41.34
605,54.79,78.74,41.34
602,54.79,78.74,41.34
595,54.79,78.74,41.35
603,54.8,78.74,41.35
620,54.8,78.74,41.34
621,54.8,78.74,41.34
617,54.8,78.74,41.34
591,54.79,78.75,41.35
594,54.8,78.74,41.35
585,54.8,78.74,41.36
637,54.8,78.74,41.33
645,54.8,78.74,41.33
636,54.8,78.74,41.33
628,54.79,78.74,41.33
623,54.79,78.74,41.34
625,54.79,78.74,41.33
620,54.79,78.74,41.34
635,54.79,78.74,41.33
635,54.79,78.74,41.33
630,54.8,78.74,41.33
625,54.8,78.74,41.34
630,54.8,78.74,41.34
625,54.8,78.74,41.34
649,54.79,78.74,41.33
651,54.79,78.74,41.33
702,54.79,78.74,41.33
677,54.79,78.74,41.33
707,54.79,78.74,41.33
685,54.79,78.74,41.33
739,54.79,78.74,41.32
745,54.79,78.74,41.32
766,54.79,78.74,41.32
775,54.79,78.74,41.32
650,54.8,78.74,41.33
700,54.79,78.74,41.33
675,54.79,78.74,41.33
674,54.8,78.74,41.33
731,54.79,78.74,41.32
758,54.79,78.74,41.32
719,54.8,78.74,41.32
805,54.79,78.74,41.32
830,54.79,78.74,41.32
794,54.79,78.74,41.32
819,54.79,78.74,41.32
863,54.79,78.74,41.31
784,54.79,78.74,41.32
805,54.79,78.74,41.32
769,54.8,78.74,41.32
828,54.79,78.74,41.31
812,54.8,78.74,41.31
845,54.8,78.74,41.31
862,54.8,78.74,41.3
665,54.77,78.75,41.35
662,54.77,78.75,41.35
650,54.77,78.75,41.35
651,54.77,78.75,41.35
661,54.77,78.75,41.35
651,54.77,78.75,41.35
638,54.77,78.75,41.35
627,54.77,78.75,41.35
631,54.77,78.75,41.35
659,54.77,78.75,41.36
650,54.77,78.75,41.36
641,54.77,78.75,41.36
655,54.77,78.74,41.36
654,54.77,78.74,41.36
639,54.77,78.75,41.36
624,54.77,78.75,41.36
641,54.77,78.74,41.36
626,54.77,78.75,41.36
640,54.77,78.74,41.37
640,54.77,78.75,41.37
604,54.78,78.75,41.37
582,54.79,78.74,41.36
585,54.78,78.75,41.36
601,54.78,78.75,41.37
586,54.79,78.75,41.37
590,54.78,78.75,41.36
606,54.78,78.75,41.36
611,54.78,78.75,41.36
625,54.78,78.74,41.37
579,54.78,78.75,41.35
580,54.78,78.75,41.35
581,54.78,78.75,41.35
580,54.78,78.75,41.35
580,54.79,78.75,41.35
580,54.79,78.75,41.35
580,54.79,78.75,41.35
580,54.79,78.75,41.35
589,54.78,78.75,41.35
582,54.78,78.75,41.35
593,54.78,78.75,41.36
584,54.78,78.75,41.36
580,54.79,78.75,41.35
582,54.79,78.75,41.36
580,54.79,78.75,41.35
581,54.79,78.75,41.36
623,54.77,78.75,41.35
627,54.77,78.75,41.36
602,54.78,78.75,41.35
607,54.78,78.75,41.36
593,54.78,78.75,41.35
598,54.78,78.75,41.36
628,54.78,78.75,41.37
584,54.79,78.75,41.37
949,54.78,78.74,41.31
947,54.78,78.74,41.31
949,54.78,78.74,41.31
949,54.78,78.73,41.31
931,54.77,78.74,41.31
929,54.77,78.73,41.31
939,54.77,78.74,41.31
931,54.77,78.74,41.32
945,54.78,78.74,41.31
936,54.77,78.74,41.32
921,54.77,78.74,41.31
926,54.77,78.74,41.31
919,54.77,78.74,41.31
912,54.77,78.74,41.32
923,54.77,78.74,41.31
916,54.77,78.74,41.32
908,54.77,78.74,41.32
950,54.78,78.74,41.31
947,54.78,78.74,41.31
943,54.78,78.74,41.31
950,54.78,78.73,41.31
951,54.78,78.74,41.31
949,54.78,78.74,41.31
949,54.78,78.74,41.31
931,54.77,78.73,41.3
949,54.78,78.73,41.3
951,54.78,78.73,41.3
917,54.76,78.73,41.31
921,54.76,78.73,41.3
929,54.79,78.74,41.31
892,54.79,78.74,41.31
881,54.8,78.74,41.3
911,54.79,78.74,41.3
935,54.79,78.74,41.3
949,54.79,78.73,41.3
950,54.78,78.73,41.3
931,54.79,78.73,41.3
64845,54.77,78.74,41.33
115201,54.77,78.74,41.33
237779,54.77,78.74,41.33
431232,54.77,78.74,41.33
535777,54.77,78.74,41.33
672998,54.77,78.74,41.33
1072,54.77,78.74,41.32
5241,54.77,78.74,41.32
873,54.77,78.74,41.32
851,54.77,78.74,41.32
907,54.77,78.74,41.32
906,54.77,78.74,41.32
911,54.77,78.74,41.32
226232,54.78,78.74,41.33
100599,54.78,78.74,41.33
196385,54.77,78.74,41.33
537256,54.77,78.74,41.33
514534,54.78,78.74,41.33
778486,54.77,78.74,41.33
169434,54.78,78.74,41.33
434001,54.78,78.74,41.33
135250,54.78,78.74,41.33
896,54.78,78.74,41.32
5120,54.78,78.74,41.32
924,54.77,78.74,41.32
33588,54.77,78.74,41.32
12117,54.78,78.74,41.32
953,54.78,78.74,41.32
997,54.78,78.74,41.32
2863,54.78,78.74,41.32
151670,54.78,78.75,41.33
65617,54.78,78.75,41.33
21632,54.79,78.75,41.33
125770,54.78,78.75,41.33
2445,54.79,78.75,41.33
2639,54.78,78.75,41.32
885,54.78,78.75,41.32
780,54.79,78.75,41.32
806,54.79,78.75,41.32
926,54.78,78.74,41.32
907,54.77,78.74,41.32
978,54.78,78.74,41.32
973,54.78,78.74,41.32
973,54.78,78.74,41.32
1021,54.78,78.74,41.32
940,54.78,78.74,41.32
949,54.78,78.74,41.31
929,54.78,78.74,41.31
193825,54.77,78.75,41.34
74329,54.77,78.75,41.34
516,54.77,78.75,41.34
616,54.77,78.75,41.35
607,54.77,78.75,41.35
437,54.77,78.75,41.34
433639,54.77,78.75,41.33
349547,54.77,78.75,41.34
450892,54.77,78.75,41.33
569,54.77,78.75,41.35
574,54.78,78.75,41.35
725,54.77,78.75,41.34
3892,54.78,78.75,41.34
611,54.77,78.75,41.35
607,54.77,78.75,41.35
608,54.77,78.75,41.35
585,54.78,78.75,41.35
588,54.78,78.75,41.35
579,54.78,78.75,41.35
577,54.78,78.75,41.35
58358,54.78,78.75,41.34
275600,54.78,78.75,41.34
54248,54.77,78.75,41.34
269014,54.77,78.75,41.34
623,54.77,78.75,41.34
55448,54.77,78.75,41.34
331307,54.77,78.75,41.34
44225,54.77,78.75,41.34
287290,54.77,78.75,41.34
613,54.79,78.75,41.34
605,54.79,78.75,41.34
597,54.79,78.74,41.34
589,54.79,78.74,41.35
594,54.79,78.75,41.34
586,54.79,78.75,41.35
43554,54.78,78.75,41.34
169319,54.78,78.75,41.34
69258,54.78,78.75,41.34
15090,54.78,78.75,41.34
765,54.79,78.75,41.34
18873,54.79,78.75,41.34
459,54.79,78.75,41.34
610,54.79,78.75,41.34
5101,54.79,78.75,41.34
587,54.79,78.75,41.34
2336,54.78,78.75,41.34
592,54.78,78.75,41.35
572,54.78,78.75,41.34
578,54.78,78.75,41.35
579,54.79,78.75,41.35
577,54.79,78.75,41.34
586,54.79,78.75,41.34
581,54.79,78.75,41.35
694538,54.78,78.75,41.33
714798,54.78,78.75,41.33
497541,54.78,78.75,41.33
445193,54.78,78.75,41.33
351908,54.78,78.75,41.33
314052,54.78,78.75,41.33
556769,54.77,78.75,41.33
753610,54.77,78.75,41.33
744643,54.77,78.75,41.33
744187,54.77,78.75,41.33
707315,54.77,78.75,41.33
520772,54.78,78.75,41.34
581182,54.78,78.75,41.33
487615,54.77,78.75,41.34
553953,54.77,78.75,41.33
681745,54.77,78.75,41.34
780932,54.77,78.75,41.33
641633,54.77,78.75,41.34
765168,54.77,78.75,41.33
615,54.79,78.75,41.33
604,54.79,78.75,41.34
639,54.79,78.75,41.33
407588,54.78,78.75,41.33
322184,54.78,78.75,41.34
142602,54.78,78.75,41.34
199318,54.78,78.75,41.33
57900,54.79,78.75,41.34
101054,54.79,78.75,41.33
27939,54.79,78.75,41.34
590,54.79,78.75,41.34
50262,54.79,78.75,41.33
776,54.79,78.75,41.33
220669,54.78,78.75,41.33
200629,54.78,78.75,41.33
123680,54.79,78.75,41.33
112636,54.79,78.75,41.33
51425,54.79,78.75,41.33
60351,54.79,78.75,41.33
1556,54.79,78.75,41.33
584,54.79,78.75,41.35
580,54.79,78.75,41.36
582,54.8,78.74,41.36
579,54.79,78.75,41.36
580,54.8,78.75,41.36
580,54.8,78.75,41.36
582,54.79,78.75,41.37
1130,54.79,78.75,41.33
3598,54.79,78.75,41.33
954,54.79,78.75,41.33
644,54.79,78.75,41.33
689,54.79,78.74,41.33
681,54.79,78.74,41.33
762,54.79,78.75,41.32
783,54.79,78.75,41.32
752,54.79,78.74,41.32
787,54.79,78.74,41.32
892,54.78,78.75,41.32
911,54.78,78.75,41.32
856,54.79,78.75,41.32
881,54.79,78.75,41.32
830,54.79,78.75,41.32
856,54.79,78.75,41.32
818,54.79,78.74,41.32
844,54.79,78.74,41.32
890,54.79,78.75,41.31
703,54.76,78.74,41.35
720,54.76,78.74,41.35
711,54.76,78.74,41.35
725,54.76,78.74,41.35
712,54.76,78.74,41.35
701,54.76,78.74,41.35
698,54.76,78.74,41.35
689,54.76,78.74,41.35
685,54.77,78.74,41.35
678,54.77,78.74,41.35
681,54.76,78.74,41.35
689,54.76,78.74,41.36
675,54.76,78.74,41.36
673,54.77,78.74,41.35
678,54.76,78.74,41.36
683,54.76,78.74,41.36
669,54.77,78.74,41.36
672,54.76,78.74,41.36
906,54.76,78.73,41.31
912,54.76,78.73,41.3
935,54.77,78.73,41.3
843,54.75,78.74,41.33
852,54.75,78.74,41.33
841,54.75,78.73,41.33
850,54.75,78.73,41.33
841,54.75,78.74,41.33
849,54.76,78.74,41.33
853,54.75,78.74,41.33
855,54.76,78.74,41.33
862,54.75,78.74,41.32
859,54.75,78.73,41.32
863,54.75,78.74,41.32
864,54.76,78.74,41.32
870,54.75,78.74,41.32
867,54.75,78.73,41.32
882,54.75,78.73,41.32
877,54.75,78.73,41.32
887,54.75,78.73,41.32
882,54.76,78.74,41.32
880,54.75,78.73,41.32
871,54.75,78.74,41.32
873,54.76,78.74,41.32
885,54.76,78.74,41.32
889,54.76,78.74,41.32
892,54.76,78.74,41.32
897,54.76,78.73,41.31
901,54.76,78.74,41.31
820,54.76,78.74,41.33
845,54.76,78.74,41.33
864,54.76,78.74,41.32
4769,54.76,78.74,41.33
88410,54.76,78.74,41.33
816,54.76,78.74,41.33
18022,54.76,78.74,41.33
863,54.76,78.74,41.32
874,54.76,78.74,41.32
879,54.76,78.74,41.32
874,54.76,78.74,41.32
888,54.76,78.74,41.32
876,54.76,78.74,41.32
890,54.76,78.74,41.32
895,54.76,78.74,41.32
898,54.76,78.74,41.32
910,54.76,78.74,41.31
893,54.76,78.74,41.32
810,54.75,78.74,41.33
807,54.75,78.73,41.34
795,54.75,78.73,41.34
804,54.75,78.74,41.33
792,54.75,78.74,41.34
794,54.76,78.74,41.33
784,54.76,78.74,41.34
820,54.75,78.74,41.33
819,54.75,78.73,41.33
828,54.75,78.74,41.33
830,54.75,78.73,41.33
811,54.75,78.74,41.33
796,54.76,78.74,41.33
817,54.75,78.74,41.33
824,54.76,78.74,41.33
785,54.75,78.74,41.34
768,54.75,78.74,41.34
768,54.75,78.74,41.34
778,54.75,78.74,41.34
779,54.75,78.74,41.34
773,54.76,78.74,41.34
760,54.76,78.74,41.34
742,54.76,78.74,41.35
745,54.75,78.74,41.35
749,54.76,78.74,41.34
751,54.75,78.74,41.35
757,54.75,78.74,41.34
759,54.76,78.74,41.34
752,54.76,78.74,41.34
728,54.76,78.74,41.34
728,54.76,78.74,41.34
742,54.76,78.74,41.34
733,54.76,78.74,41.35
732,54.76,78.74,41.34
724,54.76,78.74,41.35
34735,54.76,78.74,41.34
3529,54.76,78.74,41.34
97686,54.76,78.75,41.34
27578,54.76,78.75,41.34
704,54.76,78.74,41.34
711,54.76,78.74,41.35
556,54.76,78.75,41.34
693,54.76,78.75,41.35
739,54.76,78.74,41.33
741,54.76,78.74,41.34
7468,54.76,78.74,41.34
19921,54.76,78.74,41.33
823,54.76,78.74,41.33
825,54.76,78.74,41.33
78805,54.76,78.74,41.34
166312,54.76,78.75,41.34
26532,54.76,78.74,41.33
112191,54.76,78.74,41.33
214122,54.76,78.74,41.33
19516,54.76,78.74,41.33
166593,54.76,78.74,41.33
218615,54.76,78.75,41.33
348197,54.77,78.74,41.33
295412,54.77,78.74,41.33
619,54.8,78.74,41.34
617,54.8,78.75,41.34
615,54.8,78.74,41.34
612,54.8,78.75,41.34
603,54.79,78.75,41.35
608,54.8,78.74,41.35
620,54.8,78.74,41.34
617,54.8,78.74,41.34
619,54.8,78.74,41.34
595,54.8,78.75,41.35
586,54.8,78.75,41.35
598,54.8,78.74,41.35
588,54.8,78.74,41.36
636,54.8,78.74,41.33
646,54.8,78.74,41.33
637,54.8,78.74,41.33
627,54.8,78.74,41.33
623,54.8,78.74,41.34
626,54.8,78.75,41.33
621,54.8,78.75,41.34
635,54.8,78.74,41.33
633,54.8,78.75,41.33
644,54.8,78.74,41.33
644,54.8,78.75,41.33
629,54.8,78.74,41.33
625,54.8,78.74,41.34
628,54.8,78.74,41.34
678,54.79,78.74,41.33
732,54.79,78.74,41.32
676,54.8,78.74,41.33
659,54.8,78.74,41.33
722,54.8,78.74,41.32
692,54.8,78.74,41.32
784,54.79,78.74,41.32
826,54.79,78.74,41.31
770,54.8,78.74,41.32
735,54.8,78.74,41.32
810,54.8,78.74,41.31
775,54.8,78.74,41.31
841,54.8,78.74,41.31
812,54.8,78.74,41.31
857,54.8,78.74,41.3
840,54.8,78.74,41.3
798,65.86,67.79,40.46
671,54.77,78.75,41.35
666,54.77,78.75,41.35
662,54.77,78.75,41.35
656,54.77,78.75,41.35
668,54.77,78.75,41.35
665,54.77,78.75,41.36
657,54.77,78.75,41.35
656,54.77,78.75,41.36
644,54.77,78.75,41.35
645,54.77,78.75,41.36
631,54.77,78.75,41.35
634,54.77,78.75,41.36
635,54.77,78.75,41.35
635,54.77,78.75,41.35
619,54.77,78.75,41.35
617,54.77,78.75,41.35
655,54.77,78.75,41.36
653,54.77,78.75,41.36
662,54.76,78.74,41.37
640,54.77,78.75,41.36
639,54.77,78.75,41.36
651,54.77,78.74,41.37
661,54.76,78.75,41.37
639,54.77,78.75,41.37
650,54.77,78.75,41.37
616,54.78,78.75,41.37
603,54.78,78.75,41.37
595,54.79,78.75,41.37
599,54.79,78.75,41.38
593,54.78,78.75,41.36
581,54.79,78.75,41.36
598,54.78,78.75,41.37
584,54.79,78.75,41.36
622,54.77,78.75,41.36
624,54.77,78.75,41.37
578,54.78,78.75,41.35
581,54.79,78.75,41.35
586,54.78,78.75,41.36
580,54.79,78.75,41.36
608,54.77,78.75,41.36
628,54.77,78.75,41.37
650,54.77,78.75,41.37
638,54.77,78.75,41.37
618,54.78,78.75,41.38
589,54.79,78.75,41.37
583,54.79,78.76,41.37
582,54.8,78.75,41.37
593,54.79,78.75,41.38
583,54.8,78.75,41.38
949,54.78,78.74,41.31
941,54.77,78.74,41.31
945,54.78,78.74,41.31
947,54.77,78.73,41.31
929,54.77,78.74,41.31
934,54.77,78.74,41.31
940,54.77,78.74,41.31
931,54.77,78.74,41.31
920,54.77,78.74,41.32
939,54.77,78.74,41.31
929,54.77,78.74,41.32
917,54.77,78.74,41.31
901,54.76,78.74,41.32
950,54.78,78.74,41.31
950,54.78,78.74,41.31
950,54.78,78.74,41.31
947,54.78,78.74,41.31
950,54.78,78.74,41.31
950,54.78,78.74,41.31
952,54.78,78.74,41.31
927,54.77,78.73,41.3
932,54.77,78.74,41.3
949,54.78,78.74,41.3
947,54.77,78.73,41.3
951,54.78,78.74,41.3
917,54.76,78.74,41.31
924,54.76,78.73,41.3
921,54.76,78.74,41.3
918,54.76,78.73,41.3
945,54.78,78.74,41.31
950,54.78,78.73,41.3
948,54.77,78.73,41.3
918,54.79,78.75,41.31
855,54.79,78.74,41.31
878,54.79,78.74,41.3
893,54.8,78.74,41.3
934,54.79,78.74,41.3
927,54.79,78.74,41.3
949,54.78,78.74,41.3
951,54.78,78.74,41.3
949,54.79,78.73,41.3
951,54.78,78.73,41.29
937,54.79,78.73,41.29
33556,54.77,78.74,41.33
77527,54.77,78.74,41.33
170040,54.77,78.74,41.33
354703,54.77,78.74,41.33
414891,54.77,78.75,41.33
196689,54.77,78.74,41.33
508987,54.77,78.74,41.33
531801,54.77,78.75,41.33
850,54.77,78.74,41.32
2560,54.77,78.74,41.32
862,54.77,78.74,41.32
1715,54.77,78.74,41.32
1866,54.77,78.74,41.32
36450,54.77,78.74,41.32
903,54.77,78.74,41.32
903,54.77,78.74,41.32
904,54.77,78.74,41.32
913,54.77,78.74,41.32
882,54.77,78.74,41.32
920,54.77,78.74,41.32
297415,54.78,78.75,41.33
102055,54.78,78.75,41.33
194784,54.78,78.75,41.33
72955,54.78,78.75,41.33
406384,54.77,78.75,41.33
986,54.78,78.75,41.32
2847,54.78,78.75,41.32
2004,54.78,78.75,41.32
989,54.78,78.75,41.32
66989,54.77,78.75,41.32
49152,54.78,78.75,41.33
1291,54.78,78.75,41.32
977,54.78,78.75,41.32
1015,54.78,78.75,41.32
924,54.78,78.75,41.32
938,54.78,78.75,41.32
1170,54.77,78.75,41.32
947,54.78,78.75,41.31
142490,54.77,78.75,41.34
55441,54.77,78.75,41.34
37284,54.77,78.75,41.34
186579,54.77,78.75,41.34
978,54.77,78.75,41.34
612,54.77,78.75,41.35
611,54.77,78.75,41.35
632,54.77,78.75,41.34
309385,54.77,78.75,41.33
233509,54.77,78.75,41.34
328215,54.77,78.75,41.34
403555,54.77,78.75,41.33
334745,54.77,78.75,41.33
306105,54.77,78.75,41.33
432060,54.77,78.75,41.33
409758,54.77,78.75,41.33
604,54.77,78.75,41.35
560,54.78,78.75,41.35
684,54.77,78.75,41.34
855,54.78,78.75,41.34
979,54.78,78.75,41.34
580,54.78,78.75,41.35
619,54.77,78.75,41.35
663,54.77,78.75,41.34
614,54.77,78.75,41.35
710,54.77,78.75,41.34
592,54.77,78.75,41.35
36291,54.78,78.75,41.34
27666,54.78,78.75,41.34
233263,54.78,78.75,41.34
168955,54.78,78.75,41.34
155654,54.77,78.75,41.34
613,54.79,78.75,41.34
607,54.79,78.75,41.34
613,54.79,78.75,41.34
604,54.79,78.75,41.34
595,54.79,78.75,41.35
38038,54.78,78.75,41.34
604,54.79,78.75,41.34
745,54.78,78.75,41.35
586,54.79,78.75,41.35
649563,54.77,78.75,41.33
528803,54.78,78.75,41.33
553035,54.78,78.75,41.34
409554,54.78,78.75,41.34
678847,54.78,78.75,41.33
503748,54.78,78.75,41.33
566047,54.77,78.75,41.34
621,54.79,78.75,41.33
614,54.79,78.75,41.34
652,54.79,78.75,41.33
644,54.79,78.75,41.34
630,54.79,78.75,41.33
635,54.79,78.75,41.33
794,54.79,78.75,41.33
780,54.79,78.75,41.33
204229,54.78,78.75,41.34
8295,54.79,78.75,41.34
264153,54.78,78.75,41.33
18198,54.79,78.75,41.33
588,54.8,78.75,41.35
582,54.8,78.75,41.36
584,54.79,78.76,41.35
580,54.79,78.76,41.36
580,54.8,78.75,41.36
581,54.8,78.75,41.36
579,54.8,78.75,41.36
580,54.8,78.75,41.37
580,54.79,78.76,41.36
581,54.79,78.76,41.37
581,54.8,78.75,41.37
676,54.79,78.75,41.33
748,54.79,78.75,41.32
1561,54.79,78.75,41.33
850,54.78,78.75,41.32
745,54.79,78.75,41.32
802,54.79,78.75,41.32
920,54.78,78.75,41.31
845,54.79,78.75,41.31
740,54.75,78.74,41.35
724,54.76,78.74,41.35
716,54.76,78.74,41.35
710,54.76,78.74,41.35
726,54.76,78.74,41.35
700,54.76,78.74,41.35
710,54.76,78.74,41.36
704,54.76,78.74,41.35
697,54.76,78.74,41.35
693,54.76,78.75,41.35
686,54.76,78.75,41.35
690,54.76,78.74,41.35
680,54.76,78.75,41.35
683,54.76,78.74,41.36
676,54.76,78.75,41.36
690,54.76,78.74,41.36
700,54.76,78.74,41.36
672,54.76,78.75,41.36
684,54.76,78.74,41.36
675,54.76,78.74,41.37
896,54.75,78.73,41.31
905,54.76,78.74,41.31
901,54.75,78.73,41.31
911,54.76,78.74,41.3
902,54.75,78.73,41.3
907,54.75,78.73,41.3
915,54.76,78.73,41.3
936,54.77,78.74,41.3
930,54.77,78.73,41.3
840,54.75,78.74,41.33
849,54.75,78.74,41.33
840,54.75,78.73,41.33
848,54.75,78.73,41.33
840,54.75,78.74,41.33
853,54.75,78.74,41.33
850,54.75,78.74,41.33
854,54.75,78.74,41.33
859,54.75,78.74,41.32
856,54.75,78.73,41.32
864,54.75,78.73,41.32
859,54.75,78.74,41.32
860,54.75,78.74,41.32
867,54.75,78.74,41.32
876,54.75,78.74,41.32
881,54.75,78.74,41.32
876,54.75,78.73,41.32
868,54.75,78.74,41.32
869,54.75,78.74,41.32
885,54.75,78.74,41.32
879,54.75,78.74,41.32
881,54.76,78.74,41.32
888,54.76,78.74,41.32
888,54.75,78.73,41.31
897,54.76,78.74,41.31
811,54.76,78.74,41.33
827,54.76,78.74,41.33
862,54.76,78.74,41.32
950,54.76,78.74,41.33
785,54.76,78.74,41.33
51749,54.76,78.74,41.33
116510,54.76,78.75,41.33
13086,54.76,78.74,41.33
28816,54.76,78.75,41.33
863,54.76,78.74,41.32
868,54.76,78.74,41.32
851,54.76,78.74,41.32
835,54.76,78.75,41.32
882,54.76,78.75,41.32
871,54.76,78.74,41.32
870,54.76,78.74,41.32
883,54.76,78.74,41.32
885,54.76,78.74,41.32
891,54.76,78.74,41.32
893,54.76,78.74,41.32
902,54.76,78.74,41.31
888,54.76,78.74,41.32
894,54.76,78.74,41.32
896,54.76,78.75,41.32
898,54.76,78.75,41.32
808,54.75,78.74,41.34
807,54.75,78.74,41.33
797,54.75,78.74,41.34
795,54.75,78.74,41.34
804,54.75,78.74,41.33
793,54.75,78.74,41.34
802,54.75,78.74,41.33
787,54.75,78.74,41.34
817,54.75,78.74,41.33
819,54.75,78.73,41.33
824,54.75,78.74,41.33
829,54.75,78.73,41.33
812,54.75,78.74,41.33
815,54.75,78.74,41.33
818,54.75,78.74,41.33
835,54.75,78.74,41.33
786,54.75,78.74,41.34
785,54.75,78.74,41.34
777,54.75,78.74,41.34
767,54.75,78.74,41.34
771,54.75,78.74,41.34
779,54.75,78.74,41.34
773,54.75,78.74,41.34
762,54.75,78.74,41.34
744,54.75,78.74,41.35
747,54.75,78.74,41.35
758,54.75,78.74,41.34
752,54.75,78.74,41.34
760,54.75,78.74,41.35
752,54.75,78.74,41.35
762,54.76,78.74,41.34
755,54.76,78.74,41.34
743,54.76,78.74,41.34
741,54.76,78.74,41.34
744,54.76,78.74,41.34
736,54.76,78.74,41.35
736,54.76,78.74,41.34
728,54.76,78.74,41.35
10677,54.76,78.75,41.34
678,54.76,78.75,41.34
47334,54.76,78.75,41.34
5640,54.76,78.75,41.34
722,54.76,78.75,41.34
716,54.76,78.75,41.35
696,54.76,78.75,41.34
703,54.76,78.75,41.35
759,54.76,78.74,41.33
763,54.76,78.74,41.34
1138,54.76,78.74,41.34
5220,54.76,78.74,41.33
761,54.76,78.74,41.33
766,54.76,78.74,41.33
33824,54.76,78.75,41.34
90974,54.76,78.75,41.34
124145,54.76,78.75,41.33
11373,54.76,78.74,41.33
8340,54.76,78.74,41.33
55219,54.76,78.75,41.33
121643,54.76,78.74,41.33
98032,54.76,78.74,41.33
237187,54.76,78.75,41.33
205082,54.76,78.75,41.33
586,54.81,78.75,41.36
617,54.8,78.75,41.34
607,54.8,78.75,41.35
609,54.8,78.74,41.35
620,54.8,78.75,41.34
620,54.81,78.74,41.34
614,54.81,78.74,41.35
598,54.8,78.75,41.35
590,54.8,78.75,41.35
603,54.81,78.74,41.35
593,54.81,78.75,41.36
638,54.8,78.74,41.33
634,54.81,78.74,41.33
625,54.8,78.75,41.34
637,54.8,78.75,41.33
627,54.8,78.74,41.34
627,54.81,78.74,41.34
634,54.81,78.74,41.33
662,54.8,78.75,41.33
700,54.8,78.75,41.32
660,54.8,78.74,41.33
651,54.81,78.74,41.33
694,54.8,78.74,41.32
675,54.81,78.74,41.32
646,54.81,78.74,41.33
664,54.81,78.74,41.32
749,54.8,78.75,41.32
791,54.8,78.75,41.31
738,54.8,78.74,41.32
711,54.81,78.74,41.32
778,54.8,78.74,41.31
744,54.81,78.74,41.31
694,54.81,78.74,41.32
721,54.81,78.74,41.31
813,54.8,78.74,41.31
781,54.81,78.74,41.31
825,54.8,78.75,41.31
747,54.81,78.74,41.31
849,54.8,78.75,41.3
810,54.81,78.74,41.3
837,54.8,78.75,41.3
862,54.8,78.74,41.3
1225,63.28,69.93,40.41
1263,63.21,69.93,40.65
1168,63.58,69.41,40.42
810,65.34,66.5,40.46
758,66.1,67.76,40.57
1232,63.29,69.45,40.82
760,65.82,66.77,40.46
697,65.98,66.31,40.56
715,66.1,66.8,40.56
830,65.43,67.37,40.46
1170,63.23,69.04,40.41
838,64.83,66.91,40.46
820,65.47,68.31,40.46
821,65.71,67.86,40.65
804,65.9,67.84,40.75
796,65.88,68.71,40.46
1071,64.03,68.92,40.44
871,64.95,68.83,40.46
903,65.53,69.22,40.46
1213,63.67,70.28,40.42
1277,63.32,70.23,40.87
1064,65.91,69.59,40.46
828,65.23,66.66,40.65
669,54.76,78.75,41.35
671,54.76,78.75,41.36
647,54.77,78.75,41.36
634,54.77,78.75,41.35
666,54.76,78.75,41.36
663,54.76,78.75,41.36
651,54.77,78.75,41.36
650,54.77,78.75,41.37
661,54.76,78.75,41.37
670,54.76,78.75,41.37
650,54.77,78.75,41.37
614,54.78,78.76,41.37
594,54.79,78.76,41.37
598,54.79,78.76,41.37
606,54.78,78.75,41.38
598,54.79,78.75,41.38
604,54.78,78.76,41.36
584,54.79,78.76,41.36
609,54.78,78.76,41.37
589,54.79,78.76,41.37
635,54.77,78.76,41.36
636,54.77,78.76,41.37
582,54.78,78.76,41.35
580,54.79,78.76,41.35
592,54.78,78.76,41.36
581,54.79,78.76,41.36
624,54.77,78.76,41.36
667,54.76,78.75,41.38
658,54.77,78.75,41.38
617,54.78,78.76,41.37
650,54.77,78.76,41.37
638,54.77,78.76,41.37
646,54.77,78.75,41.38
639,54.77,78.75,41.38
631,54.78,78.75,41.38
581,54.8,78.75,41.38
580,54.8,78.75,41.37
587,54.79,78.76,41.37
581,54.8,78.76,41.37
591,54.79,78.76,41.37
582,54.8,78.76,41.37
588,54.79,78.75,41.38
923,54.77,78.74,41.31
943,54.77,78.74,41.31
908,54.76,78.74,41.31
925,54.77,78.74,41.31
950,54.78,78.74,41.31
927,54.77,78.75,41.31
926,54.77,78.74,41.3
946,54.77,78.74,41.3
950,54.78,78.74,41.3
910,54.76,78.74,41.31
924,54.76,78.74,41.3
921,54.76,78.73,41.3
916,54.76,78.74,41.3
951,54.78,78.75,41.31
951,54.78,78.75,41.3
950,54.78,78.74,41.3
947,54.77,78.74,41.3
950,54.78,78.73,41.29
948,54.77,78.73,41.29
939,54.78,78.75,41.31
877,54.79,78.75,41.31
946,54.78,78.75,41.3
911,54.8,78.74,41.29
900,54.79,78.75,41.3
897,54.79,78.74,41.3
883,54.8,78.74,41.29
943,54.79,78.74,41.3
933,54.79,78.74,41.29
950,54.78,78.74,41.3
951,54.78,78.74,41.29
951,54.78,78.73,41.29
949,54.79,78.73,41.29
244746,54.77,78.75,41.33
19156,54.77,78.75,41.32
901,54.77,78.75,41.32
414959,54.77,78.75,41.33
304772,54.78,78.75,41.33
100896,54.77,78.75,41.32
51983,54.78,78.75,41.32
136549,54.78,78.75,41.33
14358,54.78,78.75,41.32
1823,54.77,78.75,41.32
1319,54.78,78.75,41.32
951,54.78,78.75,41.31
21492,54.76,78.75,41.34
645,54.76,78.75,41.35
160673,54.76,78.75,41.34
219627,54.76,78.75,41.33
617,54.77,78.76,41.35
690,54.77,78.75,41.35
674,54.77,78.75,41.35
95119,54.77,78.75,41.34
125583,54.77,78.75,41.34
702,54.78,78.76,41.35
65214,54.78,78.76,41.34
611,54.8,78.75,41.34
600,54.8,78.75,41.35
918,54.79,78.76,41.34
598,54.79,78.76,41.34
579,54.79,78.76,41.35
593,54.79,78.76,41.35
456839,54.77,78.75,41.33
613943,54.77,78.75,41.33
358718,54.77,78.75,41.34
513271,54.77,78.75,41.34
321380,54.78,78.76,41.34
426181,54.78,78.76,41.33
613,54.8,78.75,41.34
632,54.8,78.75,41.33
31179,54.79,78.76,41.34
627,54.79,78.76,41.34
83689,54.79,78.76,41.33
802,54.79,78.76,41.33
592,54.8,78.75,41.35
585,54.8,78.75,41.36
581,54.79,78.76,41.35
587,54.8,78.76,41.35
580,54.79,78.76,41.36
582,54.8,78.76,41.36
580,54.8,78.76,41.36
582,54.8,78.75,41.36
579,54.8,78.76,41.36
580,54.8,78.75,41.37
581,54.79,78.76,41.36
580,54.8,78.76,41.36
584,54.79,78.76,41.37
580,54.8,78.76,41.37
663,54.8,78.75,41.33
709,54.8,78.75,41.32
614,54.79,78.76,41.33
723,54.79,78.76,41.32
763,54.8,78.75,41.32
807,54.8,78.75,41.31
11881,54.79,78.76,41.33
924,54.78,78.75,41.32
856,54.79,78.76,41.32
828,54.79,78.75,41.32
950,54.78,78.75,41.31
873,54.79,78.75,41.31
842,54.8,78.75,41.31
868,54.8,78.75,41.3
735,54.75,78.74,41.36
739,54.75,78.74,41.35
745,54.75,78.74,41.35
724,54.76,78.74,41.35
709,54.76,78.75,41.35
722,54.75,78.74,41.36
704,54.76,78.75,41.35
692,54.76,78.75,41.36
702,54.75,78.74,41.36
700,54.76,78.75,41.36
709,54.75,78.74,41.36
683,54.76,78.75,41.36
693,54.76,78.74,41.36
676,54.76,78.75,41.36
688,54.76,78.74,41.37
681,54.76,78.75,41.37
891,54.75,78.73,41.31
896,54.75,78.74,41.31
900,54.75,78.74,41.31
906,54.75,78.74,41.3
915,54.76,78.74,41.3
901,54.75,78.74,41.3
899,54.75,78.73,41.3
913,54.75,78.73,41.3
929,54.77,78.74,41.3
928,54.76,78.73,41.29
932,54.77,78.73,41.29
924,54.76,78.73,41.29
844,54.74,78.73,41.33
856,54.74,78.73,41.32
869,54.74,78.73,41.32
878,54.74,78.73,41.31
838,54.75,78.74,41.33
839,54.75,78.74,41.33
848,54.75,78.74,41.33
848,54.75,78.74,41.33
841,54.75,78.73,41.33
842,54.75,78.74,41.33
849,54.75,78.74,41.33
850,54.75,78.74,41.33
850,54.75,78.74,41.33
856,54.75,78.74,41.32
856,54.75,78.74,41.32
864,54.75,78.74,41.32
863,54.75,78.74,41.32
858,54.75,78.73,41.32
856,54.75,78.74,41.32
857,54.75,78.74,41.32
864,54.75,78.74,41.32
865,54.75,78.74,41.32
875,54.75,78.74,41.32
872,54.75,78.73,41.32
879,54.75,78.74,41.32
887,54.75,78.74,41.31
882,54.75,78.73,41.31
891,54.75,78.74,41.31
807,54.76,78.74,41.33
814,54.76,78.74,41.33
784,54.76,78.75,41.33
764,54.76,78.75,41.33
858,54.76,78.74,41.32
868,54.76,78.74,41.32
859,54.76,78.75,41.32
866,54.76,78.75,41.32
28501,54.76,78.75,41.33
847,54.76,78.75,41.32
882,54.76,78.74,41.32
895,54.76,78.74,41.31
883,54.76,78.75,41.32
806,54.75,78.74,41.34
807,54.75,78.74,41.33
796,54.75,78.74,41.34
807,54.75,78.74,41.33
794,54.75,78.74,41.34
803,54.75,78.74,41.33
787,54.75,78.74,41.34
824,54.75,78.74,41.33
816,54.75,78.74,41.33
825,54.75,78.74,41.33
828,54.75,78.74,41.33
814,54.75,78.74,41.33
811,54.75,78.74,41.33
824,54.75,78.74,41.33
827,54.75,78.74,41.33
768,54.75,78.74,41.35
785,54.75,78.74,41.34
778,54.75,78.74,41.34
785,54.75,78.74,41.34
780,54.75,78.74,41.34
774,54.75,78.74,41.34
770,54.75,78.74,41.34
764,54.75,78.74,41.34
759,54.75,78.74,41.34
754,54.75,78.74,41.34
747,54.75,78.74,41.35
753,54.75,78.74,41.35
758,54.75,78.74,41.35
765,54.76,78.74,41.34
756,54.76,78.74,41.34
754,54.76,78.75,41.34
751,54.76,78.75,41.34
747,54.76,78.74,41.34
739,54.76,78.74,41.35
740,54.76,78.75,41.34
732,54.76,78.75,41.35
707,54.76,78.75,41.34
732,54.76,78.75,41.34
12344,54.76,78.75,41.34
623,54.76,78.75,41.34
732,54.76,78.75,41.34
721,54.76,78.75,41.35
718,54.76,78.75,41.34
706,54.76,78.75,41.35
767,54.76,78.74,41.33
762,54.76,78.74,41.34
757,54.76,78.75,41.34
828,54.76,78.75,41.33
729,54.76,78.74,41.33
747,54.76,78.74,41.33
4030,54.76,78.75,41.33
1953,54.76,78.75,41.33
6760,54.76,78.75,41.34
21248,54.76,78.75,41.33
41727,54.76,78.75,41.34
69231,54.76,78.75,41.33
85458,54.76,78.75,41.33
587,54.81,78.76,41.36
588,54.81,78.75,41.36
618,54.8,78.75,41.34
609,54.8,78.75,41.35
620,54.8,78.75,41.34
614,54.81,78.75,41.34
621,54.81,78.74,41.34
614,54.81,78.74,41.35
602,54.81,78.75,41.35
594,54.81,78.75,41.36
603,54.81,78.75,41.35
635,54.81,78.75,41.33
631,54.81,78.74,41.33
625,54.8,78.75,41.34
634,54.8,78.75,41.33
626,54.81,78.75,41.34
627,54.81,78.74,41.34
637,54.81,78.75,41.33
629,54.82,78.74,41.33
653,54.8,78.75,41.33
681,54.8,78.75,41.32
652,54.81,78.75,41.33
677,54.81,78.75,41.32
646,54.81,78.75,41.33
662,54.81,78.75,41.32
647,54.82,78.74,41.33
722,54.8,78.75,41.32
760,54.8,78.75,41.31
713,54.81,78.75,41.32
748,54.81,78.75,41.31
692,54.81,78.75,41.32
717,54.81,78.75,41.31
688,54.82,78.74,41.32
785,54.81,78.75,41.31
763,54.81,78.74,41.31
796,54.8,78.75,41.31
784,54.81,78.74,41.3
742,54.81,78.75,41.31
740,54.82,78.74,41.31
823,54.8,78.75,41.3
869,54.8,78.75,41.3
856,54.8,78.75,41.3
812,54.81,78.75,41.3
830,54.81,78.74,41.3
786,54.82,78.74,41.3
812,54.82,78.74,41.29
1215,63.35,69.83,40.47
1276,63.3,70.72,40.42
1257,66,71.42,40.46
1244,63.32,69.88,40.71
1306,63.22,70.75,40.67
1162,64.11,69.8,40.43
1161,63.63,69.39,40.5
1201,63.52,69.42,41.28
787,65.34,66.31,40.57
767,66.1,67.78,41.07
771,66.1,68.69,40.57
935,66.1,69.55,40.57
1230,66.1,71.41,40.58
820,64.36,66.55,40.46
1210,63.39,69.43,40.83
1201,63.18,69.06,40.62
799,65.67,66.92,40.65
753,65.94,66.31,40.9
764,65.8,66.51,40.75
695,66.02,66.31,41.37
775,65.9,66.95,40.75
673,66.1,66.36,41.36
716,66.1,66.85,41.03
839,65.33,67.44,40.65
833,64.88,67.93,40.46
1050,63.5,68.56,40.42
1171,63.3,69.01,40.48
837,64.37,67.51,40.46
851,64.79,67.01,40.65
841,65.17,66.77,40.87
891,64.44,68.44,40.45
822,65.38,68.34,40.66
827,65.61,67.9,40.87
808,65.9,67.85,41.19
800,65.9,68.74,40.75
811,65.73,68.75,40.65
1082,64.53,69.31,40.45
1055,64.05,68.91,40.58
1165,63.59,69.06,41.47
857,64.93,68.84,40.66
889,65.43,69.23,40.66
1120,65.05,69.71,40.46
1207,64.18,70.68,40.44
1201,63.77,70.29,40.51
1255,63.41,70.21,40.87
1250,63.55,70.29,41.34
1172,64.61,70.2,40.45
1171,65.64,70.11,40.46
1031,65.76,69.6,40.65
968,65.9,69.57,40.75
1192,65.14,70.6,40.46
1207,65.96,70.52,40.46
822,65.23,66.51,40.75
986,44.64,66.52,40.46
693,54.76,78.75,41.35
682,54.76,78.75,41.36
661,54.76,78.76,41.36
661,54.76,78.76,41.35
676,54.76,78.75,41.36
672,54.76,78.75,41.37
661,54.76,78.76,41.36
660,54.76,78.76,41.37
669,54.76,78.76,41.37
658,54.76,78.76,41.37
627,54.78,78.76,41.37
601,54.78,78.76,41.37
592,54.79,78.76,41.37
646,54.77,78.76,41.37
606,54.78,78.76,41.37
597,54.79,78.76,41.38
606,54.79,78.75,41.38
618,54.78,78.76,41.36
590,54.78,78.76,41.36
623,54.78,78.76,41.37
596,54.78,78.76,41.37
583,54.79,78.76,41.36
587,54.79,78.76,41.37
642,54.77,78.76,41.36
645,54.77,78.76,41.37
598,54.78,78.76,41.35
581,54.78,78.76,41.35
605,54.78,78.76,41.36
584,54.78,78.76,41.36
581,54.79,78.76,41.36
641,54.77,78.76,41.36
666,54.76,78.76,41.37
658,54.76,78.76,41.37
675,54.76,78.75,41.38
658,54.77,78.75,41.38
639,54.77,78.76,41.37
629,54.78,78.76,41.38
646,54.77,78.76,41.38
640,54.77,78.75,41.38
581,54.81,78.75,41.37
581,54.8,78.76,41.37
585,54.8,78.75,41.38
583,54.79,78.76,41.37
580,54.8,78.76,41.37
586,54.79,78.77,41.37
589,54.79,78.77,41.38
586,54.79,78.76,41.37
592,54.79,78.75,41.38
580,54.81,78.76,41.38
916,54.76,78.74,41.31
931,54.77,78.74,41.31
900,54.76,78.75,41.31
919,54.77,78.75,41.31
942,54.77,78.75,41.31
923,54.77,78.75,41.31
921,54.76,78.74,41.3
934,54.77,78.74,41.3
945,54.77,78.75,41.3
904,54.76,78.74,41.31
911,54.76,78.74,41.3
921,54.76,78.74,41.3
925,54.76,78.74,41.3
951,54.78,78.75,41.3
949,54.78,78.75,41.3
949,54.78,78.75,41.31
951,54.78,78.75,41.3
938,54.77,78.74,41.3
945,54.77,78.75,41.3
950,54.78,78.74,41.29
947,54.77,78.74,41.29
950,54.78,78.73,41.29
943,54.77,78.73,41.29
949,54.78,78.75,41.31
900,54.79,78.75,41.31
951,54.78,78.75,41.3
921,54.79,78.75,41.3
918,54.8,78.74,41.29
911,54.79,78.75,41.29
917,54.79,78.75,41.3
884,54.8,78.75,41.29
933,54.79,78.75,41.3
947,54.79,78.75,41.29
951,54.78,78.74,41.29
950,54.79,78.73,41.29
952,54.78,78.75,41.29
950,54.78,78.75,41.29
927,54.8,78.74,41.28
953,54.78,78.73,41.28
863,54.81,78.74,41.29
888,54.81,78.74,41.28
136479,54.76,78.75,41.33
8099,54.76,78.75,41.32
883,54.76,78.75,41.32
350035,54.77,78.75,41.33
431985,54.77,78.75,41.33
102693,54.77,78.75,41.32
122522,54.77,78.75,41.32
311965,54.78,78.76,41.33
82062,54.78,78.76,41.32
5643,54.77,78.75,41.32
9489,54.77,78.75,41.32
891,54.77,78.75,41.31
939,54.76,78.75,41.34
702,54.76,78.75,41.35
36474,54.76,78.75,41.34
88237,54.76,78.75,41.33
643,54.77,78.76,41.35
758,54.76,78.76,41.35
765,54.77,78.76,41.35
46368,54.76,78.76,41.34
111075,54.77,78.76,41.34
726,54.78,78.76,41.35
621,54.78,78.76,41.35
580,54.79,78.76,41.35
78291,54.78,78.76,41.34
14145,54.78,78.76,41.34
614,54.8,78.75,41.34
604,54.8,78.75,41.35
582,54.79,78.76,41.34
609,54.8,78.76,41.34
585,54.79,78.76,41.35
598,54.8,78.76,41.35
252351,54.76,78.76,41.33
581235,54.77,78.76,41.33
179377,54.76,78.76,41.34
428437,54.77,78.76,41.34
350731,54.78,78.76,41.34
125358,54.78,78.76,41.34
516456,54.78,78.76,41.33
195475,54.78,78.76,41.33
620,54.8,78.75,41.34
631,54.8,78.75,41.33
997,54.79,78.76,41.34
611,54.8,78.76,41.34
5474,54.79,78.76,41.33
622,54.8,78.76,41.33
596,54.8,78.76,41.35
589,54.8,78.76,41.36
583,54.79,78.76,41.35
591,54.8,78.76,41.35
580,54.79,78.76,41.36
585,54.8,78.76,41.36
580,54.79,78.77,41.36
583,54.8,78.76,41.36
580,54.8,78.76,41.36
582,54.81,78.75,41.37
580,54.79,78.76,41.36
581,54.8,78.76,41.36
581,54.79,78.76,41.37
580,54.8,78.76,41.37
581,54.79,78.77,41.36
582,54.79,78.77,41.37
653,54.8,78.75,41.33
685,54.8,78.75,41.32
722,54.79,78.76,41.33
650,54.8,78.76,41.33
739,54.79,78.76,41.32
694,54.8,78.76,41.32
789,54.79,78.76,41.32
830,54.79,78.76,41.31
732,54.8,78.75,41.32
773,54.8,78.75,41.31
135966,54.78,78.76,41.33
2705,54.78,78.76,41.32
15530,54.78,78.76,41.32
859,54.79,78.76,41.32
947,54.78,78.76,41.31
904,54.79,78.76,41.31
905,54.79,78.76,41.3
889,54.8,78.75,41.3
859,54.79,78.76,41.31
886,54.79,78.76,41.3
811,54.8,78.75,41.31
837,54.8,78.75,41.3
735,54.75,78.75,41.35
741,54.75,78.74,41.36
744,54.75,78.75,41.35
750,54.75,78.74,41.35
757,54.74,78.74,41.35
732,54.75,78.74,41.36
731,54.75,78.75,41.35
720,54.75,78.75,41.36
715,54.76,78.75,41.35
704,54.76,78.75,41.36
703,54.75,78.75,41.36
710,54.75,78.74,41.37
709,54.75,78.75,41.36
720,54.75,78.74,41.36
695,54.76,78.75,41.36
688,54.76,78.75,41.36
696,54.75,78.74,41.37
681,54.76,78.75,41.37
692,54.75,78.75,41.37
685,54.76,78.75,41.38
705,54.75,78.75,41.37
886,54.74,78.73,41.31
894,54.74,78.73,41.3
892,54.75,78.74,41.31
895,54.75,78.74,41.31
917,54.75,78.73,41.29
914,54.75,78.73,41.29
902,54.75,78.74,41.3
912,54.75,78.74,41.3
899,54.75,78.74,41.3
911,54.75,78.73,41.29
905,54.75,78.73,41.3
924,54.76,78.74,41.29
932,54.77,78.74,41.29
928,54.76,78.74,41.29
921,54.76,78.73,41.29
932,54.76,78.73,41.29
936,54.76,78.73,41.28
845,54.74,78.74,41.33
841,54.74,78.74,41.33
856,54.74,78.74,41.32
854,54.74,78.74,41.32
868,54.74,78.74,41.32
876,54.74,78.74,41.31
866,54.74,78.73,41.32
876,54.74,78.73,41.31
825,54.74,78.74,41.33
810,54.74,78.74,41.34
796,54.74,78.74,41.34
841,54.75,78.74,41.33
842,54.75,78.74,41.33
857,54.75,78.74,41.32
856,54.75,78.74,41.32
870,54.75,78.74,41.32
872,54.75,78.74,41.32
882,54.75,78.74,41.31
885,54.75,78.74,41.31
795,54.75,78.75,41.33
859,54.75,78.75,41.32
7450,54.76,78.75,41.33
842,54.76,78.75,41.32
874,54.75,78.75,41.32
889,54.75,78.75,41.31
878,54.76,78.75,41.32
804,54.75,78.74,41.34
798,54.75,78.74,41.34
821,54.75,78.74,41.33
815,54.75,78.74,41.33
769,54.75,78.74,41.34
772,54.74,78.74,41.35
784,54.75,78.74,41.34
787,54.74,78.74,41.34
774,54.75,78.74,41.34
757,54.75,78.74,41.35
761,54.75,78.75,41.34
744,54.75,78.75,41.35
725,54.76,78.75,41.34
727,54.76,78.75,41.35
769,54.75,78.75,41.34
763,54.75,78.75,41.33
1671,54.76,78.75,41.34
18611,54.76,78.75,41.33
901,54.81,78.74,41.27
582,54.82,78.76,41.38
580,54.81,78.76,41.38
589,54.81,78.76,41.36
592,54.82,78.75,41.37
619,54.81,78.75,41.34
611,54.81,78.75,41.35
621,54.81,78.75,41.34
614,54.81,78.75,41.35
620,54.82,78.75,41.34
603,54.81,78.76,41.35
609,54.82,78.75,41.36
623,54.83,78.75,41.34
624,54.81,78.75,41.34
632,54.81,78.75,41.33
626,54.81,78.75,41.34
633,54.81,78.75,41.33
626,54.82,78.74,41.34
632,54.82,78.75,41.33
628,54.83,78.75,41.34
647,54.81,78.75,41.33
668,54.81,78.75,41.32
647,54.81,78.75,41.33
665,54.81,78.75,41.32
648,54.82,78.75,41.32
639,54.83,78.75,41.33
703,54.81,78.75,41.32
735,54.81,78.75,41.31
697,54.81,78.75,41.32
725,54.81,78.75,41.31
686,54.82,78.75,41.31
665,54.83,78.74,41.32
770,54.81,78.75,41.31
798,54.81,78.75,41.3
760,54.81,78.75,41.31
788,54.81,78.75,41.3
735,54.82,78.75,41.3
708,54.83,78.74,41.31
835,54.81,78.75,41.29
780,54.82,78.75,41.29
751,54.83,78.74,41.3
833,54.82,78.74,41.29
790,54.83,78.74,41.29
806,54.82,78.75,41.29
850,54.82,78.74,41.28
1225,65.71,71,40.46
1270,63.67,71.17,40.43
1220,63.41,69.89,40.62
1269,63.41,70.79,40.49
1332,63.3,71.61,40.43
1275,65.8,71.88,40.46
1262,66.1,71.97,40.58
1159,65.9,71.41,40.76
1186,65.83,71.42,40.65
1333,65.85,72.79,40.46
1287,63.33,70.78,40.72
1357,63.24,71.61,40.67
1332,63.28,71.2,40.79
1290,63.43,70.74,41.1
1137,64.14,69.8,40.56
1165,63.64,69.4,40.75
1161,63.63,69.4,41.26
1207,63.62,69.77,41.49
1218,64.68,71.08,40.45
954,44.62,66.31,40.58
828,64.37,66.31,40.57
800,65.33,66.31,41.06
771,66.1,67.81,41.81
772,66.1,68.72,41.09
1182,66.1,70.51,40.57
1206,66.1,71,40.58
1154,66.1,70.09,40.57
793,66.1,69.57,41.09
1078,66.1,71.41,41.1
806,63.41,66.61,40.46
836,63.89,66.99,40.46
852,64.33,66.7,40.65
824,62.98,67.14,40.45
1017,63.37,68.26,40.42
1195,63.28,69.02,40.66
1168,63.19,68.71,40.73
1132,63.16,68.51,40.82
833,63.47,67.6,40.45
792,65.77,66.51,41.06
821,65.57,67.01,40.87
764,65.83,66.51,41.5
674,65.94,66.31,41.84
751,65.9,66.55,41.5
780,65.9,66.98,41.17
711,66.1,66.86,41.77
841,65.27,67.48,40.87
831,64.85,67.95,40.66
871,63.96,68.02,40.45
1058,63.56,68.53,40.53
1175,63.39,68.98,40.65
1143,63.46,68.69,41.31
843,64.36,67.54,40.66
854,64.76,67.08,40.87
846,65.17,66.77,41.27
886,64.44,68.44,40.64
821,65.32,68.36,40.87
825,65.61,67.9,41.27
808,65.9,67.85,41.86
797,65.9,68.75,41.2
814,65.64,68.78,40.87
1045,64.53,69.31,40.62
1072,63.98,68.93,40.81
1112,63.71,69.02,41.44
1113,63.81,68.99,41.95
847,64.91,68.84,40.87
869,65.37,69.24,40.87
1065,65.01,69.72,40.65
1174,64.21,70.68,40.58
1201,63.7,70.27,40.75
1208,63.67,70.29,41.31
1271,63.65,70.7,41.55
1222,63.76,70.27,41.78
1118,64.61,70.2,40.62
1108,65.52,70.12,40.65
1097,65.9,70.1,40.75
978,65.66,69.62,40.87
843,65.9,69.58,41.2
1117,65.1,70.6,40.65
1113,65.9,70.51,40.75
1138,65.79,70.53,40.65
857,64.32,66.51,40.75
832,65.23,66.51,41.19
960,43.83,66.31,40.58
1004,43.72,66.52,40.46
943,45.57,66.48,40.46
1059,45.18,66.86,40.46
1112,44.14,66.91,40.46
1041,44.72,66.67,40.65
1008,44.71,66.51,40.76
971,43.84,66.31,41.07
798,62.13,68.24,40.43
792,62.09,68.43,40.66
949,54.77,78.73,41.27
953,54.78,78.74,41.27
947,54.79,78.74,41.27
924,54.8,78.74,41.27
704,54.76,78.76,41.35
693,54.76,78.76,41.36
673,54.76,78.76,41.36
681,54.76,78.76,41.35
686,54.76,78.76,41.36
681,54.76,78.76,41.37
671,54.76,78.76,41.36
668,54.76,78.76,41.37
680,54.76,78.75,41.38
677,54.76,78.76,41.37
667,54.76,78.76,41.37
634,54.77,78.76,41.37
614,54.78,78.76,41.37
636,54.77,78.76,41.38
603,54.78,78.77,41.37
655,54.77,78.76,41.37
617,54.78,78.76,41.38
608,54.78,78.77,41.38
604,54.79,78.76,41.38
623,54.78,78.75,41.39
627,54.77,78.76,41.36
602,54.78,78.76,41.36
631,54.77,78.76,41.37
609,54.78,78.76,41.37
591,54.78,78.77,41.36
597,54.78,78.77,41.37
654,54.77,78.76,41.36
654,54.77,78.76,41.37
624,54.77,78.76,41.35
593,54.78,78.76,41.35
623,54.77,78.76,41.36
593,54.78,78.76,41.36
586,54.78,78.77,41.36
660,54.77,78.76,41.36
665,54.76,78.76,41.38
674,54.76,78.76,41.37
657,54.76,78.76,41.38
671,54.76,78.75,41.38
655,54.77,78.76,41.38
639,54.77,78.76,41.38
655,54.77,78.75,41.39
625,54.78,78.76,41.39
587,54.8,78.76,41.39
611,54.79,78.76,41.39
581,54.8,78.77,41.37
580,54.81,78.77,41.37
582,54.8,78.77,41.38
593,54.79,78.77,41.37
582,54.79,78.77,41.37
585,54.79,78.77,41.38
597,54.79,78.77,41.38
590,54.79,78.77,41.38
580,54.81,78.77,41.38
583,54.8,78.76,41.39
909,54.76,78.75,41.31
923,54.77,78.75,41.31
892,54.76,78.75,41.31
907,54.76,78.75,41.31
935,54.77,78.75,41.31
916,54.77,78.75,41.31
915,54.76,78.75,41.3
928,54.77,78.75,41.3
936,54.77,78.75,41.3
899,54.75,78.75,41.31
932,54.77,78.75,41.3
906,54.75,78.75,41.3
916,54.76,78.74,41.3
920,54.76,78.75,41.3
939,54.77,78.75,41.3
951,54.78,78.75,41.3
952,54.78,78.75,41.3
952,54.77,78.75,41.31
943,54.77,78.75,41.3
950,54.78,78.74,41.29
941,54.77,78.74,41.29
946,54.77,78.75,41.29
947,54.77,78.73,41.29
935,54.77,78.75,41.29
941,54.77,78.75,41.29
949,54.77,78.73,41.28
962,54.78,78.76,41.31
929,54.79,78.76,41.31
950,54.78,78.76,41.3
941,54.79,78.76,41.3
911,54.8,78.75,41.29
929,54.79,78.75,41.29
907,54.8,78.75,41.29
946,54.79,78.76,41.3
939,54.79,78.75,41.29
920,54.79,78.76,41.29
951,54.78,78.75,41.29
952,54.78,78.75,41.29
951,54.78,78.75,41.29
921,54.8,78.75,41.28
946,54.79,78.74,41.28
952,54.78,78.75,41.28
866,54.81,78.75,41.29
886,54.8,78.75,41.28
59238,54.76,78.75,41.33
3524,54.76,78.75,41.32
880,54.76,78.75,41.32
240258,54.76,78.76,41.33
458954,54.77,78.76,41.33
77466,54.76,78.76,41.32
172179,54.77,78.76,41.32
433335,54.78,78.76,41.33
168978,54.78,78.76,41.32
3836,54.76,78.76,41.32
29583,54.77,78.76,41.32
942,54.77,78.76,41.31
742,54.76,78.76,41.34
724,54.76,78.76,41.35
1712,54.76,78.76,41.34
23819,54.76,78.76,41.33
676,54.77,78.76,41.35
716,54.76,78.76,41.35
7859,54.76,78.76,41.34
763,54.77,78.76,41.35
71322,54.77,78.76,41.34
739,54.77,78.76,41.35
67528,54.77,78.76,41.34
656,54.78,78.76,41.35
580,54.79,78.76,41.35
588,54.78,78.77,41.35
581,54.79,78.77,41.35
37101,54.78,78.76,41.34
630,54.79,78.76,41.34
615,54.8,78.76,41.34
606,54.8,78.76,41.35
599,54.79,78.76,41.34
611,54.8,78.76,41.34
591,54.79,78.76,41.35
602,54.8,78.76,41.35
55857,54.76,78.76,41.34
95017,54.76,78.76,41.33
463403,54.77,78.76,41.33
307746,54.77,78.76,41.34
316856,54.77,78.76,41.34
507056,54.77,78.76,41.33
214014,54.78,78.76,41.34
3350,54.79,78.76,41.34
332393,54.78,78.76,41.33
44109,54.79,78.76,41.33
621,54.8,78.76,41.34
629,54.8,78.76,41.33
607,54.79,78.76,41.34
618,54.8,78.76,41.34
576,54.79,78.76,41.33
627,54.8,78.76,41.33
586,54.8,78.77,41.35
595,54.81,78.76,41.35
582,54.8,78.77,41.36
582,54.79,78.77,41.36
581,54.79,78.77,41.36
583,54.79,78.77,41.35
580,54.8,78.77,41.36
583,54.81,78.76,41.36
580,54.8,78.77,41.37
583,54.79,78.77,41.36
580,54.79,78.77,41.36
588,54.79,78.77,41.37
580,54.79,78.77,41.37
19123,54.79,78.76,41.33
718,54.79,78.76,41.32
645,54.8,78.76,41.33
668,54.8,78.76,41.32
664,54.79,78.76,41.33
645,54.8,78.76,41.33
674,54.8,78.76,41.32
684,54.79,78.76,41.32
758,54.79,78.76,41.32
746,54.8,78.76,41.32
821,54.79,78.76,41.31
790,54.8,78.76,41.31
720,54.8,78.76,41.32
758,54.8,78.76,41.31
709,54.8,78.76,41.32
745,54.8,78.76,41.31
305958,54.78,78.76,41.33
26966,54.78,78.76,41.32
914,54.78,78.76,41.31
92758,54.78,78.76,41.32
815,54.78,78.76,41.32
883,54.78,78.76,41.31
806,54.79,78.76,41.31
719,54.79,78.76,41.32
928,54.79,78.76,41.3
859,54.8,78.76,41.29
902,54.79,78.76,41.31
917,54.79,78.76,41.3
824,54.8,78.76,41.31
851,54.8,78.76,41.3
793,54.8,78.76,41.31
823,54.8,78.76,41.3
782,54.8,78.76,41.31
811,54.8,78.76,41.3
739,54.75,78.75,41.36
745,54.74,78.74,41.36
758,54.74,78.75,41.35
749,54.75,78.75,41.35
752,54.74,78.74,41.36
763,54.74,78.74,41.35
732,54.75,78.75,41.36
740,54.74,78.74,41.36
732,54.74,78.74,41.37
737,54.75,78.75,41.35
727,54.75,78.75,41.36
724,54.75,78.75,41.35
714,54.75,78.75,41.36
710,54.75,78.75,41.36
720,54.75,78.75,41.37
719,54.75,78.75,41.36
705,54.75,78.75,41.36
698,54.75,78.76,41.37
692,54.75,78.76,41.37
701,54.75,78.75,41.37
686,54.75,78.76,41.37
705,54.75,78.75,41.37
711,54.75,78.75,41.37
697,54.75,78.75,41.38
690,54.75,78.75,41.38
885,54.74,78.74,41.31
884,54.74,78.73,41.31
890,54.74,78.73,41.3
881,54.73,78.74,41.31
893,54.74,78.74,41.3
900,54.74,78.73,41.3
887,54.74,78.75,41.31
890,54.75,78.75,41.31
916,54.75,78.74,41.29
919,54.75,78.73,41.29
895,54.74,78.75,41.3
898,54.75,78.75,41.3
905,54.75,78.74,41.3
908,54.75,78.74,41.3
913,54.75,78.75,41.29
909,54.75,78.74,41.29
907,54.74,78.73,41.29
902,54.74,78.73,41.3
920,54.76,78.74,41.29
924,54.76,78.75,41.29
931,54.76,78.74,41.29
926,54.76,78.73,41.29
925,54.75,78.73,41.28
931,54.76,78.73,41.28
936,54.76,78.75,41.28
841,54.74,78.74,41.33
839,54.74,78.74,41.33
853,54.74,78.74,41.32
841,54.73,78.74,41.33
852,54.73,78.74,41.32
865,54.74,78.74,41.32
875,54.74,78.74,41.31
863,54.73,78.74,41.32
872,54.73,78.74,41.31
825,54.74,78.74,41.33
826,54.74,78.74,41.33
812,54.74,78.74,41.34
809,54.74,78.74,41.34
797,54.74,78.74,41.34
797,54.74,78.74,41.34
786,54.74,78.74,41.35
839,54.74,78.75,41.33
833,54.75,78.75,41.33
853,54.74,78.75,41.32
851,54.75,78.75,41.32
866,54.74,78.75,41.32
867,54.75,78.75,41.32
878,54.74,78.75,41.31
879,54.75,78.75,41.31
816,54.75,78.75,41.33
847,54.75,78.75,41.32
902,54.75,78.75,41.33
861,54.75,78.75,41.32
868,54.75,78.75,41.32
882,54.75,78.75,41.31
871,54.75,78.75,41.32
804,54.74,78.75,41.34
795,54.75,78.75,41.34
821,54.74,78.75,41.33
811,54.75,78.75,41.33
771,54.74,78.75,41.35
777,54.74,78.74,41.35
787,54.74,78.75,41.34
776,54.75,78.75,41.34
761,54.75,78.75,41.35
765,54.75,78.75,41.34
750,54.75,78.75,41.35
752,54.75,78.75,41.34
736,54.75,78.75,41.35
789,54.75,78.75,41.34
802,54.75,78.75,41.33
774,54.75,78.75,41.34
880,54.75,78.75,41.33
817,54.83,78.74,41.28
897,54.81,78.75,41.27
870,54.81,78.74,41.27
582,54.81,78.76,41.4
579,54.82,78.76,41.39
589,54.83,78.76,41.37
582,54.81,78.77,41.37
584,54.82,78.76,41.38
580,54.81,78.76,41.39
580,54.81,78.77,41.38
581,54.82,78.76,41.39
588,54.81,78.77,41.36
595,54.82,78.77,41.36
598,54.83,78.76,41.37
618,54.81,78.76,41.34
619,54.82,78.75,41.35
614,54.83,78.75,41.36
608,54.82,78.76,41.35
623,54.83,78.76,41.34
622,54.83,78.75,41.35
628,54.81,78.76,41.33
628,54.83,78.76,41.33
627,54.84,78.75,41.34
601,54.81,78.77,41.35
649,54.81,78.76,41.32
640,54.83,78.76,41.32
636,54.84,78.75,41.33
694,54.81,78.76,41.31
666,54.83,78.76,41.31
653,54.84,78.75,41.32
750,54.81,78.76,41.3
708,54.83,78.76,41.3
687,54.84,78.75,41.31
796,54.81,78.76,41.29
750,54.83,78.76,41.29
722,54.84,78.75,41.3
762,54.84,78.74,41.29
787,54.83,78.76,41.29
830,54.81,78.76,41.28
852,54.81,78.76,41.28
1307,66.1,72.77,40.58
1389,65.89,73.66,40.46
1134,65.9,71,40.76
1146,65.59,71,40.65
1241,65.24,71.48,40.46
1260,64.19,71.56,40.44
1252,63.76,71.18,40.55
1257,63.49,70.73,40.7
1324,63.66,72.04,40.44
1311,63.46,71.61,40.56
1383,63.33,72.51,40.44
1403,63.23,72.51,40.62
1297,65.4,72.37,40.46
1203,65.65,71.88,40.65
1197,65.9,71.97,40.76
1129,66.1,71.96,41.1
1034,65.9,71.41,41.2
1119,65.71,71.42,40.87
1272,65.7,72.79,40.65
1355,65.46,73.24,40.46
1326,63.4,71.61,40.73
1307,63.4,71.2,40.81
1262,63.53,70.74,41.09
1378,63.26,72.05,40.71
1337,63.47,71.61,41.17
1303,63.55,71.16,41.35
1129,63.78,69.38,41.15
1125,64.06,69.8,40.8
1161,63.76,69.75,41.45
1170,63.86,69.82,41.97
1156,64.68,71.08,40.63
783,62.05,66.43,40.46
778,62.95,66.39,40.46
802,62.52,66.68,40.46
947,44.65,66.31,41.1
890,45.53,66.31,40.58
768,63.5,66.31,40.57
866,64.34,66.31,41.08
804,65.33,66.31,41.76
766,66.1,67.83,42.47
777,66.1,68.74,41.83
972,66.1,70.51,41.09
1037,66.1,71,41.1
875,66.1,70.1,41.09
765,66.1,69.58,41.83
867,66.1,71.41,41.84
834,63.4,66.74,40.65
848,63.89,67.08,40.66
860,64.3,66.8,40.87
827,62.55,67.74,40.44
839,62.99,67.19,40.64
871,62.96,68.16,40.43
1032,63.43,68.22,40.54
1151,63.29,68.65,40.76
1129,63.25,68.42,40.84
1119,63.32,68.46,41.31
912,62.76,68.46,40.68
850,63.48,67.61,40.62
804,65.73,66.66,41.58
825,65.57,67.01,41.27
760,65.77,66.51,41.94
651,65.98,66.31,42.4
778,65.9,66.99,41.85
708,66.1,66.83,42.43
840,65.27,67.48,41.27
833,64.83,67.96,40.87
1103,63.65,68.64,41.73
892,63.97,68.02,40.62
1094,63.59,68.56,40.77
1094,63.58,68.61,41.3
1114,63.46,68.45,41.57
851,64.36,67.56,40.87
856,64.76,67.08,41.27
845,65.17,66.77,41.89
905,64.41,68.44,40.86
1069,63.84,68.65,42.14
816,65.32,68.36,41.27
824,65.61,67.89,41.9
802,65.9,67.86,42.5
798,65.9,68.75,41.87
806,65.64,68.78,41.27
1020,64.49,69.33,40.84
1125,63.91,69.37,42.09
1030,64.03,68.92,41.26
1035,63.98,68.93,41.92
1070,64.02,68.99,42.34
1054,64.06,68.99,42.57
829,64.91,68.84,41.27
819,65.37,69.24,41.27
1018,64.98,69.72,40.86
1158,64.16,70.68,40.8
1167,63.85,70.3,41.19
1222,63.8,70.7,41.51
1162,63.92,70.26,41.73
1225,63.87,70.68,41.99
1082,64.57,70.2,40.84
1184,63.96,70.23,42.19
1045,65.45,70.12,40.87
932,65.9,70.1,41.2
865,65.66,69.62,41.27
787,65.9,69.58,41.87
1068,65.06,70.6,40.86
970,65.9,70.51,41.2
1067,65.69,70.53,40.87
832,63.48,66.51,40.75
867,64.3,66.51,41.2
829,65.22,66.51,41.84
1029,43.98,66.51,40.75
1067,43.89,66.69,40.65
1067,43.53,66.69,40.61
806,60.33,68.5,40.48
809,60.32,68.42,40.42
978,45.6,66.64,40.65
859,46.1,66.76,40.46
949,45.57,66.51,40.76
1170,44.76,67.42,40.46
1079,45.7,67.34,40.46
1072,45.22,66.97,40.65
1198,43.79,67.49,40.46
1045,43.53,66.7,41.12
1121,44.25,67.01,40.65
1061,44.77,66.77,40.87
985,44.71,66.51,41.2
963,43.84,66.31,41.79
1015,43.99,66.51,41.19
1084,44.01,66.8,40.87
800,61.64,66.74,40.46
816,62.05,66.6,40.65
819,62.94,66.57,40.65
818,62.11,67.25,40.45
828,62.52,66.8,40.65
812,60.49,68.23,40.42
811,60.71,68.41,40.42
809,60.66,68.5,40.45
802,61.33,68.28,40.42
807,60.71,68.44,40.64
805,61.34,68.43,40.67
813,61.24,67.33,40.44
818,61.71,67.83,40.43
811,62.17,68.15,40.54
811,62.12,68.29,40.73
816,62.12,68.3,41.14
619,54.84,78.76,41.35
934,54.76,78.73,41.27
952,54.78,78.75,41.27
950,54.77,78.75,41.27
945,54.77,78.73,41.27
951,54.77,78.74,41.26
954,54.78,78.74,41.27
948,54.79,78.75,41.27
927,54.8,78.74,41.26
951,54.79,78.74,41.26
920,54.8,78.76,41.27
885,54.81,78.74,41.26
714,54.75,78.76,41.35
703,54.75,78.76,41.36
685,54.76,78.76,41.36
691,54.76,78.76,41.35
695,54.75,78.76,41.36
690,54.75,78.76,41.37
681,54.76,78.76,41.36
677,54.76,78.76,41.37
685,54.75,78.76,41.37
681,54.75,78.76,41.38
674,54.76,78.76,41.37
671,54.76,78.76,41.38
642,54.77,78.77,41.37
622,54.78,78.77,41.37
644,54.77,78.77,41.38
625,54.78,78.77,41.38
611,54.78,78.77,41.37
615,54.78,78.77,41.38
662,54.76,78.77,41.37
662,54.76,78.77,41.38
650,54.77,78.77,41.37
651,54.77,78.77,41.38
621,54.78,78.77,41.38
640,54.77,78.77,41.36
613,54.78,78.77,41.36
639,54.77,78.77,41.37
617,54.78,78.77,41.37
599,54.78,78.77,41.36
605,54.78,78.77,41.37
668,54.76,78.77,41.36
664,54.76,78.77,41.37
655,54.77,78.77,41.36
650,54.77,78.77,41.37
651,54.77,78.77,41.35
617,54.78,78.77,41.35
640,54.77,78.77,41.36
610,54.78,78.77,41.36
599,54.78,78.77,41.36
611,54.78,78.77,41.35
666,54.76,78.77,41.36
681,54.76,78.77,41.35
658,54.77,78.77,41.35
649,54.77,78.77,41.36
670,54.76,78.76,41.38
683,54.75,78.75,41.39
653,54.77,78.76,41.39
654,54.77,78.77,41.38
624,54.78,78.77,41.39
638,54.77,78.76,41.4
618,54.79,78.76,41.4
639,54.77,78.76,41.4
586,54.8,78.78,41.39
597,54.8,78.76,41.4
611,54.79,78.77,41.39
603,54.8,78.76,41.4
591,54.8,78.77,41.41
599,54.78,78.77,41.37
604,54.78,78.77,41.38
591,54.79,78.78,41.37
595,54.79,78.78,41.38
586,54.79,78.77,41.37
580,54.8,78.77,41.37
590,54.79,78.77,41.38
602,54.79,78.77,41.38
582,54.8,78.77,41.38
903,54.76,78.75,41.31
916,54.76,78.75,41.31
885,54.75,78.75,41.31
900,54.76,78.75,41.31
924,54.77,78.75,41.31
910,54.76,78.76,41.31
910,54.76,78.75,41.3
921,54.76,78.75,41.3
927,54.77,78.75,41.3
893,54.75,78.75,41.31
925,54.76,78.75,41.3
901,54.75,78.75,41.3
912,54.75,78.75,41.3
915,54.76,78.75,41.3
917,54.75,78.75,41.29
920,54.76,78.75,41.29
930,54.77,78.75,41.3
948,54.77,78.75,41.3
952,54.78,78.76,41.3
950,54.77,78.75,41.29
951,54.78,78.76,41.29
941,54.77,78.76,41.31
935,54.77,78.76,41.3
929,54.76,78.75,41.29
933,54.77,78.75,41.29
944,54.77,78.75,41.28
948,54.77,78.75,41.28
941,54.78,78.76,41.3
956,54.78,78.76,41.31
953,54.78,78.76,41.31
950,54.78,78.76,41.3
925,54.79,78.76,41.31
936,54.79,78.76,41.3
952,54.78,78.76,41.3
941,54.79,78.76,41.3
952,54.78,78.76,41.29
948,54.79,78.76,41.29
935,54.79,78.75,41.28
949,54.79,78.76,41.29
940,54.79,78.76,41.29
952,54.78,78.75,41.28
953,54.78,78.75,41.28
944,54.79,78.75,41.28
889,54.8,78.76,41.28
908,54.8,78.76,41.27
19047,54.76,78.76,41.33
2350,54.76,78.76,41.32
876,54.76,78.76,41.32
120087,54.76,78.76,41.33
32069,54.76,78.76,41.32
423180,54.77,78.76,41.33
190041,54.77,78.76,41.32
463314,54.77,78.76,41.33
249957,54.77,78.76,41.32
934,54.76,78.76,41.32
34324,54.77,78.76,41.32
931,54.77,78.76,41.31
55765,54.77,78.76,41.32
964,54.77,78.76,41.31
755,54.75,78.76,41.34
741,54.75,78.76,41.35
742,54.76,78.76,41.35
765,54.76,78.76,41.34
755,54.75,78.76,41.34
907,54.75,78.76,41.33
1307,54.76,78.76,41.34
2243,54.76,78.76,41.33
29858,54.77,78.77,41.34
691,54.78,78.77,41.35
42959,54.78,78.77,41.34
625,54.78,78.77,41.35
17688,54.78,78.77,41.34
589,54.78,78.77,41.35
583,54.79,78.77,41.35
581,54.79,78.77,41.35
3996,54.78,78.77,41.34
606,54.79,78.77,41.34
587,54.79,78.77,41.35
603,54.79,78.77,41.34
605,54.8,78.77,41.34
612,54.81,78.76,41.34
594,54.8,78.77,41.35
231487,54.77,78.77,41.33
248428,54.78,78.77,41.34
426894,54.78,78.77,41.33
138372,54.78,78.77,41.34
260673,54.78,78.77,41.33
63045,54.78,78.77,41.34
542,54.79,78.77,41.34
135988,54.78,78.77,41.33
736,54.79,78.77,41.33
593,54.79,78.77,41.34
572,54.79,78.77,41.33
620,54.8,78.77,41.34
624,54.81,78.76,41.33
647,54.8,78.77,41.33
586,54.78,78.77,41.36
588,54.78,78.77,41.35
582,54.79,78.78,41.36
585,54.79,78.78,41.35
581,54.79,78.77,41.36
586,54.8,78.77,41.35
582,54.79,78.77,41.35
588,54.78,78.77,41.36
593,54.78,78.77,41.37
583,54.79,78.78,41.36
585,54.79,78.78,41.37
581,54.79,78.77,41.36
581,54.8,78.77,41.36
582,54.79,78.77,41.37
126943,54.78,78.77,41.33
571,54.79,78.77,41.33
27637,54.78,78.77,41.32
621,54.79,78.77,41.32
569,54.79,78.77,41.33
646,54.79,78.77,41.32
659,54.8,78.77,41.33
646,54.81,78.76,41.32
672,54.8,78.77,41.32
724,54.79,78.77,41.31
703,54.81,78.76,41.31
425601,54.78,78.77,41.33
221332,54.78,78.77,41.32
299436,54.78,78.77,41.33
132818,54.78,78.77,41.32
27337,54.78,78.77,41.31
894,54.79,78.77,41.29
815,54.81,78.76,41.29
869,54.79,78.77,41.3
767,54.81,78.76,41.3
847,54.81,78.76,41.28
867,54.81,78.76,41.28
776,54.73,78.74,41.35
761,54.74,78.75,41.35
753,54.74,78.75,41.35
752,54.74,78.75,41.35
744,54.74,78.75,41.36
762,54.74,78.74,41.36
737,54.74,78.75,41.36
730,54.74,78.75,41.36
745,54.74,78.75,41.37
742,54.75,78.76,41.35
733,54.75,78.76,41.36
730,54.75,78.76,41.35
721,54.75,78.76,41.36
726,54.75,78.76,41.36
714,54.75,78.76,41.36
719,54.75,78.76,41.37
708,54.75,78.76,41.37
731,54.74,78.75,41.37
711,54.75,78.76,41.37
702,54.75,78.76,41.37
697,54.75,78.76,41.37
716,54.74,78.75,41.38
690,54.75,78.76,41.38
704,54.75,78.75,41.38
881,54.73,78.74,41.31
882,54.74,78.75,41.31
880,54.73,78.75,41.31
889,54.74,78.75,41.3
899,54.74,78.75,41.3
894,54.73,78.74,41.3
909,54.74,78.73,41.29
915,54.74,78.73,41.28
883,54.74,78.75,41.31
885,54.74,78.75,41.31
892,54.74,78.75,41.3
894,54.74,78.75,41.3
919,54.75,78.75,41.29
914,54.74,78.73,41.29
904,54.74,78.75,41.29
925,54.76,78.75,41.28
921,54.74,78.73,41.28
924,54.75,78.75,41.28
930,54.76,78.75,41.28
848,54.72,78.74,41.32
839,54.74,78.75,41.33
841,54.73,78.75,41.33
851,54.74,78.75,41.32
852,54.73,78.75,41.32
844,54.73,78.74,41.33
860,54.72,78.74,41.32
862,54.74,78.75,41.32
862,54.73,78.75,41.32
872,54.74,78.75,41.31
871,54.73,78.75,41.31
866,54.73,78.74,41.32
823,54.73,78.74,41.34
811,54.74,78.75,41.34
825,54.74,78.75,41.33
796,54.74,78.75,41.34
787,54.74,78.75,41.34
797,54.73,78.74,41.35
836,54.74,78.75,41.33
832,54.74,78.75,41.33
849,54.74,78.75,41.32
848,54.74,78.75,41.32
862,54.74,78.75,41.32
862,54.74,78.75,41.32
873,54.74,78.75,41.31
874,54.74,78.75,41.31
822,54.75,78.76,41.33
838,54.75,78.76,41.32
805,54.75,78.76,41.33
843,54.75,78.76,41.32
863,54.75,78.76,41.32
876,54.75,78.76,41.31
866,54.75,78.76,41.32
879,54.75,78.76,41.31
803,54.74,78.75,41.34
795,54.74,78.75,41.34
819,54.74,78.75,41.33
812,54.74,78.75,41.33
789,54.74,78.75,41.34
775,54.74,78.75,41.35
779,54.74,78.75,41.34
765,54.74,78.75,41.35
769,54.75,78.76,41.34
754,54.75,78.76,41.35
758,54.75,78.76,41.34
742,54.75,78.76,41.35
786,54.75,78.76,41.34
803,54.75,78.76,41.33
781,54.75,78.76,41.34
794,54.75,78.76,41.33
813,54.83,78.76,41.28
792,54.84,78.74,41.28
831,54.83,78.74,41.27
869,54.81,78.76,41.27
850,54.82,78.74,41.27
859,54.82,78.74,41.26
581,54.81,78.78,41.39
579,54.82,78.76,41.4
579,54.82,78.78,41.39
581,54.82,78.77,41.4
580,54.83,78.77,41.39
584,54.81,78.77,41.41
589,54.83,78.77,41.37
592,54.84,78.76,41.38
580,54.81,78.78,41.37
585,54.82,78.78,41.37
580,54.81,78.78,41.38
581,54.82,78.78,41.38
584,54.83,78.76,41.39
583,54.81,78.78,41.36
593,54.82,78.78,41.36
599,54.83,78.77,41.36
604,54.84,78.76,41.37
615,54.84,78.76,41.36
611,54.83,78.77,41.35
619,54.82,78.76,41.34
623,54.83,78.76,41.34
623,54.84,78.75,41.35
626,54.82,78.76,41.33
627,54.83,78.76,41.33
627,54.84,78.75,41.34
592,54.81,78.78,41.35
615,54.81,78.77,41.34
606,54.82,78.78,41.35
625,54.81,78.77,41.33
639,54.82,78.76,41.32
637,54.83,78.76,41.32
634,54.84,78.75,41.33
670,54.82,78.76,41.31
655,54.83,78.76,41.31
646,54.85,78.75,41.32
638,54.81,78.77,41.32
672,54.81,78.77,41.31
717,54.82,78.76,41.3
689,54.83,78.76,41.3
673,54.85,78.75,41.31
762,54.82,78.76,41.29
724,54.83,78.76,41.29
700,54.85,78.75,41.3
727,54.81,78.77,41.3
777,54.81,78.77,41.29
736,54.85,78.75,41.29
762,54.83,78.76,41.28
800,54.82,78.76,41.28
767,54.84,78.75,41.28
825,54.82,78.76,41.28
814,54.81,78.77,41.28
838,54.81,78.77,41.28
1260,65.9,72.77,40.76
1222,66.1,72.76,41.1
1358,66.1,73.65,40.57
1333,65.73,73.66,40.65
1414,65.54,74.12,40.46
1440,65.93,74.52,40.46
806,59.86,68.89,40.41
1268,64.76,71.96,40.45
995,65.9,71,41.2
1085,65.51,71.01,40.87
1165,65.18,71.48,40.65
1219,64.24,71.56,40.61
1238,63.78,71.15,40.78
1233,63.63,70.74,41.04
1310,64.26,72.45,40.45
1293,63.79,72.04,40.59
1290,63.6,71.59,40.77
1378,63.7,72.93,40.45
1354,63.53,72.51,40.59
1367,63.45,72.51,40.74
1425,63.25,72.95,40.65
1382,63.45,72.5,41.09
1322,64.83,72.84,40.46
1227,65.31,72.37,40.65
1152,65.56,71.88,40.87
1095,65.9,71.96,41.21
950,66.1,71.96,41.84
1027,65.71,71.42,41.27
890,65.9,71.41,41.87
1475,63.45,74.26,40.44
1435,63.33,73.4,40.45
1488,63.23,74.24,40.64
1452,63.23,73.45,40.59
1135,66.1,72.76,41.84
1228,65.6,72.78,40.87
1290,65.37,73.24,40.66
1382,64.93,73.72,40.46
1342,63.45,72.05,40.78
1298,63.62,71.61,41.16
1261,63.69,71.16,41.32
1350,63.53,72.06,41.29
1265,63.79,71.21,41.83
1089,64.11,69.79,41.27
1101,64.02,69.81,41.93
1135,64.03,69.82,42.34
1125,64.65,71.08,40.85
777,62.04,66.31,40.59
770,62.94,66.31,40.58
777,62.53,66.31,40.58
926,44.65,66.31,41.83
865,45.53,66.31,41.1
812,46.07,66.31,40.59
799,60.77,66.86,40.46
787,61.14,66.47,40.46
781,61.63,66.31,40.59
838,63.49,66.31,41.09
867,64.33,66.31,41.81
782,65.33,66.31,42.44
754,66.1,67.83,43.12
776,66.1,68.74,42.49
799,66.1,70.51,41.83
835,66.1,71,41.84
765,66.1,70.1,41.83
763,66.1,69.58,42.49
764,66.1,71.41,42.5
847,63.39,66.83,40.87
852,63.88,67.13,40.87
864,64.29,66.8,41.27
835,62.58,67.7,40.6
827,62.44,68.26,41.37
847,63,67.25,40.86
891,63.01,68.1,40.55
1077,63.46,68.23,40.8
1090,63.44,68.33,41.3
961,62.86,68.34,40.74
952,62.91,68.36,41.27
887,63.46,67.66,40.83
822,65.57,67.01,41.9
754,65.8,66.51,42.47
642,65.98,66.31,43.07
769,65.9,66.96,42.48
700,66.1,66.83,43.09
841,65.27,67.48,41.9
833,64.83,67.96,41.27
1083,63.72,68.54,41.94
1046,63.74,68.52,41.18
1036,63.8,68.53,41.69
945,63.93,68.06,40.83
1055,63.61,68.31,41.54
1065,63.53,68.4,41.97
853,64.36,67.56,41.27
841,65.17,66.77,42.52
858,64.76,67.08,41.9
893,64.43,68.44,41.27
978,64.03,68.55,42.12
1045,63.94,68.67,42.36
1025,63.99,68.73,42.66
815,65.32,68.36,41.9
821,65.61,67.89,42.52
789,65.9,67.86,43.14
795,65.9,68.75,42.51
803,65.64,68.77,41.9
971,64.49,69.32,41.28
1043,64.09,69.34,42.05
1099,64.04,69.36,42.35
965,64.18,68.87,41.82
969,64.21,68.94,42.31
950,64.25,68.93,42.54
1074,64.07,69.35,42.65
817,64.91,68.84,41.9
792,65.37,69.24,41.9
933,64.99,69.72,41.27
1131,64.19,70.68,41.27
1121,64.04,70.26,41.67
1158,64.04,70.68,41.95
1196,64.03,70.73,42.33
1029,64.59,70.2,41.27
1106,64.14,70.23,42.15
1163,64.04,70.22,42.35
1123,64.07,70.21,42.64
937,65.45,70.12,41.27
806,65.9,70.11,41.87
794,65.66,69.62,41.9
774,65.9,69.58,42.51
994,65.07,70.6,41.27
953,65.69,70.53,41.27
837,65.9,70.51,41.87
819,62.04,66.51,40.76
824,62.93,66.51,40.76
822,62.52,66.51,40.76
852,63.47,66.51,41.2
867,64.3,66.51,41.86
822,65.22,66.51,42.49
809,59.61,68.66,40.42
806,60,68.63,40.49
804,60.53,68.4,40.8
803,60.3,68.44,40.72
810,59.83,68.5,40.41
808,59.42,68.44,40.43
811,59.91,68.36,40.41
807,60.08,68.51,40.49
808,60.37,67.44,40.45
1106,43.72,66.8,40.76
1190,43.52,67.42,40.64
808,61.14,66.63,40.65
812,60.77,66.95,40.64
810,60.25,68.4,40.55
812,60.25,68.34,40.5
810,60,67.97,40.43
722,54.54,66.54,40.46
654,49.65,66.54,40.46
637,48.77,66.57,40.46
829,46.61,67.26,40.45
615,47,66.7,40.46
987,45.61,66.75,40.87
890,46.11,66.88,40.65
672,46.51,66.45,40.46
910,45.56,66.51,41.21
846,46.09,66.51,40.76
613,47.87,66.62,40.46
614,47.49,67.18,40.45
581,47.41,66.41,40.46
675,47.56,68.21,40.42
759,47.55,68.42,40.68
1057,46.21,67.81,40.45
1228,44.3,67.94,40.46
1175,45.29,67.86,40.46
1154,44.8,67.47,40.66
945,43.84,66.31,42.47
1077,45.7,67.38,40.65
1059,45.24,67.03,40.87
1248,43.6,67.99,40.46
1175,43.94,67.54,40.65
1066,43.72,66.81,41.21
1104,43.52,67.41,41.19
1012,43.53,66.7,41.82
1105,44.33,67.09,40.87
1015,44.77,66.77,41.27
943,44.71,66.51,41.87
1043,44.01,66.8,41.27
979,43.99,66.51,41.85
795,59.85,68.91,40.72
821,61.64,66.86,40.64
830,62.05,66.71,40.87
840,62.94,66.69,40.87
832,62.12,67.28,40.63
838,62.52,66.88,40.87
813,61.63,66.51,40.76
813,60.86,67.92,40.43
815,60.44,68.16,40.52
813,60.67,68.31,40.51
811,60.6,68.39,40.53
812,61.32,68.19,40.51
812,60.66,68.31,40.7
814,61.33,68.3,40.73
809,60.89,68.39,40.76
817,61.35,68.28,41.16
824,61.23,67.35,40.61
826,61.72,67.79,40.56
825,62.17,68.06,40.76
827,62.16,68.13,41.16
824,61.71,68.23,41.4
654,49.22,66.97,40.46
619,54.84,78.77,41.35
619,54.85,78.76,41.36
918,54.73,78.73,41.27
933,54.76,78.75,41.27
926,54.74,78.73,41.27
923,54.73,78.74,41.26
937,54.76,78.73,41.26
954,54.78,78.75,41.27
951,54.77,78.75,41.26
943,54.76,78.75,41.27
950,54.77,78.76,41.27
947,54.77,78.74,41.26
954,54.78,78.74,41.26
955,54.79,78.76,41.27
929,54.8,78.76,41.26
950,54.79,78.76,41.26
938,54.8,78.74,41.25
957,54.79,78.74,41.26
946,54.79,78.77,41.27
882,54.81,78.76,41.27
882,54.81,78.76,41.26
892,54.82,78.74,41.24
894,54.81,78.76,41.26
708,54.75,78.77,41.35
698,54.75,78.77,41.36
689,54.75,78.77,41.37
667,54.76,78.78,41.37
628,54.77,78.77,41.37
635,54.77,78.77,41.38
674,54.76,78.78,41.36
626,54.77,78.77,41.36
672,54.76,78.78,41.35
637,54.77,78.77,41.35
679,54.75,78.76,41.39
682,54.75,78.77,41.38
652,54.77,78.77,41.39
667,54.76,78.76,41.4
667,54.76,78.78,41.38
664,54.76,78.76,41.4
637,54.77,78.77,41.39
638,54.77,78.78,41.4
616,54.79,78.78,41.4
650,54.77,78.76,41.41
627,54.78,78.76,41.41
623,54.78,78.78,41.39
595,54.79,78.78,41.39
584,54.8,78.79,41.39
602,54.79,78.78,41.4
615,54.79,78.76,41.41
590,54.8,78.79,41.4
598,54.8,78.77,41.41
609,54.78,78.78,41.37
583,54.79,78.78,41.37
617,54.78,78.78,41.38
588,54.79,78.78,41.38
580,54.8,78.79,41.37
581,54.8,78.79,41.38
896,54.75,78.75,41.31
910,54.76,78.75,41.31
891,54.76,78.76,41.31
917,54.76,78.76,41.31
911,54.76,78.76,41.31
905,54.75,78.75,41.3
916,54.76,78.75,41.3
921,54.76,78.76,41.3
887,54.75,78.76,41.31
897,54.75,78.76,41.3
890,54.75,78.76,41.31
899,54.75,78.76,41.3
920,54.76,78.75,41.3
924,54.76,78.75,41.29
925,54.76,78.76,41.3
928,54.76,78.76,41.29
909,54.75,78.76,41.29
942,54.77,78.76,41.29
925,54.77,78.76,41.31
928,54.77,78.76,41.3
931,54.77,78.76,41.31
937,54.77,78.76,41.3
933,54.76,78.75,41.28
938,54.76,78.75,41.27
786,54.78,78.77,41.3
944,54.77,78.76,41.28
952,54.78,78.77,41.29
951,54.79,78.76,41.28
948,54.77,78.76,41.28
954,54.79,78.76,41.28
924,54.79,78.77,41.28
938,54.79,78.77,41.28
1011,54.75,78.76,41.33
868,54.75,78.76,41.32
23868,54.76,78.76,41.33
1037,54.76,78.76,41.32
867,54.75,78.76,41.32
883,54.75,78.76,41.31
889,54.76,78.76,41.32
895,54.76,78.76,41.31
256991,54.77,78.77,41.32
54625,54.77,78.77,41.31
798,54.75,78.77,41.34
891,54.75,78.77,41.33
15774,54.76,78.78,41.34
24749,54.77,78.77,41.34
623,54.79,78.77,41.34
601,54.8,78.77,41.34
98716,54.76,78.78,41.33
269898,54.77,78.77,41.33
44369,54.79,78.77,41.33
632,54.8,78.77,41.33
601,54.78,78.78,41.35
582,54.79,78.78,41.35
601,54.78,78.78,41.36
581,54.79,78.78,41.36
580,54.8,78.79,41.36
56265,54.79,78.77,41.32
673,54.8,78.77,41.32
5016,54.79,78.77,41.31
728,54.8,78.77,41.31
341797,54.77,78.77,41.32
92811,54.77,78.77,41.31
957,54.79,78.77,41.29
841,54.8,78.77,41.29
881,54.79,78.77,41.3
788,54.8,78.77,41.3
870,54.8,78.77,41.28
891,54.8,78.77,41.28
782,54.72,78.74,41.36
776,54.73,78.75,41.35
765,54.72,78.75,41.36
754,54.73,78.75,41.37
759,54.74,78.76,41.35
742,54.74,78.76,41.36
754,54.73,78.75,41.37
739,54.74,78.76,41.35
725,54.74,78.76,41.36
732,54.74,78.76,41.37
741,54.73,78.75,41.38
715,54.74,78.76,41.37
704,54.75,78.77,41.38
718,54.74,78.75,41.39
731,54.73,78.75,41.38
876,54.72,78.74,41.31
881,54.73,78.75,41.3
888,54.72,78.74,41.3
894,54.73,78.75,41.29
908,54.74,78.75,41.29
904,54.73,78.74,41.29
914,54.74,78.75,41.28
912,54.73,78.73,41.28
883,54.74,78.76,41.3
897,54.74,78.76,41.29
913,54.74,78.75,41.28
919,54.75,78.76,41.28
920,54.74,78.75,41.28
925,54.75,78.76,41.27
849,54.72,78.75,41.32
847,54.72,78.74,41.33
844,54.73,78.75,41.32
863,54.72,78.74,41.32
859,54.72,78.75,41.32
864,54.73,78.75,41.31
827,54.72,78.74,41.34
812,54.72,78.74,41.34
821,54.73,78.75,41.33
796,54.73,78.75,41.34
801,54.72,78.74,41.35
838,54.74,78.76,41.32
863,54.74,78.76,41.31
821,54.74,78.76,41.32
864,54.74,78.76,41.31
808,54.74,78.76,41.33
781,54.74,78.76,41.34
761,54.74,78.76,41.34
791,54.74,78.76,41.33
913,54.81,78.74,41.23
791,54.83,78.76,41.28
826,54.83,78.76,41.27
813,54.84,78.75,41.26
836,54.84,78.75,41.25
870,54.81,78.77,41.26
858,54.82,78.76,41.26
855,54.81,78.77,41.27
843,54.82,78.76,41.27
844,54.83,78.74,41.26
853,54.83,78.74,41.24
586,54.82,78.77,41.42
579,54.82,78.79,41.39
579,54.83,78.77,41.4
580,54.82,78.79,41.4
580,54.83,78.79,41.39
580,54.82,78.77,41.41
582,54.84,78.77,41.4
581,54.81,78.79,41.39
583,54.81,78.79,41.4
593,54.83,78.78,41.37
594,54.85,78.77,41.38
581,54.82,78.78,41.37
589,54.83,78.78,41.37
579,54.82,78.78,41.38
583,54.83,78.78,41.38
580,54.81,78.79,41.37
580,54.81,78.79,41.38
585,54.8,78.79,41.35
583,54.81,78.79,41.36
587,54.82,78.78,41.36
599,54.83,78.78,41.36
604,54.84,78.78,41.36
608,54.85,78.76,41.37
625,54.86,78.76,41.34
614,54.84,78.78,41.35
620,54.83,78.77,41.34
623,54.84,78.77,41.34
626,54.83,78.77,41.33
627,54.84,78.77,41.33
608,54.81,78.78,41.34
598,54.82,78.78,41.35
617,54.82,78.78,41.34
609,54.83,78.78,41.35
619,54.81,78.78,41.33
625,54.82,78.78,41.33
636,54.86,78.75,41.32
636,54.83,78.77,41.32
635,54.84,78.77,41.32
657,54.83,78.77,41.31
648,54.84,78.77,41.31
640,54.81,78.78,41.32
635,54.82,78.78,41.32
686,54.81,78.78,41.31
658,54.82,78.78,41.31
671,54.86,78.75,41.3
694,54.83,78.77,41.3
676,54.84,78.77,41.3
733,54.83,78.77,41.29
704,54.84,78.77,41.29
746,54.81,78.78,41.3
701,54.82,78.78,41.3
798,54.81,78.78,41.29
745,54.82,78.78,41.29
721,54.86,78.75,41.28
739,54.84,78.77,41.28
773,54.83,78.77,41.28
770,54.84,78.77,41.28
802,54.83,78.77,41.28
834,54.81,78.78,41.28
787,54.82,78.78,41.28
858,54.81,78.78,41.28
815,54.82,78.78,41.28
1195,65.9,72.76,41.2
1322,65.9,73.65,40.76
1313,66.1,73.65,41.09
1405,66.1,74.52,40.57
1293,65.63,73.66,40.87
1509,63.2,74.76,40.61
1433,66.1,74.98,40.53
1347,65.43,74.12,40.65
1382,65.76,74.52,40.66
1446,65.05,74.6,40.46
1467,64.02,74.66,40.44
1516,63.23,74.76,40.42
1471,65.63,75.01,40.46
1291,66.1,73.64,41.83
806,59.67,69.1,40.41
807,59.8,68.86,40.48
793,59.96,68.93,40.5
792,59.83,69.29,40.71
1206,64.75,71.96,40.64
854,65.9,71,41.87
988,65.51,71.01,41.27
1123,65.14,71.48,40.87
1197,64.25,71.56,40.83
1210,63.89,71.17,41.2
1262,64.31,72.44,40.63
1271,63.88,72.03,40.82
1268,63.73,71.6,41.1
1368,64.3,73.32,40.46
1336,63.85,72.93,40.63
1323,63.69,72.5,40.81
1385,63.49,72.95,40.77
1337,63.64,72.5,41.13
1391,63.52,72.95,41.23
1260,64.83,72.84,40.65
1190,65.26,72.36,40.87
1079,65.56,71.87,41.27
981,65.9,71.96,41.88
811,66.1,71.96,42.5
796,65.9,71.41,42.51
921,65.71,71.42,41.9
1423,64.46,74.2,40.45
1446,63.61,74.7,41.45
1427,63.79,73.79,40.45
1450,63.6,74.26,40.58
1401,63.57,73.4,40.63
1462,63.43,74.24,40.74
1413,63.48,73.45,40.73
1453,63.45,74.26,41.1
1429,63.42,73.46,41.01
1060,66.1,72.76,42.5
1136,65.9,72.76,41.87
1180,65.6,72.78,41.27
1257,65.31,73.24,40.87
1315,64.91,73.72,40.65
1291,66.1,73.64,42.5
1320,66.1,74.53,42.49
1256,65.63,73.66,41.27
1302,63.7,72.05,41.29
1205,63.96,71.21,41.8
1303,63.78,72.03,41.82
1261,63.88,71.58,42.04
1040,64.25,69.82,41.83
1044,64.22,69.81,42.3
1107,64.07,69.81,42.64
1086,64.66,71.08,41.27
1204,64.04,71.11,42.36
824,62.04,66.31,41.12
836,62.94,66.31,41.1
833,62.53,66.31,41.11
575,46.98,66.31,40.57
580,47.4,66.31,40.58
602,47.96,66.31,40.58
901,44.65,66.31,42.49
827,45.55,66.31,41.83
783,46.08,66.31,41.11
676,46.48,66.31,40.58
631,48.76,66.31,40.58
650,49.64,66.31,40.58
709,54.54,66.31,40.6
785,60.31,66.52,40.46
785,61.11,66.31,40.59
816,61.63,66.31,41.12
847,63.48,66.31,41.83
858,64.33,66.31,42.48
827,65.33,66.31,43.09
739,66.1,67.83,43.76
770,66.1,68.75,43.13
750,66.1,70.51,42.49
755,66.1,71,42.5
753,66.1,70.1,42.49
761,66.1,69.58,43.13
724,66.1,71.41,43.14
855,63.39,66.83,41.27
857,63.88,67.13,41.27
865,64.29,66.8,41.9
845,62.59,67.71,40.82
837,62.49,68.07,41.37
844,62.45,68.17,41.93
853,63,67.23,41.27
1067,63.53,68.23,41.16
947,63.07,68.07,40.78
952,62.99,68.2,41.27
899,63.05,68.25,41.92
886,63.47,67.64,41.27
934,63.33,68.21,42.64
814,65.58,67,42.52
766,65.8,66.51,43.11
628,65.98,66.31,43.73
760,65.9,66.96,43.12
687,66.1,66.83,43.73
841,65.27,67.48,42.52
832,64.83,67.96,41.9
997,63.92,68.48,41.64
1002,63.89,68.42,41.9
927,64.07,68.14,41.24
938,63.85,67.94,41.3
1012,63.67,68.25,41.94
986,63.66,68.36,42.55
846,65.17,66.77,43.15
857,64.76,67.08,42.52
854,64.36,67.56,41.9
870,64.43,68.44,41.9
945,64.11,68.58,42.33
928,64.18,68.64,42.63
996,64,68.74,43.14
816,65.31,68.36,42.51
813,65.61,67.89,43.15
776,65.9,67.86,43.76
789,65.9,68.75,43.14
801,65.64,68.77,42.52
912,64.37,68.9,42.28
908,64.38,68.89,42.48
928,64.51,69.32,41.89
997,64.23,69.33,42.31
983,64.26,69.32,42.62
1033,64.07,69.32,43.15
812,64.89,68.85,42.51
784,65.37,69.24,42.52
862,64.99,69.72,41.9
1090,64.29,70.69,41.84
1105,64.22,70.73,42.29
1125,64.07,70.69,42.64
991,64.59,70.2,41.89
1071,64.23,70.21,42.31
1041,64.27,70.2,42.61
1010,64.07,70.2,43.14
841,65.45,70.12,41.9
766,65.9,70.11,42.51
775,65.66,69.62,42.52
770,65.9,69.59,43.14
931,65.07,70.6,41.9
772,65.9,70.52,42.51
848,65.69,70.53,41.9
831,62.04,66.51,41.21
846,62.93,66.51,41.2
840,62.52,66.51,41.21
853,63.47,66.51,41.87
859,64.3,66.51,42.5
840,65.22,66.51,43.13
769,56.53,68.49,40.42
772,56.59,69.18,40.41
768,56.46,68.57,40.6
771,56.54,69.19,40.63
792,59.88,66.93,40.46
806,59.14,68.9,40.44
810,59.57,68.65,40.51
809,59.9,68.56,40.55
804,59.9,68.59,40.74
802,59.82,68.75,40.85
813,60.48,68.28,40.84
810,60.24,68.35,40.76
804,60.12,68.45,40.81
810,60.46,68.32,41.18
811,59.78,68.46,40.49
809,59.55,68.21,40.43
807,59.28,68.45,40.44
810,59.41,68.44,40.54
813,59.86,68.32,40.5
811,59.98,68.42,40.56
804,59.99,68.49,40.76
816,61.13,66.74,40.87
815,60.36,67.44,40.61
815,60.76,67.03,40.86
1154,43.71,67.47,40.77
1217,43.52,68.01,40.67
1263,43.86,68.43,40.46
798,60.31,66.67,40.65
807,61.1,66.51,40.76
813,60.2,68.28,40.6
813,59.96,67.93,40.56
799,59.48,67.51,40.45
764,56.32,68.24,40.43
765,56.2,68.48,40.69
737,55.87,66.82,40.46
726,55.84,66.31,40.54
736,56.25,66.47,40.46
729,55.4,66.5,40.46
731,55,66.9,40.45
759,55.48,68.32,40.42
761,55.55,68.43,40.68
743,55.46,67.41,40.44
753,54.71,68.37,40.42
756,54.7,68.43,40.61
726,54.13,66.97,40.45
715,53.63,66.58,40.46
702,54.53,66.51,40.76
713,54.54,66.69,40.65
720,53.25,67.09,40.46
707,52.76,66.63,40.46
698,52.29,66.41,40.46
707,53.18,66.37,40.46
671,50.1,66.89,40.46
686,50.99,66.79,40.46
676,50.97,66.31,40.54
672,50.52,66.49,40.46
687,51.38,66.45,40.46
625,48.84,68.38,40.42
610,48.83,68.44,40.66
654,49.64,66.51,40.76
659,49.65,66.68,40.65
654,48.81,67.59,40.44
636,48.36,67.02,40.45
638,48.76,66.51,40.76
643,48.78,66.71,40.65
639,48.38,68.16,40.42
643,48.29,68.43,40.69
716,47.11,67.75,40.44
848,46.8,68.38,41.24
863,46.6,67.3,40.63
631,47.96,67.68,40.44
684,47.58,68.27,41.23
643,47,66.82,40.65
602,46.99,66.51,40.76
942,45.61,66.75,41.27
900,46.11,66.96,40.86
726,46.52,66.61,40.65
848,45.56,66.51,41.87
813,46.09,66.51,41.21
700,46.5,66.51,40.76
621,47.87,66.76,40.65
617,47.96,66.51,40.76
621,47.48,67.22,40.63
594,47.4,66.51,40.76
597,47.41,66.58,40.65
733,53.75,67.59,40.45
747,53.87,68.37,40.42
966,46.74,68.21,40.43
692,47.52,68.13,40.52
1035,46.55,68.46,40.42
752,47.51,68.3,40.73
977,46.9,68.47,40.69
1009,46.66,68.56,40.54
1143,45.81,68.3,40.45
1056,46.19,67.81,40.61
1235,44.87,68.36,40.46
1197,44.38,67.96,40.66
975,43.53,66.7,42.48
922,43.84,66.31,43.12
1150,45.3,67.88,40.64
1117,44.83,67.49,40.87
937,43.99,66.51,42.5
1047,45.72,67.42,40.86
1003,45.23,67.03,41.27
897,44.71,66.51,42.51
974,46.4,68.49,41.3
1275,44.41,68.85,40.46
1185,43.78,68.01,40.65
921,43.51,67.9,41.28
1127,44.03,67.58,40.87
1039,43.7,67.44,41.23
985,43.52,67.41,41.9
1003,43.72,66.81,41.87
1038,44.33,67.09,41.27
952,44.76,66.77,41.9
977,44,66.8,41.9
123,43.45,68.2,41.78
242,43.47,68.27,41.42
801,59.77,68.87,40.74
802,59.78,69.11,40.84
828,61.64,66.95,40.86
835,62.05,66.71,41.27
849,62.94,66.69,41.27
845,62.52,66.88,41.27
836,62.11,67.33,40.85
821,61.63,66.51,41.21
816,60.41,68.15,40.61
820,60.84,67.87,40.55
815,60.61,68.25,40.59
816,60.64,68.21,40.7
818,60.41,68.1,40.79
814,60.2,68.25,40.77
822,61.33,68.1,40.74
816,60.85,68.26,40.81
826,61.34,68.13,41.18
817,60.88,68.25,41.33
828,61.24,67.42,40.83
834,62.16,67.97,41.11
830,61.7,67.79,40.79
833,61.71,68.06,41.4
839,61.7,68.15,41.92
657,49.23,67.04,40.65
670,49.67,67.49,40.45
687,50.57,67.37,40.46
620,54.85,78.78,41.35
619,54.87,78.77,41.36
610,54.87,78.77,41.38
912,54.72,78.74,41.27
918,54.73,78.75,41.27
916,54.72,78.74,41.27
917,54.72,78.74,41.26
920,54.72,78.74,41.26
936,54.76,78.75,41.26
929,54.75,78.76,41.27
925,54.74,78.75,41.27
922,54.73,78.75,41.26
926,54.73,78.74,41.25
929,54.74,78.73,41.26
926,54.74,78.73,41.26
934,54.75,78.73,41.26
921,54.74,78.76,41.27
925,54.74,78.76,41.27
956,54.78,78.77,41.27
954,54.78,78.75,41.26
934,54.76,78.76,41.27
946,54.76,78.76,41.26
940,54.77,78.77,41.27
952,54.77,78.76,41.26
952,54.77,78.74,41.25
956,54.79,78.76,41.26
950,54.79,78.77,41.26
933,54.8,78.76,41.25
957,54.79,78.74,41.24
956,54.78,78.77,41.26
955,54.79,78.77,41.27
907,54.8,78.77,41.27
955,54.79,78.77,41.26
920,54.8,78.77,41.26
890,54.81,78.77,41.24
956,54.77,78.74,41.23
958,54.79,78.74,41.23
725,54.75,78.78,41.35
714,54.75,78.78,41.36
704,54.75,78.78,41.37
682,54.75,78.78,41.37
642,54.77,78.78,41.37
648,54.77,78.78,41.38
684,54.75,78.78,41.36
649,54.77,78.78,41.36
699,54.75,78.78,41.35
657,54.77,78.78,41.35
685,54.75,78.76,41.4
678,54.75,78.77,41.39
690,54.75,78.76,41.4
696,54.75,78.78,41.38
678,54.75,78.78,41.38
665,54.76,78.78,41.39
663,54.76,78.78,41.4
676,54.75,78.76,41.41
648,54.77,78.78,41.39
649,54.77,78.78,41.4
627,54.78,78.78,41.4
641,54.77,78.77,41.42
633,54.77,78.79,41.39
608,54.79,78.79,41.39
596,54.8,78.79,41.39
636,54.77,78.79,41.4
614,54.79,78.79,41.4
603,54.8,78.79,41.4
594,54.8,78.79,41.41
619,54.79,78.77,41.42
621,54.77,78.79,41.37
593,54.79,78.79,41.37
629,54.77,78.79,41.38
601,54.79,78.79,41.38
583,54.8,78.79,41.37
589,54.8,78.79,41.38
886,54.74,78.76,41.3
908,54.76,78.76,41.3
902,54.74,78.76,41.29
916,54.76,78.76,41.29
932,54.77,78.77,41.29
943,54.77,78.77,41.3
925,54.76,78.76,41.28
930,54.76,78.76,41.28
1030,54.77,78.77,41.3
932,54.77,78.77,41.28
961,54.77,78.77,41.29
953,54.78,78.77,41.28
937,54.77,78.77,41.28
955,54.78,78.77,41.28
949,54.79,78.77,41.28
953,54.79,78.77,41.28
935,54.75,78.77,41.32
889,54.75,78.77,41.31
144963,54.76,78.78,41.32
45047,54.76,78.78,41.31
980,54.75,78.78,41.34
892,54.75,78.78,41.33
5479,54.75,78.78,41.34
18610,54.77,78.78,41.34
10640,54.78,78.78,41.34
594,54.79,78.78,41.34
22070,54.75,78.78,41.33
192814,54.77,78.78,41.33
136830,54.78,78.78,41.33
663,54.79,78.78,41.33
615,54.77,78.79,41.35
580,54.79,78.79,41.35
625,54.77,78.79,41.36
585,54.79,78.79,41.36
581,54.8,78.79,41.36
208732,54.78,78.78,41.32
674,54.79,78.78,41.32
68500,54.78,78.78,41.31
722,54.79,78.78,41.31
298811,54.77,78.78,41.32
123798,54.77,78.78,41.31
971,54.78,78.78,41.29
871,54.79,78.78,41.29
890,54.78,78.78,41.3
852,54.79,78.78,41.3
903,54.79,78.78,41.28
922,54.79,78.78,41.28
627,54.79,78.78,41.43
608,54.8,78.78,41.44
782,54.71,78.75,41.36
796,54.71,78.75,41.36
780,54.72,78.76,41.35
765,54.72,78.76,41.36
771,54.72,78.75,41.37
754,54.72,78.76,41.37
759,54.72,78.75,41.37
766,54.73,78.76,41.35
751,54.73,78.76,41.36
749,54.74,78.77,41.35
736,54.74,78.77,41.36
740,54.73,78.77,41.37
746,54.72,78.75,41.38
727,54.74,78.77,41.37
752,54.72,78.75,41.38
710,54.74,78.76,41.39
718,54.74,78.77,41.38
732,54.73,78.77,41.38
740,54.72,78.75,41.39
873,54.71,78.74,41.31
884,54.7,78.74,41.3
850,54.7,78.74,41.32
861,54.71,78.74,41.32
875,54.72,78.75,41.3
876,54.72,78.76,41.3
898,54.72,78.74,41.29
906,54.72,78.74,41.28
887,54.72,78.75,41.29
887,54.71,78.74,41.3
889,54.72,78.76,41.29
904,54.73,78.75,41.28
912,54.73,78.75,41.28
876,54.73,78.76,41.3
891,54.73,78.76,41.29
908,54.74,78.76,41.28
912,54.74,78.76,41.28
915,54.74,78.76,41.27
919,54.74,78.76,41.28
846,54.72,78.75,41.32
844,54.71,78.74,41.33
842,54.72,78.76,41.32
861,54.72,78.75,41.31
861,54.72,78.76,41.31
830,54.71,78.74,41.34
828,54.72,78.75,41.33
813,54.72,78.76,41.34
813,54.71,78.74,41.35
821,54.72,78.76,41.33
800,54.72,78.76,41.34
835,54.73,78.76,41.32
857,54.73,78.76,41.31
822,54.74,78.77,41.32
857,54.74,78.77,41.31
810,54.73,78.76,41.33
786,54.73,78.76,41.34
769,54.74,78.77,41.34
798,54.74,78.77,41.33
918,54.81,78.74,41.21
906,54.81,78.77,41.22
865,54.83,78.75,41.23
808,54.84,78.77,41.26
775,54.86,78.75,41.26
830,54.84,78.77,41.25
816,54.86,78.75,41.25
836,54.86,78.75,41.23
878,54.81,78.78,41.27
895,54.81,78.78,41.26
827,54.83,78.78,41.26
852,54.83,78.78,41.24
586,54.86,78.78,41.4
599,54.86,78.77,41.39
580,54.86,78.78,41.42
583,54.83,78.78,41.44
599,54.81,78.78,41.43
585,54.81,78.8,41.41
580,54.83,78.78,41.42
579,54.82,78.79,41.39
579,54.82,78.79,41.4
582,54.84,78.79,41.39
579,54.83,78.77,41.41
586,54.8,78.8,41.39
580,54.82,78.8,41.39
590,54.8,78.8,41.4
581,54.82,78.8,41.4
584,54.82,78.79,41.37
592,54.84,78.79,41.38
581,54.82,78.79,41.38
580,54.8,78.8,41.37
582,54.82,78.8,41.37
582,54.8,78.8,41.38
580,54.82,78.8,41.38
625,54.87,78.76,41.34
632,54.9,78.76,41.32
632,54.88,78.76,41.32
656,54.88,78.76,41.3
650,54.9,78.76,41.3
678,54.9,78.76,41.29
693,54.88,78.76,41.28
616,54.8,78.79,41.33
599,54.8,78.79,41.34
581,54.8,78.79,41.35
591,54.81,78.79,41.35
581,54.8,78.8,41.36
588,54.82,78.8,41.36
592,54.82,78.79,41.36
611,54.84,78.79,41.36
620,54.84,78.78,41.34
625,54.85,78.78,41.34
626,54.84,78.78,41.33
597,54.82,78.8,41.35
611,54.82,78.78,41.34
603,54.82,78.79,41.35
618,54.83,78.78,41.34
622,54.82,78.78,41.33
625,54.83,78.78,41.33
633,54.8,78.79,41.32
665,54.8,78.79,41.31
634,54.84,78.78,41.32
638,54.85,78.78,41.32
649,54.84,78.78,41.31
636,54.82,78.78,41.32
634,54.83,78.78,41.32
667,54.82,78.78,41.31
652,54.83,78.78,41.31
768,54.8,78.79,41.3
821,54.8,78.79,41.29
679,54.84,78.78,41.3
675,54.85,78.78,41.3
711,54.84,78.78,41.29
715,54.82,78.78,41.3
686,54.83,78.78,41.3
763,54.82,78.78,41.29
722,54.83,78.78,41.29
856,54.8,78.79,41.28
881,54.8,78.79,41.28
727,54.85,78.78,41.28
749,54.84,78.78,41.28
781,54.84,78.78,41.28
803,54.82,78.78,41.28
763,54.83,78.78,41.28
830,54.82,78.78,41.28
793,54.83,78.78,41.28
1278,65.9,73.65,41.2
1368,65.9,74.52,40.76
1357,66.1,74.53,41.08
1474,63.52,75.18,41.26
1309,65.36,74.12,40.87
1497,63.35,74.76,40.68
1516,63.27,75.12,40.75
1451,66.1,75.34,40.57
1338,65.66,74.53,40.87
1393,65.9,74.98,40.72
1367,65,74.6,40.65
1423,64.07,74.66,40.59
1506,63.36,74.76,40.52
1396,65.5,75.01,40.66
1482,64.6,75.07,40.45
1520,63.56,75.15,40.42
1495,65.97,75.39,40.46
1504,65.17,75.48,40.46
1253,65.9,73.64,41.87
1326,66.1,74.53,41.82
1393,63.91,75.1,42.07
1356,66.1,75.33,42.49
779,56.96,69.54,40.42
771,56.64,69.51,40.81
807,59.74,68.84,40.57
806,59.62,69.09,40.49
803,58.74,69.37,40.44
806,59.43,69.33,40.42
804,59.88,69.31,40.41
801,59.87,68.88,40.54
796,59.75,69.27,40.72
796,59.94,69.29,40.5
798,59.79,69.54,40.79
1178,64.73,71.96,40.86
782,65.9,71,42.51
895,65.51,71.01,41.9
1063,65.14,71.48,41.27
1172,64.28,71.56,41.26
1165,64.09,71.19,41.72
1239,64.33,72.43,40.85
1245,63.96,72.04,41.22
1311,64.37,73.32,40.65
1308,63.95,72.91,40.85
1303,63.79,72.49,41.11
1339,63.73,72.94,41.27
1338,63.79,72.92,41.81
1233,64.81,72.84,40.87
1143,65.26,72.36,41.27
999,65.56,71.87,41.9
870,65.9,71.96,42.51
721,66.1,71.96,43.14
742,65.9,71.41,43.14
833,65.71,71.42,42.52
1358,64.48,74.2,40.64
1403,63.78,74.7,41.44
1401,63.84,74.68,41.93
1380,63.94,73.79,40.63
1423,63.7,74.33,40.79
1365,63.75,73.42,40.83
1418,63.64,74.26,41.15
1384,63.66,73.46,41.1
1418,63.55,73.82,41.3
970,66.1,72.76,43.14
1081,65.9,72.76,42.51
1140,65.6,72.77,41.9
1218,65.31,73.24,41.27
1285,64.89,73.72,40.87
1289,66.1,73.64,43.14
1314,66.1,74.52,43.14
1354,66.1,75.32,43.13
1253,65.9,73.64,42.51
1270,65.9,74.53,42.51
1231,65.63,73.66,41.9
1266,65.36,74.13,41.27
1239,63.95,72.03,41.79
1188,64.06,71.58,42
1291,63.89,72.46,42.04
1208,64.03,71.56,42.33
1109,64.07,71.09,42.64
991,64.4,69.8,42.27
1018,64.27,69.8,42.6
1034,64.07,69.81,43.14
1041,64.67,71.08,41.89
1105,64.23,71.11,42.32
804,62.04,66.31,41.85
833,62.93,66.31,41.84
821,62.52,66.31,41.85
573,46.99,66.31,41.09
580,47.4,66.31,41.1
604,47.95,66.31,41.1
874,44.65,66.31,43.13
789,45.55,66.31,42.49
740,46.09,66.31,41.83
654,46.5,66.31,41.1
624,48.75,66.31,41.11
632,49.63,66.31,41.1
665,50.52,66.31,40.58
679,51.33,66.31,40.58
703,53.7,66.31,40.58
690,52.28,66.31,40.58
698,53.17,66.31,40.58
695,52.77,66.31,40.58
717,55.38,66.31,40.59
668,54.51,66.31,41.13
781,60.29,66.31,40.58
801,61.08,66.31,41.12
791,61.63,66.31,41.86
726,56.22,66.31,40.59
831,63.48,66.31,42.49
845,64.32,66.31,43.12
841,65.32,66.31,43.74
718,66.1,67.82,44.39
760,66.1,68.75,43.76
740,66.1,70.52,43.14
729,66.1,71,43.14
751,66.1,70.11,43.14
756,66.1,69.58,43.77
709,66.1,71.41,43.77
855,63.39,66.83,41.9
860,63.88,67.13,41.9
860,64.29,66.8,42.52
854,62.59,67.69,41.26
853,62.48,67.97,41.91
859,62.48,68.13,42.54
854,63,67.23,41.9
941,63.11,67.98,41.21
915,63.13,68.07,41.9
874,63.05,68.18,42.51
869,63.47,67.63,41.88
901,63.42,68.03,42.63
871,63.31,68.19,43.14
812,65.58,67,43.15
621,65.94,66.31,44.26
771,65.8,66.51,43.75
754,65.9,66.96,43.76
677,66.1,66.87,44.37
750,66.02,66.31,44.69
717,66.1,66.37,44.69
835,65.27,67.48,43.15
836,64.83,67.96,42.51
890,64.15,68.15,41.81
911,63.91,67.96,41.91
918,63.79,68.22,42.53
914,63.69,68.36,43.14
849,65.17,66.77,43.77
855,64.76,67.08,43.15
855,64.36,67.56,42.52
846,64.47,68.43,42.5
906,64.18,68.65,43.14
948,63.98,68.71,43.7
817,65.3,68.37,43.13
806,65.61,67.89,43.77
764,65.9,67.86,44.39
782,65.9,68.75,43.77
798,65.64,68.77,43.15
883,64.58,69.32,42.51
951,64.27,69.29,43.14
962,64.06,69.34,43.72
807,64.87,68.84,43.13
781,65.37,69.24,43.15
825,64.98,69.72,42.52
1044,64.42,70.7,42.26
1050,64.27,70.69,42.61
979,64.07,70.68,43.14
941,64.63,70.2,42.51
959,64.27,70.2,43.14
901,64.07,70.19,43.73
786,65.45,70.12,42.52
756,65.9,70.11,43.14
769,65.66,69.62,43.15
766,65.9,69.59,43.77
875,65.07,70.6,42.52
786,65.69,70.53,42.52
746,65.9,70.52,43.14
818,62.04,66.51,41.88
842,62.93,66.51,41.87
832,62.52,66.51,41.88
841,63.47,66.51,42.51
849,64.29,66.51,43.14
848,65.22,66.51,43.76
772,56.86,68.68,40.42
766,56.62,68.42,40.51
772,56.65,69.1,40.47
767,56.57,68.49,40.66
771,56.63,69.11,40.68
768,56.57,68.8,40.78
800,60.3,66.76,40.87
780,59.42,66.55,40.46
800,59.88,67.01,40.65
799,58.68,68.5,40.45
807,59.12,68.89,40.58
810,59.49,69.03,41.45
810,59.6,68.64,40.59
812,59.73,68.45,40.59
809,59.81,68.53,40.77
806,59.74,68.7,40.85
812,59.63,68.66,41.28
812,60.04,68.37,40.84
820,60.41,68.17,41.18
814,60.14,68.34,41.38
800,59.07,68,40.45
811,59.53,68.2,40.55
809,59.27,68.45,40.58
811,59.44,68.43,40.62
812,59.57,68.24,40.62
814,59.83,68.3,40.6
812,59.9,68.41,40.8
813,59.78,68.45,41.35
782,57.39,69.06,40.43
813,61.12,66.74,41.27
812,60.76,67.02,41.27
817,60.36,67.49,40.83
797,58.28,68.97,40.45
794,57.88,69.45,40.44
1107,43.7,68.03,40.79
1213,44,68.44,40.65
1288,43.64,68.91,40.46
766,43.51,68.13,41.09
1231,43.52,68.42,40.64
408,43.46,68.28,42.12
749,56.33,67.32,40.45
807,61.09,66.51,41.21
794,60.29,66.51,40.76
815,59.96,67.96,40.8
802,59.47,67.52,40.63
782,59,66.98,40.46
745,56.75,66.73,40.46
757,57.22,67.21,40.46
747,57.17,66.43,40.46
761,56.79,67.77,40.45
755,55.89,67.91,40.43
761,56.39,68.17,40.54
762,56.28,68.38,40.74
756,56.35,68.39,41.3
715,55.84,66.51,40.72
726,55.87,66.92,40.65
725,56.26,66.63,40.65
716,56.21,66.51,40.76
708,55.39,66.51,40.76
718,55.4,66.66,40.65
739,54.61,67.52,40.44
722,55,66.99,40.64
751,55.07,68.01,40.43
757,55.52,68.22,40.52
757,55.6,68.29,40.74
758,55.03,68.39,40.75
757,55.58,68.3,41.16
736,55.47,67.42,40.6
746,54.26,68.08,40.43
752,54.69,68.25,40.53
753,54.68,68.27,40.69
752,54.29,68.39,40.72
718,54.12,67.05,40.64
697,53.69,66.51,40.76
708,53.63,66.73,40.65
674,54.52,66.51,41.21
703,54.54,66.78,40.87
726,52.88,67.65,40.45
715,53.24,67.16,40.65
698,51.88,66.69,40.46
702,51.47,67.26,40.46
712,52.36,67.16,40.46
687,51.87,66.31,40.58
703,52.76,66.77,40.65
695,52.29,66.59,40.66
701,53.18,66.56,40.65
688,52.28,66.51,40.76
694,53.17,66.51,40.76
691,52.77,66.51,40.76
672,50.11,66.98,40.65
675,50.97,66.51,40.72
686,50.99,66.91,40.65
674,50.52,66.65,40.65
686,51.38,66.62,40.65
666,50.52,66.51,40.76
678,51.33,66.51,40.76
663,49.24,68.06,40.43
638,48.88,68.28,40.52
618,48.87,68.32,40.72
632,49.21,68.43,40.74
641,48.83,68.35,41.04
655,49.65,66.78,40.87
633,49.63,66.51,41.2
655,48.83,67.57,40.6
654,48.81,68.21,41.49
641,48.36,67.09,40.63
643,48.77,66.8,40.87
626,48.75,66.51,41.21
640,48.39,68.09,40.52
640,48.29,68.32,40.74
645,48.43,68.26,41.29
752,47.08,67.72,40.58
888,46.72,68.24,41.25
791,46.71,68.28,41.81
685,47.19,68.27,41.35
874,46.59,67.36,40.85
632,47.95,67.66,40.58
665,47.54,68.12,41.24
642,47.56,68.17,41.81
655,47.97,68.22,41.41
657,47,66.91,40.86
598,46.99,66.51,41.2
874,45.61,66.75,41.9
859,46.11,66.95,41.27
754,46.52,66.72,40.87
782,45.57,66.51,42.51
752,46.09,66.51,41.87
680,46.5,66.51,41.2
625,47.87,66.85,40.86
615,47.95,66.51,41.21
626,47.47,67.28,40.84
596,47.4,66.51,41.2
610,47.41,66.7,40.87
750,53.89,68.44,40.6
662,49.91,68.4,41.49
666,49.72,68.39,41.21
729,53.72,67.58,40.62
746,53.81,68.29,40.51
737,53.39,68.09,40.43
991,46.69,68.15,40.55
679,47.54,68.07,40.75
1044,46.47,68.41,40.53
1076,46.32,68.75,40.43
992,46.82,68.37,40.74
1024,46.56,68.49,40.6
1016,46.56,68.91,40.66
1218,45.39,68.77,40.44
1127,45.79,68.29,40.61
1025,46.2,67.82,40.84
968,46.3,68.48,41.51
962,46.19,68.63,41.53
1198,44.89,68.37,40.64
1136,44.43,67.97,40.87
936,43.72,66.81,42.51
881,43.53,67.45,42.54
934,43.53,66.69,43.13
899,43.84,66.31,43.76
896,43.99,66.51,43.13
851,44.71,66.51,43.14
1104,45.32,67.9,40.86
1042,44.83,67.49,41.27
909,44,66.8,42.52
988,45.71,67.42,41.27
930,45.23,67.03,41.9
884,44.76,66.77,42.52
848,46.46,68.31,42.02
1170,45.9,69.18,40.43
986,46.29,68.39,41.31
983,46.31,68.8,41.23
98,43.34,68.2,41.76
242,43.36,68.5,41.42
11,43.36,68.51,42.12
1300,43.94,69.33,40.46
1271,44.96,69.25,40.45
1233,44.47,68.85,40.65
1105,44.07,68.45,40.87
1073,43.87,68.03,40.88
761,43.64,67.95,41.33
470,43.5,67.97,41.87
990,44.01,67.59,41.27
891,43.69,67.43,41.9
942,44.33,67.09,41.9
152,43.5,68.29,41.78
257,43.54,68.35,41.52
805,59.69,68.85,40.72
801,59.7,69.09,40.84
809,59.62,69.32,41.14
765,56.88,69.57,41.29
800,58.35,69.86,40.45
773,59.37,69.41,41.61
830,61.64,66.93,41.27
825,62.05,66.71,41.9
846,62.94,66.69,41.9
841,62.52,66.88,41.9
842,62.12,67.33,41.28
806,61.63,66.51,41.88
821,60.38,68.05,41.11
823,60.84,67.87,40.78
830,61.33,68,41.11
826,60.85,68.08,41.33
831,60.87,68.16,41.93
830,61.24,67.39,41.27
838,61.71,67.75,41.25
842,61.7,67.95,41.91
850,61.7,68.13,42.53
654,49.23,67.11,40.86
671,49.7,67.49,40.63
687,50.58,67.41,40.65
664,49.59,68.47,40.7
718,51.96,67.72,40.46
672,49.67,68.31,40.42
682,50.14,67.91,40.44
700,51.06,67.81,40.46
736,52.46,68.15,40.45
620,54.87,78.79,41.36
622,54.89,78.77,41.36
611,54.87,78.8,41.37
611,54.88,78.78,41.38
601,54.88,78.78,41.4
626,54.91,78.77,41.34
630,54.91,78.77,41.32
645,54.91,78.76,41.31
624,54.91,78.77,41.36
909,54.71,78.74,41.27
912,54.72,78.76,41.27
914,54.72,78.76,41.27
915,54.71,78.74,41.26
916,54.72,78.76,41.26
919,54.72,78.76,41.26
923,54.72,78.74,41.25
926,54.73,78.76,41.25
932,54.75,78.76,41.26
926,54.74,78.76,41.26
929,54.74,78.76,41.26
929,54.74,78.75,41.26
934,54.75,78.74,41.24
929,54.75,78.77,41.27
917,54.73,78.76,41.27
920,54.74,78.77,41.27
935,54.76,78.78,41.27
949,54.77,78.77,41.27
953,54.77,78.76,41.24
938,54.76,78.76,41.26
943,54.77,78.77,41.26
946,54.76,78.74,41.24
934,54.75,78.77,41.26
938,54.76,78.78,41.26
922,54.73,78.76,41.26
924,54.74,78.77,41.26
952,54.77,78.77,41.26
957,54.79,78.77,41.24
955,54.78,78.78,41.27
955,54.78,78.78,41.26
932,54.79,78.78,41.27
939,54.79,78.78,41.26
903,54.8,78.79,41.27
917,54.8,78.79,41.26
929,54.8,78.78,41.24
952,54.76,78.74,41.23
956,54.77,78.76,41.23
960,54.79,78.74,41.21
959,54.79,78.77,41.22
737,54.74,78.78,41.35
725,54.74,78.78,41.36
716,54.74,78.78,41.37
693,54.75,78.79,41.37
656,54.76,78.79,41.37
659,54.76,78.79,41.38
699,54.75,78.79,41.36
670,54.76,78.79,41.36
715,54.75,78.79,41.35
669,54.76,78.79,41.35
685,54.75,78.78,41.4
695,54.74,78.76,41.41
708,54.74,78.78,41.38
689,54.75,78.78,41.39
688,54.75,78.79,41.38
675,54.75,78.78,41.39
674,54.75,78.78,41.4
681,54.75,78.77,41.42
660,54.76,78.79,41.39
660,54.76,78.79,41.4
639,54.77,78.79,41.41
660,54.76,78.77,41.42
644,54.77,78.8,41.39
646,54.77,78.8,41.4
617,54.78,78.79,41.39
604,54.79,78.8,41.39
622,54.78,78.79,41.4
610,54.79,78.8,41.4
618,54.79,78.8,41.41
637,54.77,78.8,41.37
641,54.77,78.8,41.38
602,54.78,78.79,41.37
610,54.78,78.79,41.38
590,54.79,78.8,41.37
596,54.79,78.8,41.38
880,54.74,78.77,41.3
893,54.75,78.77,41.3
896,54.74,78.77,41.29
907,54.75,78.77,41.29
914,54.76,78.78,41.29
932,54.76,78.78,41.3
917,54.75,78.77,41.28
924,54.75,78.77,41.28
15045,54.77,78.78,41.3
924,54.76,78.78,41.28
930,54.77,78.78,41.29
944,54.77,78.77,41.28
930,54.76,78.78,41.28
947,54.77,78.77,41.28
951,54.78,78.78,41.28
954,54.78,78.78,41.28
905,54.75,78.78,41.32
866,54.75,78.78,41.31
64265,54.75,78.78,41.32
20684,54.75,78.78,41.31
755,54.74,78.78,41.34
785,54.74,78.78,41.33
727,54.75,78.79,41.34
786,54.75,78.79,41.33
12088,54.76,78.79,41.34
11017,54.77,78.79,41.34
618,54.79,78.79,41.34
104857,54.76,78.79,41.33
168897,54.77,78.79,41.33
35315,54.79,78.79,41.33
647,54.77,78.8,41.36
616,54.77,78.8,41.35
588,54.78,78.79,41.35
599,54.78,78.79,41.36
580,54.79,78.8,41.35
583,54.79,78.8,41.36
293474,54.77,78.79,41.32
68421,54.79,78.79,41.32
142237,54.77,78.79,41.31
17069,54.79,78.79,41.31
209065,54.76,78.79,41.32
108915,54.76,78.79,41.31
940,54.77,78.79,41.29
945,54.79,78.79,41.29
20919,54.77,78.79,41.3
825,54.79,78.79,41.3
937,54.79,78.79,41.28
946,54.79,78.79,41.28
657,54.76,78.78,41.44
622,54.79,78.8,41.43
640,54.78,78.78,41.44
605,54.8,78.81,41.43
642,54.78,78.79,41.46
623,54.8,78.78,41.45
592,54.82,78.79,41.44
783,54.71,78.76,41.36
787,54.7,78.75,41.37
803,54.7,78.75,41.36
796,54.71,78.76,41.35
786,54.72,78.77,41.35
771,54.72,78.77,41.36
759,54.72,78.77,41.37
766,54.71,78.75,41.38
773,54.71,78.75,41.37
772,54.72,78.77,41.35
758,54.72,78.77,41.36
757,54.73,78.78,41.35
744,54.73,78.78,41.36
748,54.72,78.77,41.37
735,54.73,78.78,41.37
752,54.72,78.77,41.38
757,54.71,78.76,41.39
710,54.74,78.77,41.39
721,54.73,78.76,41.4
728,54.73,78.78,41.38
745,54.72,78.76,41.39
739,54.72,78.77,41.38
732,54.73,78.76,41.39
713,54.73,78.76,41.4
872,54.7,78.76,41.3
871,54.7,78.74,41.31
883,54.7,78.76,41.29
881,54.7,78.74,41.3
900,54.7,78.74,41.28
893,54.7,78.74,41.29
851,54.7,78.76,41.32
861,54.7,78.76,41.31
849,54.7,78.74,41.33
860,54.7,78.74,41.32
834,54.7,78.74,41.34
823,54.7,78.75,41.34
872,54.71,78.76,41.3
872,54.72,78.77,41.3
897,54.72,78.75,41.28
895,54.71,78.74,41.29
905,54.72,78.75,41.28
902,54.71,78.74,41.28
884,54.71,78.76,41.29
885,54.72,78.77,41.29
899,54.72,78.76,41.28
908,54.72,78.76,41.28
870,54.72,78.77,41.3
885,54.72,78.77,41.29
902,54.73,78.76,41.28
905,54.74,78.77,41.28
910,54.73,78.76,41.28
914,54.74,78.77,41.28
845,54.71,78.76,41.32
841,54.72,78.77,41.32
859,54.71,78.76,41.31
857,54.72,78.77,41.31
829,54.71,78.76,41.33
813,54.71,78.76,41.34
816,54.7,78.75,41.35
822,54.72,78.77,41.33
803,54.72,78.76,41.34
833,54.72,78.77,41.32
853,54.72,78.77,41.31
832,54.73,78.78,41.32
859,54.73,78.78,41.31
812,54.72,78.77,41.33
791,54.72,78.77,41.34
775,54.73,78.78,41.34
798,54.73,78.78,41.33
941,54.81,78.74,41.21
915,54.81,78.77,41.21
879,54.83,78.75,41.21
847,54.85,78.75,41.22
940,54.8,78.78,41.22
867,54.83,78.78,41.22
779,54.85,78.78,41.26
738,54.88,78.75,41.27
714,54.89,78.76,41.27
816,54.85,78.78,41.24
783,54.87,78.75,41.25
741,54.9,78.76,41.25
667,54.91,78.76,41.29
836,54.86,78.78,41.23
819,54.87,78.75,41.23
799,54.84,78.79,41.26
852,54.82,78.79,41.26
832,54.84,78.79,41.24
876,54.82,78.79,41.24
587,54.86,78.81,41.4
590,54.88,78.78,41.4
578,54.85,78.78,41.42
581,54.86,78.81,41.41
600,54.86,78.8,41.38
581,54.83,78.81,41.43
583,54.87,78.79,41.42
579,54.85,78.79,41.44
582,54.84,78.79,41.45
595,54.8,78.81,41.42
579,54.83,78.81,41.41
591,54.8,78.81,41.39
596,54.8,78.81,41.4
585,54.8,78.81,41.39
588,54.8,78.81,41.4
582,54.81,78.81,41.39
580,54.83,78.8,41.4
585,54.81,78.81,41.4
583,54.8,78.81,41.37
586,54.8,78.81,41.38
582,54.8,78.81,41.37
582,54.8,78.81,41.38
581,54.81,78.81,41.37
585,54.83,78.8,41.38
580,54.81,78.81,41.38
616,54.86,78.8,41.36
626,54.87,78.79,41.34
626,54.89,78.77,41.34
630,54.89,78.76,41.33
636,54.9,78.79,41.31
636,54.87,78.79,41.32
664,54.87,78.79,41.3
656,54.9,78.79,41.3
685,54.9,78.79,41.28
706,54.87,78.79,41.28
578,54.8,78.81,41.36
584,54.8,78.81,41.35
587,54.8,78.79,41.34
627,54.8,78.79,41.33
619,54.81,78.79,41.33
604,54.81,78.79,41.34
583,54.8,78.8,41.35
580,54.8,78.81,41.36
588,54.8,78.81,41.35
589,54.81,78.81,41.35
584,54.81,78.81,41.36
608,54.82,78.8,41.34
622,54.82,78.8,41.33
601,54.83,78.8,41.36
613,54.82,78.79,41.34
624,54.84,78.79,41.34
624,54.82,78.79,41.33
2377,54.8,78.79,41.32
1018,54.8,78.79,41.31
631,54.81,78.79,41.32
662,54.81,78.79,41.31
632,54.82,78.8,41.32
652,54.82,78.8,41.31
637,54.82,78.79,41.32
640,54.84,78.79,41.32
660,54.82,78.79,41.31
712,54.8,78.79,41.3
856,54.8,78.79,41.29
729,54.81,78.79,41.3
779,54.81,78.79,41.29
713,54.82,78.8,41.3
754,54.82,78.8,41.29
700,54.82,78.79,41.3
686,54.84,78.79,41.3
739,54.82,78.79,41.29
928,54.8,78.79,41.28
909,54.8,78.79,41.28
821,54.81,78.79,41.28
844,54.81,78.79,41.28
795,54.82,78.8,41.28
822,54.82,78.8,41.28
779,54.82,78.79,41.28
747,54.84,78.79,41.28
808,54.82,78.79,41.28
1320,65.9,74.53,41.2
1391,66.1,75.32,41.07
1296,65.66,74.54,41.27
1443,63.66,75.18,41.25
1457,63.66,75.51,41.55
1509,63.42,75.62,41.06
1328,64.97,74.6,40.86
1397,64.05,74.7,40.82
1481,63.48,74.75,40.68
1501,63.4,75.12,40.79
1539,63.23,75.66,40.66
1489,66.1,75.88,40.57
1407,65.9,75.34,40.76
1350,65.42,75.01,40.87
1410,64.6,75.07,40.61
1500,63.65,75.15,40.52
1428,65.79,75.39,40.66
1416,65.1,75.48,40.64
1526,64.14,75.56,40.43
1555,63.28,75.66,40.42
1532,65.72,75.89,40.46
1540,64.69,75.97,40.45
1283,65.9,74.53,41.87
1358,66.1,75.33,41.8
1262,65.66,74.54,41.9
1418,63.86,75.56,41.97
1332,64.1,75.1,42.04
1363,64.03,75.08,42.34
1328,64.07,75.08,42.63
1294,65.9,75.33,42.51
1392,66.1,75.88,42.48
1394,66.1,75.88,43.13
777,57.04,69.55,40.51
790,57.47,69.94,40.43
773,56.64,70.04,40.42
771,56.74,69.49,40.86
772,56.57,70.05,40.66
806,59.61,69.09,40.58
799,59.68,69.27,40.71
803,58.73,69.37,40.6
806,59.4,69.32,40.5
803,59.8,69.29,40.47
802,59.28,69.8,40.42
800,59.76,69.55,40.41
800,59.84,69.27,40.54
800,59.7,69.54,40.8
792,59.76,69.77,40.87
787,59.93,69.64,40.5
743,65.9,71,43.14
1141,64.74,71.96,41.27
827,65.51,71.01,42.52
999,65.14,71.48,41.9
1211,64.04,71.99,42.37
1131,64.33,71.56,41.86
1212,64.35,72.44,41.26
1203,64.11,72.02,41.72
682,66.1,71.96,43.77
712,65.9,71.41,43.77
1283,64.42,73.32,40.86
1280,64.03,72.91,41.23
1321,63.89,73.3,42.02
1273,63.98,72.92,41.8
1196,64.82,72.84,41.27
1097,65.26,72.36,41.9
762,65.71,71.42,43.15
921,65.56,71.87,42.52
763,65.9,71.96,43.14
907,66.1,72.76,43.77
1282,66.1,73.64,43.77
1307,66.1,74.52,43.77
1353,66.1,75.32,43.77
1326,64.49,74.21,40.86
1371,63.89,74.21,42.04
1356,64.02,74.67,42.33
1350,64.1,74.68,41.26
1338,64.03,74.68,41.9
1384,63.83,74.27,41.12
1348,64.04,73.81,40.85
1345,63.85,73.44,41.1
1371,63.76,73.82,41.34
1365,63.81,73.79,41.87
999,65.9,72.76,43.14
1109,65.6,72.77,42.52
1191,65.31,73.24,41.9
1241,64.9,73.72,41.27
1252,65.9,73.64,43.14
1260,65.9,74.52,43.14
1286,65.9,75.32,43.14
1228,65.63,73.66,42.52
1247,65.66,74.54,42.52
1231,65.36,74.13,41.9
1278,64.97,74.6,41.27
1213,64.08,72.46,42.02
1120,64.22,71.56,42.3
1045,64.27,71.09,42.62
1242,64.03,72.44,42.34
1140,64.07,71.99,42.56
1105,64.07,71.6,42.64
970,64.07,71.09,43.14
965,64.43,69.78,42.55
964,64.27,69.8,43.14
936,64.07,69.78,43.74
976,64.69,71.08,42.52
788,62.04,66.31,42.51
816,62.93,66.31,42.5
804,62.52,66.31,42.5
571,46.99,66.31,41.83
580,47.4,66.31,41.84
594,47.95,66.31,41.84
848,44.65,66.31,43.76
750,45.55,66.31,43.14
697,46.09,66.31,42.5
626,46.5,66.31,41.83
587,48.75,66.31,41.85
574,49.64,66.31,41.84
641,50.52,66.31,41.1
649,51.31,66.31,41.11
664,53.69,66.31,41.11
658,52.28,66.31,41.1
662,53.17,66.31,41.1
660,52.76,66.31,41.1
676,55.4,66.31,41.13
618,54.51,66.31,41.85
772,59.4,66.31,40.58
778,60.28,66.31,41.11
773,61.09,66.31,41.85
774,61.63,66.31,42.51
737,57.16,66.31,40.59
733,56.75,66.31,40.59
686,56.2,66.31,41.11
819,63.47,66.31,43.13
834,64.32,66.31,43.76
833,65.32,66.31,44.38
697,66.1,67.81,45.02
746,66.1,68.74,44.39
736,66.1,70.52,43.77
721,66.1,71,43.77
748,66.1,70.11,43.77
748,66.1,69.58,44.39
702,66.1,71.41,44.39
847,63.39,66.83,42.52
857,63.88,67.13,42.52
852,64.29,66.8,43.15
853,62.61,67.65,41.89
856,62.51,67.94,42.53
861,62.49,68.13,43.14
849,63,67.23,42.52
882,63.13,67.87,41.87
876,63.11,67.99,42.49
863,63,68.14,43.14
861,63.48,67.61,42.52
863,63.39,68.01,43.14
856,63.31,68.21,43.64
717,66.1,66.81,45.65
813,65.76,66.51,44.28
813,65.58,67,43.77
688,66.1,66.86,45.02
756,65.9,66.99,44.38
857,65.94,66.31,45.12
821,65.83,66.51,44.7
798,65.9,66.56,44.7
832,65.27,67.48,43.77
837,64.83,67.97,43.13
869,64,67.96,42.51
868,63.83,68.21,43.14
868,63.66,68.36,43.73
849,65.17,66.77,44.4
851,64.76,67.08,43.77
853,64.36,67.56,43.15
958,64.02,68.97,43.82
838,64.47,68.42,43.14
891,63.88,68.65,44.11
870,64.16,68.61,43.73
814,65.32,68.36,43.77
803,65.61,67.9,44.39
760,65.9,67.86,45.02
772,65.9,68.75,44.39
794,65.64,68.77,43.77
853,64.58,69.34,43.14
889,64.26,69.31,43.76
900,63.94,69.37,44.18
805,64.9,68.84,43.76
782,65.37,69.24,43.77
797,64.98,69.72,43.14
995,64.47,70.67,42.58
949,64.27,70.68,43.14
891,64.07,70.67,43.73
883,64.63,70.2,43.14
865,64.27,70.19,43.78
850,64,70.19,44.13
757,65.45,70.12,43.15
750,65.9,70.11,43.77
767,65.66,69.62,43.77
761,65.9,69.59,44.39
819,65.07,70.6,43.15
752,65.69,70.53,43.15
736,65.9,70.52,43.77
804,62.04,66.51,42.52
829,62.93,66.51,42.51
819,62.52,66.51,42.51
830,63.47,66.51,43.14
839,64.29,66.51,43.77
848,65.22,66.51,44.39
772,57.3,68.17,40.44
764,56.69,68.39,40.67
771,56.71,69.12,40.62
770,56.91,68.64,40.52
767,56.66,68.74,40.8
759,56.82,68.75,41.3
755,56.72,68.48,41.37
792,60.29,66.76,41.27
784,59.42,66.7,40.65
799,59.88,67.08,40.86
785,58.19,68.09,40.46
799,58.67,68.5,40.64
807,59.18,68.91,40.8
807,59.34,68.97,41.42
789,59.28,69,41.89
785,58.59,67.58,40.46
810,59.56,68.64,40.79
812,59.68,68.43,40.77
812,59.51,68.56,41.27
815,59.5,68.55,41.61
818,60.06,68.2,41.37
823,60.11,68.25,41.95
801,59.07,68.01,40.62
810,59.34,68.44,40.81
815,59.54,68.48,41.6
814,59.78,68.3,40.81
812,59.54,68.21,40.81
819,59.71,68.37,41.85
814,59.67,68.33,41.34
769,58.11,67.11,40.46
771,57.71,67.67,40.46
784,57.8,68.57,40.45
780,57.42,69.06,40.56
757,56.97,69.15,41.51
800,61.13,66.74,41.89
800,60.76,67.02,41.9
816,60.36,67.47,41.27
795,58.28,68.97,40.64
790,57.88,69.45,40.6
1232,43.81,68.92,40.65
657,43.65,68.17,41.16
1076,43.7,68.44,40.77
162,43.53,68.36,42.02
602,43.51,68.42,41.03
1235,43.52,68.97,40.68
1285,43.52,69.35,40.6
511,43.5,68.32,42.24
632,43.52,68.02,42.56
739,56.35,67.34,40.63
789,61.09,66.51,41.88
785,60.28,66.51,41.21
815,59.94,67.9,41.25
776,59.4,66.51,40.76
801,59.48,67.56,40.85
781,59,67.06,40.65
768,58.51,66.59,40.46
756,57.63,66.66,40.46
733,56.75,66.85,40.65
723,56.75,66.51,40.76
747,57.23,67.26,40.66
728,57.16,66.51,40.76
737,57.17,66.6,40.65
753,56.82,67.76,40.62
751,55.93,67.86,40.57
757,56.45,68.16,40.78
750,56.42,68.27,41.28
754,55.86,68.27,41.4
745,56.38,68.28,41.84
718,55.88,67.01,40.86
714,56.25,66.73,40.87
689,56.2,66.51,41.21
680,55.4,66.51,41.21
708,55.41,66.76,40.87
733,54.6,67.51,40.6
715,55,67.07,40.85
748,55.07,67.95,40.55
753,55.59,68.12,40.74
753,55.04,68.22,40.8
749,55.61,68.13,41.16
751,55.04,68.25,41.27
732,55.47,67.47,40.83
743,54.21,68.01,40.55
750,54.67,68.13,40.69
747,54.24,68.22,40.79
747,54.28,68.26,41.24
712,54.11,67.12,40.86
671,53.69,66.51,41.21
701,53.63,66.82,40.87
632,54.51,66.51,41.88
684,54.53,66.78,41.27
723,52.85,67.66,40.64
709,53.24,67.2,40.87
696,51.88,66.83,40.66
701,51.47,67.32,40.66
709,52.36,67.23,40.65
684,51.87,66.51,40.76
655,51.87,66.31,41.1
697,52.76,66.86,40.87
689,52.29,66.7,40.87
694,53.18,66.68,40.87
664,52.28,66.51,41.2
669,53.17,66.51,41.2
667,52.76,66.51,41.2
667,50.12,67.05,40.87
680,51,66.99,40.87
669,50.53,66.75,40.87
680,51.37,66.73,40.87
642,50.52,66.51,41.2
653,51.31,66.51,41.21
662,49.29,67.99,40.56
632,48.89,68.18,40.73
632,49.28,68.29,40.78
639,48.85,68.2,41.04
659,49.23,68.29,41.3
578,49.64,66.51,41.88
639,49.65,66.78,41.27
653,48.82,67.61,40.82
647,48.83,68.02,41.47
645,48.8,68.15,41.94
643,49.23,67.1,41.27
641,48.35,67.17,40.85
590,48.75,66.51,41.88
632,48.76,66.8,41.27
641,48.4,68.03,40.77
642,48.44,68.11,41.29
643,48.41,68.15,41.9
777,47.07,67.73,40.8
932,46.6,68.06,41.2
826,46.62,68.12,41.8
696,47.13,68.09,41.36
662,47.16,68.18,41.95
850,46.59,67.34,41.27
635,47.95,67.71,40.81
654,47.53,67.93,41.19
638,47.54,67.98,41.8
643,47.96,68.06,41.41
638,47.92,68.15,41.94
657,47,66.9,41.27
594,46.99,66.51,41.87
800,45.61,66.75,42.52
796,46.11,66.95,41.9
730,46.52,66.72,41.27
719,45.57,66.51,43.14
689,46.1,66.51,42.51
644,46.5,66.51,41.87
623,47.86,66.85,41.27
601,47.95,66.51,41.88
628,47.47,67.26,41.27
610,47.41,66.7,41.27
595,47.4,66.51,41.87
748,53.81,68.3,40.67
745,53.57,68.45,40.72
743,53.86,68.26,41.35
747,53.28,68.5,40.78
664,50.03,68.26,41.47
667,49.81,68.25,41.21
650,49.9,68.3,41.95
663,50.13,68.48,41.49
670,49.96,68.55,41.03
664,50.21,68.64,41.51
726,53.73,67.62,40.83
744,53.76,68.19,40.66
737,53.33,68.04,40.57
766,52.97,68.58,40.42
801,53.24,68.73,40.71
992,46.66,68.14,40.77
1040,46.44,68.4,40.65
1084,46.25,68.72,40.55
1097,46.37,69.61,40.41
1037,46.47,68.85,40.71
1029,46.52,69.66,40.66
1315,43.68,69.82,40.46
876,43.84,66.31,44.39
1189,45.38,68.77,40.6
1085,45.79,68.31,40.84
976,46.19,67.81,41.26
981,46.17,68.37,41.51
920,46.17,68.44,41.95
986,46.05,68.54,41.52
934,46.02,68.64,41.9
1147,44.92,68.38,40.86
1009,44.43,67.97,41.27
786,43.71,67.47,42.53
878,43.73,66.81,43.14
806,43.53,67.48,43.15
896,43.53,66.69,43.76
859,43.99,66.51,43.77
810,44.71,66.51,43.77
851,44,66.8,43.15
821,44.76,66.77,43.15
1033,45.31,67.89,41.27
939,44.83,67.49,41.9
857,44.33,67.09,42.52
914,45.71,67.42,41.9
849,45.23,67.03,42.52
880,46.35,68.15,42.01
749,46.47,68.24,42.54
1248,45.46,69.66,40.43
1159,45.87,69.17,40.55
1011,46.23,68.32,41.17
1002,46.19,68.73,41.24
989,46.18,69.24,41.38
118,43.3,68.29,41.76
228,43.33,68.55,41.52
116,43.42,68.96,41.42
17,43.33,68.56,42.02
8,43.42,68.98,42.12
1064,43.88,68.95,40.89
1262,44.06,69.33,40.65
1301,44.51,69.73,40.45
1230,44.96,69.25,40.62
1183,44.51,68.85,40.86
751,43.81,68.07,41.31
424,43.62,68.02,41.88
832,44.05,68.45,41.27
812,44.01,67.59,41.89
143,43.6,68.41,41.78
771,56.76,70,41.07
800,58.83,70.27,40.44
803,59.57,69.08,40.78
808,59.5,69.31,41.12
745,59.49,69.77,41.4
797,57.96,70.35,40.45
764,57.01,69.56,41.26
764,57.01,69.92,41.55
797,58.35,69.86,40.61
767,59.19,69.38,41.54
719,59.18,69.44,42.03
821,61.64,66.93,41.9
812,62.05,66.71,42.52
834,62.94,66.69,42.52
830,62.52,66.88,42.52
843,62.12,67.34,41.89
792,61.63,66.51,42.52
827,60.83,67.79,41.25
830,60.84,67.97,41.91
838,60.86,68.13,42.54
826,61.23,67.39,41.89
840,61.7,67.67,41.9
843,61.71,67.93,42.52
852,61.7,68.13,43.14
667,49.7,67.53,40.84
682,50.59,67.43,40.87
717,51.95,67.74,40.65
672,49.74,68.24,40.54
683,50.18,67.9,40.61
700,51.07,67.82,40.65
736,52.44,68.14,40.61
662,49.69,68.36,40.75
670,49.79,68.64,40.64
711,51.56,68.23,40.46
675,49.89,68.54,40.42
694,50.65,68.31,40.44
722,52.03,68.64,40.45
622,54.88,78.8,41.36
622,54.9,78.77,41.37
613,54.88,78.8,41.38
616,54.9,78.78,41.38
602,54.88,78.81,41.39
603,54.9,78.78,41.4
637,54.91,78.8,41.32
628,54.91,78.8,41.34
626,54.93,78.77,41.34
629,54.93,78.77,41.33
660,54.91,78.8,41.3
643,54.93,78.77,41.31
625,54.91,78.81,41.35
624,54.93,78.78,41.36
622,54.93,78.78,41.38
906,54.69,78.74,41.26
915,54.69,78.74,41.25
908,54.71,78.76,41.27
910,54.72,78.77,41.27
914,54.71,78.76,41.26
916,54.72,78.76,41.26
922,54.72,78.76,41.24
930,54.72,78.74,41.23
933,54.74,78.76,41.24
939,54.74,78.74,41.23
924,54.75,78.78,41.27
913,54.72,78.77,41.27
916,54.73,78.78,41.27
918,54.72,78.77,41.26
921,54.73,78.78,41.26
928,54.75,78.78,41.27
944,54.77,78.78,41.27
948,54.77,78.78,41.26
951,54.77,78.79,41.27
953,54.77,78.79,41.26
929,54.75,78.78,41.26
933,54.75,78.78,41.26
943,54.76,78.77,41.24
927,54.73,78.77,41.24
955,54.77,78.78,41.24
948,54.79,78.79,41.26
954,54.79,78.79,41.24
960,54.79,78.74,41.18
956,54.76,78.74,41.21
949,54.76,78.77,41.22
962,54.79,78.74,41.19
958,54.77,78.78,41.22
960,54.79,78.77,41.2
746,54.73,78.79,41.35
733,54.73,78.79,41.36
723,54.73,78.79,41.37
702,54.74,78.8,41.37
671,54.75,78.8,41.37
668,54.75,78.8,41.38
651,54.76,78.8,41.37
649,54.76,78.8,41.38
724,54.74,78.8,41.35
711,54.74,78.8,41.36
680,54.75,78.8,41.36
664,54.75,78.8,41.35
660,54.76,78.8,41.36
642,54.76,78.8,41.35
716,54.73,78.79,41.38
697,54.74,78.8,41.38
700,54.74,78.78,41.39
683,54.75,78.79,41.39
694,54.74,78.78,41.4
681,54.75,78.79,41.4
678,54.75,78.79,41.41
698,54.73,78.77,41.42
667,54.75,78.8,41.39
667,54.75,78.8,41.4
651,54.76,78.8,41.39
654,54.76,78.8,41.4
657,54.76,78.8,41.42
624,54.78,78.81,41.4
633,54.78,78.81,41.42
618,54.78,78.81,41.38
878,54.73,78.78,41.3
880,54.75,78.78,41.3
892,54.73,78.78,41.29
896,54.75,78.78,41.29
903,54.75,78.78,41.29
893,54.75,78.78,41.3
911,54.75,78.78,41.28
918,54.75,78.78,41.28
20231,54.76,78.79,41.3
917,54.75,78.78,41.28
923,54.75,78.78,41.28
931,54.76,78.79,41.29
937,54.77,78.78,41.28
940,54.77,78.78,41.28
954,54.77,78.79,41.28
950,54.77,78.79,41.28
809,54.74,78.78,41.32
822,54.74,78.78,41.31
9795,54.75,78.79,41.32
1098,54.75,78.79,41.31
765,54.73,78.79,41.34
784,54.73,78.79,41.33
760,54.74,78.8,41.33
740,54.74,78.8,41.34
3378,54.75,78.8,41.34
31894,54.75,78.8,41.33
3083,54.76,78.8,41.34
80945,54.76,78.8,41.33
7428,54.77,78.8,41.34
2497,54.78,78.79,41.34
142024,54.77,78.8,41.33
81019,54.78,78.79,41.33
619,54.79,78.8,41.34
11499,54.79,78.8,41.33
654,54.78,78.81,41.36
279535,54.77,78.8,41.32
199592,54.78,78.79,41.32
79500,54.79,78.8,41.32
185446,54.77,78.8,41.31
103462,54.78,78.79,41.31
38420,54.79,78.8,41.31
105307,54.75,78.8,41.32
57751,54.75,78.8,41.31
224833,54.76,78.8,41.32
167342,54.76,78.8,41.31
46462,54.77,78.8,41.3
956,54.77,78.8,41.29
912,54.78,78.79,41.29
11501,54.78,78.79,41.3
1278,54.79,78.8,41.3
854,54.79,78.8,41.29
958,54.78,78.79,41.28
947,54.78,78.79,41.28
943,54.79,78.8,41.28
942,54.79,78.8,41.28
690,54.74,78.78,41.44
655,54.76,78.8,41.43
674,54.75,78.78,41.44
670,54.75,78.78,41.46
636,54.78,78.81,41.43
655,54.76,78.79,41.46
589,54.82,78.82,41.44
638,54.78,78.82,41.45
615,54.79,78.82,41.44
626,54.79,78.79,41.46
598,54.82,78.79,41.46
586,54.84,78.8,41.46
811,54.69,78.75,41.36
802,54.69,78.75,41.36
787,54.7,78.77,41.36
793,54.7,78.75,41.37
801,54.7,78.77,41.35
790,54.71,78.77,41.35
777,54.71,78.77,41.36
762,54.7,78.76,41.39
775,54.7,78.77,41.37
765,54.71,78.77,41.37
779,54.7,78.75,41.38
769,54.7,78.76,41.38
778,54.72,78.78,41.35
764,54.72,78.78,41.36
763,54.73,78.79,41.35
751,54.73,78.79,41.36
754,54.72,78.78,41.37
742,54.73,78.79,41.37
756,54.71,78.78,41.38
752,54.71,78.76,41.4
745,54.72,78.78,41.38
734,54.73,78.79,41.38
721,54.73,78.78,41.39
732,54.73,78.78,41.39
714,54.73,78.78,41.4
735,54.72,78.76,41.4
723,54.72,78.77,41.42
871,54.7,78.76,41.3
870,54.69,78.74,41.31
879,54.69,78.74,41.3
881,54.7,78.76,41.29
892,54.7,78.76,41.28
899,54.7,78.76,41.28
893,54.69,78.74,41.28
848,54.7,78.76,41.32
860,54.7,78.76,41.31
850,54.69,78.75,41.33
861,54.69,78.74,41.32
837,54.69,78.75,41.34
834,54.7,78.76,41.33
824,54.69,78.75,41.35
824,54.7,78.76,41.34
870,54.7,78.77,41.3
868,54.71,78.77,41.3
881,54.7,78.77,41.29
880,54.71,78.77,41.29
894,54.71,78.76,41.28
895,54.72,78.77,41.28
901,54.71,78.76,41.28
903,54.72,78.77,41.28
867,54.72,78.78,41.3
881,54.72,78.78,41.29
897,54.72,78.77,41.28
899,54.73,78.78,41.28
905,54.72,78.77,41.28
908,54.73,78.78,41.28
845,54.7,78.77,41.32
840,54.71,78.77,41.32
858,54.7,78.77,41.31
855,54.71,78.77,41.31
830,54.7,78.77,41.33
816,54.7,78.77,41.34
823,54.71,78.77,41.33
807,54.71,78.77,41.34
833,54.72,78.78,41.32
851,54.72,78.78,41.31
832,54.73,78.79,41.32
855,54.73,78.79,41.31
814,54.72,78.78,41.33
795,54.72,78.78,41.34
782,54.73,78.79,41.34
803,54.73,78.79,41.33
957,54.79,78.79,41.22
841,54.87,78.75,41.21
939,54.81,78.74,41.19
893,54.83,78.75,41.19
945,54.8,78.78,41.2
879,54.83,78.78,41.2
855,54.85,78.75,41.21
894,54.82,78.79,41.22
849,54.84,78.79,41.22
904,54.83,78.74,41.17
945,54.8,78.74,41.17
911,54.83,78.74,41.15
700,54.91,78.76,41.27
721,54.9,78.79,41.26
754,54.87,78.79,41.26
798,54.87,78.79,41.24
764,54.89,78.76,41.24
733,54.91,78.76,41.25
747,54.9,78.79,41.25
660,54.93,78.77,41.29
690,54.91,78.8,41.28
781,54.86,78.8,41.26
820,54.86,78.8,41.24
811,54.93,78.76,41.19
792,54.91,78.76,41.21
824,54.89,78.76,41.21
829,54.87,78.79,41.22
793,54.89,78.76,41.23
769,54.91,78.76,41.23
845,54.86,78.8,41.22
935,54.8,78.81,41.22
894,54.8,78.81,41.26
826,54.83,78.8,41.26
921,54.8,78.81,41.24
852,54.83,78.8,41.24
832,54.94,78.75,41.16
859,54.89,78.75,41.15
583,54.85,78.82,41.4
594,54.87,78.82,41.4
593,54.89,78.79,41.41
579,54.85,78.82,41.42
585,54.87,78.82,41.41
587,54.89,78.79,41.42
594,54.85,78.82,41.38
607,54.87,78.81,41.38
578,54.84,78.82,41.43
578,54.86,78.79,41.44
578,54.86,78.8,41.46
581,54.83,78.83,41.44
580,54.85,78.8,41.47
608,54.79,78.82,41.42
583,54.82,78.82,41.42
599,54.79,78.82,41.4
581,54.82,78.82,41.4
591,54.79,78.82,41.38
583,54.82,78.82,41.38
611,54.85,78.82,41.36
620,54.87,78.81,41.36
626,54.86,78.8,41.34
628,54.89,78.8,41.34
641,54.86,78.8,41.32
638,54.89,78.8,41.32
680,54.86,78.8,41.3
665,54.89,78.8,41.3
702,54.89,78.8,41.28
731,54.86,78.8,41.28
611,54.79,78.82,41.36
606,54.8,78.81,41.34
593,54.82,78.82,41.36
621,54.83,78.8,41.34
3084,54.8,78.81,41.32
650,54.83,78.8,41.32
779,54.8,78.81,41.3
716,54.83,78.8,41.3
868,54.8,78.81,41.28
781,54.83,78.8,41.28
1428,66.1,75.88,41.06
1350,65.9,75.33,41.19
1301,65.41,75.01,41.27
1310,64.55,75.08,41.28
1418,63.83,75.19,41.14
1414,63.83,75.51,41.51
1487,63.54,75.62,41.05
1486,63.55,76.04,41.33
1368,64.55,75.09,40.83
1464,63.72,75.16,40.77
1527,63.36,75.66,40.71
1544,63.29,76.06,40.79
1523,66.1,76.29,40.57
1376,65.68,75.38,40.87
1441,65.9,75.88,40.75
1369,65.04,75.48,40.86
1472,64.17,75.56,40.56
1544,63.4,75.66,40.51
1450,65.58,75.89,40.66
1454,64.68,75.97,40.62
1563,63.67,76.05,40.42
1566,65.99,76.3,40.46
1575,64.25,76.44,40.44
1563,65.23,76.36,40.46
1606,66.1,77.18,40.58
1393,66.1,75.88,41.79
1308,65.9,75.33,41.86
1259,65.41,75.01,41.9
1313,64.07,74.67,42.63
1360,64.05,75.56,41.93
1387,64.03,75.61,42.33
1439,63.81,76.02,41.86
1348,64.07,75.57,42.63
1287,64.23,75.08,42.32
1266,64.56,75.08,41.89
1255,64.27,75.08,42.62
1256,64.07,75.08,43.13
1272,65.68,75.37,42.52
1320,65.9,75.88,42.51
1423,66.1,76.29,42.48
1315,65.9,75.88,43.14
1396,66.1,75.88,43.77
1428,66.1,76.29,43.13
774,56.98,69.52,40.74
786,57.48,69.94,40.56
775,56.78,70.01,40.49
782,56.99,70.43,40.43
773,56.7,70.02,40.77
772,56.63,70.46,40.79
801,58.77,69.39,40.82
805,59.39,69.32,40.79
805,59.44,69.33,40.59
802,59.58,69.51,40.77
802,59.73,69.27,40.57
802,59.23,69.79,40.53
801,59.7,69.55,40.48
795,59.73,70.21,40.41
791,59.66,69.76,40.86
795,59.83,69.62,40.55
788,59.85,70.22,40.68
796,59.33,70.66,40.42
776,59.61,70.24,41.17
723,65.9,71,43.77
770,65.51,71.01,43.15
1127,64.24,71.99,42.34
1098,64.74,71.96,41.9
935,65.14,71.48,42.52
1077,64.44,71.55,42.27
1172,64.39,72.44,41.87
664,66.1,71.96,44.39
697,65.9,71.41,44.39
717,65.71,71.42,43.77
697,65.9,71.96,43.77
1249,64.42,73.32,41.27
1238,64.17,72.91,41.74
1282,64.03,73.28,42.34
1253,64.09,73.3,42.01
1162,64.81,72.84,41.9
1053,65.26,72.36,42.52
815,65.56,71.87,43.15
969,66.1,72.76,44.39
1271,66.1,73.64,44.39
1298,66.1,74.52,44.4
1349,66.1,75.33,44.39
933,65.9,72.76,43.77
1241,65.9,73.64,43.77
1245,65.9,74.52,43.77
1276,65.9,75.32,43.77
1330,64.02,74.08,42.33
1306,64.08,74.21,42.02
1283,64.48,74.2,41.28
1279,64.22,74.67,42.3
1295,64.26,74.67,41.84
1316,64.08,73.81,41.24
1303,64.01,73.79,41.86
1055,65.6,72.77,43.15
1186,65.31,73.24,42.52
1204,64.9,73.72,41.9
1223,65.63,73.65,43.15
1234,65.66,74.53,43.15
1260,65.68,75.36,43.15
1217,65.36,74.13,42.52
1241,65.41,75.01,42.52
1235,64.97,74.6,41.9
1154,64.23,72.44,42.32
1096,64.27,71.99,42.54
1060,64.27,71.6,42.62
953,64.27,71.09,43.15
1152,64.07,72.44,42.64
989,64.07,71.63,43.14
917,64.07,71.08,43.73
1224,64.07,73.3,42.63
1287,64.07,74.13,42.63
913,64.43,69.78,43.15
881,64.27,69.79,43.78
851,63.88,69.81,44.3
1028,64.49,71.57,42.59
898,64.69,71.08,43.14
884,64.02,71.09,44.1
774,62.04,66.31,43.14
804,62.93,66.31,43.14
791,62.52,66.31,43.14
569,46.99,66.31,42.5
577,47.4,66.31,42.5
574,47.95,66.31,42.5
819,44.65,66.31,44.39
712,45.55,66.31,43.77
654,46.09,66.31,43.14
600,46.5,66.31,42.5
551,48.76,66.31,42.5
577,50.51,66.31,41.84
540,49.64,66.31,42.5
586,51.31,66.31,41.85
612,53.69,66.31,41.84
600,52.28,66.31,41.84
608,53.17,66.31,41.84
605,52.77,66.31,41.84
628,55.4,66.31,41.85
583,54.51,66.31,42.5
761,58.58,66.31,40.58
753,59.39,66.31,41.11
746,60.28,66.31,41.85
757,61.09,66.31,42.51
760,61.63,66.31,43.14
701,57.16,66.31,41.11
745,57.64,66.31,40.58
694,56.75,66.31,41.11
641,56.2,66.31,41.85
808,63.47,66.31,43.77
823,64.32,66.31,44.39
851,65.32,66.31,45.02
851,65.98,66.31,45.65
690,66.1,67.79,45.65
723,66.1,68.74,45.02
732,66.1,70.52,44.39
716,66.1,71,44.39
743,66.1,70.11,44.39
734,66.1,69.58,45.02
694,66.1,71.41,45.02
836,63.38,66.83,43.15
850,63.88,67.13,43.15
843,64.29,66.8,43.77
852,62.61,67.63,42.52
852,62.52,67.93,43.14
860,62.48,68.13,43.74
840,63,67.23,43.15
863,63.12,67.81,42.47
858,63.06,67.95,43.15
857,63.04,68.17,43.77
854,63.48,67.61,43.15
852,63.41,68.03,43.66
746,66.1,66.79,46.29
799,65.9,66.95,45.65
847,65.17,66.77,45.02
850,65.76,66.51,45.12
785,65.9,66.99,45.02
822,65.57,67.01,44.39
835,65.73,66.67,44.7
833,65.27,67.48,44.4
838,64.83,67.96,43.77
859,63.63,68.66,44.47
855,63.54,68.4,44.25
853,64.02,67.96,43.14
853,63.8,68.21,43.77
846,64.76,67.08,44.4
850,64.36,67.56,43.77
858,63.69,68.55,44.33
881,64.21,68.92,43.87
897,63.81,68.99,44.3
848,64.05,68.54,44.17
832,64.48,68.43,43.78
813,65.32,68.36,44.4
801,65.61,67.9,45.02
768,65.9,67.85,45.65
758,65.9,68.75,45.02
789,65.64,68.77,44.4
818,64.58,69.32,43.78
847,64.13,69.36,44.26
809,64.91,68.84,44.4
784,65.37,69.24,44.4
770,64.99,69.72,43.77
917,64.47,70.67,43.14
857,64.27,70.68,43.77
847,63.89,70.67,44.29
819,64.63,70.2,43.78
822,64.19,70.2,44.21
744,65.45,70.12,43.77
747,65.9,70.11,44.39
765,65.66,69.62,44.4
753,65.9,69.59,45.02
767,65.07,70.6,43.77
734,65.69,70.53,43.77
731,65.9,70.52,44.39
791,62.04,66.51,43.14
817,62.93,66.51,43.14
806,62.52,66.51,43.14
819,63.47,66.51,43.77
828,64.29,66.51,44.39
848,65.22,66.51,45.02
842,65.8,66.51,45.65
767,57.32,68.16,40.61
766,56.94,68.66,40.76
755,56.93,68.67,41.28
745,56.94,68.6,41.63
751,56.82,68.38,41.35
749,56.82,68.48,41.6
775,60.29,66.76,41.9
781,59.41,66.79,40.87
792,59.88,67.07,41.27
782,58.19,68.09,40.66
798,58.69,68.5,40.85
804,59.11,68.89,41.23
777,59.1,68.93,41.84
784,59.25,68.74,42.08
782,58.59,67.6,40.66
810,59.37,68.47,41.13
813,59.39,68.55,41.87
811,59.34,68.42,41.57
817,60.03,68.07,41.92
828,60.07,68.19,42.55
801,59.09,68.03,40.84
815,59.49,68.42,42.03
811,59.39,68.35,41.57
810,59.58,68.21,41.82
812,59.56,68.18,41.22
762,58.11,67.17,40.66
764,57.71,67.69,40.66
781,57.8,68.57,40.62
773,57.34,69.06,40.79
750,57.13,69.11,41.46
731,57.2,69.14,41.96
786,61.13,66.74,42.52
786,60.76,67.02,42.52
807,60.35,67.46,41.89
790,58.26,68.99,40.85
784,57.86,69.46,40.82
715,57.27,69.52,42.09
486,43.65,68.44,41.11
1097,43.69,68.97,40.8
1266,43.7,69.35,40.75
336,43.62,68.37,42.16
548,43.68,68.05,42.53
628,43.53,68.03,43.15
499,43.5,68.96,41.15
1287,43.52,69.84,40.66
318,43.5,68.93,42.23
566,43.52,68.44,42.64
733,56.35,67.39,40.85
775,61.09,66.51,42.52
763,60.28,66.51,41.88
807,59.92,67.82,41.88
760,59.4,66.51,41.21
795,59.47,67.54,41.27
736,57.64,66.51,40.76
756,58.58,66.51,40.76
777,59,67.12,40.87
761,58.06,66.38,40.46
763,58.51,66.73,40.65
746,57.64,66.79,40.65
723,56.76,66.92,40.87
697,56.75,66.51,41.21
739,57.23,67.29,40.87
703,57.16,66.51,41.21
726,57.17,66.71,40.87
748,56.82,67.8,40.83
731,56.61,68.29,42.06
747,55.94,67.86,40.79
744,56.49,68.09,41.21
744,55.89,68.11,41.39
730,56.45,68.12,41.82
744,55.85,68.18,41.94
699,55.88,67,41.27
693,56.24,66.73,41.27
649,56.2,66.51,41.88
638,55.4,66.51,41.88
687,55.41,66.76,41.27
730,54.6,67.56,40.83
741,54.63,68.14,42.01
697,55,67.06,41.27
744,55.07,67.9,40.78
743,55.61,68,41.11
741,55.04,68.05,41.28
743,55.09,68.15,41.9
716,55.47,67.44,41.27
741,54.27,68.16,41.88
740,54.19,67.95,40.78
737,54.24,68.06,41.25
697,54.11,67.11,41.27
628,53.69,66.51,41.88
683,53.63,66.82,41.27
595,54.51,66.51,42.51
646,54.53,66.78,41.9
715,53.71,67.59,41.27
720,52.83,67.7,40.85
696,53.23,67.2,41.27
690,51.88,66.91,40.87
696,51.47,67.36,40.87
704,52.35,67.28,40.87
660,51.87,66.51,41.2
595,51.87,66.31,41.84
681,52.76,66.86,41.27
671,52.29,66.7,41.27
676,53.18,66.68,41.27
614,52.28,66.51,41.87
623,53.17,66.51,41.87
620,52.77,66.51,41.87
669,50.59,67.43,41.27
652,50.11,67.04,41.27
664,51,66.99,41.27
649,50.53,66.75,41.27
661,51.35,66.73,41.27
585,50.52,66.51,41.88
597,51.31,66.51,41.88
655,49.3,67.96,40.79
646,48.87,68.1,41.02
655,49.28,68.12,41.3
647,49.31,68.19,41.93
657,49.71,67.51,41.27
589,49.65,66.78,41.9
544,49.64,66.51,42.51
646,48.83,67.58,41.27
638,48.82,67.95,41.92
628,48.8,68.13,42.54
612,49.23,67.1,41.9
635,48.35,67.15,41.27
602,48.77,66.8,41.9
556,48.76,66.51,42.51
631,48.42,68.13,42.53
642,48.44,67.91,41.2
638,48.42,67.96,41.89
849,46.58,67.96,41.73
739,47.07,67.71,41.26
663,47.11,68,41.94
631,47.14,68.15,42.54
785,46.59,67.36,41.9
640,47.52,67.83,41.74
634,47.95,67.66,41.26
634,47.91,67.96,41.93
629,47.89,68.13,42.53
640,47,66.9,41.9
588,46.99,66.51,42.51
725,45.61,66.75,43.15
729,46.11,66.95,42.52
683,46.52,66.72,41.9
662,45.57,66.51,43.77
633,46.1,66.51,43.14
612,46.5,66.51,42.51
611,47.86,66.85,41.9
578,47.95,66.51,42.51
623,47.47,67.28,41.9
605,47.41,66.7,41.9
587,47.4,66.51,42.51
670,49.9,68.15,41.12
669,50.19,67.91,41.27
743,53.47,68.32,40.77
732,53.78,68.06,41.37
744,53.16,68.41,40.82
757,53.01,68.74,41.21
742,53.51,68.36,41.26
737,53.82,68.18,41.93
741,53.12,68.47,41.25
725,53.79,68.14,42.54
741,52.87,68.59,41.55
650,50.01,68.14,41.92
663,50.28,68.36,41.47
672,50.07,68.48,41.04
665,50.38,68.55,41.48
630,49.95,68.25,42.54
653,50.28,68.44,41.99
661,50.41,68.66,41.94
671,50.13,68.89,41.27
739,52.97,68.26,40.84
735,53.31,68.06,40.79
767,52.9,68.55,40.53
759,52.54,69.06,40.42
832,53.26,69.03,40.41
786,53.13,68.67,40.75
853,53.27,69.04,40.59
1331,43.73,70.68,40.46
1124,46.41,70.46,40.41
1064,46.51,70.45,40.67
1191,45.97,70.06,40.42
1066,46.22,68.72,40.77
1111,46.3,69.6,40.49
1059,46.43,69.64,40.7
1014,46.28,69.63,41.14
1313,43.53,70.25,40.57
1282,43.84,69.82,40.65
1321,44.04,70.21,40.46
852,43.83,66.31,45.02
852,46.01,68.4,42.54
864,43.53,66.67,44.39
829,43.99,66.51,44.39
770,44.72,66.51,44.39
1136,45.4,68.79,40.83
936,45.89,68.95,42.05
1025,45.78,68.29,41.26
934,46.03,68.3,41.93
903,46.18,67.8,41.88
958,45.85,68.54,41.88
902,45.83,68.58,42.35
1070,44.91,68.37,41.27
816,44.43,67.97,41.9
743,44.02,67.59,42.51
721,43.73,67.5,43.15
757,43.53,67.47,43.77
832,43.73,66.81,43.77
805,44,66.8,43.77
767,44.76,66.77,43.77
788,44.33,67.09,43.15
772,45.23,67.03,43.15
949,45.31,67.89,41.9
843,44.83,67.49,42.52
832,45.71,67.42,42.52
783,46.37,68.06,42.53
669,46.45,68.22,43.14
1291,45.05,70.14,40.45
1219,45.45,69.66,40.57
1117,45.87,69.19,40.78
1034,46.08,68.68,41.13
1014,46.04,69.19,41.37
961,45.97,69.28,41.81
871,45.79,68.56,42.65
97,43.32,68.58,41.77
105,43.46,68.94,41.52
9,43.46,68.95,42.02
620,43.82,68.93,41.29
1215,44.12,69.33,40.87
1254,44.55,69.73,40.64
1173,45,69.26,40.84
202,43.88,68.6,41.7
1099,44.51,68.85,41.27
404,44.05,68.52,42.01
502,43.96,68.21,41.81
543,43.84,68.05,42.48
792,57.55,70.82,40.44
771,56.86,70,41.04
769,56.9,70.42,41.34
798,58.42,70.74,40.45
797,58.81,70.27,40.59
806,59.39,69.29,41.05
746,59.35,69.75,41.35
698,59.26,69.87,41.86
792,57.96,70.35,40.62
736,57.21,69.97,41.97
765,57.14,69.55,41.13
757,57.17,69.91,41.49
791,58.35,69.85,40.83
782,58.75,69.38,41.27
714,58.99,69.4,41.98
694,59.04,69.46,42.35
809,61.64,66.93,42.52
799,62.05,66.71,43.15
822,62.94,66.69,43.15
818,62.52,66.88,43.15
836,62.12,67.33,42.52
777,61.63,66.51,43.14
825,60.82,67.71,41.89
827,60.84,67.93,42.53
840,60.86,68.13,43.14
816,61.23,67.38,42.52
836,61.7,67.65,42.52
838,61.71,67.92,43.14
853,61.7,68.13,43.75
736,52.44,68.18,40.83
714,51.96,67.76,40.86
672,49.84,68.2,40.77
680,50.18,67.94,40.83
696,51.07,67.84,40.86
710,51.55,68.23,40.65
678,49.97,68.48,40.51
693,50.67,68.3,40.61
721,52.02,68.63,40.61
672,49.89,68.57,40.69
671,49.88,68.9,40.76
691,51.15,68.72,40.45
683,50.22,68.82,40.42
676,51.63,69.12,40.45
643,54.9,78.81,41.32
631,54.9,78.81,41.34
674,54.9,78.81,41.3
624,54.9,78.81,41.36
617,54.9,78.81,41.38
617,54.92,78.78,41.39
606,54.9,78.82,41.39
607,54.92,78.79,41.4
596,54.91,78.79,41.42
642,54.93,78.81,41.32
632,54.93,78.81,41.34
627,54.95,78.78,41.35
629,54.95,78.77,41.33
665,54.93,78.81,41.3
642,54.95,78.77,41.31
654,54.95,78.77,41.29
627,54.93,78.82,41.36
623,54.93,78.82,41.37
624,54.94,78.78,41.36
621,54.94,78.79,41.38
618,54.94,78.79,41.4
582,54.89,78.79,41.44
579,54.89,78.82,41.52
725,54.98,78.76,41.22
806,54.97,78.74,41.15
769,54.97,78.75,41.19
922,54.69,78.74,41.23
900,54.67,78.74,41.27
905,54.69,78.77,41.26
902,54.68,78.74,41.27
909,54.67,78.74,41.25
914,54.69,78.77,41.24
911,54.68,78.74,41.25
926,54.71,78.74,41.22
908,54.7,78.77,41.26
917,54.7,78.77,41.24
927,54.69,78.74,41.21
934,54.73,78.77,41.22
941,54.73,78.73,41.21
929,54.72,78.76,41.22
935,54.72,78.73,41.21
939,54.74,78.76,41.22
944,54.74,78.74,41.21
931,54.71,78.73,41.21
919,54.74,78.78,41.27
925,54.74,78.78,41.26
923,54.75,78.79,41.27
929,54.75,78.79,41.26
912,54.72,78.79,41.26
936,54.76,78.8,41.26
921,54.72,78.79,41.24
934,54.75,78.78,41.24
943,54.76,78.8,41.24
952,54.78,78.81,41.26
954,54.78,78.81,41.24
960,54.79,78.78,41.17
963,54.78,78.74,41.17
958,54.76,78.74,41.19
953,54.76,78.77,41.2
941,54.75,78.78,41.22
961,54.78,78.77,41.18
949,54.76,78.8,41.22
961,54.77,78.78,41.2
961,54.76,78.74,41.17
965,54.77,78.73,41.15
971,54.78,78.72,41.08
943,54.81,78.73,41.11
872,54.85,78.74,41.11
947,54.81,78.72,41.08
752,54.73,78.8,41.35
739,54.73,78.8,41.36
729,54.73,78.81,41.35
717,54.73,78.81,41.36
728,54.73,78.8,41.37
721,54.73,78.8,41.38
708,54.73,78.81,41.37
702,54.73,78.81,41.38
674,54.75,78.81,41.38
679,54.75,78.81,41.36
702,54.73,78.8,41.4
692,54.73,78.8,41.42
666,54.75,78.81,41.4
669,54.75,78.81,41.42
635,54.76,78.82,41.4
641,54.76,78.82,41.42
627,54.76,78.82,41.38
876,54.73,78.79,41.3
865,54.74,78.78,41.3
888,54.73,78.79,41.29
878,54.74,78.78,41.29
887,54.75,78.79,41.29
864,54.75,78.79,41.3
906,54.74,78.78,41.28
913,54.74,78.78,41.28
911,54.75,78.79,41.28
917,54.75,78.79,41.28
909,54.75,78.8,41.29
4672,54.75,78.8,41.3
49186,54.76,78.8,41.3
953,54.76,78.8,41.29
929,54.76,78.8,41.28
816,54.73,78.8,41.32
765,54.73,78.8,41.34
773,54.73,78.8,41.33
751,54.73,78.81,41.34
770,54.73,78.81,41.33
679,54.76,78.82,41.36
17598,54.75,78.81,41.34
57310,54.78,78.81,41.34
81111,54.75,78.81,41.32
184355,54.78,78.81,41.32
55479,54.78,78.81,41.3
940,54.78,78.81,41.28
686,54.73,78.81,41.43
704,54.72,78.78,41.44
667,54.75,78.81,41.44
664,54.75,78.82,41.45
682,54.74,78.79,41.47
697,54.72,78.79,41.46
646,54.76,78.82,41.44
653,54.77,78.79,41.48
648,54.76,78.83,41.45
619,54.78,78.84,41.44
598,54.81,78.83,41.44
595,54.82,78.83,41.45
585,54.83,78.83,41.45
621,54.79,78.82,41.45
625,54.78,78.84,41.46
638,54.78,78.8,41.48
611,54.81,78.79,41.47
592,54.83,78.8,41.48
644,54.78,78.8,41.5
603,54.84,78.82,41.53
582,54.86,78.81,41.49
812,54.69,78.77,41.35
804,54.69,78.77,41.36
813,54.68,78.75,41.36
795,54.68,78.76,41.38
805,54.7,78.77,41.35
795,54.7,78.78,41.35
792,54.7,78.77,41.36
782,54.7,78.78,41.36
779,54.7,78.78,41.37
770,54.7,78.78,41.37
761,54.7,78.78,41.38
770,54.7,78.78,41.38
779,54.69,78.76,41.39
783,54.71,78.79,41.35
770,54.71,78.79,41.36
768,54.72,78.79,41.35
756,54.72,78.79,41.36
759,54.71,78.79,41.37
750,54.71,78.79,41.38
746,54.72,78.79,41.37
739,54.72,78.79,41.38
752,54.71,78.78,41.39
761,54.69,78.76,41.4
733,54.72,78.79,41.4
748,54.7,78.77,41.42
721,54.72,78.79,41.41
737,54.71,78.77,41.42
874,54.67,78.75,41.3
869,54.69,78.77,41.3
870,54.68,78.76,41.3
879,54.69,78.77,41.29
879,54.68,78.76,41.29
874,54.68,78.74,41.3
887,54.67,78.74,41.29
892,54.69,78.77,41.28
890,54.68,78.74,41.28
861,54.66,78.75,41.32
849,54.69,78.77,41.32
859,54.69,78.77,41.31
861,54.68,78.77,41.31
856,54.67,78.75,41.32
836,54.67,78.75,41.34
836,54.69,78.77,41.33
824,54.69,78.77,41.34
867,54.7,78.77,41.3
865,54.7,78.78,41.3
877,54.7,78.77,41.29
877,54.7,78.78,41.29
894,54.7,78.77,41.28
866,54.71,78.79,41.3
879,54.71,78.79,41.29
871,54.72,78.79,41.3
884,54.72,78.79,41.29
896,54.72,78.79,41.28
844,54.7,78.77,41.32
839,54.7,78.78,41.32
856,54.7,78.77,41.31
853,54.7,78.78,41.31
831,54.7,78.77,41.33
818,54.7,78.77,41.34
824,54.7,78.78,41.33
809,54.7,78.78,41.34
835,54.71,78.79,41.32
851,54.71,78.79,41.31
832,54.72,78.79,41.32
852,54.72,78.79,41.31
817,54.71,78.79,41.33
800,54.71,78.79,41.34
787,54.72,78.79,41.34
807,54.72,78.79,41.33
727,54.71,78.78,41.44
865,54.94,78.81,41.17
957,54.78,78.81,41.22
959,54.79,78.79,41.2
848,54.87,78.79,41.2
859,54.86,78.75,41.18
947,54.8,78.78,41.18
891,54.83,78.78,41.18
909,54.82,78.79,41.2
860,54.84,78.79,41.2
868,54.83,78.8,41.22
857,54.86,78.8,41.2
892,54.83,78.78,41.16
944,54.8,78.81,41.2
952,54.8,78.78,41.16
945,54.81,78.74,41.14
909,54.83,78.79,41.14
868,54.85,78.75,41.15
841,54.9,78.76,41.18
698,54.94,78.77,41.26
729,54.91,78.8,41.26
744,54.89,78.8,41.26
758,54.91,78.8,41.24
786,54.89,78.8,41.24
694,54.93,78.81,41.28
713,54.9,78.81,41.28
780,54.87,78.81,41.26
817,54.85,78.82,41.26
817,54.87,78.81,41.24
848,54.85,78.82,41.24
759,54.94,78.76,41.22
816,54.91,78.81,41.21
850,54.89,78.8,41.2
813,54.9,78.76,41.21
792,54.91,78.8,41.22
823,54.89,78.8,41.22
847,54.87,78.81,41.22
867,54.85,78.82,41.22
867,54.87,78.81,41.2
957,54.79,78.82,41.22
898,54.82,78.82,41.22
945,54.79,78.82,41.26
856,54.82,78.82,41.26
953,54.79,78.82,41.24
880,54.82,78.82,41.24
881,54.94,78.81,41.14
848,54.92,78.75,41.15
897,54.9,78.8,41.13
866,54.86,78.72,41.09
860,54.89,78.74,41.12
834,54.97,78.73,41.12
583,54.83,78.83,41.4
591,54.86,78.83,41.4
601,54.89,78.83,41.4
581,54.83,78.83,41.42
590,54.91,78.79,41.43
583,54.86,78.83,41.42
591,54.89,78.83,41.42
626,54.89,78.83,41.36
591,54.83,78.83,41.38
605,54.86,78.83,41.38
615,54.89,78.83,41.38
580,54.86,78.83,41.43
578,54.88,78.8,41.45
579,54.86,78.84,41.45
578,54.88,78.8,41.46
587,54.82,78.85,41.44
581,54.85,78.84,41.44
581,54.85,78.84,41.46
612,54.78,78.84,41.42
591,54.81,78.83,41.42
606,54.78,78.84,41.4
586,54.81,78.83,41.4
597,54.78,78.84,41.38
584,54.81,78.83,41.38
608,54.83,78.83,41.36
620,54.86,78.83,41.36
628,54.85,78.82,41.34
630,54.87,78.81,41.34
652,54.85,78.82,41.32
648,54.87,78.81,41.32
637,54.89,78.83,41.34
658,54.89,78.83,41.32
708,54.85,78.82,41.3
688,54.87,78.81,41.3
769,54.85,78.82,41.28
735,54.87,78.81,41.28
699,54.89,78.83,41.3
744,54.89,78.83,41.28
666,54.78,78.84,41.36
16759,54.79,78.82,41.34
588,54.81,78.83,41.36
613,54.82,78.82,41.34
77402,54.79,78.82,41.32
654,54.82,78.82,41.32
32715,54.79,78.82,41.3
728,54.82,78.82,41.3
913,54.79,78.82,41.28
824,54.82,78.82,41.28
862,55.02,78.65,40.86
849,55.08,78.68,40.95
1643,66.03,77.19,40.46
1458,66.1,76.29,41.06
1327,65.68,75.37,41.27
1381,65.9,75.88,41.19
1309,65.05,75.48,41.27
1367,64.17,75.56,41.27
1469,63.65,75.61,41.02
1453,63.7,76.04,41.3
1466,63.67,76.46,41.57
1517,63.43,76.57,41.09
1426,64.15,75.56,40.79
1509,63.53,75.64,40.71
1528,63.42,76.06,40.82
1553,63.24,76.54,40.68
1565,66.1,76.77,40.58
1468,65.9,76.29,40.76
1395,65.5,75.89,40.87
1402,64.63,75.95,40.84
1530,63.75,76.05,40.53
1490,65.82,76.3,40.65
1501,64.26,76.44,40.59
1464,65.17,76.36,40.65
1585,63.34,76.53,40.42
1603,63.8,76.91,40.43
1595,64.76,76.84,40.45
1602,65.77,76.77,40.46
1538,66.1,77.18,41.09
1652,66.1,77.7,40.57
1543,65.9,77.18,40.76
1422,66.1,76.29,41.79
1288,65.68,75.37,41.89
1334,65.9,75.88,41.86
1259,65.05,75.48,41.9
1316,64.3,75.59,41.85
1240,64.27,74.67,42.62
1240,64.07,74.67,43.13
758,55.44,78.51,40.44
1309,64.22,75.62,42.3
1381,63.99,76.03,41.81
1384,64.04,75.98,42.36
1421,63.88,76.44,42
1347,64.07,75.97,42.65
1233,65.05,75.48,42.52
1276,64.42,75.59,42.27
1268,64.27,75.57,42.61
1269,64.07,75.56,43.14
1226,64.62,75.08,42.52
1200,64.27,75.08,43.14
1164,64.07,75.08,43.73
1271,65.5,75.89,42.52
1342,65.9,76.29,42.51
1463,66.1,76.77,42.48
1498,66.1,77.18,41.82
1257,65.5,75.89,43.15
1311,65.9,75.88,43.77
1339,65.9,76.29,43.14
1395,66.1,75.88,44.39
1432,66.1,76.29,43.77
1470,66.1,76.77,43.13
780,57.45,69.94,40.79
775,56.78,70.01,40.67
782,57.11,70.42,40.52
774,56.66,70.9,40.42
775,56.75,70.45,40.85
771,56.58,70.9,40.67
799,59.24,69.78,40.77
802,59.64,69.53,40.59
797,59.65,70.21,40.49
789,59.76,71.05,40.41
793,59.76,70.2,40.7
785,59.84,71.03,40.68
784,57.1,71.3,40.42
771,56.65,71.3,40.84
771,56.78,70.88,41.11
794,58.91,71.14,40.43
794,59.29,70.66,40.53
770,59.5,70.22,41.16
721,59.51,70.68,41.37
713,65.9,71,44.39
729,65.51,71.01,43.77
848,65.14,71.48,43.15
1042,64.76,71.96,42.52
1131,64.47,72.43,42.29
676,66.1,71.96,45.02
687,65.9,71.41,45.02
1164,66.1,72.76,45.02
1249,66.1,73.64,45.02
1288,66.1,74.52,45.02
1344,66.1,75.33,45.02
692,65.71,71.42,44.4
666,65.9,71.96,44.39
722,65.56,71.87,43.77
1203,64.23,73.28,42.32
1209,64.45,73.32,41.88
1142,64.82,72.84,42.52
977,65.26,72.36,43.15
977,65.9,72.76,44.39
1217,65.9,73.64,44.39
1222,65.9,74.52,44.4
1263,65.9,75.33,44.39
995,65.6,72.77,43.77
1203,65.63,73.65,43.77
1211,65.66,74.53,43.77
1244,65.68,75.36,43.77
1252,64.4,74.66,42.28
1251,64.22,74.08,42.31
1243,64.5,74.2,41.89
1266,64.22,73.79,41.8
1180,65.31,73.24,43.15
1184,64.88,73.72,42.52
1204,65.36,74.12,43.15
1224,65.41,75.01,43.15
1210,64.97,74.6,42.52
1109,64.27,72.44,42.62
996,64.27,71.63,43.14
873,64.27,71.09,43.77
1060,64.07,72.45,43.13
971,64.07,71.63,43.73
1165,64.27,73.3,42.62
1219,64.27,74.13,42.62
1130,64.07,73.33,43.13
1205,64.07,74.14,43.13
1213,66.1,73.64,45.65
894,63.76,71.21,44.46
815,63.75,70.25,44.47
845,64.44,69.78,43.81
824,64.06,69.81,44.39
809,63.62,69.78,44.64
926,63.92,71.54,44.24
963,64.49,71.59,43.14
813,64.69,71.08,43.78
824,64.22,71.1,44.17
761,62.04,66.31,43.77
792,62.93,66.31,43.77
778,62.52,66.31,43.77
565,46.99,66.31,43.14
564,47.4,66.31,43.14
546,47.95,66.31,43.14
789,44.65,66.31,45.02
670,45.55,66.31,44.39
611,46.09,66.31,43.77
577,46.5,66.31,43.14
528,48.75,66.31,43.14
520,49.63,66.31,43.14
539,50.52,66.31,42.5
544,51.31,66.31,42.5
574,53.69,66.31,42.5
557,52.28,66.31,42.5
568,53.17,66.31,42.5
563,52.76,66.31,42.5
595,55.39,66.31,42.5
546,54.51,66.31,43.14
752,58.05,66.31,40.57
731,58.57,66.31,41.11
719,59.4,66.31,41.85
729,60.28,66.31,42.51
742,61.09,66.31,43.14
746,61.63,66.31,43.77
661,57.16,66.31,41.84
711,57.65,66.31,41.11
652,56.75,66.31,41.84
609,56.2,66.31,42.5
797,63.48,66.31,44.39
809,64.32,66.31,45.02
834,65.33,66.31,45.65
845,65.98,66.31,46.29
686,66.1,67.77,46.28
702,66.1,68.73,45.65
725,66.1,70.52,45.02
710,66.1,71,45.02
734,66.1,70.11,45.02
715,66.1,69.58,45.65
778,66.1,71.96,45.65
1196,66.1,72.76,45.65
678,66.1,71.41,45.65
826,63.38,66.83,43.77
841,63.88,67.13,43.77
833,64.29,66.8,44.39
845,62.6,67.62,43.15
846,62.51,67.93,43.76
857,62.45,68.15,44.32
829,63,67.23,43.77
855,63.07,67.78,43.15
851,63.11,67.98,43.79
849,63.31,68.46,44.73
857,63.05,68.24,44.31
845,63.47,67.61,43.77
836,65.17,66.77,45.65
837,64.75,67.05,45
812,66.1,66.79,46.93
805,65.9,66.94,46.28
828,65.58,67,45.64
834,65.39,67.29,45.02
838,64.83,67.96,44.4
842,63.78,68.55,44.56
844,63.37,68.7,44.84
848,63.67,68.25,44.32
850,64,67.95,43.78
845,63.85,68.42,44.41
845,64.36,67.56,44.4
849,64.36,68.88,43.94
846,63.98,68.93,44.38
851,63.55,69.07,44.7
832,64.44,68.44,44.4
803,63.46,69.45,44.87
812,65.32,68.36,45.02
804,65.61,67.9,45.65
772,65.9,67.84,46.28
748,65.9,68.75,45.65
783,65.64,68.77,45.02
811,64.91,68.84,45.02
794,64.53,69.32,44.41
783,65.37,69.24,45.02
759,64.99,69.72,44.4
834,64.47,70.67,43.79
805,64.07,70.68,44.37
836,63.63,70.69,44.63
765,64.6,70.2,44.41
739,65.45,70.12,44.4
742,65.9,70.11,45.02
762,65.66,69.62,45.02
741,65.9,69.58,45.65
729,65.07,70.6,44.4
727,65.69,70.53,44.4
726,65.9,70.52,45.02
675,65.9,71.41,45.65
778,62.04,66.51,43.77
805,62.93,66.51,43.77
794,62.52,66.51,43.77
809,63.47,66.51,44.4
816,64.29,66.51,45.02
832,65.22,66.51,45.65
832,65.8,66.51,46.28
748,56.88,68.3,41.2
756,57.07,68.61,41.15
761,57.29,68.2,40.82
737,57.07,68.51,41.58
727,57.09,68.6,41.94
740,56.93,68.38,41.57
723,56.93,68.42,42
758,60.29,66.76,42.52
768,59.41,66.79,41.27
776,59.88,67.07,41.9
778,58.19,68.1,40.87
787,58.69,68.5,41.28
771,58.93,68.9,41.75
767,59.07,68.64,42.04
744,59.12,68.77,42.36
722,59.08,68.79,42.64
817,60.05,68.17,43.14
778,58.6,67.62,40.87
803,59.22,68.42,41.83
795,58.98,68.16,41.25
809,59.99,68.01,42.53
808,59.42,68.38,42.56
798,59.35,68.28,42
804,59.51,68.09,41.75
795,59.16,67.92,41.3
756,58.12,67.22,40.87
758,57.71,67.7,40.87
775,57.77,68.59,40.84
715,57.22,68.78,42.09
689,57.24,68.53,42.33
690,57.38,69.12,42.35
755,57.4,69.06,41.25
717,57.38,69.1,41.91
675,57.41,69.12,42.57
772,61.12,66.74,43.15
773,60.76,67.02,43.15
793,60.35,67.44,42.52
770,58.27,68.98,41.27
759,57.86,69.46,41.27
706,57.47,69.49,42.05
693,57.39,69.5,42.35
669,57.42,69.48,42.64
622,43.53,68.03,43.77
620,43.72,68.04,43.14
467,43.62,68.96,41.22
1261,43.7,69.83,40.79
81,43.62,68.92,42.13
503,43.68,68.47,42.59
660,43.53,68.45,43.18
1161,43.52,69.92,41.16
1312,43.53,70.7,40.63
113,43.5,69.54,41.74
779,43.5,69.41,42.26
1094,43.51,69.82,41.56
672,43.52,68.98,42.6
717,56.35,67.37,41.27
760,61.09,66.51,43.14
746,60.28,66.51,42.52
794,59.94,67.77,42.52
735,59.4,66.51,41.88
780,59.48,67.55,41.9
713,57.64,66.51,41.21
736,58.57,66.51,41.21
765,58.99,67.12,41.27
744,58.05,66.51,40.76
752,58.06,66.56,40.65
737,57.64,66.87,40.87
757,58.51,66.83,40.87
704,56.76,66.92,41.27
658,56.75,66.51,41.88
722,57.23,67.29,41.27
667,57.16,66.51,41.87
706,57.17,66.71,41.27
733,56.83,67.78,41.27
716,56.7,68.13,42.03
696,56.58,68.22,42.55
733,55.96,67.8,41.25
721,56.47,67.97,41.74
725,55.89,67.99,41.92
720,55.89,68.14,42.54
662,55.88,67,41.9
655,56.24,66.73,41.89
614,56.2,66.51,42.51
603,55.39,66.51,42.51
647,55.41,66.76,41.9
716,54.59,67.51,41.26
720,54.62,67.94,42
730,54.62,68.13,42.53
664,54.99,67.06,41.9
730,55.08,67.79,41.25
724,55.09,67.95,41.89
729,55.13,68.13,42.53
688,55.47,67.43,41.89
729,54.23,68.13,42.53
727,54.19,67.82,41.24
724,54.24,67.96,41.87
665,54.11,67.11,41.9
587,53.69,66.51,42.51
644,53.62,66.82,41.9
551,54.51,66.51,43.14
608,54.53,66.78,42.52
725,53.26,67.97,41.24
692,53.71,67.58,41.89
711,52.83,67.69,41.28
664,53.23,67.2,41.9
687,51.07,67.83,41.27
674,51.88,66.91,41.27
683,51.47,67.36,41.27
705,51.95,67.76,41.27
692,52.35,67.28,41.27
608,51.87,66.51,41.88
551,51.87,66.31,42.5
640,52.76,66.86,41.9
625,52.29,66.7,41.9
633,53.18,66.68,41.9
568,52.28,66.51,42.51
582,53.17,66.51,42.51
577,52.77,66.51,42.51
631,50.59,67.43,41.9
604,50.11,67.04,41.9
616,51,66.99,41.9
595,50.53,66.75,41.9
610,51.35,66.73,41.89
543,50.52,66.51,42.51
551,51.31,66.51,42.52
630,49.33,68.15,42.54
656,49.32,67.87,41.23
643,49.35,68,41.91
630,49.71,67.5,41.89
521,49.63,66.51,43.14
552,49.65,66.78,42.52
629,48.83,67.55,41.89
618,48.82,67.93,42.53
605,48.81,68.13,43.14
574,49.23,67.1,42.52
616,48.35,67.15,41.9
567,48.77,66.8,42.52
530,48.75,66.51,43.14
610,48.42,68.13,43.14
622,48.42,67.92,42.53
634,48.41,67.77,41.86
679,47.06,67.68,41.88
635,47.1,67.95,42.53
614,47.13,68.14,43.14
710,46.59,67.37,42.52
629,47.95,67.61,41.89
626,47.88,67.93,42.53
618,47.88,68.13,43.14
617,47,66.9,42.52
578,46.99,66.51,43.14
657,45.61,66.75,43.77
666,46.11,66.95,43.15
640,46.52,66.72,42.52
614,45.57,66.51,44.39
592,46.1,66.51,43.77
588,46.51,66.51,43.14
590,47.86,66.85,42.52
549,47.95,66.51,43.14
612,47.47,67.3,42.52
595,47.41,66.7,42.52
569,47.4,66.51,43.14
646,50.21,67.84,41.88
675,50.15,68.42,41.02
680,50.68,68.32,41.26
734,52.89,68.25,41.15
743,52.87,68.65,41.22
702,51.55,68.24,41.27
727,52.37,68.27,41.26
735,53.4,68.19,41.27
719,53.77,67.98,41.92
720,52.54,68.02,41.3
736,52.99,68.35,41.26
696,53.75,67.94,42.53
736,52.72,68.48,41.54
703,53.77,68.13,43.14
788,52.87,69.13,41.4
738,52.98,68.47,41.54
734,53.37,68.27,41.91
721,53.35,68.2,42.5
731,52.71,68.6,41.91
621,50.04,68.07,42.53
655,50.44,68.3,41.95
664,50.59,68.55,41.9
672,50.26,68.83,41.26
600,49.96,68.23,43.14
631,50.41,68.42,42.55
648,50.58,68.59,42.36
660,50.54,68.89,42.08
672,50.07,69.29,41.05
668,50.31,69.28,41.56
769,52.85,68.59,40.75
755,52.5,69.04,40.54
823,53.17,68.98,40.48
733,52.13,69.53,40.44
844,53.05,69.5,40.42
836,53.16,68.99,40.64
860,53.2,69.54,40.68
1291,43.88,70.68,40.65
1335,44.13,71.09,40.46
1205,46.1,70.95,40.42
1138,46.33,70.45,40.49
1087,46.41,70.44,40.71
1049,46.33,70.41,41.03
1091,46.45,71,40.78
1259,45.54,70.54,40.44
1182,45.93,70.06,40.52
1098,46.22,69.59,40.72
1034,46.16,69.6,41.16
1025,46.17,70.11,41.35
1274,43.72,70.25,40.73
1231,43.92,69.81,40.88
1276,44.14,70.21,40.65
1317,44.62,70.62,40.46
825,43.83,66.31,45.65
832,43.53,66.66,45.02
803,43.99,66.51,45.02
731,44.71,66.51,45.02
813,46.16,67.76,42.52
862,45.86,68.26,42.53
763,45.98,68.39,43.13
723,43.53,67.46,44.4
799,43.73,66.8,44.39
771,44.01,66.8,44.4
719,44.77,66.77,44.4
1058,45.39,68.78,41.27
961,45.71,68.87,42.01
916,45.76,68.95,42.35
955,45.71,68.23,41.85
919,45.66,68.46,42.33
962,44.91,68.39,41.89
767,44.43,67.97,42.52
708,44.04,67.58,43.14
684,43.73,67.5,43.77
735,44.33,67.09,43.77
704,45.23,67.03,43.77
763,44.83,67.49,43.15
753,45.71,67.42,43.15
858,45.31,67.89,42.52
698,46.36,68.04,43.14
625,46.46,68.23,43.72
1243,45.05,70.14,40.62
1161,45.48,69.65,40.8
1053,45.8,69.17,41.22
989,45.8,69.22,41.78
966,45.85,69.69,42.02
880,45.61,68.44,42.64
893,45.72,68.96,42.64
811,45.79,68.56,43.13
128,43.81,68.89,41.94
77,43.55,68.93,41.75
207,43.89,69.05,41.99
1113,44.11,69.33,41.28
1196,44.6,69.74,40.86
1088,44.98,69.25,41.27
920,45.66,69.3,42.56
936,45.69,69.3,42.37
654,43.88,68.03,43.12
912,44.51,68.86,41.89
616,44.06,68.45,42.51
795,58.02,71.21,40.45
788,57.56,70.82,40.59
771,56.94,69.99,41.01
768,57.03,70.42,41.31
768,57.01,70.82,41.56
758,57.12,70.41,41.76
791,58.41,70.74,40.63
790,58.85,70.26,40.81
772,59.14,69.8,41.2
684,59.18,70.25,42.05
700,59.09,69.85,41.81
697,59.01,69.45,42.64
784,57.92,70.33,40.83
723,57.3,70.37,42.17
699,57.39,69.96,42.35
723,57.4,69.95,41.91
761,57.48,69.94,41.26
765,58.35,69.86,41.27
715,58.68,69.38,41.87
691,59,69.86,42.56
687,58.85,69.42,42.31
688,59.02,69.86,42.37
796,61.64,66.93,43.15
787,62.05,66.71,43.77
811,62.94,66.69,43.77
807,62.52,66.88,43.77
825,62.12,67.33,43.15
764,61.63,66.51,43.77
817,60.81,67.69,42.52
819,60.84,67.93,43.14
826,60.86,68.13,43.75
805,61.23,67.38,43.15
827,61.7,67.65,43.15
834,61.7,67.92,43.76
845,61.7,68.13,44.33
718,52.05,68.65,40.83
707,51.55,68.24,40.86
677,50.05,68.45,40.71
689,50.65,68.33,40.83
689,51.16,68.71,40.63
684,50.27,68.79,40.53
673,51.62,69.11,40.62
675,49.97,68.85,40.78
670,49.87,69.34,40.66
676,49.92,69.32,40.42
675,50.75,69.2,40.43
625,51.23,69.6,40.45
587,54.87,78.82,41.54
653,54.92,78.82,41.32
636,54.92,78.82,41.34
685,54.92,78.82,41.3
628,54.92,78.82,41.36
621,54.92,78.82,41.38
612,54.91,78.83,41.4
611,54.93,78.79,41.41
602,54.92,78.83,41.41
600,54.93,78.8,41.42
649,54.94,78.82,41.32
637,54.94,78.82,41.34
628,54.98,78.78,41.34
627,55,78.78,41.35
674,54.94,78.82,41.3
662,54.95,78.81,41.3
701,54.94,78.82,41.28
681,54.95,78.81,41.28
644,54.98,78.78,41.3
626,55.02,78.78,41.33
638,55.02,78.77,41.3
630,54.94,78.82,41.36
625,54.94,78.83,41.38
624,54.97,78.79,41.38
620,54.94,78.83,41.39
618,54.96,78.8,41.41
625,55,78.79,41.38
619,55,78.79,41.42
578,54.89,78.82,41.49
577,54.92,78.82,41.5
586,54.89,78.83,41.43
585,54.91,78.8,41.45
581,54.94,78.81,41.49
586,54.89,78.88,41.52
574,54.92,78.82,41.54
611,54.99,78.8,41.45
679,54.98,78.77,41.26
806,54.99,78.82,41.21
687,55.02,78.76,41.23
663,55.02,78.77,41.26
869,54.97,78.81,41.14
786,55,78.74,41.15
838,54.98,78.81,41.17
728,55.02,78.75,41.19
759,55.02,78.74,41.16
812,55.01,78.73,41.12
813,55.24,78.65,40.85
769,55.35,78.65,40.85
850,55.13,78.63,40.78
855,55.08,78.66,40.88
825,55.19,78.66,40.87
916,54.67,78.74,41.23
921,54.69,78.77,41.22
918,54.68,78.74,41.23
898,54.65,78.75,41.27
900,54.66,78.77,41.26
901,54.68,78.78,41.26
907,54.65,78.74,41.25
909,54.66,78.77,41.24
911,54.68,78.78,41.24
925,54.7,78.77,41.22
929,54.72,78.79,41.22
902,54.69,78.79,41.26
913,54.69,78.79,41.24
925,54.68,78.74,41.21
922,54.67,78.74,41.21
927,54.69,78.77,41.2
933,54.69,78.73,41.19
940,54.73,78.77,41.2
935,54.72,78.77,41.2
943,54.74,78.77,41.2
942,54.72,78.73,41.18
932,54.7,78.77,41.2
936,54.72,78.79,41.2
950,54.72,78.73,41.15
960,54.72,78.71,41.08
936,54.73,78.8,41.22
943,54.75,78.81,41.22
906,54.71,78.8,41.26
917,54.73,78.8,41.26
929,54.75,78.81,41.26
917,54.71,78.8,41.24
928,54.73,78.8,41.24
936,54.75,78.81,41.24
953,54.76,78.82,41.22
942,54.76,78.82,41.26
948,54.76,78.82,41.24
967,54.77,78.73,41.11
947,54.67,78.72,41.11
956,54.72,78.73,41.11
958,54.76,78.77,41.18
946,54.75,78.78,41.2
963,54.77,78.78,41.18
953,54.76,78.8,41.2
963,54.76,78.77,41.16
965,54.77,78.78,41.16
943,54.73,78.8,41.2
949,54.75,78.81,41.2
966,54.77,78.78,41.13
977,54.78,78.78,41.06
969,54.76,78.72,41.08
952,54.81,78.7,41.05
963,54.72,78.69,41.05
958,54.81,78.78,41.09
924,54.85,78.79,41.09
873,54.84,78.72,41.07
971,54.81,78.77,41.06
740,54.72,78.81,41.36
720,54.72,78.81,41.38
675,54.74,78.83,41.38
695,54.74,78.83,41.36
710,54.72,78.81,41.4
702,54.72,78.81,41.42
667,54.74,78.83,41.4
667,54.74,78.83,41.42
633,54.75,78.84,41.4
636,54.75,78.84,41.42
627,54.75,78.84,41.38
859,54.73,78.8,41.3
906,54.73,78.8,41.28
23992,54.75,78.81,41.3
909,54.75,78.81,41.28
819,54.72,78.81,41.32
764,54.72,78.81,41.34
717,54.75,78.84,41.36
1953,54.74,78.83,41.34
40805,54.76,78.82,41.34
27434,54.74,78.83,41.32
164477,54.76,78.82,41.32
78531,54.76,78.82,41.3
8663,54.76,78.82,41.28
694,54.72,78.81,41.43
669,54.74,78.83,41.44
678,54.74,78.79,41.48
669,54.74,78.83,41.45
687,54.72,78.82,41.45
709,54.71,78.79,41.47
642,54.75,78.84,41.44
662,54.75,78.8,41.5
647,54.76,78.83,41.47
665,54.75,78.8,41.49
648,54.75,78.84,41.46
620,54.81,78.82,41.52
620,54.82,78.82,41.55
584,54.84,78.87,41.53
639,54.78,78.83,41.57
626,54.81,78.82,41.58
616,54.77,78.85,41.44
598,54.79,78.85,41.44
603,54.81,78.83,41.46
592,54.82,78.85,41.46
589,54.83,78.84,41.47
634,54.78,78.84,41.49
630,54.78,78.84,41.47
622,54.77,78.85,41.46
603,54.79,78.85,41.46
653,54.77,78.81,41.5
616,54.81,78.81,41.49
594,54.84,78.81,41.5
582,54.86,78.86,41.47
828,54.65,78.76,41.36
813,54.68,78.78,41.36
818,54.66,78.76,41.37
796,54.68,78.78,41.37
802,54.66,78.76,41.38
798,54.69,78.79,41.36
776,54.69,78.79,41.38
774,54.71,78.8,41.36
754,54.71,78.8,41.38
786,54.67,78.77,41.4
758,54.69,78.79,41.4
772,54.68,78.77,41.41
742,54.71,78.8,41.4
747,54.69,78.8,41.41
758,54.68,78.77,41.42
733,54.71,78.8,41.42
873,54.66,78.77,41.3
873,54.65,78.75,41.3
872,54.68,78.78,41.3
886,54.65,78.75,41.29
887,54.66,78.77,41.28
888,54.68,78.78,41.28
861,54.66,78.77,41.31
859,54.65,78.75,41.32
843,54.65,78.75,41.34
855,54.68,78.78,41.32
834,54.68,78.78,41.34
868,54.69,78.79,41.3
887,54.69,78.79,41.28
871,54.71,78.8,41.3
892,54.71,78.8,41.28
847,54.69,78.79,41.32
822,54.69,78.79,41.34
840,54.71,78.8,41.32
805,54.71,78.8,41.34
747,54.68,78.78,41.44
722,54.71,78.81,41.43
738,54.7,78.78,41.44
730,54.7,78.79,41.46
870,54.94,78.82,41.17
957,54.76,78.82,41.2
960,54.79,78.79,41.18
959,54.78,78.81,41.2
962,54.79,78.79,41.16
949,54.8,78.81,41.18
956,54.8,78.81,41.16
921,54.82,78.79,41.18
866,54.85,78.8,41.17
883,54.83,78.8,41.2
880,54.85,78.82,41.2
932,54.82,78.79,41.16
960,54.79,78.82,41.2
915,54.82,78.82,41.2
960,54.8,78.8,41.13
883,54.85,78.8,41.13
885,54.89,78.82,41.17
852,54.83,78.83,41.26
876,54.83,78.83,41.24
749,54.94,78.82,41.25
754,54.9,78.81,41.26
786,54.9,78.81,41.24
722,54.92,78.82,41.28
786,54.89,78.83,41.26
818,54.86,78.83,41.26
820,54.89,78.83,41.24
851,54.86,78.83,41.24
891,54.83,78.83,41.22
906,54.83,78.83,41.2
815,54.94,78.82,41.21
820,54.9,78.81,41.22
848,54.9,78.81,41.2
851,54.89,78.83,41.22
875,54.86,78.83,41.22
871,54.89,78.83,41.2
890,54.86,78.83,41.2
962,54.78,78.84,41.2
961,54.78,78.84,41.22
941,54.81,78.83,41.22
964,54.78,78.84,41.26
905,54.81,78.83,41.26
957,54.78,78.84,41.24
925,54.81,78.83,41.24
890,54.94,78.83,41.14
892,54.93,78.8,41.13
849,54.93,78.73,41.12
910,54.89,78.82,41.13
926,54.85,78.78,41.07
905,54.89,78.79,41.1
859,54.89,78.72,41.08
847,54.97,78.72,41.09
892,54.97,78.8,41.1
875,54.85,78.71,41.05
832,55.01,78.72,41.09
585,54.82,78.85,41.4
592,54.85,78.84,41.4
602,54.88,78.84,41.4
611,54.9,78.84,41.4
585,54.82,78.85,41.42
585,54.85,78.84,41.42
592,54.88,78.84,41.42
599,54.9,78.84,41.42
628,54.88,78.84,41.36
631,54.9,78.84,41.36
592,54.82,78.85,41.38
604,54.85,78.84,41.38
615,54.88,78.84,41.38
622,54.9,78.84,41.38
589,54.81,78.86,41.44
593,54.81,78.86,41.46
586,54.88,78.84,41.44
581,54.87,78.85,41.45
578,54.9,78.81,41.47
585,54.84,78.86,41.44
588,54.86,78.86,41.44
584,54.84,78.86,41.46
583,54.86,78.86,41.46
609,54.77,78.85,41.42
594,54.79,78.85,41.42
607,54.77,78.85,41.4
590,54.79,78.85,41.4
592,54.77,78.85,41.38
588,54.79,78.85,41.38
645,54.9,78.84,41.34
669,54.9,78.84,41.32
599,54.82,78.85,41.36
621,54.85,78.84,41.36
626,54.83,78.83,41.34
635,54.86,78.83,41.34
660,54.83,78.83,41.32
663,54.86,78.83,41.32
644,54.88,78.84,41.34
674,54.88,78.84,41.32
709,54.9,78.84,41.3
750,54.9,78.84,41.28
739,54.83,78.83,41.3
716,54.86,78.83,41.3
811,54.83,78.83,41.28
773,54.86,78.83,41.28
726,54.88,78.84,41.3
778,54.88,78.84,41.28
629,54.77,78.85,41.36
24015,54.78,78.84,41.34
590,54.79,78.85,41.36
625,54.81,78.83,41.34
134017,54.78,78.84,41.32
11829,54.81,78.83,41.32
81918,54.78,78.84,41.3
3716,54.81,78.83,41.3
14804,54.78,78.84,41.28
836,54.81,78.83,41.28
854,54.96,78.62,40.77
859,54.86,78.62,40.78
969,54.73,78.69,41.02
952,54.81,78.69,41.01
881,54.85,78.7,41.01
855,54.91,78.65,40.87
854,54.92,78.63,40.8
821,55.23,78.54,40.53
859,55.02,78.63,40.79
849,55.13,78.61,40.71
859,54.97,78.68,40.95
861,54.97,78.66,40.89
926,55.02,78.74,40.84
802,55.35,78.57,40.59
854,55.03,78.69,40.97
826,55.14,78.68,40.96
918,55.08,78.77,40.92
891,55.34,78.64,40.41
809,55.23,78.51,40.44
782,55.24,78.68,40.96
763,55.3,78.67,40.94
1565,65.85,77.19,40.65
1673,65.82,77.64,40.46
1792,66.1,79.38,40.59
1730,66.1,78.52,40.58
1498,66.1,76.78,41.08
1405,65.9,76.29,41.19
1338,65.5,75.89,41.27
1330,64.65,75.96,41.27
1426,63.89,76.04,41.18
1422,63.84,76.46,41.52
1496,63.56,76.57,41.08
1482,63.58,76.89,41.4
1560,63.24,77.32,40.69
1486,63.78,76.04,40.77
1544,63.37,76.55,40.73
1430,65.71,76.3,40.87
1508,65.9,76.77,40.76
1447,64.22,76.44,40.81
1410,65.12,76.36,40.87
1568,63.44,76.54,40.51
1551,63.85,76.92,40.54
1490,64.74,76.84,40.64
1515,65.63,76.77,40.65
1600,63.39,77.35,40.42
1625,64.33,77.32,40.44
1630,65.31,77.24,40.46
1590,66.1,77.7,41.09
1474,65.9,77.18,41.2
1498,65.73,77.19,40.87
1595,65.9,77.7,40.76
1460,66.1,76.77,41.81
1356,65.9,76.29,41.86
1290,65.5,75.89,41.9
1277,64.66,75.96,41.89
1358,64.12,76.02,41.73
1221,64.44,74.66,42.61
1188,64.27,74.67,43.14
1155,64.07,74.67,43.73
712,55.41,78.67,40.94
768,55.44,78.55,40.53
775,55.44,78.59,40.46
776,55.44,78.54,40.41
724,55.56,78.51,40.44
694,55.65,78.51,40.44
667,55.66,78.53,40.41
1572,63.14,77.83,40.5
1576,63.2,77.83,40.41
1303,64.24,75.98,42.32
1363,64.06,76.45,41.95
1386,64.03,76.43,42.33
1444,63.81,76.95,41.85
1269,64.27,75.97,42.62
1266,64.07,75.97,43.14
1343,64.07,76.48,42.64
1276,66.1,74.52,45.65
1239,64.68,75.96,42.52
1207,65.05,75.48,43.15
1244,64.46,75.56,42.59
1208,64.27,75.56,43.14
1168,64.07,75.57,43.73
1187,64.63,75.08,43.15
1142,64.27,75.08,43.77
1108,63.99,75.09,44.14
1312,65.71,76.3,42.52
1254,65.13,76.36,42.52
1280,64.44,76.43,42.26
1375,65.9,76.77,42.51
1500,66.1,77.18,42.49
1419,65.9,77.18,41.87
1549,66.1,77.7,41.83
1240,65.5,75.89,43.77
1232,65.13,76.36,43.15
1304,65.71,76.3,43.15
1304,65.9,75.88,44.39
1338,65.9,76.29,43.77
1375,65.9,76.77,43.14
1337,66.1,75.33,45.64
1393,66.1,75.88,45.02
1434,66.1,76.29,44.39
1477,66.1,76.77,43.77
1507,66.1,77.18,43.13
1683,66.19,81.67,40.66
778,57.06,70.42,40.75
776,56.77,70.96,40.5
775,56.71,71.77,40.41
774,56.7,70.96,40.74
771,56.57,71.75,40.68
766,56.54,73.12,40.41
762,56.53,73.12,40.59
715,59.73,75.05,40.42
714,59.84,75.05,40.67
744,59.72,74.2,40.42
781,59.82,71.93,40.42
773,59.86,71.93,40.62
743,59.85,74.18,40.63
787,59.46,71.54,40.42
796,59.57,70.22,40.71
790,59.68,71.04,40.49
786,59.75,71.04,40.71
769,59.79,71.59,40.78
768,59.66,70.99,41.06
791,57.61,71.7,40.44
782,57.14,71.3,40.53
775,56.75,71.3,40.85
773,56.89,70.88,41.09
770,56.9,71.28,41.35
792,58.51,71.63,40.44
789,58.89,71.14,40.57
786,59.29,70.66,40.76
776,59.41,70.23,41.08
725,59.37,70.69,41.35
689,59.4,71.2,41.57
681,59.28,70.61,41.84
783,57.18,72.18,40.43
706,65.9,71,45.02
705,65.51,71.01,44.4
756,65.14,71.48,43.77
972,64.77,71.96,43.14
1107,64.52,72.43,42.6
678,65.71,71.42,45.02
682,65.9,71.96,45.02
1121,65.9,72.76,45.02
1168,65.9,73.64,45.02
1194,65.9,74.52,45.02
1246,65.9,75.33,45.02
667,65.56,71.87,44.4
861,65.26,72.36,43.77
1124,64.82,72.84,43.15
1165,64.54,73.32,42.51
1005,65.6,72.77,44.4
1157,65.63,73.65,44.4
1174,65.66,74.54,44.4
1221,65.68,75.37,44.39
1159,65.31,73.24,43.77
1175,65.36,74.12,43.77
1197,65.41,75.01,43.77
1167,64.87,73.72,43.15
1187,64.97,74.6,43.15
1203,64.57,74.2,42.51
1076,64.27,72.45,43.14
931,64.27,71.63,43.77
1053,64.07,72.44,43.73
1131,64.27,73.33,43.14
1169,64.27,74.14,43.14
1104,64.07,73.33,43.73
1134,64.07,74.14,43.73
1162,66.1,73.64,46.27
1103,65.9,73.64,45.65
760,65.9,71.96,45.65
1144,65.9,72.76,45.65
826,63.94,71.21,44.56
871,63.51,71.15,44.8
791,63.93,70.26,44.57
780,63.49,70.28,44.83
791,64.27,69.82,44.51
795,63.79,69.77,44.76
824,63.36,70.74,45
981,63.8,72.03,44.4
863,64.49,71.6,43.79
858,64.11,71.55,44.32
732,64.67,71.08,44.41
4,48.77,77.8,60.87
4,48.76,77.8,60.88
3,48.68,77.79,60.88
4,48.75,77.79,60.88
3,48.73,77.79,60.88
3,48.69,77.79,60.88
3,48.71,77.79,60.88
4,48.77,77.79,60.88
4,48.77,77.79,60.88
4,48.8,77.8,60.87
729,61.63,66.31,44.4
745,62.04,66.31,44.4
779,62.93,66.31,44.39
765,62.52,66.31,44.39
553,46.99,66.31,43.77
538,47.4,66.31,43.77
520,47.95,66.31,43.77
755,44.63,66.31,45.65
629,45.55,66.31,45.02
574,46.09,66.31,44.39
561,46.5,66.31,43.77
515,48.75,66.31,43.77
507,49.63,66.31,43.77
514,50.51,66.31,43.14
512,51.31,66.31,43.14
534,53.69,66.31,43.14
517,52.28,66.31,43.14
527,53.17,66.31,43.14
522,52.77,66.31,43.14
560,55.39,66.31,43.14
507,54.51,66.31,43.77
720,58.05,66.31,41.1
697,58.58,66.31,41.85
701,59.4,66.31,42.51
711,60.27,66.31,43.14
727,61.09,66.31,43.77
632,57.16,66.31,42.5
672,57.64,66.31,41.84
621,56.75,66.31,42.5
576,56.2,66.31,43.14
783,63.48,66.31,45.02
792,64.32,66.31,45.65
820,65.33,66.31,46.29
838,65.98,66.31,46.94
710,66.1,67.76,46.92
687,66.1,68.72,46.28
714,66.1,70.51,45.65
701,66.1,71,45.65
720,66.1,70.11,45.65
696,66.1,69.58,46.28
862,66.1,71.96,46.27
1117,66.1,72.76,46.27
661,66.1,71.41,46.27
816,63.39,66.83,44.4
831,63.88,67.13,44.4
822,64.29,66.8,45.02
834,62.61,67.63,43.77
839,62.49,67.96,44.36
843,62.47,68.23,44.79
819,63,67.23,44.4
845,63.11,67.81,43.82
841,63.43,68.32,44.84
849,63.13,68.07,44.37
847,62.93,68.36,44.85
836,63.05,68.53,45.2
838,63.47,67.63,44.41
821,62.19,68.26,44.97
823,62.55,68.45,45.31
818,65.17,66.77,46.27
824,64.75,67.06,45.64
836,64.35,67.55,45.01
845,66.1,66.79,47.59
827,65.9,66.94,46.91
824,65.58,67,46.27
829,65.26,67.47,45.64
837,64.83,67.94,45.02
836,63.9,68.49,44.64
838,63.14,68.75,45.17
837,63.5,68.61,44.97
832,63.01,68.7,45.29
839,64.03,68.17,44.97
843,63.92,67.95,44.61
828,63.71,69.02,44.81
823,64.19,68.87,44.49
832,64.43,68.44,45.02
794,62.87,69.15,45.39
813,63.15,69.03,45.24
753,63.34,69.86,45.03
684,62.81,69.68,45.6
692,62.87,69.62,45.41
778,63.22,69.38,45.19
794,63.61,69.43,45
753,63.06,69.44,45.36
810,65.32,68.36,45.65
803,65.61,67.89,46.27
783,65.9,67.83,46.91
743,65.9,68.74,46.27
778,65.64,68.77,45.65
812,64.91,68.84,45.65
787,64.5,69.32,45.01
781,65.37,69.24,45.65
760,64.99,69.72,45.02
762,64.31,70.68,44.49
784,63.8,70.69,44.74
735,64.59,70.2,45.02
699,65.9,71,45.65
739,65.45,70.12,45.02
732,65.9,70.11,45.65
756,65.66,69.62,45.65
728,65.9,69.58,46.27
711,65.07,70.6,45.02
724,65.69,70.53,45.02
720,65.9,70.52,45.65
669,65.71,71.42,45.65
665,65.9,71.41,46.27
766,62.04,66.51,44.4
794,62.93,66.51,44.39
782,62.52,66.51,44.4
796,63.47,66.51,45.02
800,64.29,66.51,45.65
817,65.22,66.51,46.28
825,65.8,66.51,46.91
744,57.31,68.18,41.28
713,57.24,68.5,41.9
711,57.06,68.29,41.97
679,57.06,68.39,42.56
742,60.29,66.76,43.15
747,59.41,66.79,41.9
758,59.88,67.07,42.52
763,58.19,68.1,41.27
747,58.67,68.5,41.9
724,58.94,68.67,42.33
704,58.9,68.7,42.62
714,59.09,68.77,43.14
772,60.06,68.18,43.73
789,59.98,67.98,43.14
754,59.4,68.36,43.14
776,58.9,68.18,41.79
767,58.59,67.62,41.27
775,59.28,68.22,42.54
775,59.1,67.96,41.91
740,58.12,67.22,41.27
741,57.71,67.7,41.27
756,57.78,68.58,41.28
700,57.39,68.69,42.04
682,57.32,68.75,42.37
680,57.41,68.41,42.3
715,57.59,69.05,41.83
680,57.57,69.07,42.31
667,57.6,69.07,42.53
667,57.35,68.8,42.66
759,61.12,66.74,43.77
761,60.76,67.02,43.77
779,60.35,67.43,43.15
773,60.11,68.23,44.3
712,58.28,68.98,41.9
670,57.42,69.95,42.64
704,57.88,69.46,41.89
681,57.58,69.48,42.32
661,57.61,69.45,42.61
634,57.42,69.49,43.14
1166,46.49,71.3,40.42
1115,46.53,71.3,40.6
1346,43.76,71.54,40.46
792,43.82,66.31,46.27
615,43.53,68.02,44.4
633,43.73,68.03,43.77
655,43.53,68.44,43.77
673,43.72,68.45,43.16
1142,43.68,69.87,41.23
1265,43.72,70.7,40.77
84,43.62,69.43,41.74
343,43.63,69.34,42.17
730,43.66,69.75,41.6
520,43.69,68.97,42.54
772,43.53,68.93,43.18
1318,43.53,71.55,40.63
1073,43.53,70.7,41.18
952,43.52,69.94,41.95
865,43.52,69.4,42.71
1320,43.52,72.89,40.62
1380,43.59,72.91,40.46
684,56.35,67.38,41.9
746,61.09,66.51,43.77
728,60.27,66.51,43.14
774,59.93,67.75,43.15
715,59.4,66.51,42.52
760,59.47,67.54,42.52
680,57.64,66.51,41.87
708,58.58,66.51,41.88
744,59,67.12,41.9
722,58.05,66.51,41.2
719,57.64,66.87,41.27
743,58.06,66.68,40.87
740,58.5,66.83,41.27
668,56.76,66.92,41.9
625,56.75,66.51,42.51
688,57.23,67.29,41.9
635,57.16,66.51,42.51
671,57.17,66.71,41.9
702,56.83,67.76,41.89
681,56.66,68.03,42.53
649,56.58,68.2,43.14
706,55.96,67.72,41.88
694,55.92,67.94,42.53
675,55.89,68.13,43.14
626,55.88,67,42.52
620,56.24,66.73,42.52
575,56.2,66.51,43.14
562,55.39,66.51,43.14
612,55.41,66.76,42.52
692,54.59,67.5,41.9
700,54.61,67.92,42.52
706,54.61,68.13,43.14
627,54.99,67.06,42.52
707,55.07,67.72,41.87
699,55.13,67.92,42.52
698,55.13,68.13,43.14
653,55.47,67.42,42.52
707,54.22,68.13,43.14
699,54.21,67.93,42.52
709,54.2,67.75,41.86
627,54.11,67.11,42.52
541,53.69,66.51,43.14
603,53.62,66.82,42.52
505,54.51,66.51,43.77
561,54.53,66.78,43.15
705,53.24,67.88,41.88
661,53.71,67.56,42.52
687,52.83,67.67,41.89
627,53.23,67.2,42.52
659,51.07,67.83,41.9
630,51.88,66.91,41.9
646,51.47,67.36,41.9
677,51.95,67.76,41.9
658,52.35,67.28,41.9
560,51.87,66.51,42.51
513,51.87,66.31,43.14
597,52.76,66.86,42.52
579,52.29,66.7,42.52
591,53.18,66.68,42.52
522,52.28,66.51,43.14
535,53.17,66.51,43.14
529,52.77,66.51,43.14
581,50.59,67.43,42.52
559,50.11,67.04,42.52
565,51,66.99,42.52
551,50.53,66.75,42.52
561,51.35,66.73,42.52
514,50.51,66.51,43.14
513,51.31,66.51,43.14
604,49.34,68.14,43.14
619,49.38,67.95,42.52
639,49.35,67.77,41.88
591,49.71,67.48,42.52
607,50.21,67.81,42.51
506,49.63,66.51,43.77
525,49.64,66.78,43.15
602,48.83,67.54,42.52
589,48.82,67.92,43.15
574,48.81,68.13,43.75
539,49.23,67.1,43.15
591,48.35,67.15,42.52
514,48.75,66.51,43.77
537,48.76,66.8,43.15
580,48.42,68.13,43.75
595,48.42,67.92,43.15
615,48.41,67.75,42.52
646,47.06,67.66,42.52
616,47.09,67.94,43.14
601,47.13,68.14,43.74
650,46.59,67.36,43.15
616,47.96,67.6,42.52
608,47.88,67.92,43.14
596,47.88,68.13,43.75
597,47,66.9,43.15
560,46.99,66.51,43.77
602,45.61,66.75,44.39
616,46.11,66.95,43.77
605,46.52,66.72,43.15
578,45.57,66.51,45.02
564,46.1,66.51,44.4
570,46.51,66.51,43.77
561,47.86,66.85,43.15
522,47.95,66.51,43.77
592,47.47,67.3,43.15
575,47.41,66.7,43.15
541,47.4,66.51,43.77
663,50.75,68.24,41.87
677,50.4,68.78,41.13
686,51.14,68.72,41.28
743,52.72,68.57,41.13
832,52.96,69.47,41.17
564,49.96,68.24,43.72
660,53.74,67.93,43.14
762,52.73,69.06,41.39
712,52.04,68.64,41.28
687,51.55,68.24,41.9
711,52.26,68.27,41.84
699,52.46,68.03,41.9
732,52.83,68.34,41.53
717,53.28,68.1,41.9
694,53.27,68.01,42.49
724,52.54,68.48,41.89
666,53.78,68.13,43.73
698,53.38,68.15,43.14
667,52.64,69.15,41.86
712,53.04,68.24,42.63
729,52.88,68.42,41.95
716,52.54,68.53,42.32
721,52.58,68.85,42.07
582,50.05,68.05,43.14
626,50.56,68.27,42.54
649,50.75,68.48,42.33
666,50.72,68.81,42.03
674,50.15,69.27,41.05
671,50.47,69.24,41.52
594,50.43,68.41,43.13
632,50.61,68.59,42.65
652,50.65,68.88,42.36
663,50.51,69.27,41.97
667,50.2,69.7,41.31
665,51.72,70.01,40.45
748,52.51,69.04,40.77
821,53.06,68.96,40.62
722,52.1,69.52,40.58
833,52.96,69.47,40.5
827,52.72,69.96,40.43
845,53.07,69.49,40.73
866,53.14,69.96,40.77
1235,43.97,70.68,40.87
1281,44.22,71.09,40.66
1325,44.72,71.49,40.46
1257,45.69,71.42,40.44
1195,46.04,70.95,40.53
1128,46.24,70.42,40.71
1077,46.21,70.41,41.04
1123,46.32,70.99,40.81
1065,46.22,70.93,41.25
1297,45.14,71.02,40.45
1225,45.52,70.54,40.57
1140,45.93,70.06,40.76
1066,46.07,69.59,41.08
1049,46.02,70.09,41.34
989,45.95,70.03,41.81
1041,46.07,70.6,41.54
711,43.82,69.67,41.61
1127,43.89,69.79,41.28
1219,44.22,70.21,40.86
1259,44.64,70.62,40.65
798,43.53,66.66,45.65
776,43.98,66.51,45.65
691,44.71,66.51,45.65
696,43.53,67.44,45.02
773,43.73,66.8,45.02
745,44.01,66.8,45.02
674,44.77,66.77,45.02
863,45.71,68.09,42.51
729,46.16,67.75,43.15
774,45.83,68.25,43.14
684,45.99,68.4,43.71
658,43.73,67.49,44.4
697,44.33,67.09,44.4
645,45.23,67.03,44.4
987,45.38,68.78,41.86
938,45.57,68.88,42.32
914,45.48,68.34,42.3
881,44.91,68.39,42.51
734,44.43,67.97,43.15
670,44.04,67.58,43.77
699,44.83,67.49,43.77
683,45.71,67.42,43.77
771,45.31,67.89,43.15
876,45.45,68.33,42.63
641,46.36,68.05,43.75
605,46.45,68.3,44.2
1186,45.08,70.13,40.84
1081,45.44,69.66,41.25
1007,45.63,69.19,41.71
992,45.67,69.66,41.98
949,45.7,69.71,42.33
746,45.79,68.56,43.7
908,45.53,68.87,42.63
822,45.61,68.44,43.14
839,45.72,68.95,43.13
922,45.66,69.66,42.64
520,43.88,68.94,42.47
806,44.11,69.33,41.89
1111,44.58,69.73,41.27
1010,44.99,69.27,41.88
940,45.47,69.25,42.54
959,45.49,69.25,42.33
653,43.9,68.03,43.77
875,44.52,68.86,42.51
727,44.08,68.45,43.14
788,58.02,71.21,40.62
781,57.52,70.81,40.81
769,57.2,70.42,41.17
762,57.16,70.82,41.52
744,57.29,70.4,41.7
744,57.22,70.8,41.99
781,58.44,70.75,40.84
754,58.81,70.26,41.26
707,58.94,69.85,41.72
683,59.04,70.27,42.34
683,59.01,70.24,42
685,58.82,69.41,42.62
710,59.02,69.44,43.14
690,59,70.23,42.64
759,57.94,70.34,41.27
701,57.5,70.36,42.11
698,57.39,70.35,42.35
680,57.58,69.95,42.31
717,57.63,69.95,41.82
682,58.6,69.41,42.27
697,58.34,69.86,41.89
679,58.8,69.84,42.53
680,58.83,69.84,42.33
785,61.64,66.93,43.77
776,62.05,66.71,44.4
801,62.94,66.69,44.4
797,62.52,66.88,44.4
814,62.12,67.33,43.77
751,61.63,66.51,44.4
806,60.82,67.68,43.15
806,60.84,67.93,43.76
795,60.87,68.14,44.33
794,61.23,67.38,43.77
819,61.7,67.65,43.77
824,61.71,67.94,44.37
815,61.67,68.19,44.86
672,51.64,69.13,40.84
686,51.13,68.72,40.84
681,50.28,68.8,40.76
677,50.01,69.23,40.48
673,50.77,69.19,40.57
619,51.23,69.6,40.61
674,49.96,69.24,40.71
669,49.94,69.7,40.78
667,50.29,69.68,40.42
623,50.83,70.08,40.43
610,54.85,78.82,41.59
595,54.87,78.82,41.57
573,54.92,78.82,41.56
583,54.87,78.88,41.54
578,54.9,78.82,41.55
664,54.93,78.84,41.32
644,54.93,78.84,41.34
677,54.92,78.85,41.32
653,54.92,78.85,41.34
697,54.93,78.84,41.3
717,54.92,78.85,41.3
730,54.93,78.84,41.28
754,54.92,78.85,41.28
633,54.93,78.84,41.36
636,54.92,78.85,41.36
626,54.93,78.84,41.38
628,54.92,78.85,41.38
619,54.93,78.84,41.4
620,54.92,78.85,41.4
610,54.93,78.84,41.41
609,54.92,78.85,41.42
606,54.95,78.8,41.43
651,54.97,78.84,41.33
639,55.01,78.83,41.34
697,54.97,78.84,41.29
648,55.02,78.83,41.33
676,55.03,78.83,41.29
622,55.05,78.77,41.34
625,55.05,78.76,41.31
632,54.97,78.84,41.37
625,54.97,78.85,41.4
632,55.01,78.84,41.37
629,55.01,78.85,41.41
624,55.04,78.78,41.38
619,55.03,78.79,41.42
603,54.95,78.87,41.49
581,54.97,78.81,41.5
587,54.89,78.87,41.48
597,54.93,78.87,41.5
595,54.91,78.85,41.44
592,54.95,78.81,41.46
599,54.98,78.81,41.46
588,54.89,78.89,41.51
590,54.92,78.88,41.53
572,54.95,78.81,41.55
572,54.97,78.81,41.53
627,55,78.86,41.44
610,55.02,78.79,41.46
602,55.02,78.8,41.5
819,54.97,78.84,41.21
758,54.97,78.84,41.25
772,55.02,78.82,41.21
728,55.03,78.82,41.25
654,55.06,78.75,41.23
637,55.06,78.76,41.27
860,54.97,78.84,41.17
891,54.97,78.84,41.14
854,55.01,78.81,41.13
808,55.02,78.81,41.18
834,55.02,78.81,41.15
701,55.05,78.74,41.19
742,55.05,78.74,41.16
876,55.01,78.81,41.1
784,55.05,78.73,41.12
811,55.05,78.72,41.09
666,55.42,78.68,41.01
800,55.13,78.71,41.03
743,55.25,78.7,41.02
743,55.13,78.72,41.11
634,55.12,78.75,41.24
676,55.12,78.74,41.18
822,55.24,78.63,40.78
788,55.29,78.66,40.87
859,55.25,78.73,40.83
736,55.42,78.65,40.86
829,55.22,78.6,40.71
791,55.35,78.61,40.72
796,55.35,78.72,40.84
857,55.09,78.64,40.81
837,55.18,78.64,40.81
923,55.13,78.71,40.76
835,55.15,78.66,40.9
928,55.08,78.74,40.86
884,55.2,78.74,40.85
803,55.23,78.67,40.91
797,55.19,78.69,40.98
736,55.46,78.74,40.42
640,54.81,78.82,41.6
896,54.63,78.75,41.27
904,54.63,78.75,41.25
913,54.65,78.74,41.23
916,54.66,78.77,41.22
918,54.68,78.78,41.22
920,54.65,78.74,41.21
897,54.65,78.78,41.26
898,54.66,78.79,41.26
906,54.65,78.78,41.24
907,54.66,78.79,41.24
921,54.69,78.79,41.22
925,54.71,78.8,41.22
897,54.68,78.8,41.26
908,54.68,78.8,41.24
931,54.62,78.73,41.15
923,54.66,78.77,41.2
925,54.68,78.78,41.2
930,54.66,78.73,41.18
933,54.69,78.77,41.18
939,54.67,78.73,41.15
929,54.69,78.79,41.2
933,54.71,78.8,41.2
943,54.72,78.78,41.17
954,54.72,78.78,41.13
970,54.71,78.77,41.05
938,54.62,78.71,41.12
952,54.67,78.7,41.08
931,54.72,78.81,41.22
938,54.74,78.83,41.22
904,54.69,78.82,41.26
908,54.72,78.81,41.26
913,54.74,78.83,41.26
914,54.69,78.82,41.24
920,54.72,78.81,41.24
928,54.74,78.83,41.24
947,54.75,78.84,41.22
947,54.75,78.84,41.26
937,54.75,78.84,41.24
970,54.77,78.79,41.1
964,54.75,78.73,41.1
955,54.65,78.77,41.09
962,54.72,78.78,41.1
939,54.72,78.81,41.2
945,54.74,78.83,41.2
954,54.75,78.8,41.17
962,54.75,78.8,41.13
977,54.77,78.79,41.06
975,54.75,78.77,41.05
972,54.76,78.7,41.05
973,54.8,78.77,41.02
956,54.67,78.69,41.05
974,54.72,78.76,41.03
962,54.7,78.69,41.04
972,54.71,78.79,41.06
966,54.7,78.68,41.01
961,54.67,78.68,41.02
971,54.8,78.8,41.1
936,54.85,78.8,41.1
940,54.84,78.78,41.05
976,54.8,78.8,41.06
744,54.71,78.83,41.36
722,54.71,78.83,41.38
671,54.72,78.84,41.38
693,54.72,78.84,41.36
707,54.71,78.83,41.4
700,54.71,78.83,41.42
662,54.72,78.84,41.4
659,54.72,78.84,41.42
624,54.74,78.85,41.4
624,54.74,78.85,41.42
628,54.74,78.85,41.38
847,54.72,78.81,41.3
887,54.72,78.81,41.28
8917,54.74,78.83,41.3
878,54.74,78.83,41.28
802,54.71,78.83,41.32
780,54.71,78.83,41.34
631,54.74,78.85,41.36
715,54.72,78.84,41.34
20429,54.75,78.84,41.34
2158,54.72,78.84,41.32
108122,54.75,78.84,41.32
69347,54.75,78.84,41.3
14886,54.75,78.84,41.28
695,54.71,78.83,41.44
659,54.72,78.84,41.44
666,54.74,78.83,41.47
688,54.73,78.8,41.49
661,54.72,78.84,41.46
689,54.71,78.83,41.45
702,54.71,78.79,41.48
683,54.73,78.8,41.5
627,54.74,78.85,41.44
652,54.75,78.85,41.49
670,54.74,78.81,41.51
632,54.74,78.85,41.46
651,54.75,78.84,41.47
698,54.7,78.81,41.53
660,54.75,78.82,41.53
676,54.73,78.82,41.54
675,54.73,78.82,41.57
604,54.81,78.87,41.51
635,54.79,78.82,41.54
584,54.83,78.88,41.52
586,54.82,78.88,41.54
658,54.76,78.82,41.58
590,54.78,78.88,41.56
586,54.81,78.88,41.57
609,54.75,78.87,41.44
596,54.78,78.86,41.44
613,54.75,78.87,41.46
630,54.77,78.85,41.48
634,54.77,78.85,41.49
599,54.78,78.86,41.46
602,54.81,78.85,41.48
638,54.78,78.81,41.51
585,54.84,78.87,41.48
829,54.65,78.79,41.35
830,54.64,78.76,41.36
817,54.66,78.79,41.36
799,54.67,78.79,41.38
808,54.65,78.77,41.39
817,54.64,78.77,41.38
802,54.68,78.8,41.36
783,54.68,78.8,41.38
779,54.69,78.82,41.36
758,54.69,78.82,41.38
784,54.67,78.8,41.39
793,54.65,78.77,41.4
779,54.65,78.78,41.42
766,54.68,78.8,41.4
744,54.69,78.82,41.4
752,54.68,78.81,41.41
767,54.66,78.78,41.43
736,54.69,78.82,41.42
874,54.63,78.75,41.3
884,54.63,78.75,41.29
864,54.62,78.76,41.32
872,54.65,78.78,41.3
871,54.64,78.75,41.31
870,54.66,78.79,41.3
885,54.65,78.78,41.28
884,54.66,78.79,41.28
858,54.65,78.78,41.32
860,54.63,78.76,41.33
847,54.63,78.76,41.34
843,54.65,78.78,41.34
854,54.66,78.79,41.32
836,54.66,78.79,41.34
864,54.68,78.8,41.3
881,54.68,78.8,41.28
868,54.69,78.82,41.3
891,54.69,78.82,41.28
845,54.68,78.8,41.32
823,54.68,78.8,41.34
837,54.69,78.82,41.32
805,54.69,78.82,41.34
744,54.68,78.81,41.43
755,54.67,78.78,41.44
729,54.69,78.82,41.43
748,54.67,78.79,41.46
720,54.69,78.82,41.45
738,54.68,78.79,41.46
891,54.92,78.84,41.17
952,54.75,78.84,41.2
964,54.78,78.82,41.17
914,54.83,78.82,41.17
951,54.81,78.83,41.2
970,54.78,78.82,41.13
940,54.83,78.82,41.13
918,54.86,78.84,41.17
881,54.82,78.85,41.26
853,54.85,78.84,41.26
904,54.82,78.85,41.24
880,54.85,78.84,41.24
794,54.92,78.84,41.25
849,54.86,78.86,41.26
878,54.86,78.86,41.24
819,54.88,78.84,41.26
851,54.88,78.84,41.24
944,54.82,78.85,41.2
932,54.82,78.85,41.22
898,54.85,78.84,41.22
910,54.85,78.84,41.2
853,54.92,78.84,41.21
897,54.86,78.86,41.22
911,54.86,78.86,41.2
876,54.88,78.84,41.22
892,54.88,78.84,41.2
956,54.77,78.85,41.22
953,54.77,78.85,41.2
958,54.79,78.85,41.2
955,54.81,78.86,41.2
962,54.79,78.85,41.22
957,54.81,78.86,41.22
990,54.77,78.85,41.26
950,54.77,78.85,41.24
944,54.79,78.85,41.26
952,54.79,78.85,41.24
943,54.81,78.86,41.24
950,54.81,78.86,41.26
938,54.86,78.84,41.13
911,54.92,78.84,41.13
897,54.93,78.8,41.1
855,54.93,78.72,41.08
940,54.85,78.81,41.06
924,54.88,78.82,41.09
911,54.89,78.79,41.06
862,54.89,78.71,41.05
857,54.97,78.71,41.03
914,54.97,78.84,41.09
904,54.97,78.8,41.07
864,54.89,78.7,41.01
944,54.84,78.78,41.02
842,55.03,78.71,41.04
897,55.01,78.81,41.07
589,54.81,78.86,41.4
587,54.81,78.86,41.42
594,54.84,78.86,41.4
604,54.86,78.86,41.4
613,54.89,78.85,41.4
588,54.84,78.86,41.42
594,54.86,78.86,41.42
602,54.89,78.85,41.42
596,54.81,78.86,41.36
590,54.81,78.86,41.38
630,54.86,78.86,41.36
635,54.89,78.85,41.36
606,54.84,78.86,41.38
616,54.86,78.86,41.38
624,54.89,78.85,41.38
622,54.91,78.87,41.4
612,54.91,78.87,41.42
640,54.91,78.87,41.36
630,54.91,78.87,41.38
589,54.8,78.88,41.44
591,54.8,78.88,41.46
586,54.82,78.87,41.44
586,54.82,78.87,41.46
590,54.84,78.89,41.44
587,54.84,78.89,41.46
590,54.85,78.87,41.44
586,54.85,78.87,41.46
597,54.89,78.87,41.45
603,54.75,78.87,41.42
592,54.78,78.86,41.42
605,54.75,78.87,41.4
594,54.78,78.86,41.4
586,54.75,78.87,41.38
574,54.78,78.86,41.38
610,54.75,78.87,41.36
653,54.89,78.85,41.34
684,54.89,78.85,41.32
605,54.84,78.86,41.36
624,54.82,78.85,41.34
635,54.85,78.84,41.34
679,54.82,78.85,41.32
672,54.85,78.84,41.32
645,54.86,78.86,41.34
686,54.86,78.86,41.32
734,54.89,78.85,41.3
780,54.89,78.85,41.28
752,54.82,78.85,41.3
738,54.85,78.84,41.3
795,54.82,78.85,41.28
804,54.85,78.84,41.28
745,54.86,78.86,41.3
801,54.86,78.86,41.28
15343,54.77,78.85,41.34
136013,54.77,78.85,41.32
642,54.78,78.86,41.36
2618,54.79,78.85,41.34
67376,54.79,78.85,41.32
658,54.81,78.86,41.34
15154,54.81,78.86,41.32
103060,54.77,78.85,41.3
32926,54.77,78.85,41.28
51477,54.79,78.85,41.3
6849,54.79,78.85,41.28
12993,54.81,78.86,41.3
1001,54.81,78.86,41.28
692,54.91,78.87,41.32
662,54.91,78.87,41.34
778,54.91,78.87,41.28
738,54.91,78.87,41.3
970,54.64,78.63,40.86
973,54.75,78.62,40.79
899,54.95,78.69,40.75
856,54.9,78.6,40.69
852,54.96,78.61,40.7
855,55.01,78.54,40.52
927,54.81,78.63,40.81
875,54.85,78.61,40.72
906,54.85,78.69,40.76
979,54.72,78.76,40.99
972,54.76,78.69,41.01
951,54.8,78.67,40.95
975,54.8,78.77,40.99
971,54.7,78.66,40.95
870,54.87,78.68,40.96
951,54.84,78.77,40.99
972,54.71,78.64,40.88
939,54.8,78.65,40.88
870,54.87,78.66,40.89
891,54.91,78.73,40.84
859,54.97,78.64,40.82
893,54.92,78.71,40.78
838,55.12,78.57,40.6
868,55.23,78.6,40.46
868,55.23,78.61,40.56
929,55.02,78.71,40.77
853,55.04,78.6,40.71
925,55.13,78.69,40.7
908,54.97,78.77,40.93
860,54.92,78.69,40.97
954,55.02,78.79,40.82
907,54.97,78.74,40.86
845,55.32,78.63,40.6
856,55.35,78.66,40.47
921,55.03,78.78,40.95
952,55.08,78.83,40.9
890,55.14,78.78,40.94
979,55.24,78.73,40.42
870,55.23,78.55,40.41
868,55.05,78.51,40.43
829,55.24,78.78,40.94
734,55.34,78.68,40.96
798,55.3,78.75,40.92
1592,65.68,77.64,40.65
1644,66.19,82.07,40.42
1698,65.43,78.12,40.46
1783,65.91,79.39,40.46
1738,65.86,78.54,40.46
1765,66.1,79.39,41.11
1677,66.1,78.52,41.09
1821,66.1,80.19,40.64
1808,66.12,81.06,40.58
1796,66.12,81.24,40.74
1726,66.14,81.58,40.68
1784,66.14,81.53,40.46
1825,66.1,80.84,40.49
1817,66.19,82.48,40.67
1849,66.12,82.98,40.66
1736,65.9,79.39,40.76
1671,65.9,78.52,40.76
1374,65.71,76.3,41.27
1440,65.9,76.78,41.2
1556,63.25,77.84,40.73
1341,65.13,76.36,41.27
1373,64.25,76.44,41.27
1481,63.67,76.55,41.03
1451,63.73,76.9,41.36
1508,63.48,77.37,41.19
1528,63.56,76.56,40.73
1552,63.34,77.33,40.72
1498,63.86,76.92,40.78
1433,64.71,76.84,40.85
1449,65.54,76.77,40.87
1578,63.48,77.37,40.5
1529,64.34,77.32,40.6
1526,65.24,77.24,40.66
1632,63.44,78.04,40.41
1640,63.91,77.79,40.43
1655,64.84,77.72,40.46
1435,65.73,77.19,41.27
1525,65.9,77.7,41.2
1515,65.59,77.64,40.87
1328,65.71,76.3,41.9
1388,65.9,76.77,41.86
1281,65.13,76.36,41.9
1320,64.34,76.44,41.85
1181,64.44,74.66,43.14
1138,64.27,74.67,43.77
1089,63.86,74.7,44.32
721,55.41,78.74,40.93
671,55.52,78.66,40.94
699,55.52,78.65,40.86
708,55.57,78.61,40.7
780,55.44,78.61,40.53
719,55.56,78.57,40.57
685,55.56,78.64,40.47
672,55.56,78.62,40.41
607,55.58,78.8,40.42
693,55.66,78.55,40.53
668,55.77,78.51,40.44
665,55.67,78.58,40.46
678,55.78,78.56,40.56
682,59.84,75.93,40.67
626,55.78,78.6,40.42
682,59.76,75.93,40.42
1578,63.23,77.85,40.55
1589,63.1,78.17,40.5
1588,63.28,77.86,40.48
1624,63.22,78.24,40.41
1073,66.1,73.64,46.9
1310,64.23,76.44,42.29
1391,63.98,76.96,41.8
1374,64.05,76.86,42.37
1402,63.9,77.31,42.06
1350,64.07,76.86,42.56
1211,64.27,75.97,43.14
1268,64.27,76.49,42.62
1166,64.07,75.98,43.73
1262,64.07,76.52,43.14
1263,66.1,74.52,46.27
1249,64.49,76.46,42.59
1158,65.9,74.52,45.65
1201,64.68,75.96,43.14
1106,64.02,75.99,44.11
1175,65.05,75.48,43.77
1198,64.46,75.55,43.14
1145,64.27,75.56,43.77
1082,63.88,75.57,44.29
1145,64.62,75.08,43.78
1088,64.19,75.09,44.21
1217,65.5,75.89,44.4
1310,65.54,76.77,42.52
1246,64.74,76.84,42.51
1381,65.73,77.19,41.9
1407,65.9,77.18,42.51
1548,66.1,77.7,42.49
1464,65.9,77.7,41.87
1636,66.1,78.52,41.83
1207,65.13,76.36,43.77
1298,65.71,76.3,43.77
1213,64.76,76.84,43.14
1300,65.54,76.77,43.15
1223,65.9,75.33,45.64
1294,65.9,75.88,45.02
1335,65.9,76.29,44.39
1378,65.9,76.77,43.77
1407,65.9,77.18,43.14
1738,66.1,79.4,41.85
1330,66.1,75.33,46.27
1390,66.1,75.88,45.65
1433,66.1,76.29,45.02
1481,66.1,76.77,44.39
1516,66.1,77.18,43.77
1553,66.1,77.7,43.13
1669,66.19,81.67,41.25
1588,66.14,81.76,40.73
759,56.57,74.03,40.41
751,56.53,74.03,40.6
726,56.67,75.79,40.43
743,56.64,74.88,40.43
729,56.58,74.89,40.65
711,59.37,75.55,40.42
697,59.79,75.53,40.79
777,56.84,70.9,40.7
776,56.79,71.77,40.5
773,56.75,72.63,40.42
774,56.67,71.75,40.71
770,56.81,71.8,41.17
766,56.57,72.58,40.68
664,57.42,70.35,42.64
768,56.82,73.53,40.42
768,56.64,73.12,40.49
766,56.63,73.12,40.64
758,56.59,73.55,40.72
739,59.26,74.66,40.42
719,59.63,75.05,40.51
717,59.71,75.05,40.72
703,59.64,75.02,41.1
758,59.28,73.76,40.44
742,59.58,74.2,40.54
714,59.62,74.19,41.11
761,59.66,73.27,40.43
774,59.61,72.46,40.43
779,59.7,71.93,40.51
773,59.73,71.93,40.68
740,59.68,74.18,40.71
764,59.82,72.49,40.69
757,59.83,73.3,40.65
786,59.01,72.02,40.43
784,59.4,71.54,40.52
787,59.59,71.01,40.7
770,59.67,71.59,40.81
760,59.55,71.01,41.05
730,59.54,71.53,41.29
790,58.1,72.11,40.45
786,57.62,71.7,40.58
779,57.13,71.29,40.77
774,56.99,70.87,41.04
769,57.03,71.28,41.33
755,57.14,71.34,41.84
784,58.5,71.63,40.6
777,58.92,71.14,40.8
749,59.2,70.65,41.19
697,59.25,71.2,41.52
687,59.12,70.61,41.8
677,59.2,71.15,41.99
787,57.69,72.58,40.44
781,57.22,72.18,40.55
694,65.51,71.01,45.02
690,65.14,71.48,44.4
859,64.77,71.96,43.78
1081,64.52,72.43,43.14
657,65.56,71.87,45.02
1088,65.6,72.77,45.02
1082,65.63,73.65,45.02
1121,65.66,74.54,45.02
1190,65.68,75.37,45.02
799,65.26,72.36,44.4
1093,64.82,72.84,43.78
1138,64.54,73.31,43.15
1118,65.31,73.24,44.4
1122,65.36,74.12,44.4
1154,65.41,75.01,44.4
1142,64.87,73.72,43.78
1155,64.97,74.6,43.77
1168,64.58,74.21,43.15
1051,64.27,72.45,43.77
1029,63.94,72.46,44.21
1112,64.27,73.33,43.77
1130,64.27,74.14,43.77
1085,63.95,73.34,44.2
1095,63.95,74.18,44.19
1022,65.9,73.64,46.27
824,65.9,71.96,46.27
1048,65.9,72.76,46.27
990,65.63,73.65,45.65
682,65.56,71.87,45.65
1074,65.6,72.77,45.65
775,62.92,70.43,45.41
923,63.4,71.67,44.94
762,64.09,71.19,44.64
797,63.66,71.15,44.93
858,63.24,71.17,45.16
774,64.06,70.25,44.65
752,63.64,70.28,44.96
765,63.23,70.29,45.18
764,64.12,69.8,45.03
813,62.97,70.8,45.39
755,63.51,70.74,45.14
814,63.19,70.77,45.24
967,63.53,72.06,44.77
942,63.98,72.03,44.5
683,64.66,71.08,45.02
745,64.36,71.57,44.47
763,62.82,70.47,45.6
822,62.83,70.86,45.58
1223,46.5,74.45,40.65
3,48.57,77.79,60.88
3,48.55,77.79,60.88
3,48.66,77.79,60.88
3,48.7,77.79,60.88
4,48.67,77.8,60.88
3,48.68,77.79,60.87
4,48.74,77.8,60.88
4,48.74,77.81,60.87
4,48.73,77.8,60.88
3,48.73,77.81,60.88
4,48.75,77.8,60.88
4,48.75,77.81,60.88
4,48.75,77.79,60.87
3,48.71,77.8,60.88
3,48.72,77.8,60.88
3,48.73,77.79,60.87
3,48.7,77.79,60.87
3,48.71,77.79,60.87
3,48.69,77.79,60.87
4,48.75,77.8,60.88
4,48.77,77.8,60.87
4,48.77,77.81,60.87
4,48.76,77.8,60.87
4,48.77,77.79,60.87
4,48.77,77.79,60.87
4,48.78,77.81,60.87
4,48.82,77.79,60.87
4,48.85,77.79,60.88
4,48.81,77.8,60.87
4,48.82,77.79,60.87
4,48.8,77.8,60.87
4,48.87,77.8,60.87
4,48.85,77.79,60.87
3,48.52,77.79,60.88
3,48.49,77.79,60.88
3,48.55,77.79,60.87
3,48.59,77.8,60.88
3,48.57,77.79,60.87
3,48.62,77.8,60.88
3,48.68,77.79,60.88
3,48.68,77.79,60.87
3,48.66,77.79,60.87
3,48.64,77.79,60.88
4,48.74,77.79,60.88
4,48.75,77.79,60.87
3,48.71,77.79,60.88
3,48.73,77.79,60.87
3,48.69,77.79,60.88
3,48.71,77.79,60.87
3,48.7,77.79,60.88
4,48.77,77.79,60.88
4,48.78,77.79,60.88
4,48.77,77.79,60.87
4,48.82,77.79,60.87
4,48.8,77.79,60.87
4,48.85,77.79,60.87
4,48.86,77.79,60.87
4,48.88,77.79,60.88
709,61.09,66.31,44.39
708,61.63,66.31,45.02
726,62.04,66.31,45.02
763,62.93,66.31,45.02
747,62.52,66.31,45.02
528,46.99,66.31,44.39
512,47.4,66.31,44.39
514,47.95,66.31,44.4
747,43.81,66.31,46.91
715,44.62,66.31,46.27
585,45.54,66.31,45.65
545,46.09,66.31,45.02
545,46.5,66.31,44.39
514,48.76,66.31,44.4
502,49.64,66.31,44.39
497,50.51,66.31,43.77
489,51.31,66.31,43.77
496,53.69,66.31,43.77
486,52.28,66.31,43.77
491,53.17,66.31,43.77
488,52.77,66.31,43.77
522,55.39,66.31,43.77
473,54.52,66.31,44.39
683,58.05,66.31,41.85
675,58.58,66.31,42.5
681,59.39,66.31,43.14
693,60.27,66.31,43.77
602,57.16,66.31,43.14
646,57.64,66.31,42.5
590,56.75,66.31,43.14
540,56.2,66.31,43.77
762,63.47,66.31,45.65
770,64.32,66.31,46.28
801,65.33,66.31,46.93
819,65.98,66.31,47.59
781,66.1,67.75,47.57
668,66.1,68.71,46.91
700,66.1,70.51,46.27
688,66.1,71,46.27
701,66.1,70.1,46.27
672,66.1,69.57,46.91
858,66.1,71.96,46.9
977,66.1,72.76,46.9
645,66.1,71.41,46.9
805,63.39,66.83,45.02
821,63.88,67.13,45.02
808,64.29,66.8,45.65
827,62.52,68.06,44.87
825,62.61,67.64,44.4
808,63,67.23,45.02
837,63.51,68.2,45.01
841,63.13,67.87,44.42
834,63.01,68.21,44.96
834,62.79,68.45,45.21
830,62.89,68.57,45.29
829,63.16,68.41,45.34
827,63.47,67.65,45.01
813,62.12,68.4,45.35
813,62.23,68.09,45.07
756,62.57,69.42,45.51
689,62.62,69.54,45.61
821,62.54,68.79,45.46
814,62.61,68.31,45.46
794,65.17,66.77,46.9
806,64.76,67.08,46.27
824,64.36,67.55,45.64
821,66.1,66.78,48.25
826,65.9,66.94,47.55
819,65.58,67,46.9
821,65.27,67.48,46.27
830,64.83,67.93,45.63
834,63.26,68.67,45.31
834,63.68,68.48,45.11
831,63.12,68.61,45.44
827,63.95,68.04,45.65
828,64.43,68.44,45.65
815,64.04,68.92,45.03
805,62.99,69.05,45.54
816,63.28,69,45.4
723,62.97,69.97,45.39
681,62.82,70.07,45.58
738,63.18,69.9,45.24
743,63.48,69.86,45.18
685,62.81,69.68,45.88
725,62.95,69.55,45.71
742,63,69.52,45.52
785,63.78,69.42,45.15
778,63.35,69.37,45.35
759,63.18,69.43,45.52
807,65.32,68.36,46.27
803,65.61,67.89,46.9
803,65.9,67.83,47.54
776,65.64,68.77,46.27
737,65.9,68.74,46.9
808,64.91,68.84,46.27
793,64.51,69.32,45.65
778,65.37,69.24,46.27
766,64.99,69.72,45.65
729,64.59,70.2,45.65
713,64.19,70.68,45.03
918,65.9,72.76,46.9
688,65.51,71.01,45.65
690,65.9,71,46.27
740,65.45,70.12,45.65
720,65.9,70.11,46.27
749,65.66,69.62,46.27
712,65.9,69.58,46.9
707,65.07,70.6,45.65
720,65.69,70.53,45.65
709,65.9,70.51,46.27
661,65.71,71.42,46.27
654,65.9,71.41,46.9
822,65.9,71.96,46.9
750,62.04,66.51,45.02
781,62.93,66.51,45.02
768,62.52,66.51,45.02
777,63.47,66.51,45.65
780,64.29,66.51,46.27
797,65.22,66.51,46.91
808,65.8,66.51,47.55
708,57.35,68.13,41.87
671,57.2,68.24,42.53
643,57.07,68.38,43.14
731,61.09,66.51,44.39
727,60.29,66.76,43.77
726,59.41,66.79,42.52
742,59.88,67.07,43.15
723,58.19,68.09,41.89
697,58.6,68.47,42.49
700,58.9,68.68,43.14
728,59.09,68.77,43.71
764,59.98,67.99,43.76
738,59.4,68.36,43.71
733,59.26,68.2,43.14
745,59.04,67.96,42.52
740,58.59,67.62,41.9
712,58.12,67.22,41.9
706,57.71,67.7,41.89
682,57.61,68.25,42.27
670,57.74,69.03,42.46
680,57.73,69.04,42.27
709,57.79,68.58,41.88
679,57.49,68.66,42.32
663,57.53,68.71,42.62
643,57.34,68.79,43.13
633,57.4,69.12,43.24
746,61.13,66.74,44.39
750,60.76,67.02,44.4
767,60.35,67.44,43.77
763,59.69,68.37,44.38
768,60.03,68.05,44.36
781,60.15,68.35,44.83
673,58.25,68.96,42.52
677,58.57,69.4,42.59
755,59.3,69.02,44.36
659,57.62,69.94,42.61
627,57.42,69.95,43.14
665,57.94,69.47,42.52
639,57.62,69.45,43.14
603,57.41,69.49,43.73
1270,45.98,74.06,40.44
1234,46.36,73.58,40.43
1205,46.45,74.05,40.75
1206,46.5,73.58,40.65
1205,46.27,71.85,40.43
1174,46.36,71.3,40.53
1221,46.32,72.71,40.43
1141,46.37,71.3,40.68
1159,46.49,71.89,40.68
1190,46.5,72.73,40.66
1349,44.19,71.97,40.46
1297,43.91,71.54,40.65
747,43.98,66.51,46.27
759,43.53,66.67,46.27
610,43.53,68.01,45.02
608,43.73,68.03,44.4
611,43.53,68.44,44.4
684,43.73,68.44,43.77
743,43.53,68.93,43.78
1321,43.52,72.37,40.62
1366,43.79,72.45,40.46
773,43.73,68.93,43.16
1263,43.71,71.56,40.76
1115,43.73,70.7,41.24
881,43.69,69.88,41.93
877,43.71,69.37,42.66
827,43.53,69.35,43.18
987,43.53,71.52,41.17
884,43.53,69.92,42.57
950,43.53,70.7,41.89
713,43.53,66.68,46.9
1403,43.62,73.8,40.46
1359,43.53,73.33,40.62
1389,43.85,73.33,40.46
848,43.5,72.99,41.13
1278,43.71,72.89,40.77
1336,43.77,72.91,40.65
648,56.35,67.38,42.52
712,60.27,66.51,43.77
757,59.93,67.76,43.77
694,59.39,66.51,43.14
740,59.47,67.53,43.14
651,57.64,66.51,42.51
684,58.58,66.51,42.51
721,59,67.12,42.52
691,58.05,66.51,41.88
715,58.51,66.83,41.9
688,57.64,66.87,41.9
724,58.06,66.68,41.27
633,56.76,66.92,42.52
588,56.75,66.51,43.14
652,57.23,67.29,42.52
601,57.16,66.51,43.14
638,57.17,66.71,42.52
665,56.84,67.72,42.52
632,56.66,68.02,43.14
573,56.57,68.21,43.73
671,55.93,67.69,42.52
646,55.92,67.94,43.14
601,55.88,68.14,43.74
581,55.88,67,43.15
579,56.24,66.73,43.15
532,56.2,66.51,43.77
517,55.39,66.51,43.77
568,55.41,66.76,43.15
660,54.59,67.5,42.52
664,54.61,67.92,43.14
658,54.61,68.13,43.75
580,54.99,67.06,43.15
676,55.1,67.7,42.52
659,55.13,67.92,43.14
638,55.12,68.13,43.75
605,55.47,67.42,43.15
666,54.22,68.13,43.75
664,54.2,67.92,43.14
679,54.18,67.73,42.52
578,54.11,67.11,43.15
495,53.69,66.51,43.77
554,53.62,66.82,43.15
462,54.52,66.51,44.4
508,54.53,66.78,43.77
674,53.24,67.82,42.47
616,53.71,67.56,43.15
620,53.81,68.16,44.3
650,52.83,67.66,42.52
576,53.23,67.2,43.15
612,51.07,67.83,42.52
580,51.88,66.91,42.52
595,51.47,67.36,42.52
633,51.95,67.76,42.52
613,52.35,67.28,42.52
517,51.87,66.51,43.14
486,51.87,66.31,43.77
545,52.76,66.86,43.15
529,52.29,66.7,43.15
542,53.18,66.68,43.15
484,52.28,66.51,43.77
490,53.17,66.51,43.77
487,52.77,66.51,43.77
621,50.72,68.1,42.51
534,50.59,67.43,43.15
525,50.11,67.04,43.15
520,51,66.99,43.15
516,50.52,66.75,43.15
517,51.35,66.73,43.15
494,50.51,66.51,43.77
485,51.31,66.51,43.77
569,49.34,68.14,43.74
585,49.38,67.94,43.14
609,49.36,67.74,42.52
550,49.71,67.47,43.14
559,50.21,67.79,43.14
526,49.91,68.3,44.29
499,49.64,66.51,44.4
507,49.64,66.78,43.77
568,48.83,67.54,43.15
553,48.82,67.93,43.76
539,48.8,68.14,44.32
514,49.23,67.1,43.77
559,48.35,67.15,43.15
508,48.76,66.51,44.4
515,48.76,66.8,43.77
547,48.42,68.13,44.34
561,48.42,67.92,43.76
586,48.41,67.75,43.15
619,47.06,67.65,43.15
597,47.1,67.95,43.76
583,47.15,68.16,44.3
609,46.59,67.36,43.77
593,47.96,67.6,43.15
580,47.88,67.92,43.76
565,47.92,68.13,44.32
573,47,66.9,43.77
532,46.99,66.51,44.4
564,45.61,66.75,45.02
582,46.11,66.95,44.4
581,46.52,66.72,43.77
650,44.7,66.51,46.27
548,45.56,66.51,45.64
543,46.1,66.51,45.02
552,46.51,66.51,44.39
531,47.86,66.85,43.77
510,47.95,66.51,44.4
564,47.47,67.3,43.77
546,47.41,66.7,43.77
513,47.4,66.51,44.4
711,43.98,66.51,46.9
648,50.94,68.33,42.3
627,50.97,68.33,42.62
674,50.22,69.25,41.01
578,51.32,70.47,40.45
680,51.15,68.72,41.89
673,50.75,69.2,41.26
674,51.63,69.12,41.27
731,52.46,69.04,41.24
809,52.83,69.43,41.16
839,52.87,69.97,41.34
540,50.05,68.06,43.75
557,50.43,68.41,43.71
609,53.75,67.94,43.75
656,53.31,67.96,43.14
698,52.47,69.09,41.83
650,51.55,68.24,42.52
687,52.15,68.26,42.28
709,52.02,68.64,41.89
664,52.38,68.03,42.51
682,52.93,68.07,42.62
715,52.74,68.28,41.94
700,52.37,68.41,42.3
721,52.4,68.76,42.04
664,53.38,68.16,43.74
692,53.05,68.22,43.13
718,52.53,69.55,42.06
717,52.45,68.85,42.36
715,52.74,68.39,42.53
579,50.58,68.26,43.14
629,50.79,68.47,42.64
657,50.84,68.8,42.32
669,50.7,69.22,41.92
667,50.33,69.68,41.3
598,50.61,68.58,43.13
665,50.09,70.13,41.09
640,50.68,68.9,42.64
657,50.69,69.25,42.35
663,50.58,69.65,42.1
663,50.33,70.04,41.58
659,51.7,70,40.62
783,52.27,70.41,40.44
718,52.12,69.52,40.81
814,52.86,69.41,40.72
810,52.63,69.94,40.55
864,53.13,70.34,40.43
850,53.01,69.93,40.81
876,53.19,70.31,40.64
1300,45.24,71.9,40.45
1128,43.97,70.68,41.27
1221,44.27,71.09,40.87
1258,44.73,71.49,40.65
1222,45.64,71.42,40.59
1103,46.11,70.42,41.01
1156,46,70.93,40.77
1086,46.05,70.93,41.24
1076,46.11,71.41,41.46
1241,45.13,71.02,40.63
1172,45.56,70.53,40.8
1081,45.84,70.04,41.19
1017,45.76,70.01,41.78
1063,45.89,70.59,41.51
991,45.87,70.55,41.97
943,43.91,69.81,41.91
1126,44.22,70.21,41.27
1202,44.67,70.61,40.86
673,43.53,67.44,45.64
748,43.73,66.8,45.65
719,44.01,66.8,45.65
631,44.77,66.77,45.65
638,43.73,67.48,45.02
667,44.33,67.09,45.02
596,45.23,67.03,45.02
771,45.69,68.08,43.15
662,46.16,67.76,43.77
694,45.84,68.26,43.75
616,46.14,68.43,44.25
635,44.04,67.58,44.4
647,44.83,67.49,44.4
628,45.71,67.42,44.4
917,45.28,68.76,42.5
806,44.91,68.37,43.15
685,44.43,67.97,43.77
813,45.45,68.33,43.15
697,45.31,67.89,43.77
610,46.34,68.13,44.26
592,46.68,68.26,44.4
644,46,68.63,44.32
1103,45.06,70.13,41.27
1013,45.39,69.65,41.85
972,45.51,69.67,42.3
960,45.69,70.13,42.36
936,45.66,70.14,42.64
751,45.61,68.45,43.75
782,45.73,68.94,43.71
852,45.53,68.88,43.14
876,45.66,69.63,43.13
940,45.47,69.63,42.62
788,43.92,68.92,43.15
869,44.13,69.33,42.52
1022,44.58,69.73,41.89
614,43.9,68.03,44.4
942,44.98,69.27,42.51
831,44.51,68.85,43.15
707,44.09,68.45,43.77
689,44.01,66.8,46.27
778,58.02,71.23,40.84
763,57.55,70.82,41.27
740,57.43,70.4,41.65
726,57.4,70.8,41.94
700,57.38,70.88,42.34
747,58.42,70.74,41.27
679,59.03,70.72,42.36
676,58.85,70.26,42.29
692,58.75,70.26,41.85
693,58.82,69.4,43.14
677,58.8,70.22,42.61
727,59.02,69.43,43.73
703,59,70.19,43.14
685,59,70.74,42.64
677,57.76,69.93,42.27
700,57.95,70.34,41.89
677,57.58,70.35,42.31
668,58.32,69.86,42.51
774,61.64,66.93,44.4
763,62.05,66.71,45.02
789,62.94,66.69,45.02
786,62.52,66.88,45.02
805,62.12,67.34,44.4
733,61.63,66.51,45.02
793,60.81,67.68,43.77
791,60.85,67.95,44.37
795,60.93,68.21,44.86
785,61.24,67.38,44.4
808,61.7,67.66,44.4
804,61.68,68.01,44.94
804,61.65,68.32,45.31
788,60.49,68.3,44.96
627,51.21,69.59,40.83
671,50.73,69.2,40.8
675,50.08,69.26,40.68
666,50.39,69.67,40.51
622,50.85,70.07,40.57
670,50.04,69.69,40.84
663,49.88,70.14,40.66
660,49.96,70.57,40.84
665,49.97,70.14,40.42
640,50.39,70.56,40.42
616,54.84,78.83,41.61
583,54.85,78.89,41.58
583,54.87,78.89,41.56
587,54.92,78.89,41.55
581,54.9,78.82,41.58
572,54.95,78.82,41.57
589,54.87,78.9,41.48
585,54.87,78.9,41.52
585,54.9,78.88,41.54
669,54.95,78.86,41.33
731,54.95,78.86,41.29
636,54.95,78.86,41.37
625,54.95,78.86,41.41
663,55,78.86,41.33
708,55,78.86,41.29
661,55.02,78.85,41.32
693,55.02,78.84,41.29
640,55.05,78.84,41.33
664,55.06,78.83,41.29
622,55.1,78.77,41.33
638,55,78.86,41.37
633,55,78.87,41.4
633,55.05,78.84,41.37
630,55.04,78.85,41.41
625,55.09,78.78,41.41
609,54.95,78.88,41.48
609,54.98,78.87,41.49
583,55,78.8,41.51
615,54.92,78.89,41.45
603,54.92,78.89,41.48
613,54.94,78.87,41.44
623,54.99,78.86,41.46
595,54.92,78.9,41.52
594,54.95,78.88,41.53
599,54.97,78.88,41.52
573,55,78.81,41.54
571,54.98,78.82,41.58
631,55,78.88,41.44
628,55.03,78.86,41.45
625,55.02,78.87,41.48
612,55.07,78.8,41.49
595,55.07,78.81,41.54
850,54.95,78.86,41.21
797,54.95,78.86,41.25
809,55,78.86,41.21
763,55,78.86,41.25
789,55.02,78.84,41.21
745,55.02,78.84,41.25
747,55.06,78.82,41.22
710,55.06,78.82,41.26
632,55.1,78.75,41.27
888,54.95,78.86,41.17
914,54.95,78.86,41.13
849,55,78.86,41.17
883,55,78.86,41.13
828,55.02,78.84,41.17
854,55.02,78.85,41.14
787,55.06,78.82,41.18
823,55.06,78.81,41.14
710,55.08,78.74,41.17
773,55.09,78.72,41.11
912,55,78.86,41.09
855,55.05,78.81,41.1
880,55.05,78.81,41.07
811,55.09,78.71,41.05
628,55.52,78.68,41.01
642,55.37,78.7,41.08
604,55.46,78.7,41.09
620,55.46,78.69,41.03
686,55.35,78.69,41.03
680,55.42,78.76,40.99
761,55.2,78.71,41.04
868,55.13,78.81,41.01
705,55.29,78.7,41.05
793,55.26,78.8,41
705,55.2,78.72,41.11
816,55.14,78.82,41.09
654,55.3,78.72,41.11
707,55.13,78.83,41.23
620,55.18,78.75,41.26
763,55.13,78.82,41.16
646,55.19,78.73,41.18
626,55.29,78.73,41.18
735,55.47,78.63,40.76
876,55.24,78.71,40.76
803,55.29,78.63,40.8
878,55.25,78.77,40.81
825,55.29,78.73,40.85
749,55.42,78.72,40.85
893,55.22,78.68,40.69
806,55.35,78.75,40.82
824,55.34,78.68,40.72
930,55.09,78.72,40.79
957,55.13,78.77,40.74
901,55.18,78.72,40.79
902,55.15,78.75,40.87
966,55.08,78.81,40.84
916,55.2,78.8,40.83
852,55.23,78.75,40.88
725,55.48,78.74,40.47
853,55.2,78.79,40.95
731,55.47,78.79,40.47
891,55.36,78.86,40.42
668,54.76,78.82,41.61
649,54.79,78.83,41.62
587,54.81,78.89,41.59
652,54.79,78.83,41.65
909,54.56,78.74,41.22
912,54.62,78.74,41.22
895,54.62,78.79,41.26
903,54.62,78.79,41.24
894,54.61,78.75,41.27
902,54.61,78.75,41.25
914,54.65,78.78,41.22
915,54.66,78.79,41.22
921,54.65,78.78,41.2
923,54.66,78.79,41.2
894,54.64,78.79,41.26
893,54.65,78.81,41.26
904,54.64,78.79,41.24
904,54.65,78.81,41.24
918,54.68,78.8,41.22
921,54.69,78.82,41.22
926,54.68,78.8,41.2
930,54.69,78.82,41.2
893,54.67,78.82,41.26
905,54.67,78.82,41.24
923,54.62,78.74,41.19
920,54.58,78.74,41.19
927,54.59,78.72,41.16
941,54.61,78.78,41.13
932,54.66,78.78,41.17
945,54.66,78.79,41.13
939,54.69,78.8,41.17
952,54.69,78.8,41.13
934,54.59,78.7,41.12
949,54.61,78.77,41.1
963,54.66,78.76,41.06
941,54.59,78.69,41.09
945,54.62,78.7,41.08
929,54.71,78.83,41.22
937,54.71,78.83,41.2
935,54.72,78.84,41.22
943,54.72,78.84,41.2
912,54.68,78.83,41.24
901,54.68,78.83,41.26
890,54.71,78.83,41.26
884,54.72,78.84,41.26
903,54.71,78.83,41.24
912,54.72,78.84,41.24
938,54.74,78.85,41.22
944,54.74,78.85,41.2
933,54.75,78.87,41.22
943,54.75,78.87,41.2
1107,54.74,78.85,41.26
997,54.74,78.85,41.24
1158,54.75,78.87,41.26
1166,54.75,78.87,41.24
970,54.75,78.8,41.09
957,54.66,78.79,41.09
963,54.69,78.8,41.09
949,54.72,78.83,41.17
961,54.72,78.83,41.13
976,54.75,78.8,41.06
978,54.75,78.76,41.02
979,54.8,78.8,41.02
954,54.65,78.69,41.04
969,54.67,78.76,41.03
966,54.66,78.79,41.06
977,54.72,78.79,41.02
973,54.7,78.76,41.02
970,54.69,78.8,41.06
978,54.7,78.76,40.99
960,54.65,78.68,41.01
974,54.67,78.76,40.99
976,54.78,78.82,41.09
962,54.83,78.82,41.09
980,54.78,78.82,41.06
967,54.83,78.82,41.06
747,54.7,78.84,41.36
722,54.7,78.84,41.38
676,54.71,78.86,41.38
695,54.71,78.86,41.36
704,54.7,78.84,41.4
693,54.7,78.84,41.42
662,54.71,78.86,41.4
655,54.71,78.86,41.42
628,54.73,78.87,41.4
620,54.73,78.87,41.42
616,54.73,78.87,41.38
833,54.71,78.83,41.3
855,54.71,78.83,41.28
850,54.72,78.84,41.3
845,54.72,78.84,41.28
811,54.7,78.84,41.32
779,54.7,78.84,41.34
654,54.73,78.87,41.36
775,54.71,78.86,41.32
735,54.71,78.86,41.34
4016,54.74,78.85,41.34
47508,54.74,78.85,41.32
5442,54.75,78.87,41.34
107036,54.75,78.87,41.32
37196,54.74,78.85,41.3
3519,54.74,78.85,41.28
95055,54.75,78.87,41.3
36713,54.75,78.87,41.28
686,54.7,78.84,41.44
651,54.71,78.86,41.44
681,54.7,78.84,41.46
649,54.71,78.86,41.46
662,54.72,78.84,41.47
684,54.71,78.84,41.47
661,54.72,78.85,41.49
706,54.7,78.8,41.5
619,54.73,78.87,41.44
619,54.73,78.87,41.46
638,54.74,78.85,41.48
643,54.74,78.85,41.49
619,54.75,78.87,41.48
627,54.75,78.87,41.49
717,54.68,78.81,41.54
640,54.7,78.86,41.53
631,54.75,78.87,41.51
623,54.72,78.87,41.54
717,54.68,78.81,41.57
698,54.71,78.81,41.59
616,54.73,78.88,41.56
599,54.78,78.88,41.52
584,54.81,78.9,41.52
586,54.78,78.9,41.55
599,54.76,78.88,41.57
583,54.81,78.91,41.56
604,54.74,78.88,41.44
604,54.74,78.88,41.46
595,54.77,78.88,41.44
597,54.77,78.88,41.46
588,54.78,78.89,41.44
588,54.78,78.89,41.46
597,54.78,78.88,41.48
585,54.81,78.9,41.48
840,54.61,78.77,41.36
829,54.64,78.8,41.36
833,54.62,78.77,41.37
819,54.65,78.81,41.36
817,54.64,78.8,41.37
804,54.65,78.81,41.38
821,54.62,78.77,41.38
803,54.67,78.82,41.36
785,54.67,78.82,41.38
781,54.68,78.83,41.36
760,54.68,78.83,41.38
788,54.65,78.81,41.4
799,54.64,78.77,41.41
776,54.65,78.81,41.41
787,54.64,78.78,41.42
807,54.63,78.77,41.4
770,54.67,78.82,41.4
743,54.68,78.83,41.4
757,54.67,78.82,41.42
733,54.68,78.83,41.42
873,54.62,78.79,41.3
884,54.62,78.79,41.28
874,54.61,78.76,41.31
883,54.61,78.75,41.29
864,54.62,78.79,41.31
864,54.61,78.76,41.33
852,54.61,78.76,41.35
871,54.64,78.79,41.3
867,54.65,78.81,41.3
883,54.64,78.79,41.28
880,54.65,78.81,41.28
859,54.64,78.79,41.32
844,54.64,78.8,41.34
852,54.65,78.81,41.32
836,54.65,78.81,41.34
862,54.67,78.82,41.3
878,54.67,78.82,41.28
866,54.68,78.83,41.3
887,54.68,78.83,41.28
844,54.67,78.82,41.32
823,54.67,78.82,41.34
836,54.68,78.83,41.32
807,54.68,78.83,41.34
774,54.64,78.78,41.44
745,54.67,78.82,41.43
762,54.65,78.79,41.45
727,54.68,78.83,41.44
740,54.67,78.83,41.45
753,54.66,78.79,41.46
721,54.68,78.83,41.45
735,54.67,78.8,41.49
748,54.64,78.8,41.5
740,54.65,78.8,41.53
920,54.89,78.87,41.17
961,54.75,78.85,41.17
963,54.81,78.85,41.17
969,54.75,78.85,41.13
973,54.81,78.85,41.13
957,54.84,78.87,41.17
904,54.84,78.87,41.25
844,54.89,78.87,41.25
942,54.84,78.87,41.21
894,54.89,78.87,41.21
964,54.78,78.88,41.21
10611,54.78,78.88,41.25
834,54.92,78.89,41.25
884,54.92,78.89,41.21
918,54.92,78.89,41.17
970,54.84,78.87,41.13
952,54.86,78.84,41.09
936,54.89,78.87,41.13
940,54.92,78.89,41.13
859,54.93,78.71,41.03
925,54.92,78.84,41.09
904,54.93,78.79,41.06
931,54.95,78.86,41.09
933,54.88,78.82,41.06
922,54.88,78.78,41.03
929,54.97,78.85,41.06
912,54.97,78.79,41.01
929,54.88,78.78,40.99
961,54.86,78.84,41.05
973,54.83,78.82,41.02
911,55.03,78.8,41.01
934,55,78.86,41.06
590,54.8,78.88,41.4
596,54.82,78.87,41.4
586,54.8,78.88,41.42
589,54.82,78.87,41.42
606,54.84,78.89,41.4
597,54.84,78.89,41.42
605,54.85,78.87,41.4
615,54.88,78.87,41.4
597,54.85,78.87,41.42
604,54.88,78.87,41.42
623,54.89,78.88,41.4
614,54.89,78.88,41.42
646,54.8,78.88,41.36
620,54.82,78.87,41.36
581,54.8,78.88,41.38
592,54.82,78.87,41.38
604,54.84,78.89,41.38
636,54.84,78.89,41.36
615,54.85,78.87,41.36
637,54.88,78.87,41.36
618,54.85,78.87,41.38
626,54.88,78.87,41.38
643,54.89,78.88,41.36
632,54.89,78.88,41.38
628,54.92,78.89,41.41
642,54.92,78.89,41.37
587,54.81,78.9,41.45
598,54.87,78.9,41.45
603,54.74,78.88,41.4
597,54.74,78.88,41.42
589,54.77,78.88,41.42
593,54.77,78.88,41.4
588,54.78,78.89,41.4
584,54.78,78.89,41.42
567,54.74,78.88,41.38
683,54.74,78.88,41.36
560,54.77,78.88,41.38
700,54.77,78.88,41.36
566,54.78,78.89,41.38
689,54.78,78.89,41.36
661,54.88,78.87,41.34
701,54.88,78.87,41.32
706,54.89,78.88,41.32
670,54.89,78.88,41.34
690,54.84,78.87,41.33
760,54.88,78.87,41.3
807,54.88,78.87,41.28
757,54.89,78.88,41.3
801,54.89,78.88,41.28
843,54.84,78.87,41.29
58837,54.78,78.88,41.33
61621,54.78,78.88,41.29
689,54.92,78.89,41.33
765,54.92,78.89,41.29
589,54.84,78.93,41.48
585,54.84,78.93,41.52
963,54.59,78.65,40.96
969,54.6,78.63,40.89
972,54.64,78.61,40.8
987,54.63,78.71,40.84
973,54.71,78.62,40.82
986,54.68,78.67,40.74
986,54.74,78.69,40.77
956,54.79,78.66,40.7
939,54.79,78.6,40.69
975,54.68,78.6,40.76
961,54.75,78.61,40.74
945,54.96,78.73,40.73
918,55.04,78.6,40.47
884,54.9,78.66,40.69
903,55.01,78.62,40.56
906,54.97,78.67,40.69
863,54.92,78.57,40.58
969,54.8,78.7,40.79
959,54.85,78.73,40.74
906,54.85,78.67,40.71
982,54.72,78.79,40.99
981,54.75,78.76,40.99
967,54.76,78.67,40.97
979,54.79,78.75,40.93
984,54.8,78.81,40.98
966,54.65,78.66,40.97
983,54.69,78.74,40.93
939,54.87,78.76,40.93
978,54.83,78.82,40.98
987,54.7,78.72,40.86
976,54.8,78.73,40.85
937,54.87,78.74,40.87
939,54.91,78.78,40.82
911,54.97,78.72,40.8
962,54.91,78.76,40.76
927,55.14,78.67,40.47
908,55.12,78.64,40.61
877,55.23,78.62,40.52
964,55.02,78.77,40.75
931,55.04,78.68,40.69
963,55.13,78.75,40.68
947,54.97,78.83,40.91
918,54.92,78.77,40.95
955,54.97,78.81,40.84
967,55.24,78.73,40.47
848,55.35,78.68,40.55
966,55.03,78.86,40.92
939,55.14,78.86,40.91
979,55.03,78.86,40.84
949,55.12,78.66,40.42
985,55.25,78.8,40.42
947,55.01,78.56,40.42
851,55.26,78.85,40.91
816,55.31,78.8,40.9
761,55.34,78.76,40.94
671,55.48,78.96,40.42
1633,66.16,82.07,40.52
1598,65.35,78.13,40.66
1727,65.75,79.4,40.65
1669,65.72,78.54,40.65
1805,65.95,80.18,40.46
1785,66.01,81.18,40.44
1777,65.88,81.05,40.45
1678,65.96,81.82,40.43
1634,65.85,82.17,40.43
1823,66.04,83,40.44
1697,64.91,78.6,40.46
1774,65.58,79.86,40.46
1750,65.5,79,40.46
1861,66.19,82.47,41.25
1895,66.12,82.97,41.23
1720,66.13,81.6,41.2
1825,66.11,81.11,41.2
1821,66.1,80.18,41.17
1688,65.9,79.4,41.21
1609,65.9,78.52,41.2
1773,66.1,84.35,40.6
1818,66.11,83.53,40.64
1827,66.1,80.64,40.61
1764,65.91,80.21,40.78
1829,66.1,80.73,40.76
1665,65.99,81.31,40.8
1702,65.96,81.14,40.69
1671,66.04,81.61,40.55
1578,66.03,81.67,40.74
1721,65.91,80.92,40.68
1834,66.13,82.63,40.66
1748,66.14,82.38,40.74
1804,65.99,82.92,40.75
1658,65.65,79.41,40.87
1592,65.62,78.54,40.87
1384,65.54,76.77,41.27
1540,63.3,78.01,40.85
1552,63.33,77.86,40.74
1349,64.72,76.84,41.27
1460,63.6,77.76,41.43
1428,63.94,76.93,41.2
1484,63.6,77.38,41.17
1546,63.22,78.27,40.77
1561,63.14,78.45,40.69
1533,63.56,77.4,40.73
1464,64.3,77.32,40.82
1459,65.2,77.24,40.87
1600,63.48,78.05,40.49
1571,63.94,77.8,40.54
1538,64.82,77.72,40.64
1643,63.31,78.57,40.42
1650,63.72,78.25,40.42
1647,63.5,78.48,40.42
1667,64.42,78.21,40.45
1444,65.59,77.63,41.27
1521,65.3,78.13,40.87
1329,65.54,76.77,41.9
1282,64.73,76.84,41.89
1367,64.14,76.94,41.72
1418,63.8,77.73,41.86
1067,63.75,75.14,44.48
1137,64.44,74.66,43.79
1056,63.59,74.65,44.69
1071,64.05,74.7,44.4
730,55.42,78.79,40.91
626,55.58,78.8,40.49
654,55.52,78.73,40.92
686,55.52,78.72,40.85
645,55.67,78.64,40.9
673,55.68,78.62,40.75
690,55.57,78.68,40.72
698,55.57,78.66,40.56
616,55.67,78.72,40.48
621,55.58,78.82,40.48
592,55.68,78.72,40.42
626,55.58,78.87,40.42
612,55.66,78.67,41.04
677,56.53,77.08,40.41
668,56.53,77.53,40.41
646,56.48,77.53,40.49
651,56.52,77.09,40.55
685,59.64,75.96,41.1
667,55.76,78.6,40.69
664,55.67,78.61,40.52
653,55.81,78.63,40.6
660,55.89,78.57,40.61
652,55.87,78.51,40.43
631,55.78,78.62,40.47
663,55.88,78.53,40.49
648,55.98,78.55,40.54
651,56.5,77.31,40.52
653,59.79,76.46,40.78
688,59.71,75.93,40.72
691,59.66,75.94,40.51
608,55.88,78.65,40.42
640,55.87,78.53,40.41
702,56.71,76.6,40.42
686,56.69,77.3,40.41
677,59.46,76.42,40.42
1574,63.35,77.88,40.58
1586,63.2,78.22,40.55
1597,63.06,78.42,40.48
1598,63.29,78.27,40.49
1624,63.1,78.45,40.41
1247,66.1,74.52,46.9
942,66.1,73.64,47.54
917,65.9,73.64,46.9
1294,64.24,76.87,42.33
1341,64.09,77.33,42.02
1273,64.27,76.87,42.53
1364,64.04,77.27,42.35
1320,64.07,77.29,42.64
1147,64.27,75.97,43.77
1212,64.27,76.52,43.14
1161,64.07,76.53,43.73
1242,64.07,77.3,43.14
1110,65.9,74.52,46.27
1208,64.49,76.48,43.14
1081,63.91,76.45,44.26
1050,65.66,74.54,45.65
1158,64.67,75.96,43.78
1094,64.21,75.98,44.18
1125,65.05,75.48,44.4
1058,63.77,76.04,44.44
1146,64.46,75.55,43.79
1042,63.63,75.58,44.64
1066,64.07,75.56,44.38
1079,64.59,75.08,44.41
1323,66.1,75.32,46.9
1289,65.71,76.3,44.4
1151,65.68,75.37,45.64
1188,65.5,75.89,45.02
1178,65.13,76.36,44.4
1088,63.93,77.34,44.21
1364,65.73,77.19,42.52
1251,64.51,77.31,42.59
1273,64.47,77.31,42.27
1282,65.2,77.24,42.52
1379,65.59,77.63,41.9
1448,65.9,77.7,42.51
1627,66.1,78.52,42.49
1545,65.9,78.52,41.87
1179,64.76,76.84,43.78
1293,65.54,76.77,43.77
1213,64.51,77.31,43.14
1264,65.2,77.24,43.15
1360,65.73,77.19,43.15
1865,66.1,81.1,41.93
1928,66.11,83,41.82
1629,65.9,79.41,41.88
1191,65.9,75.33,46.27
1281,65.9,75.88,45.65
1328,65.9,76.29,45.02
1377,65.9,76.77,44.39
1410,65.9,77.18,43.77
1445,65.9,77.7,43.14
1821,66.1,80.2,41.88
1725,66.1,79.4,42.51
1389,66.1,75.88,46.27
1432,66.1,76.29,45.65
1483,66.1,76.77,45.02
1522,66.1,77.18,44.39
1561,66.1,77.7,43.77
1625,66.1,78.52,43.14
1569,66.15,81.78,41.27
1615,66.13,82.07,40.76
1815,66.13,81.63,41.85
730,57.1,76.18,40.43
682,56.6,75.82,40.7
761,56.91,74.42,40.42
761,56.66,74.03,40.49
756,56.64,74.03,40.65
748,56.61,74.38,40.75
745,56.99,75.3,40.43
735,56.82,75.76,40.51
751,56.78,74.87,40.5
744,56.7,74.89,40.78
739,56.75,74.88,41.06
714,56.66,75.39,40.83
711,58.89,76.03,40.43
737,58.8,75.14,40.44
711,59.31,75.55,40.52
702,59.67,75.53,40.82
682,59.51,75.54,41.36
779,57.25,73.06,40.43
777,56.87,71.79,40.73
774,56.83,72.63,40.51
771,56.93,71.8,41.17
770,56.67,72.59,40.71
767,56.92,72.19,41.39
767,56.82,72.64,41.19
656,57.62,70.34,42.61
627,57.42,70.35,43.14
657,57.42,70.83,42.64
772,57.33,73.93,40.43
769,56.9,73.53,40.53
770,56.74,73.11,40.65
763,56.7,73.55,40.76
759,56.83,73.52,41.21
755,58.33,74.74,40.45
757,58.75,74.26,40.44
734,59.21,74.66,40.54
718,59.51,75.05,40.73
705,59.51,75.02,41.09
689,59.49,74.68,41.38
772,58.69,73.38,40.45
750,59.19,73.76,40.57
734,59.44,74.22,40.75
716,59.46,74.19,41.12
697,59.5,73.77,41.36
784,58.58,72.5,40.45
772,59.15,72.91,40.44
758,59.51,73.27,40.57
771,59.49,72.46,40.54
774,59.59,71.94,40.68
764,59.66,72.49,40.76
754,59.64,73.3,40.74
729,59.58,72.44,41.19
724,59.61,73.31,41.12
778,58.98,72.02,40.57
762,59.46,71.02,41.01
775,59.36,71.55,40.77
728,59.4,71.53,41.26
700,59.44,72.01,41.48
781,58.1,72.11,40.62
778,57.61,71.7,40.81
769,57.24,71.31,41.2
739,57.24,71.72,42.04
743,57.3,71.34,41.79
772,58.51,71.61,40.83
673,59.15,71.61,42.1
735,58.9,71.15,41.27
696,58.99,70.63,41.72
680,59.02,71.15,41.94
676,59.04,71.08,42.34
682,59,71.14,42.63
783,58.18,72.98,40.45
780,57.71,72.58,40.61
777,57.21,72.17,40.78
772,57.02,71.79,41.09
656,65.14,71.48,45.02
732,64.76,71.96,44.41
1042,64.52,72.43,43.79
871,65.26,72.36,45.02
1051,65.31,73.24,45.02
1040,65.36,74.12,45.02
1089,65.41,75.01,45.02
1044,64.82,72.84,44.4
1116,64.54,73.31,43.79
1092,64.89,73.72,44.4
1097,64.97,74.6,44.4
1135,64.58,74.21,43.78
1010,64.13,72.46,44.29
1058,63.81,72.91,44.38
1083,64.14,73.34,44.28
1087,64.15,74.18,44.27
1084,63.83,73.79,44.36
891,65.63,73.65,46.27
708,65.56,71.87,46.27
948,65.6,72.77,46.27
936,65.36,74.12,45.65
945,65.31,73.24,45.65
645,65.14,71.48,45.65
929,65.26,72.36,45.65
728,63.08,70.37,45.55
899,63.19,71.63,45.23
903,62.98,71.65,45.39
860,63.55,71.68,45.08
702,63.89,71.17,45.09
785,63.38,71.18,45.32
726,63.84,70.28,45.12
725,63.36,70.29,45.34
755,64.11,69.8,45.65
716,63.63,70.74,45.25
756,63.13,70.77,45.54
870,62.94,71.27,45.4
747,63.32,70.77,45.4
851,63.11,71.2,45.33
965,63.16,72.09,45.28
1007,63.41,72.51,44.93
912,64.14,72.03,44.59
920,63.69,72.06,44.89
661,64.66,71.08,45.65
680,64.28,71.56,45.03
1053,63.46,74.27,44.87
716,63,70.38,45.74
753,63.01,70.79,45.72
740,62.81,70.47,45.87
870,62.83,71.31,45.59
794,62.81,70.85,45.85
910,62.83,71.7,45.57
1249,46.4,74.46,40.43
1361,43.53,73.8,40.65
1214,46.31,74.45,40.74
1173,46.31,74.47,41.06
1225,46.47,74.93,40.71
3,48.56,77.8,60.87
3,48.57,77.79,60.87
3,48.53,77.8,60.87
3,48.55,77.8,60.86
3,48.66,77.79,60.87
3,48.66,77.8,60.88
4,48.66,77.8,60.87
3,48.65,77.81,60.87
4,48.66,77.81,60.87
3,48.68,77.79,60.87
4,48.68,77.8,60.87
4,48.69,77.8,60.87
4,48.68,77.8,60.87
4,48.69,77.81,60.87
3,48.67,77.8,60.86
3,48.68,77.79,60.87
3,48.66,77.79,60.87
3,48.73,77.81,60.87
4,48.74,77.8,60.87
4,48.74,77.81,60.87
3,48.73,77.8,60.87
4,48.75,77.8,60.87
4,48.74,77.79,60.87
4,48.75,77.79,60.87
3,48.71,77.81,60.87
3,48.71,77.8,60.87
3,48.71,77.79,60.87
3,48.72,77.8,60.87
3,48.71,77.81,60.87
3,48.73,77.79,60.86
3,48.7,77.8,60.87
3,48.71,77.79,60.87
3,48.69,77.79,60.87
4,48.7,77.81,60.87
4,48.75,77.8,60.87
4,48.75,77.81,60.87
4,48.75,77.81,60.87
4,48.76,77.81,60.87
4,48.76,77.8,60.87
4,48.77,77.8,60.86
4,48.77,77.8,60.86
4,48.78,77.79,60.87
4,48.77,77.79,60.87
4,48.78,77.8,60.86
4,48.78,77.82,60.86
3,48.63,77.81,60.87
3,48.64,77.8,60.87
3,48.48,77.81,60.87
3,48.51,77.81,60.87
3,48.5,77.79,60.87
3,48.52,77.8,60.86
3,48.49,77.8,60.86
3,48.59,77.82,60.87
3,48.6,77.81,60.87
3,48.62,77.8,60.87
3,48.58,77.81,60.87
3,48.59,77.8,60.86
4,48.85,77.81,60.87
4,48.84,77.8,60.87
4,48.84,77.8,60.86
4,48.81,77.8,60.86
4,48.81,77.81,60.86
4,48.82,77.8,60.85
4,48.79,77.8,60.85
4,48.88,77.81,60.87
4,48.87,77.8,60.86
4,48.85,77.8,60.85
4,48.88,77.79,60.87
4,48.88,77.79,60.85
3,48.39,77.79,60.87
3,48.46,77.8,60.87
3,48.52,77.79,60.87
3,48.49,77.79,60.87
3,48.53,77.79,60.87
3,48.55,77.79,60.85
3,48.56,77.79,60.87
3,48.59,77.79,60.87
3,48.57,77.79,60.85
3,48.62,77.79,60.87
3,48.68,77.79,60.87
3,48.66,77.79,60.87
3,48.68,77.79,60.87
3,48.67,77.79,60.87
3,48.64,77.79,60.87
4,48.74,77.79,60.87
4,48.75,77.79,60.87
3,48.71,77.79,60.87
3,48.73,77.79,60.87
3,48.69,77.79,60.87
3,48.71,77.79,60.87
3,48.7,77.79,60.87
4,48.77,77.79,60.87
4,48.77,77.79,60.86
4,48.78,77.79,60.87
4,48.82,77.79,60.85
4,48.79,77.79,60.85
4,48.85,77.79,60.85
4,48.88,77.79,60.87
4,48.89,77.8,60.87
4,48.88,77.79,60.85
673,60.28,66.31,44.4
686,61.09,66.31,45.02
681,61.63,66.31,45.65
699,62.04,66.31,45.65
740,62.93,66.31,45.65
722,62.52,66.31,45.65
506,46.99,66.31,45.02
513,47.4,66.31,45.02
522,47.95,66.31,45.02
685,43.81,66.31,47.55
670,44.61,66.31,46.9
550,45.54,66.31,46.27
522,46.09,66.31,45.65
526,46.5,66.31,45.02
524,48.76,66.31,45.02
506,49.64,66.31,45.02
486,50.52,66.31,44.4
473,51.31,66.31,44.39
466,53.69,66.31,44.4
464,52.28,66.31,44.39
463,53.17,66.31,44.39
462,52.77,66.31,44.39
486,55.4,66.31,44.39
446,54.52,66.31,45.02
658,58.05,66.31,42.5
651,58.58,66.31,43.14
659,59.39,66.31,43.77
570,57.16,66.31,43.77
617,57.64,66.31,43.14
556,56.75,66.31,43.77
505,56.2,66.31,44.39
736,63.48,66.31,46.27
748,64.33,66.31,46.91
782,65.34,66.31,47.57
791,65.99,66.31,48.25
823,66.1,67.73,48.23
683,66.1,68.7,47.56
681,66.1,70.51,46.91
675,66.1,71,46.9
679,66.1,70.1,46.91
647,66.1,69.55,47.88
801,66.1,71.96,47.54
856,66.1,72.76,47.54
618,66.1,71.4,47.87
789,63.38,66.83,45.65
807,63.88,67.13,45.65
789,64.29,66.8,46.27
813,62.59,67.69,45.03
794,63,67.23,45.65
827,63.11,67.99,45.07
822,62.87,68.32,45.36
822,63.37,68.17,45.6
824,63,68.45,45.44
812,63.48,67.64,45.65
810,62.09,68.6,45.56
807,62.22,67.93,45.18
806,62.16,68.25,45.5
702,62.56,69.54,45.85
795,62.28,69.23,45.6
783,62.68,69.29,45.64
763,62.74,69.38,45.75
707,62.28,69.52,45.65
809,62.65,68.21,45.61
817,62.62,68.68,45.62
800,61.78,69.43,45.77
790,61.82,69.54,45.88
767,65.17,66.77,47.52
781,64.76,67.08,46.9
804,64.36,67.56,46.27
782,66.1,66.77,48.93
796,65.9,66.94,48.18
799,65.58,67,47.52
809,65.27,67.48,46.9
817,64.83,67.96,46.27
807,63.95,68.04,46.27
827,63.57,68.52,45.63
817,64.43,68.44,46.27
816,64.02,68.92,45.64
689,62.55,69.75,45.99
816,63.41,68.97,45.64
812,63.12,69.02,45.78
711,63.11,69.92,45.53
695,62.97,69.96,45.71
679,62.81,70.04,45.87
741,63.59,69.85,45.28
723,63.31,69.9,45.41
735,62.94,69.56,46
764,63.08,69.46,45.78
675,62.74,70.04,45.99
784,63.66,69.4,45.65
777,63.31,69.41,45.83
801,65.32,68.36,46.9
798,65.61,67.89,47.52
809,65.9,67.82,48.18
773,65.64,68.77,46.9
742,65.9,68.74,47.53
800,64.91,68.84,46.9
798,64.51,69.32,46.27
775,65.37,69.24,46.9
770,64.99,69.72,46.27
736,64.59,70.2,46.27
683,64.19,70.68,45.65
780,66.1,73.64,48.19
839,65.6,72.77,46.9
846,65.9,72.76,47.53
684,65.51,71.01,46.27
680,65.9,71,46.9
737,65.45,70.12,46.27
703,65.9,70.1,46.9
741,65.66,69.62,46.9
694,65.9,69.58,47.85
709,65.07,70.6,46.27
714,65.69,70.53,46.27
696,65.9,70.51,46.9
654,65.71,71.42,46.9
709,65.56,71.87,46.9
636,65.9,71.41,47.85
772,65.9,71.96,47.53
727,62.04,66.51,45.65
761,62.93,66.51,45.65
746,62.52,66.51,45.65
752,63.47,66.51,46.27
756,64.29,66.51,46.9
777,65.22,66.51,47.54
779,65.8,66.51,48.19
667,57.39,68.04,42.52
631,57.22,68.24,43.14
588,57.06,68.38,43.72
713,61.09,66.51,45.02
696,60.28,66.51,44.4
713,60.29,66.76,44.4
706,59.41,66.79,43.15
728,59.88,67.07,43.77
686,58.19,68.06,42.49
685,58.59,68.47,43.13
713,58.91,68.68,43.75
747,59.22,68.72,44.17
753,59.46,68.41,44.19
758,59.4,68.55,44.37
728,59.26,68.21,43.75
716,59.03,67.95,43.14
710,58.59,67.62,42.52
681,58.12,67.22,42.52
670,57.71,67.69,42.51
670,57.83,68.54,42.5
638,57.52,68.7,43.13
601,57.32,68.74,43.71
634,57.6,69.06,43.25
601,57.38,69.09,43.73
731,61.13,66.74,45.02
739,60.76,67.02,45.02
762,60.35,67.45,44.4
773,59.79,68.45,44.75
757,59.57,68.21,44.45
774,59.72,68.66,44.86
760,59.92,67.81,44.42
778,60.07,68.19,44.93
785,60.15,68.46,45.18
786,60.13,68.52,45.27
668,58.26,68.95,43.11
767,59.55,68.99,44.72
682,58.57,69.39,43.14
747,59.15,69.4,44.21
751,59.13,68.96,44.45
660,57.79,69.92,42.58
638,57.62,69.94,43.14
609,57.42,69.93,43.74
651,57.94,69.47,43.15
636,57.61,69.47,43.77
602,57.3,69.49,44.19
1318,45.48,74.54,40.45
1312,45.39,73.66,40.45
1236,45.89,74.06,40.58
1264,45.89,73.18,40.44
1219,46.2,73.58,40.57
1200,46.28,74.05,40.81
1200,46.31,73.58,40.74
1134,46.18,74.07,41.32
1151,46.27,73.54,41.13
1258,45.81,72.29,40.44
1161,46.23,71.31,40.69
1199,46.13,71.85,40.57
1208,46.17,72.71,40.57
1169,46.31,71.88,40.76
1186,46.31,72.73,40.74
1111,46.24,71.83,41.19
1138,46.27,72.71,41.14
1334,44.79,72.37,40.46
1287,44.27,71.97,40.66
1235,44,71.54,40.86
368,43.42,72.89,41.43
20,43.42,72.91,42.12
1365,44.29,72.85,40.46
718,43.73,66.8,46.27
651,43.53,67.45,46.27
601,43.53,68.01,45.64
581,43.73,68.03,45.02
573,43.53,68.43,45.02
637,43.73,68.44,44.4
677,43.53,68.93,44.4
768,43.73,68.93,43.77
777,43.53,69.34,43.78
865,43.51,72.24,41.13
1259,43.7,72.39,40.76
1312,43.94,72.45,40.65
855,43.73,69.34,43.16
1054,43.72,71.56,41.22
909,43.71,69.88,42.53
984,43.73,70.7,41.89
759,43.5,72.11,42.24
756,43.51,71.95,42.03
838,43.53,69.91,43.17
900,43.53,70.7,42.53
855,43.52,71.49,41.87
656,43.53,66.68,47.54
682,43.73,66.8,46.9
625,43.53,67.46,46.89
1412,43.91,74.21,40.46
1371,43.8,73.8,40.65
1399,44.48,74.61,40.46
1357,44.95,74.14,40.46
1311,43.52,73.38,40.98
1336,43.71,73.32,40.77
1344,43.99,73.33,40.65
1383,44.38,73.73,40.46
897,43.64,72.96,41.22
1262,43.88,72.9,40.88
601,56.35,67.38,43.14
674,59.39,66.51,43.77
730,59.47,67.53,43.77
619,57.64,66.51,43.14
659,58.58,66.51,43.14
700,58.99,67.12,43.15
665,58.05,66.51,42.51
689,58.51,66.83,42.52
656,57.64,66.87,42.52
696,58.06,66.68,41.9
591,56.76,66.92,43.15
547,56.75,66.51,43.77
612,57.23,67.29,43.15
562,57.16,66.51,43.77
602,57.17,66.71,43.15
618,56.85,67.71,43.15
562,56.65,68.03,43.75
528,56.6,68.29,44.2
622,55.93,67.68,43.14
572,55.92,67.94,43.76
516,55.86,68.16,44.32
490,56.39,68.26,44.4
525,55.88,67,43.77
530,56.24,66.73,43.77
487,56.2,66.51,44.39
471,55.4,66.51,44.4
517,55.41,66.76,43.77
614,54.59,67.5,43.15
606,54.61,67.92,43.76
591,54.62,68.13,44.33
521,54.99,67.06,43.77
631,55.1,67.7,43.15
593,55.13,67.92,43.76
558,55.12,68.13,44.34
540,55.47,67.42,43.77
610,54.23,68.14,44.34
609,54.2,67.93,43.76
637,54.18,67.73,43.15
520,54.11,67.11,43.77
456,53.69,66.51,44.4
500,53.62,66.82,43.77
428,54.52,66.51,45.02
456,54.53,66.78,44.4
632,53.27,67.78,43.14
626,53.39,68.24,44.32
556,53.71,67.56,43.77
562,53.83,68.23,44.77
556,53.76,67.97,44.35
604,52.83,67.65,43.15
639,53.07,68.3,44.19
518,53.23,67.2,43.77
554,51.07,67.83,43.15
529,51.88,66.91,43.15
539,51.47,67.36,43.15
578,51.95,67.76,43.15
559,52.35,67.28,43.15
483,51.87,66.51,43.77
467,51.87,66.31,44.39
493,52.76,66.86,43.77
485,52.29,66.7,43.77
493,53.18,66.68,43.77
455,52.28,66.51,44.4
455,53.17,66.51,44.39
454,52.77,66.51,44.39
567,50.73,68.09,43.14
511,50.42,68.64,44.3
525,50.31,68.44,44.22
503,50.59,67.43,43.77
502,50.11,67.04,43.77
490,51,66.99,43.77
494,50.52,66.75,43.77
485,51.35,66.73,43.77
482,50.52,66.51,44.4
467,51.31,66.51,44.39
531,49.31,68.18,44.32
545,49.38,67.95,43.76
571,49.36,67.73,43.14
517,49.71,67.48,43.77
522,50.21,67.8,43.77
507,50.01,68.13,44.35
503,49.9,68.4,44.67
495,50.02,68.51,44.79
489,49.68,68.39,44.9
502,49.64,66.51,45.02
498,49.65,66.78,44.4
534,48.83,67.54,43.77
521,48.82,67.94,44.36
514,48.8,68.21,44.79
500,49.23,67.1,44.4
528,48.35,67.15,43.77
515,48.76,66.51,45.02
505,48.77,66.8,44.4
592,44.77,66.77,46.27
517,48.45,68.2,44.91
528,48.43,67.93,44.38
551,48.41,67.75,43.77
572,47.56,68.14,44.43
592,47.06,67.65,43.77
563,47.17,68.24,44.79
572,47.11,67.97,44.34
576,46.59,67.35,44.39
560,47.96,67.6,43.77
546,47.92,67.93,44.36
534,47.98,68.18,44.86
541,47,66.9,44.4
506,46.99,66.51,45.02
537,45.61,66.75,45.64
556,46.11,66.95,45.02
559,46.52,66.72,44.4
609,44.7,66.51,46.9
523,45.56,66.51,46.27
524,46.09,66.51,45.65
530,46.5,66.51,45.02
509,47.86,66.85,44.4
513,47.95,66.51,45.02
531,47.47,67.28,44.39
516,47.41,66.7,44.4
507,47.4,66.51,45.02
599,43.81,66.31,48.2
665,43.98,66.51,47.53
656,44.01,66.8,46.9
578,50.97,68.33,43.15
590,50.9,70.95,40.43
654,51.2,68.71,42.52
665,50.45,69.67,41.14
590,51.32,70.47,40.62
689,51.81,70.88,40.45
674,50.92,69.18,41.84
684,51.64,69.12,41.9
697,52.3,69.06,41.75
643,51.21,69.6,41.28
708,52.1,69.52,41.26
791,52.71,69.42,41.1
808,52.72,69.95,41.32
862,53.01,70.35,41.04
827,52.77,70.4,41.53
776,52.63,69.92,41.83
536,50.58,68.26,43.75
556,50.61,68.58,43.71
609,53.32,67.97,43.76
589,51.55,68.24,43.15
616,52.35,68.03,43.15
650,52.95,68.04,43.14
695,52.35,69.52,42.02
690,51.95,68.61,42.52
714,52.27,68.76,42.33
687,52.59,68.24,42.52
616,52.84,68.42,44.23
661,53.05,68.23,43.71
588,52.72,68.58,44.35
692,52.7,68.38,43.13
703,52.39,69.57,42.34
708,52.42,68.85,42.64
586,50.79,68.46,43.14
663,50.19,70.13,41.08
642,50.86,68.82,42.62
664,50.89,69.21,42.31
665,50.77,69.63,42.05
659,50.49,70.03,41.53
608,50.68,68.89,43.13
657,50.21,70.56,41.34
646,50.73,69.25,42.63
659,50.7,69.64,42.35
660,50.53,70.09,41.98
858,52.9,70.86,40.44
660,51.72,69.99,40.84
764,52.21,70.41,40.6
795,52.59,69.91,40.79
849,52.97,70.32,40.56
859,53.02,70.29,40.73
879,53.18,70.97,40.66
1240,45.22,71.9,40.63
1002,43.97,70.68,41.89
1124,44.27,71.09,41.27
1203,44.74,71.49,40.87
1107,45.88,70.91,41.14
1174,45.65,71.41,40.82
1089,45.93,71.4,41.43
1009,45.88,71.42,41.95
1186,45.16,71.01,40.84
994,45.82,71,42.08
1034,45.62,70.02,41.71
1096,45.54,70.54,41.27
1018,45.67,70.55,41.93
968,45.7,70.49,42.33
932,43.93,69.82,42.5
1020,44.22,70.21,41.9
1118,44.66,70.61,41.27
623,43.73,67.49,45.64
639,44.33,67.09,45.65
559,45.23,67.03,45.65
610,44.04,67.58,45.02
606,44.83,67.49,45.02
592,46.34,68.47,44.64
588,45.71,67.42,45.02
690,45.7,68.08,43.78
621,45.99,68.28,44.32
614,46.18,67.79,44.4
632,44.43,67.97,44.4
635,45.31,67.89,44.4
849,45.26,68.75,43.15
738,44.91,68.37,43.77
741,45.45,68.34,43.77
590,46.6,68.09,44.46
642,45.84,68.52,44.4
602,46.23,68.61,44.62
572,46.76,68.38,44.86
571,46.56,68.52,45.04
714,45.85,68.9,44.19
944,45.66,70.53,42.63
1026,45.05,70.13,41.89
978,45.28,69.65,42.26
982,45.49,70.12,42.33
951,45.46,70.13,42.62
890,45.66,70.13,43.14
788,45.54,68.88,43.76
830,45.67,69.61,43.73
945,45.24,69.64,42.59
889,45.46,69.6,43.14
580,43.9,68.03,45.02
774,43.92,68.92,43.77
858,44.14,69.33,43.15
950,44.58,69.73,42.52
653,44.09,68.45,44.4
880,44.96,69.25,43.14
777,44.51,68.85,43.77
607,44.33,67.09,46.27
512,53.12,68.47,44.75
519,50.58,68.88,44.18
751,58.02,71.22,41.27
716,57.65,70.83,41.84
677,57.57,70.87,42.3
702,57.39,71.25,42.36
688,58.41,70.74,41.89
672,58.84,70.72,42.32
674,58.63,70.27,42.26
671,58.58,70.24,42.58
712,58.82,69.4,43.77
688,58.8,70.19,43.14
673,58.8,70.73,42.62
722,59,70.18,43.73
697,59,70.74,43.14
661,57.99,70.34,42.52
668,58.31,69.86,43.14
762,61.64,66.93,45.02
743,62.05,66.71,45.65
771,62.94,66.69,45.65
769,62.52,66.88,45.65
793,62.12,67.33,45.01
710,61.63,66.51,45.65
784,60.82,67.7,44.4
791,60.9,68.03,44.95
796,60.98,68.35,45.26
778,61.24,67.4,45.02
799,61.34,68.4,45.46
795,61.28,68.59,45.66
798,61.73,67.71,45.03
798,61.66,68.16,45.44
791,60.57,68.43,45.29
790,60.55,68.65,45.43
784,60.43,68.13,45.06
790,60.99,68.96,45.63
783,59.94,68.89,45.23
772,59.67,69.35,44.94
751,59.25,69.76,44.38
632,50.8,70.08,40.8
667,50.34,69.67,40.75
663,50.06,70.21,40.48
638,50.43,70.56,40.51
664,49.99,70.21,40.72
659,50.07,70.57,40.84
656,49.89,71.05,40.68
917,54.56,78.73,41.19
925,54.57,78.71,41.16
932,54.57,78.7,41.12
939,54.57,78.69,41.09
961,54.53,78.64,40.94
968,54.53,78.62,40.87
972,54.59,78.6,40.77
974,54.63,78.58,40.68
615,50.44,71.43,40.42
650,50,71.05,40.41
629,54.82,78.83,41.63
598,54.87,78.83,41.63
582,54.84,78.9,41.6
583,54.84,78.93,41.56
584,54.87,78.91,41.55
592,54.92,78.92,41.55
583,54.9,78.89,41.57
591,54.95,78.89,41.56
602,54.87,78.83,41.65
586,54.89,78.83,41.61
575,54.93,78.82,41.59
614,54.9,78.92,41.45
601,54.9,78.92,41.48
600,54.87,78.95,41.48
592,54.9,78.92,41.52
592,54.87,78.95,41.52
570,54.98,78.82,41.61
680,54.98,78.89,41.33
734,54.98,78.89,41.29
650,54.95,78.92,41.37
637,54.95,78.92,41.41
644,54.98,78.89,41.37
635,54.98,78.89,41.41
620,55.19,78.76,41.33
667,55.03,78.88,41.33
706,55.03,78.88,41.29
657,55.05,78.87,41.33
691,55.05,78.86,41.29
643,55.11,78.84,41.32
620,55.16,78.77,41.35
642,55.03,78.88,41.37
635,55.03,78.89,41.41
633,55.1,78.86,41.39
625,55.16,78.78,41.42
617,54.97,78.9,41.48
615,55.01,78.87,41.5
627,54.95,78.92,41.45
615,54.95,78.92,41.48
628,54.98,78.89,41.44
605,54.95,78.92,41.52
608,54.97,78.91,41.51
604,55,78.88,41.53
597,54.99,78.9,41.57
573,55.04,78.81,41.57
634,55.03,78.89,41.44
632,55.03,78.9,41.47
631,55.08,78.88,41.47
624,55.15,78.79,41.49
624,55.08,78.89,41.53
607,55.13,78.81,41.56
841,54.98,78.89,41.21
793,54.98,78.89,41.25
802,55.03,78.88,41.21
759,55.03,78.88,41.25
778,55.06,78.86,41.21
738,55.05,78.86,41.25
696,55.1,78.83,41.25
882,54.98,78.89,41.17
914,54.98,78.89,41.13
841,55.03,78.88,41.17
875,55.03,78.88,41.13
817,55.06,78.86,41.17
851,55.05,78.86,41.13
796,55.09,78.82,41.15
939,54.98,78.89,41.09
905,55.03,78.88,41.09
930,55.03,78.88,41.06
882,55.06,78.87,41.1
910,55.05,78.87,41.06
846,55.09,78.82,41.08
880,55.09,78.81,41.03
604,55.57,78.69,41.09
623,55.52,78.75,40.99
606,55.41,78.71,41.12
685,55.37,78.8,41.06
623,55.47,78.79,41.07
634,55.47,78.76,41.02
717,55.36,78.78,41.01
692,55.42,78.8,40.98
904,55.14,78.88,40.99
821,55.2,78.81,41.02
821,55.26,78.86,40.98
752,55.3,78.8,41.02
611,55.35,78.72,41.14
846,55.14,78.89,41.08
778,55.2,78.83,41.09
716,55.3,78.82,41.09
612,55.42,78.72,41.18
617,55.58,78.72,41.21
744,55.13,78.88,41.21
671,55.19,78.85,41.24
617,55.26,78.75,41.27
617,55.36,78.75,41.27
793,55.13,78.88,41.16
730,55.2,78.84,41.16
624,55.26,78.74,41.2
612,55.35,78.73,41.2
684,55.3,78.85,41.15
736,55.47,78.7,40.77
899,55.24,78.76,40.75
842,55.29,78.71,40.78
840,55.3,78.79,40.84
762,55.41,78.78,40.84
918,55.24,78.74,40.68
829,55.35,78.72,40.69
976,55.08,78.8,40.76
942,55.19,78.79,40.76
961,55.14,78.84,40.84
887,55.25,78.84,40.84
964,55.19,78.79,40.68
762,55.46,78.76,40.57
904,55.2,78.9,40.92
886,55.37,78.89,40.49
1030,55.26,78.98,40.42
783,55.38,79.08,40.42
695,54.71,78.82,41.61
679,54.74,78.82,41.63
599,54.76,78.89,41.6
582,54.81,78.92,41.59
590,54.79,78.9,41.61
679,54.74,78.83,41.65
664,54.77,78.83,41.66
589,54.79,78.91,41.64
631,54.82,78.83,41.66
914,54.55,78.8,41.2
905,54.53,78.74,41.23
913,54.61,78.79,41.21
908,54.58,78.75,41.23
893,54.61,78.8,41.26
902,54.61,78.8,41.24
896,54.58,78.76,41.26
915,54.64,78.81,41.21
891,54.62,78.81,41.26
890,54.64,78.82,41.26
901,54.62,78.81,41.24
901,54.64,78.82,41.24
919,54.67,78.83,41.21
892,54.65,78.83,41.26
904,54.65,78.83,41.24
896,54.67,78.85,41.26
908,54.67,78.85,41.24
927,54.61,78.79,41.17
928,54.58,78.79,41.17
941,54.61,78.79,41.13
937,54.58,78.78,41.14
931,54.64,78.81,41.17
945,54.64,78.81,41.13
938,54.67,78.83,41.17
951,54.67,78.83,41.13
945,54.58,78.77,41.1
952,54.61,78.79,41.09
954,54.58,78.76,41.06
957,54.61,78.76,41.06
951,54.59,78.68,41.03
933,54.7,78.86,41.21
874,54.7,78.86,41.25
920,54.73,78.88,41.21
3886,54.73,78.88,41.25
969,54.72,78.83,41.09
956,54.64,78.81,41.09
962,54.67,78.83,41.09
945,54.7,78.86,41.17
958,54.7,78.86,41.13
976,54.72,78.83,41.06
981,54.75,78.8,41.02
984,54.78,78.82,41.02
968,54.64,78.76,41.02
973,54.66,78.79,41.02
966,54.64,78.81,41.06
971,54.67,78.83,41.06
977,54.69,78.8,41.02
983,54.69,78.81,40.98
974,54.64,78.75,40.99
979,54.66,78.8,40.99
976,54.75,78.85,41.09
979,54.81,78.85,41.09
982,54.75,78.85,41.06
983,54.81,78.85,41.06
748,54.68,78.86,41.36
725,54.68,78.86,41.38
684,54.7,78.87,41.38
703,54.7,78.87,41.36
706,54.68,78.86,41.4
693,54.68,78.86,41.42
669,54.7,78.87,41.4
659,54.7,78.87,41.42
634,54.71,78.88,41.4
626,54.71,78.88,41.42
606,54.73,78.9,41.4
599,54.73,78.9,41.42
614,54.71,78.88,41.38
655,54.71,78.88,41.36
571,54.73,78.9,41.38
680,54.73,78.9,41.36
827,54.7,78.86,41.29
779,54.68,78.86,41.32
767,54.68,78.86,41.34
748,54.7,78.87,41.34
780,54.7,78.87,41.32
29637,54.73,78.88,41.33
35284,54.73,78.88,41.29
684,54.68,78.86,41.44
678,54.68,78.86,41.46
653,54.7,78.87,41.44
648,54.7,78.87,41.46
654,54.7,78.86,41.48
622,54.71,78.88,41.44
619,54.71,78.88,41.46
606,54.73,78.9,41.44
603,54.73,78.9,41.46
610,54.73,78.88,41.48
634,54.7,78.87,41.51
661,54.67,78.87,41.54
608,54.73,78.89,41.52
727,54.65,78.81,41.59
653,54.67,78.87,41.56
604,54.73,78.9,41.55
629,54.7,78.88,41.58
590,54.76,78.91,41.52
583,54.79,78.93,41.52
590,54.76,78.91,41.56
583,54.79,78.93,41.56
592,54.76,78.91,41.45
589,54.76,78.91,41.48
584,54.79,78.93,41.48
821,54.59,78.78,41.41
826,54.56,78.78,41.42
839,54.61,78.8,41.35
837,54.59,78.77,41.38
844,54.55,78.77,41.38
831,54.62,78.81,41.36
818,54.64,78.82,41.36
817,54.63,78.81,41.38
804,54.64,78.82,41.38
825,54.61,78.77,41.39
802,54.65,78.83,41.36
785,54.65,78.83,41.38
780,54.67,78.85,41.36
761,54.67,78.85,41.38
791,54.64,78.82,41.4
779,54.64,78.82,41.42
804,54.62,78.81,41.39
805,54.61,78.78,41.42
770,54.65,78.83,41.4
742,54.67,78.85,41.4
756,54.65,78.83,41.42
729,54.67,78.85,41.42
872,54.61,78.8,41.3
882,54.61,78.8,41.28
879,54.58,78.76,41.3
862,54.61,78.8,41.32
851,54.61,78.8,41.34
862,54.58,78.77,41.34
863,54.55,78.77,41.35
879,54.54,78.76,41.3
872,54.54,78.76,41.34
869,54.62,78.81,41.3
864,54.64,78.82,41.3
880,54.62,78.81,41.28
877,54.64,78.82,41.28
858,54.62,78.81,41.32
845,54.62,78.81,41.34
850,54.64,78.82,41.32
835,54.64,78.82,41.34
861,54.65,78.83,41.3
878,54.65,78.83,41.28
862,54.67,78.85,41.3
881,54.67,78.85,41.28
843,54.65,78.83,41.32
823,54.65,78.83,41.34
834,54.67,78.85,41.32
807,54.67,78.85,41.34
810,54.57,78.79,41.45
765,54.62,78.8,41.48
775,54.59,78.8,41.5
766,54.64,78.83,41.43
781,54.62,78.79,41.45
793,54.59,78.79,41.46
745,54.65,78.83,41.44
720,54.67,78.85,41.44
736,54.66,78.84,41.45
716,54.67,78.85,41.46
759,54.64,78.79,41.47
711,54.67,78.85,41.47
713,54.64,78.86,41.5
756,54.62,78.8,41.51
696,54.64,78.86,41.52
755,54.62,78.8,41.54
768,54.6,78.8,41.53
746,54.63,78.81,41.57
951,54.87,78.9,41.17
958,54.73,78.88,41.17
972,54.78,78.88,41.17
966,54.73,78.88,41.13
977,54.78,78.88,41.13
978,54.81,78.9,41.17
5252,54.81,78.9,41.25
890,54.87,78.9,41.25
965,54.81,78.9,41.21
931,54.87,78.9,41.21
1084,54.76,78.91,41.21
23550,54.76,78.91,41.25
822,54.95,78.92,41.25
871,54.9,78.92,41.25
874,54.95,78.92,41.21
918,54.9,78.92,41.21
915,54.95,78.92,41.17
949,54.9,78.92,41.17
944,54.95,78.92,41.13
983,54.81,78.9,41.13
978,54.84,78.87,41.09
966,54.87,78.9,41.13
949,54.89,78.87,41.09
966,54.9,78.92,41.13
954,54.92,78.89,41.09
947,54.89,78.83,41.02
941,54.97,78.85,41
936,54.92,78.84,41.06
943,54.95,78.86,41.06
959,54.88,78.83,40.98
912,54.93,78.79,41.01
960,54.89,78.87,41.06
964,54.92,78.89,41.06
983,54.84,78.87,41.06
987,54.81,78.85,41.02
969,54.86,78.84,41.02
976,54.86,78.84,40.98
962,54.95,78.92,41.09
955,54.98,78.89,41.06
953,55.03,78.87,40.99
973,54.95,78.92,41.06
592,54.81,78.9,41.41
614,54.87,78.9,41.41
637,54.81,78.9,41.37
635,54.87,78.9,41.37
629,54.9,78.92,41.41
648,54.9,78.92,41.37
588,54.79,78.93,41.45
597,54.84,78.93,41.45
612,54.87,78.95,41.45
578,54.76,78.91,41.41
720,54.76,78.91,41.37
20471,54.81,78.9,41.33
689,54.87,78.9,41.33
28913,54.81,78.9,41.29
814,54.87,78.9,41.29
54439,54.76,78.91,41.33
65984,54.76,78.91,41.29
711,54.9,78.92,41.33
697,54.95,78.92,41.33
800,54.9,78.92,41.29
758,54.95,78.92,41.29
588,54.82,78.96,41.48
584,54.82,78.96,41.52
979,54.58,78.74,40.93
986,54.59,78.72,40.87
997,54.63,78.76,40.82
988,54.64,78.68,40.78
988,54.7,78.7,40.8
994,54.68,78.7,40.73
984,54.68,78.65,40.7
995,54.74,78.73,40.75
978,54.75,78.67,40.72
975,54.79,78.67,40.67
983,54.78,78.57,40.42
936,54.78,78.55,40.54
971,54.7,78.59,40.7
953,54.95,78.71,40.68
939,55.01,78.63,40.52
940,54.9,78.68,40.67
916,54.95,78.63,40.6
981,54.91,78.76,40.68
996,54.8,78.77,40.76
970,54.85,78.71,40.68
989,54.78,78.82,40.98
986,54.75,78.81,40.98
983,54.75,78.75,40.94
989,54.8,78.8,40.91
980,54.64,78.75,40.95
992,54.69,78.8,40.91
991,54.81,78.85,40.98
981,54.86,78.83,40.92
998,54.69,78.79,40.84
994,54.8,78.79,40.84
989,54.86,78.82,40.84
1000,54.86,78.82,40.76
978,54.97,78.81,40.76
995,55.03,78.86,40.76
985,55.08,78.8,40.68
971,55.02,78.75,40.68
953,55.12,78.7,40.55
1005,55.03,78.86,40.68
994,54.97,78.81,40.68
983,54.92,78.86,40.92
994,54.92,78.86,40.84
961,55.25,78.78,40.56
994,54.98,78.92,40.92
976,55.09,78.91,40.92
1005,54.98,78.92,40.84
996,55.09,78.91,40.84
989,55.25,78.83,40.48
1008,55.02,78.78,40.42
1029,55.14,78.88,40.42
992,54.9,78.66,40.42
1020,66.1,74.52,48.86
1338,66.1,75.32,48.86
822,55.31,78.89,40.92
776,55.36,78.83,40.92
732,55.48,78.98,40.51
696,55.6,79.06,40.42
709,58.48,76.5,40.45
723,57.62,76.58,40.44
1765,66.1,85.3,40.56
1748,65.78,80.22,40.66
1683,65.88,81.26,40.6
1668,65.76,81.1,40.62
1607,65.9,81.85,40.54
1656,65.8,82.15,40.55
1788,65.91,82.95,40.58
1585,64.89,78.6,40.66
1693,65.47,79.87,40.66
1662,65.41,79,40.66
1755,65.67,80.71,40.46
1656,65.64,81.61,40.44
1679,65.72,82.58,40.44
1775,65.84,83.45,40.45
1714,65.91,84.38,40.46
1709,65.97,85.36,40.46
1690,64.49,79.08,40.46
1716,65.11,80.35,40.46
1730,65.02,79.48,40.46
1825,66.1,84.36,41.13
1870,66.1,83.53,41.2
1886,66.13,82.63,41.26
1743,66.14,82.36,41.26
1799,65.97,82.92,41.25
1774,66.12,81.46,41.36
1541,66.01,81.7,41.22
1839,66.1,80.7,41.24
1664,65.95,81.17,41.23
1731,65.9,80.21,41.24
1583,65.65,79.42,41.27
1517,65.62,78.54,41.27
1726,65.91,84.31,40.76
1769,65.93,83.49,40.77
1679,65.68,80.26,40.87
1738,65.91,80.7,40.75
1719,65.92,80.78,40.85
1576,65.66,81.14,40.76
1587,65.79,81.28,40.83
1542,65.86,81.87,40.77
1752,65.84,82.9,40.81
1756,66.03,82.55,40.73
1610,65.77,82.14,40.78
1612,65.4,79.88,40.87
1580,65.35,79,40.87
1565,62.99,78.53,40.68
1380,65.2,77.24,41.27
1476,63.46,78.19,41.25
1527,63.38,78.03,40.85
1568,63.5,78.06,40.59
1549,63.4,77.87,40.72
1423,63.74,77.8,41.4
1473,63.71,77.38,41.08
1372,64.34,77.32,41.26
1533,63.3,78.32,40.79
1544,63.23,78.51,40.72
1541,63.1,78.52,40.81
1565,63.5,78.47,40.59
1562,63.7,78.23,40.6
1502,63.91,77.8,40.78
1470,64.78,77.72,40.86
1598,63.35,78.6,40.5
1592,63.74,78.26,40.52
1597,63.53,78.5,40.51
1558,64.42,78.21,40.62
1641,63.27,78.73,40.42
1669,64.01,78.69,40.44
1436,65.3,78.12,41.27
1505,64.88,78.6,40.87
1310,65.2,77.24,41.9
1309,64.38,77.32,41.86
1369,63.88,78.04,42.08
1365,63.98,77.77,41.81
1044,63.92,75.14,44.58
1030,63.48,75.18,44.83
1029,63.75,74.65,44.81
1061,64.26,74.7,44.51
996,63.36,75.63,45.01
687,55.47,78.82,40.92
718,55.47,78.82,40.84
649,55.52,78.78,40.92
679,55.52,78.77,40.84
649,55.58,78.85,40.58
607,55.68,78.72,40.88
619,55.79,78.64,40.93
690,55.57,78.7,40.68
633,55.68,78.69,40.76
616,55.69,78.75,40.56
598,55.69,78.77,40.47
641,55.59,78.89,40.5
594,55.79,78.81,40.42
636,55.69,78.93,40.42
653,56.59,76.59,40.68
612,55.79,78.67,41.07
617,55.67,78.76,41.02
624,55.79,78.7,41.2
687,56.61,77.12,40.47
695,56.98,77.51,40.42
678,56.73,77.74,40.41
680,56.62,77.55,40.48
669,56.59,77.55,40.55
650,56.57,77.53,40.67
645,56.49,77.73,40.51
677,56.61,77.12,40.6
652,56.64,77.31,40.8
688,59.52,75.96,41.07
668,59.53,76.4,41.33
591,55.89,78.63,40.88
635,55.89,78.59,40.74
634,55.78,78.67,40.71
631,55.78,78.66,40.55
645,55.9,78.63,40.62
641,56.48,77.96,40.5
611,55.9,78.67,40.48
636,55.89,78.58,40.47
631,56,78.52,40.44
642,55.89,78.59,40.51
630,56,78.62,40.59
630,56.09,78.54,40.56
625,55.99,78.58,40.69
616,56.15,78.52,40.5
644,56.59,77.97,40.73
633,59.86,76.81,40.63
673,56.59,77.32,40.56
660,59.67,76.47,40.81
694,59.54,75.95,40.72
607,55.93,78.68,40.47
713,56.87,76.68,40.5
693,56.75,77.32,40.48
679,59.39,76.42,40.53
595,55.89,78.72,40.42
618,55.98,78.56,40.42
594,56.15,78.54,40.41
661,56.56,77.96,40.41
648,59.81,76.81,40.42
710,57.2,77.05,40.43
676,58.98,76.9,40.43
1534,63.29,78.54,40.72
1572,63.34,78.3,40.58
1565,63.35,78.6,40.59
1586,63.15,78.48,40.55
1600,62.96,78.5,40.49
1600,63.18,78.5,40.49
1627,62.98,78.56,40.41
1636,63.07,78.87,40.42
1226,66.1,74.52,47.54
1046,65.9,74.52,46.9
1173,66.1,74.52,48.19
805,65.9,73.64,47.53
800,65.63,73.65,46.9
1291,64.23,77.3,42.31
1259,64.27,77.31,42.62
1329,63.99,78,42.36
1276,64.02,77.99,42.64
1150,64.27,76.52,43.77
1211,64.27,77.32,43.14
1151,64.06,77.31,43.73
1209,64.03,78.02,43.14
966,65.66,74.54,46.27
1061,63.82,76.97,44.38
1158,64.49,76.48,43.79
1075,64.09,76.44,44.34
1038,63.65,76.47,44.61
1004,65.41,75.01,45.65
1049,65.05,75.48,45.02
1098,64.66,75.96,44.41
1041,63.95,76.03,44.54
1009,63.5,76.05,44.81
1014,63.79,75.57,44.75
1059,64.3,75.56,44.5
985,64.57,75.08,45.02
1322,66.1,75.32,47.54
1390,66.1,75.88,46.9
1148,65.9,75.32,46.9
1330,66.1,75.32,48.19
1278,65.71,76.3,45.02
1285,65.54,76.77,44.4
1264,65.71,76.3,45.65
1095,65.68,75.37,46.27
1152,65.5,75.89,45.65
1143,65.13,76.36,45.02
1139,64.75,76.84,44.41
1098,64.12,77.34,44.29
1070,63.8,77.74,44.37
1357,65.59,77.63,42.52
1257,64.8,77.72,42.52
1357,65.3,78.12,41.9
1441,65.62,78.54,41.9
1520,65.9,78.52,42.51
1170,64.5,77.31,43.79
1250,65.2,77.24,43.77
1359,65.73,77.19,43.77
1230,64.81,77.72,43.15
1348,65.59,77.63,43.15
1358,65.73,77.19,44.4
1957,66.12,82.72,42
1904,66.1,81.11,42.57
1861,66.12,81.46,41.98
1855,66.1,80.72,41.9
1700,65.91,81.15,41.91
1874,66.1,84.33,41.86
1780,65.94,82.95,41.81
1920,66.1,83.48,41.91
1495,65.65,79.42,41.9
1696,65.9,80.21,41.89
1597,65.9,79.41,42.51
1262,65.9,75.88,46.27
1319,65.9,76.29,45.65
1374,65.9,76.77,45.02
1411,65.9,77.18,44.39
1447,65.9,77.7,43.77
1509,65.9,78.52,43.14
1822,66.1,80.2,42.52
1716,66.1,79.4,43.14
1431,66.1,76.29,46.27
1483,66.1,76.77,45.65
1527,66.1,77.18,45.02
1569,66.1,77.7,44.39
1630,66.1,78.52,43.77
1433,66.1,76.29,46.9
1630,66.01,81.74,41.8
1601,66.12,82.07,41.27
1975,66.12,82.07,42.62
1914,66.1,81.14,43.18
743,57.53,75.7,40.44
731,57.18,76.18,40.54
708,56.75,75.83,40.81
708,56.91,76.15,41.35
761,57.46,74.82,40.44
762,56.99,74.39,40.52
762,56.75,74.02,40.65
752,56.71,74.33,40.81
747,56.86,74.44,41.27
729,56.79,75.84,40.67
747,57.09,75.31,40.53
751,56.78,74.88,40.68
747,56.84,74.88,41.06
725,56.78,75.44,40.88
733,56.89,75.3,41.33
731,58.01,76.1,40.45
736,58.4,75.62,40.45
706,58.88,76.03,40.57
673,59.41,75.99,41.55
728,58.79,75.14,40.58
706,59.28,75.54,40.77
686,59.37,75.54,41.33
656,59.26,75.55,41.87
668,59.39,75.12,41.59
752,57.94,75.22,40.45
779,57.77,73.46,40.45
776,57.29,73.06,40.56
774,56.9,72.64,40.74
765,57.05,72.19,41.38
767,56.93,72.65,41.19
752,57.14,72.17,41.83
761,56.94,73.07,41.43
637,57.62,70.34,43.15
652,57.62,70.83,42.61
612,57.42,70.34,43.73
621,57.42,70.82,43.14
653,57.42,71.23,42.65
767,57.86,74.34,40.45
768,57.36,73.93,40.57
767,56.95,73.53,40.77
760,56.96,73.53,41.22
751,56.96,73.95,41.47
742,58.33,74.74,40.64
771,58.27,73.86,40.45
744,58.72,74.26,40.6
706,59.39,75.04,41.05
724,59.19,74.67,40.77
694,59.34,74.68,41.36
656,59.27,74.63,41.85
759,58.66,73.38,40.62
717,59.32,74.2,41.07
737,59.12,73.79,40.8
702,59.32,73.77,41.35
663,59.27,73.79,41.84
773,58.57,72.5,40.62
764,59.08,72.91,40.59
748,59.38,73.28,40.79
762,59.38,72.42,40.77
728,59.42,72.44,41.19
725,59.43,73.31,41.14
702,59.48,72.89,41.4
764,59.02,72.02,40.81
742,59.24,71.52,41.14
703,59.28,72.01,41.45
673,59.21,72.03,41.96
771,58.09,72.09,40.84
758,57.63,71.7,41.26
739,57.44,71.32,41.72
701,57.38,71.7,42.34
718,57.41,71.72,42
733,58.52,71.62,41.28
674,58.96,71.6,42.05
672,59.03,71.62,42.35
685,58.77,71.11,41.85
671,58.85,71.08,42.29
671,58.8,71.13,42.61
694,59,71.14,43.14
677,59,71.63,42.64
772,58.18,72.98,40.64
772,57.68,72.58,40.83
765,57.29,72.18,41.22
713,64.74,71.96,45.02
979,64.41,72.44,44.45
1002,64.82,72.84,45.02
1002,64.9,73.72,45.02
1001,64.97,74.6,45.02
1074,64.46,73.32,44.44
1078,64.51,74.2,44.43
1048,64,72.91,44.47
1045,63.55,72.94,44.74
1076,64.01,73.79,44.45
1068,63.58,73.82,44.71
874,64.97,74.6,45.65
831,65.36,74.12,46.27
837,65.31,73.24,46.27
646,65.14,71.48,46.27
905,65.26,72.36,46.27
883,64.9,73.72,45.65
951,64.82,72.84,45.65
734,64.74,71.96,45.65
691,63.16,70.33,45.83
960,62.95,72.14,45.4
811,63.69,71.66,45.2
847,63.13,71.63,45.54
835,63.32,71.63,45.39
653,63.79,71.16,45.65
763,64.11,69.8,46.27
702,63.72,70.28,45.65
675,63.4,70.76,45.73
805,63.1,71.24,45.55
783,63.24,71.2,45.5
982,62.98,72.53,45.39
990,63.2,72.52,45.23
982,62.83,72.57,45.54
920,63.28,72.09,45.44
978,63.56,72.51,45.07
658,64.66,71.08,46.27
654,64.26,71.56,45.65
858,63.94,72.04,45.08
855,65.26,72.36,46.9
1035,63.23,74.29,45.18
1023,63.01,74.3,45.38
1025,63.61,74.27,45
692,62.96,70.4,46
800,63.01,71.26,45.73
719,62.96,70.8,45.99
851,63.01,71.66,45.72
768,62.23,70.11,46
716,62.59,70.47,45.99
778,62.76,70.86,45.99
845,62.81,71.31,45.86
948,62.83,72.19,45.59
886,62.81,71.7,45.84
1204,46.1,74.47,40.78
1232,46.24,74.46,40.56
1367,45.04,75.01,40.45
1277,46.08,74.93,40.43
1345,43.71,73.8,40.78
1433,43.99,75.09,40.46
1429,43.67,74.68,40.46
1245,43.52,73.84,41.16
1379,43.53,74.22,40.64
1169,46.14,74.47,41.08
1217,46.3,74.93,40.78
1141,46.19,74.94,41.3
1238,46.5,75.33,40.65
3,48.52,77.82,60.87
3,48.55,77.81,60.87
3,48.57,77.8,60.86
3,48.56,77.8,60.86
3,48.55,77.8,60.86
3,48.53,77.8,60.86
3,48.45,77.81,60.87
3,48.45,77.82,60.87
3,48.46,77.8,60.86
3,48.39,77.8,60.86
3,48.65,77.81,60.87
4,48.67,77.81,60.87
3,48.66,77.8,60.86
3,48.66,77.8,60.87
3,48.65,77.81,60.86
3,48.66,77.81,60.86
4,48.66,77.82,60.86
3,48.69,77.8,60.86
3,48.69,77.8,60.86
3,48.68,77.8,60.86
3,48.69,77.81,60.86
3,48.67,77.8,60.85
3,48.73,77.8,60.87
3,48.73,77.81,60.87
3,48.72,77.81,60.87
4,48.73,77.81,60.87
4,48.73,77.8,60.87
4,48.75,77.8,60.87
4,48.74,77.8,60.86
4,48.75,77.79,60.86
4,48.74,77.79,60.87
4,48.73,77.8,60.85
3,48.71,77.79,60.87
3,48.72,77.8,60.86
3,48.71,77.8,60.87
4,48.71,77.81,60.86
4,48.7,77.8,60.85
4,48.7,77.81,60.86
4,48.7,77.82,60.86
4,48.75,77.8,60.86
4,48.75,77.81,60.86
4,48.76,77.81,60.86
4,48.76,77.82,60.86
4,48.77,77.8,60.85
4,48.77,77.83,60.86
4,48.8,77.82,60.86
4,48.78,77.81,60.85
4,48.79,77.84,60.85
3,48.62,77.82,60.87
3,48.62,77.81,60.87
3,48.63,77.8,60.86
3,48.63,77.82,60.86
3,48.64,77.8,60.85
3,48.65,77.81,60.86
3,48.47,77.82,60.87
3,48.49,77.82,60.87
3,48.48,77.81,60.86
3,48.51,77.8,60.86
3,48.52,77.8,60.85
3,48.49,77.8,60.85
3,48.56,77.82,60.87
3,48.59,77.81,60.86
3,48.59,77.83,60.86
3,48.6,77.81,60.86
3,48.6,77.82,60.86
3,48.62,77.8,60.85
3,48.58,77.81,60.86
3,48.58,77.82,60.86
3,48.59,77.8,60.85
4,48.85,77.81,60.86
4,48.85,77.82,60.86
4,48.83,77.82,60.86
4,48.84,77.8,60.85
4,48.81,77.81,60.85
4,48.82,77.8,60.83
4,48.8,77.8,60.83
4,48.84,77.83,60.85
4,48.88,77.81,60.86
4,48.88,77.82,60.86
4,48.87,77.8,60.85
4,48.85,77.8,60.84
4,48.89,77.8,60.86
4,48.88,77.8,60.84
4,48.89,77.8,60.85
4,48.9,77.83,60.85
4,48.84,77.79,60.85
3,48.38,77.8,60.87
3,48.34,77.79,60.87
3,48.37,77.79,60.87
3,48.44,77.8,60.87
3,48.41,77.8,60.87
3,48.39,77.79,60.87
3,48.46,77.79,60.87
3,48.52,77.79,60.85
3,48.49,77.79,60.85
3,48.53,77.79,60.85
3,48.56,77.79,60.85
3,48.59,77.79,60.85
3,48.62,77.79,60.85
3,48.68,77.79,60.87
3,48.67,77.79,60.85
3,48.64,77.79,60.85
4,48.74,77.79,60.87
4,48.75,77.79,60.85
4,48.73,77.79,60.85
3,48.71,77.79,60.87
4,48.7,77.79,60.85
4,48.77,77.79,60.85
4,48.81,77.79,60.85
4,48.82,77.79,60.83
4,48.79,77.79,60.83
4,48.86,77.79,60.85
4,48.85,77.79,60.83
4,48.91,77.82,60.86
4,48.89,77.79,60.87
4,48.91,77.79,60.88
4,48.91,77.81,60.87
4,48.88,77.79,60.84
4,48.89,77.79,60.85
3,48.16,77.79,60.87
3,48.21,77.79,60.87
3,48.19,77.79,60.87
3,48.31,77.8,60.87
636,59.4,66.31,44.4
649,60.28,66.31,45.02
656,61.09,66.31,45.65
648,61.63,66.31,46.27
667,62.04,66.31,46.27
710,62.93,66.31,46.27
691,62.52,66.31,46.27
219,43.5,72.95,42.22
494,46.99,66.31,45.65
511,47.4,66.31,45.65
524,47.95,66.31,45.65
620,44.61,66.31,47.54
517,45.53,66.31,46.9
502,46.08,66.31,46.27
504,46.5,66.31,45.65
531,48.75,66.31,45.65
516,49.63,66.31,45.65
481,50.52,66.31,45.02
463,51.31,66.31,45.02
444,53.69,66.31,45.02
450,52.28,66.31,45.02
444,53.17,66.31,45.02
446,52.77,66.31,45.02
456,55.4,66.31,45.02
430,54.51,66.31,45.65
538,57.16,66.31,44.39
631,58.05,66.31,43.14
625,58.58,66.31,43.77
588,57.64,66.31,43.77
598,58.58,66.31,44.4
558,57.64,66.31,44.39
523,56.75,66.31,44.39
473,56.2,66.31,45.02
709,63.48,66.31,46.9
729,64.33,66.31,47.55
760,65.34,66.31,48.23
753,65.99,66.31,48.93
707,65.99,66.31,49.64
734,66.1,66.76,49.63
803,66.1,67.71,48.9
741,66.1,68.69,48.21
756,66.1,67.69,49.61
1268,66.1,75.32,49.59
744,66.1,74.51,49.59
636,66.1,70.58,47.88
706,66.1,69.53,49.24
555,66.1,71.39,49
705,66.1,71.95,48.2
756,66.1,72.75,48.19
766,63.38,66.83,46.27
786,63.88,67.13,46.27
764,64.29,66.8,46.9
771,63,67.23,46.27
800,62.6,67.71,45.65
814,63.04,67.99,45.59
815,63.1,68.23,45.77
791,63.48,67.64,46.27
799,61.78,68.84,45.72
804,62.13,68.47,45.74
794,61.47,68.78,45.78
802,62.3,68.31,45.87
800,62.22,68.04,45.67
735,62.15,69.53,45.82
808,61.99,69.24,45.69
772,62.68,69.39,45.99
800,62.78,69.21,45.83
806,62.36,69.09,45.76
784,62.38,69.34,45.82
743,62.19,69.6,45.99
813,62.73,68.57,45.8
791,61.41,69.62,45.99
792,61.29,69.53,45.87
792,61.35,69.23,45.77
793,61.6,69.54,45.89
793,61.63,69.27,45.81
798,61.82,69.29,45.94
796,61.85,69.38,46.04
788,61.83,69.79,45.99
730,65.17,66.77,48.15
748,64.76,67.08,47.52
776,64.36,67.56,46.9
756,65.9,66.93,48.83
764,65.58,67,48.15
783,65.27,67.48,47.52
797,64.83,67.96,46.9
707,65.9,66.93,49.48
778,63.95,68.04,46.9
814,63.56,68.52,46.26
796,64.43,68.44,46.9
813,64.03,68.92,46.27
719,62.65,69.63,46.13
808,63.15,69,46.26
772,63.08,69.47,46.11
691,62.94,69.94,46
728,63.47,69.88,45.66
711,63.22,69.87,45.81
684,62.87,69.94,46.13
790,63.63,69.4,46.27
792,65.32,68.36,47.52
779,65.61,67.89,48.15
770,65.9,67.82,48.82
716,65.9,67.81,49.48
771,65.64,68.77,47.52
767,65.9,68.73,48.17
786,64.91,68.84,47.52
795,64.51,69.32,46.9
771,65.37,69.24,47.52
771,64.99,69.72,46.9
771,64.11,69.8,46.9
744,64.59,70.2,46.9
681,64.19,70.68,46.27
761,65.31,73.24,46.9
610,66.1,73.64,48.86
718,65.9,73.64,48.16
816,65.6,72.77,47.52
771,65.9,72.76,48.16
714,65.9,69.58,49.14
586,65.9,71.41,48.92
663,64.66,71.08,46.9
731,65.66,69.62,47.83
680,65.51,71.01,46.9
713,65.07,70.6,46.9
734,65.45,70.12,46.9
706,65.69,70.53,46.9
658,65.9,70.59,47.85
645,65.14,71.48,46.9
644,65.71,71.42,47.83
683,65.56,71.87,47.52
693,65.9,71.96,48.16
696,62.04,66.51,46.27
732,62.93,66.51,46.27
716,62.52,66.51,46.27
725,63.47,66.51,46.9
736,64.3,66.51,47.53
751,65.23,66.51,48.18
740,65.8,66.51,48.83
695,65.8,66.51,49.49
631,57.41,68.04,43.13
590,57.21,68.24,43.75
561,56.94,68.42,44.24
579,57.05,68.59,44.34
688,61.09,66.51,45.65
678,60.28,66.51,45.02
699,60.29,66.76,45.02
653,59.4,66.51,44.4
687,59.41,66.79,43.77
717,59.88,67.07,44.4
664,58.19,68.07,43.14
697,58.6,68.49,43.77
737,59.04,68.62,44.24
743,59.32,68.27,44.25
750,59.24,68.43,44.45
730,59.47,67.54,44.4
714,59.03,67.96,43.77
686,58.59,67.62,43.15
651,58.12,67.22,43.15
636,57.71,67.69,43.14
647,57.84,68.53,43.13
622,57.5,68.65,43.75
600,57.21,68.75,44.16
639,57.74,69.02,43.3
628,57.58,69.04,43.77
602,57.18,69.12,44.3
711,61.12,66.74,45.65
724,60.76,67.02,45.65
758,60.34,67.47,45.04
783,59.95,68.67,45.17
772,59.68,68.31,44.86
753,59.51,68.09,44.55
786,60.07,68.59,45.26
776,59.59,68.55,44.98
770,59.94,67.9,45.05
785,60.04,68.39,45.41
784,60.06,68.32,45.33
682,58.28,68.98,43.77
770,59.4,68.93,44.84
749,58.95,68.93,44.55
701,58.58,69.39,43.79
741,58.96,69.38,44.29
645,57.79,69.92,43.14
644,57.62,69.93,43.78
611,57.22,69.95,44.3
662,57.94,69.45,43.78
655,57.49,69.48,44.26
580,43.53,66.67,48.18
1266,45.45,74.54,40.61
1104,46.06,74.52,41.56
1346,44.87,73.25,40.46
1254,45.37,73.66,40.62
1200,45.84,74.06,40.81
1306,45.31,72.78,40.45
1228,45.8,73.18,40.59
1190,46.06,73.57,40.79
1131,46,74.07,41.31
1149,46.1,73.54,41.14
1056,45.93,74.02,41.84
1120,46.15,73.16,41.37
1224,45.73,72.3,40.6
1168,46.02,71.82,40.8
1178,46.04,72.7,40.79
1120,46.07,71.83,41.19
1137,46.09,72.71,41.15
1102,46.13,72.28,41.41
1265,44.8,72.37,40.65
1228,44.33,71.97,40.86
1111,43.99,71.56,41.26
67,43.47,72.27,41.76
22,43.47,72.35,42.12
383,43.48,72.34,41.43
378,43.45,72.91,41.52
53,43.45,72.91,42.02
955,43.5,73.39,42.2
1125,43.49,73.57,41.74
1303,44.36,72.85,40.66
608,43.73,67.49,46.27
591,43.53,68.02,46.27
566,43.73,68.03,45.64
555,43.53,68.43,45.64
582,43.73,68.44,45.02
600,43.53,68.92,45.02
704,43.73,68.93,44.4
728,43.53,69.34,44.4
806,43.73,69.34,43.77
815,43.53,69.9,43.78
321,43.5,72.1,41.73
937,43.67,72.29,41.19
1248,44.02,72.47,40.86
655,43.5,72.2,42.17
500,43.6,72.16,42.19
540,43.64,72,42
877,43.73,69.9,43.15
915,43.73,70.7,42.52
837,43.71,71.51,41.88
319,43.5,72.4,42.24
814,43.51,71.99,42.48
858,43.53,71.51,42.56
877,43.53,70.7,43.15
639,43.73,66.8,47.53
592,43.53,67.45,47.5
588,43.73,67.49,46.89
577,43.53,68.01,46.89
1375,44.04,74.21,40.65
1323,43.91,73.79,40.87
1351,44.53,74.61,40.66
1293,44.96,74.14,40.65
1162,43.51,73.61,41.66
1269,43.68,73.35,41.08
1294,44.07,73.33,40.87
1325,44.45,73.73,40.66
1137,43.5,73.61,41.87
965,43.8,72.93,41.35
157,43.62,72.95,42.14
536,56.35,67.38,43.77
548,57.64,66.51,44.39
584,57.64,66.51,43.77
632,58.58,66.51,43.77
683,58.99,67.12,43.77
636,58.05,66.51,43.14
668,58.06,66.68,42.52
664,58.5,66.83,43.15
622,57.64,66.87,43.15
605,58.58,66.51,44.4
543,56.76,66.92,43.77
504,56.75,66.51,44.39
565,57.23,67.29,43.77
522,57.16,66.51,44.39
561,57.17,66.71,43.77
553,56.84,67.72,43.77
518,56.71,68.12,44.26
550,55.93,67.69,43.77
485,55.9,67.97,44.36
416,55.83,68.25,44.84
480,56.47,68.09,44.46
484,56.37,68.38,44.84
528,56.52,68.53,45.04
462,55.88,67,44.4
479,56.24,66.73,44.39
445,56.2,66.51,45.02
432,55.4,66.51,45.02
463,55.41,66.76,44.4
552,54.59,67.5,43.77
461,54.64,68.17,44.8
539,54.61,67.93,44.37
458,55,67.06,44.4
566,55.1,67.7,43.77
516,55.13,67.94,44.38
402,55.07,68.2,44.89
461,55.47,67.43,44.4
486,54.24,68.23,44.89
578,54.18,67.73,43.77
552,54.2,67.95,44.38
461,54.11,67.11,44.4
428,53.69,66.51,45.02
453,53.63,66.82,44.4
405,54.51,66.51,45.65
414,54.53,66.78,45.02
578,53.28,67.79,43.79
574,53.31,68.07,44.38
508,53.47,68.36,44.84
508,53.78,68.06,44.86
488,53.71,67.57,44.4
591,52.96,68.13,44.25
547,52.83,67.66,43.77
457,53.23,67.2,44.4
331,53.37,68.53,45.2
556,52.89,68.58,44.58
554,53,68.47,44.6
509,51.07,67.83,43.77
486,51.88,66.91,43.77
494,51.47,67.36,43.77
517,51.95,67.76,43.77
505,52.35,67.28,43.77
459,51.87,66.51,44.4
455,51.87,66.31,45.02
448,52.76,66.86,44.4
451,52.29,66.7,44.4
451,53.18,66.68,44.4
436,52.28,66.51,45.02
429,53.17,66.51,45.02
431,52.77,66.51,45.02
523,50.73,68.09,43.77
496,50.58,68.53,44.38
498,50.18,68.64,44.62
505,50.12,68.48,44.6
506,50.46,68.3,44.29
483,50.58,67.44,44.41
487,50.12,67.07,44.41
470,51,66.99,44.4
480,50.53,66.75,44.4
463,51.35,66.73,44.39
476,50.52,66.51,45.02
454,51.31,66.51,45.02
500,49.21,68.28,44.87
513,49.36,67.99,44.37
533,49.36,67.74,43.77
496,49.72,67.51,44.42
496,50.2,67.86,44.41
488,50.02,68.26,44.77
485,49.89,68.57,44.99
480,50.14,68.4,44.89
482,49.78,68.24,45.01
481,49.53,68.46,45.21
511,49.63,66.51,45.65
498,49.65,66.78,45.02
501,48.82,68.02,44.87
508,48.83,67.55,44.4
496,49.23,67.1,45.02
507,48.35,67.15,44.4
523,48.75,66.51,45.65
505,48.77,66.8,45.02
469,43.81,66.31,48.87
559,44.77,66.77,46.9
558,46.96,68.45,45.22
531,45.23,67.03,46.27
490,48.38,68.37,45.38
503,48.47,68.02,45
520,48.42,67.75,44.41
566,44.6,66.31,48.19
546,47.55,68.24,44.93
552,47.53,67.95,44.47
544,47.12,68.07,44.87
559,47.06,67.67,44.41
542,46.59,67.34,45.02
527,47.95,67.6,44.4
516,48.01,68.27,45.24
516,47.97,67.99,44.94
512,47,66.9,45.02
490,46.99,66.51,45.65
515,45.61,66.75,46.27
530,46.11,66.95,45.65
534,46.52,66.72,45.02
572,44.7,66.51,47.53
500,45.56,66.51,46.9
503,46.09,66.51,46.27
506,46.5,66.51,45.65
501,47.86,66.85,45.02
514,47.95,66.51,45.65
504,47.47,67.26,45.02
503,47.41,66.7,45.02
500,47.4,66.51,45.65
601,43.98,66.51,48.17
616,44.01,66.8,47.52
576,44.33,67.09,46.9
543,47.22,68.45,45.32
481,43.53,66.67,48.84
527,50.97,68.32,43.77
598,51.21,68.7,43.14
660,50.28,70.12,41.04
591,50.92,70.95,40.56
575,51.4,71.36,40.45
657,51.09,69.17,42.59
670,51.06,69.17,42.28
682,51.62,69.12,42.52
711,52.38,69.99,42.37
828,52.39,71.28,40.45
637,50.83,70.07,41.27
600,51.29,70.48,40.84
680,51.79,70.88,40.63
662,51.22,69.59,41.89
678,52.06,69.52,41.87
657,51.7,70,41.27
773,52.49,69.91,41.22
838,52.85,70.33,41.06
795,52.61,70.39,41.51
743,52.46,69.9,41.81
760,52.56,70.41,41.98
848,52.91,70.8,41.23
537,50.79,68.46,43.75
561,50.68,68.88,43.72
573,50.97,71.83,40.43
524,51.55,68.24,43.77
555,52.36,68.03,43.77
553,52.7,68.27,44.3
607,52.96,68.05,43.74
523,52.56,68.46,44.43
635,51.94,68.61,43.15
649,52.55,68.23,43.14
676,52.19,69.54,42.31
699,52.23,68.76,42.63
588,52.54,68.79,44.18
658,52.71,68.38,43.71
686,52.42,68.83,43.13
663,52.35,69.57,42.64
685,52.35,69.99,42.56
652,50.09,71.08,41.09
599,50.87,68.81,43.14
649,50.35,70.56,41.31
652,50.92,69.2,42.61
665,50.9,69.61,42.31
656,50.71,70.08,41.93
619,50.73,69.25,43.13
652,50.33,70.97,41.56
656,50.47,70.55,41.85
651,50.73,69.63,42.64
656,50.69,70.16,42.33
871,52.96,71.71,40.44
752,52.19,70.39,40.83
834,52.82,70.3,40.77
841,52.75,70.85,40.59
862,52.97,70.96,40.76
881,53.17,71.76,40.67
1190,45.23,71.9,40.85
1013,45.82,71.89,42.07
935,43.97,70.68,42.52
995,44.27,71.09,41.9
1122,44.74,71.49,41.27
1107,45.61,71.42,41.26
1024,45.68,71.42,41.91
983,45.7,71.42,42.34
1109,45.16,71.01,41.28
1013,45.62,71,42.04
977,45.7,71.01,42.35
1030,45.41,70.51,41.86
987,45.51,70.49,42.3
951,45.66,71.02,42.64
888,43.95,69.85,43.15
948,44.22,70.21,42.52
1027,44.66,70.61,41.9
558,44.04,67.58,46.9
593,44.04,67.58,45.65
572,44.83,67.49,45.65
556,45.71,67.42,45.65
553,46.88,68.61,45.32
586,44.43,67.97,45.02
593,45.31,67.89,45.02
592,46.21,68.33,44.74
586,46.57,67.94,44.55
578,46.19,67.8,45.03
669,44.91,68.37,44.4
782,45.27,68.76,43.78
631,45.71,68.21,44.45
600,46.08,68.5,44.73
562,46.67,68.22,44.96
561,46.45,68.4,45.18
710,45.67,68.84,44.26
561,46.66,68.56,45.19
745,45.95,69.24,44.39
586,46.38,68.79,44.89
954,45.46,70.53,42.61
896,45.66,70.54,43.14
559,43.9,68.03,45.65
959,45.04,70.13,42.52
899,45.46,70.13,43.14
842,45.66,70.12,43.73
791,45.82,69.68,44.24
891,45.24,69.62,43.14
833,45.47,69.59,43.77
597,44.09,68.45,45.02
712,43.92,68.92,44.4
891,44.58,69.73,43.15
814,44.14,69.33,43.77
717,44.51,68.85,44.4
821,44.97,69.25,43.78
577,44.04,67.58,46.27
545,44.83,67.49,46.27
440,52.99,68.32,44.86
453,53.07,68.72,44.88
502,52.62,69.12,44.37
502,50.76,68.8,44.25
500,50.53,69.25,44.3
672,57.78,70.84,42.26
671,57.58,71.24,42.32
694,58.04,71.22,41.89
654,57.82,70.81,42.58
665,58.4,70.74,42.52
680,58.58,70.22,43.14
709,58.8,70.18,43.77
684,58.8,70.73,43.14
742,59.16,70.27,44.26
716,59,70.73,43.73
652,57.99,70.34,43.15
621,57.35,70.35,44.13
688,58.31,69.86,43.78
746,61.64,66.93,45.65
715,62.05,66.71,46.27
744,62.94,66.69,46.27
744,62.52,66.88,46.27
779,62.12,67.31,45.65
679,61.63,66.51,46.27
782,60.81,67.77,45.03
791,60.95,68.19,45.39
765,61.24,67.41,45.63
796,61.47,68.64,45.74
799,61.6,68.54,45.7
793,61.32,68.26,45.6
791,61.26,68.48,45.84
788,61.71,67.79,45.65
786,60.26,69.01,45.39
780,60.4,68.01,45.18
788,60.51,68.29,45.43
788,60.47,68.53,45.6
789,61.04,69.54,45.88
783,60.54,69.54,45.65
786,60.65,69.33,45.55
789,60.94,68.83,45.8
781,60.07,69.39,45.36
779,59.89,69.32,45.23
786,59.82,68.84,45.39
764,59.54,69.81,44.77
776,59.53,69.33,45.08
750,59.07,69.75,44.48
775,59.92,69.71,45.29
777,60.13,69.79,45.39
777,60.25,69.86,45.6
688,65.9,66.91,49.96
701,65.9,67.78,49.96
639,65.9,75.34,49.95
504,65.9,74.5,49.95
706,65.9,69.58,49.96
664,50.12,70.14,40.68
643,50.42,70.55,40.76
613,50.49,71.43,40.52
648,50.08,71.04,40.49
654,49.99,71.05,40.72
641,49.87,71.96,40.64
895,54.54,78.75,41.27
924,54.56,78.78,41.17
915,54.53,78.72,41.2
935,54.56,78.78,41.14
923,54.53,78.71,41.16
944,54.56,78.77,41.1
930,54.53,78.7,41.13
953,54.56,78.77,41.07
936,54.53,78.69,41.09
956,54.42,78.63,40.94
957,54.48,78.64,40.96
978,54.53,78.73,40.92
974,54.57,78.57,40.7
965,54.48,78.62,40.89
971,54.53,78.6,40.8
985,54.52,78.7,40.85
989,54.58,78.67,40.76
971,54.46,78.59,40.78
965,54.42,78.61,40.87
982,54.67,78.52,40.47
973,54.52,78.58,40.73
985,54.62,78.64,40.68
989,54.67,78.53,40.42
979,54.57,78.54,40.54
633,50.01,71.93,40.41
618,54.85,78.84,41.67
584,54.82,78.91,41.62
582,54.82,78.96,41.56
581,54.87,78.91,41.61
581,54.84,78.94,41.59
599,54.95,78.93,41.55
587,54.87,78.95,41.56
587,54.9,78.93,41.56
581,54.87,78.92,41.64
582,54.89,78.9,41.6
586,54.93,78.9,41.58
578,54.93,78.83,41.64
587,54.92,78.84,41.71
627,54.93,78.95,41.45
615,54.93,78.95,41.48
626,54.9,78.98,41.45
613,54.9,78.98,41.48
598,54.85,78.98,41.48
604,54.93,78.95,41.52
603,54.9,78.98,41.52
590,54.85,78.98,41.52
655,54.93,78.95,41.37
639,54.93,78.95,41.41
593,54.98,78.91,41.6
571,55.03,78.83,41.64
700,54.98,78.94,41.33
751,54.98,78.94,41.29
685,55.01,78.91,41.33
730,55.01,78.91,41.29
655,54.98,78.94,41.37
642,54.98,78.94,41.41
650,55.01,78.91,41.37
639,55.01,78.91,41.41
642,55.19,78.86,41.31
622,55.25,78.77,41.35
680,55.09,78.91,41.31
636,55.17,78.86,41.33
643,55.08,78.92,41.38
636,55.17,78.88,41.4
625,55.23,78.78,41.42
623,55.36,78.77,41.34
625,55.69,78.73,41.26
635,54.98,78.94,41.45
626,54.98,78.94,41.48
634,55.01,78.91,41.45
626,55.01,78.92,41.48
616,54.98,78.94,41.52
616,55,78.92,41.52
608,54.98,78.95,41.56
577,55.1,78.82,41.6
609,55.05,78.9,41.56
635,55.08,78.95,41.51
639,55.08,78.93,41.46
637,55.15,78.89,41.48
624,55.21,78.8,41.51
632,55.14,78.91,41.55
619,55.2,78.81,41.58
625,55.24,78.79,41.49
863,54.98,78.94,41.21
813,54.98,78.94,41.25
832,55.01,78.91,41.21
785,55.01,78.91,41.25
756,55.09,78.91,41.23
906,54.98,78.94,41.17
940,54.98,78.94,41.13
874,55.01,78.91,41.17
909,55.01,78.91,41.13
831,55.09,78.91,41.15
963,54.98,78.94,41.09
978,54.98,78.94,41.06
938,55.01,78.91,41.09
958,55.01,78.91,41.06
893,55.09,78.91,41.08
943,55.09,78.91,41
631,55.52,78.79,40.98
616,55.58,78.78,41.08
705,55.37,78.86,41.04
637,55.41,78.81,41.1
641,55.47,78.85,41.06
733,55.37,78.84,40.99
654,55.47,78.83,40.99
862,55.2,78.9,41
781,55.31,78.89,41
664,55.36,78.83,41.12
816,55.2,78.91,41.07
742,55.31,78.9,41.07
619,55.47,78.74,41.26
631,55.42,78.83,41.15
633,55.58,78.83,41.18
708,55.19,78.92,41.23
647,55.27,78.87,41.24
617,55.31,78.76,41.28
639,55.36,78.88,41.24
767,55.19,78.91,41.15
686,55.26,78.85,41.18
713,55.31,78.93,41.13
642,55.36,78.85,41.17
954,55.15,78.96,40.92
865,55.3,78.78,40.76
809,55.36,78.83,40.84
890,55.3,78.78,40.68
752,55.47,78.77,40.72
983,55.14,78.84,40.76
917,55.25,78.84,40.76
938,55.2,78.89,40.84
857,55.31,78.89,40.84
997,55.14,78.85,40.68
943,55.25,78.84,40.68
985,55.15,78.96,40.84
1008,55.09,78.91,40.76
1017,55.09,78.91,40.68
877,55.36,78.88,40.58
870,55.26,78.95,40.92
999,55.27,79,40.51
1066,55.16,79.11,40.42
849,55.38,79.1,40.52
1002,55.28,79.21,40.42
762,55.5,79.19,40.42
723,54.65,78.82,41.61
704,54.68,78.83,41.65
706,54.68,78.82,41.63
624,54.7,78.89,41.6
589,54.76,78.92,41.59
607,54.73,78.9,41.61
583,54.79,78.94,41.6
604,54.73,78.91,41.64
689,54.71,78.83,41.67
594,54.76,78.91,41.65
663,54.77,78.84,41.69
582,54.79,78.95,41.63
583,54.82,78.92,41.65
633,54.82,78.84,41.71
915,54.56,78.81,41.2
910,54.52,78.8,41.21
902,54.51,78.73,41.24
911,54.58,78.81,41.21
895,54.58,78.81,41.25
912,54.61,78.84,41.21
892,54.61,78.84,41.25
917,54.64,78.86,41.21
897,54.64,78.86,41.25
926,54.56,78.81,41.17
927,54.58,78.81,41.17
938,54.56,78.81,41.13
940,54.58,78.81,41.13
930,54.61,78.84,41.17
944,54.61,78.84,41.13
935,54.64,78.86,41.17
949,54.64,78.86,41.13
949,54.56,78.81,41.09
951,54.58,78.81,41.09
962,54.61,78.8,41.06
959,54.56,78.81,41.05
962,54.58,78.81,41.06
967,54.58,78.75,41.01
944,54.54,78.68,41.05
926,54.67,78.89,41.21
871,54.67,78.89,41.25
901,54.7,78.91,41.21
2470,54.7,78.91,41.25
968,54.7,78.86,41.09
955,54.61,78.84,41.09
960,54.64,78.86,41.09
942,54.67,78.89,41.17
956,54.67,78.89,41.13
976,54.7,78.86,41.06
982,54.72,78.83,41.02
987,54.75,78.85,41.02
988,54.72,78.83,40.98
992,54.75,78.85,40.98
974,54.64,78.81,41.02
966,54.61,78.84,41.06
971,54.64,78.86,41.06
978,54.67,78.83,41.02
985,54.67,78.83,40.98
981,54.64,78.81,40.98
975,54.73,78.88,41.09
982,54.78,78.88,41.09
982,54.73,78.88,41.06
987,54.78,78.88,41.06
992,54.78,78.88,41.02
997,54.78,78.88,40.98
724,54.67,78.89,41.37
690,54.67,78.89,41.41
627,54.7,78.91,41.41
639,54.7,78.91,41.37
829,54.67,78.89,41.29
769,54.67,78.89,41.33
8484,54.7,78.91,41.33
14523,54.7,78.91,41.29
670,54.67,78.89,41.45
657,54.67,78.89,41.48
622,54.7,78.91,41.45
616,54.7,78.91,41.48
647,54.67,78.89,41.52
614,54.7,78.91,41.52
636,54.67,78.9,41.55
666,54.65,78.88,41.57
612,54.7,78.91,41.56
592,54.73,78.94,41.52
583,54.76,78.96,41.52
593,54.73,78.94,41.56
583,54.76,78.96,41.56
598,54.73,78.94,41.45
591,54.73,78.94,41.48
584,54.76,78.96,41.48
819,54.59,78.83,41.4
817,54.55,78.83,41.41
836,54.52,78.77,41.42
834,54.59,78.82,41.36
838,54.54,78.82,41.37
853,54.51,78.77,41.38
816,54.61,78.84,41.37
781,54.64,78.86,41.37
792,54.61,78.84,41.41
750,54.64,78.86,41.41
876,54.58,78.82,41.29
857,54.59,78.82,41.33
857,54.54,78.82,41.34
877,54.53,78.81,41.29
867,54.53,78.82,41.33
881,54.5,78.75,41.31
871,54.51,78.76,41.35
869,54.61,78.84,41.29
844,54.61,78.84,41.33
866,54.64,78.86,41.29
823,54.64,78.86,41.33
795,54.56,78.84,41.44
818,54.54,78.78,41.46
805,54.54,78.79,41.5
749,54.62,78.86,41.47
754,54.59,78.86,41.49
790,54.56,78.79,41.51
766,54.62,78.85,41.44
776,54.58,78.85,41.46
724,54.64,78.86,41.45
702,54.64,78.87,41.48
727,54.61,78.86,41.5
683,54.65,78.88,41.51
716,54.62,78.86,41.53
761,54.59,78.8,41.55
737,54.59,78.86,41.52
697,54.62,78.88,41.56
774,54.57,78.8,41.54
757,54.59,78.81,41.58
978,54.84,78.93,41.17
951,54.7,78.91,41.17
958,54.76,78.91,41.17
964,54.7,78.91,41.13
975,54.76,78.91,41.13
966,54.79,78.93,41.17
23599,54.79,78.93,41.25
1355,54.84,78.93,41.25
1052,54.79,78.93,41.21
961,54.84,78.93,41.21
2491,54.73,78.94,41.21
24216,54.73,78.94,41.25
858,54.93,78.95,41.25
877,54.87,78.95,41.25
913,54.93,78.95,41.21
953,54.87,78.95,41.21
950,54.93,78.95,41.17
977,54.87,78.95,41.17
971,54.93,78.95,41.13
986,54.79,78.93,41.13
988,54.81,78.9,41.09
986,54.84,78.93,41.13
976,54.87,78.9,41.09
987,54.87,78.95,41.13
978,54.9,78.92,41.09
992,54.81,78.9,41.06
984,54.87,78.9,41.06
987,54.9,78.92,41.06
989,54.84,78.87,41.02
967,54.92,78.87,41
993,54.84,78.87,40.98
997,54.81,78.9,41.02
1000,54.81,78.9,40.98
983,54.93,78.95,41.09
992,54.93,78.95,41.06
980,54.98,78.92,41
577,54.79,78.93,41.41
611,54.84,78.93,41.41
740,54.79,78.93,41.37
630,54.84,78.93,41.37
628,54.87,78.95,41.41
647,54.87,78.95,41.37
590,54.76,78.96,41.45
595,54.82,78.96,41.45
609,54.85,78.98,41.45
572,54.73,78.94,41.41
766,54.73,78.94,41.37
38565,54.79,78.93,41.33
1162,54.84,78.93,41.33
53202,54.79,78.93,41.29
4789,54.84,78.93,41.29
36250,54.73,78.94,41.33
52162,54.73,78.94,41.29
640,54.9,78.98,41.41
679,54.87,78.95,41.33
656,54.9,78.98,41.37
711,54.93,78.95,41.33
778,54.87,78.95,41.29
784,54.93,78.95,41.29
586,54.79,78.99,41.48
583,54.79,78.99,41.52
581,54.79,78.99,41.56
989,54.58,78.8,40.91
998,54.58,78.79,40.84
999,54.63,78.74,40.75
1003,54.69,78.77,40.76
1013,54.69,78.69,40.42
996,54.74,78.71,40.68
978,54.78,78.64,40.54
992,54.68,78.67,40.68
975,54.68,78.57,40.63
1010,54.69,78.77,40.68
1009,54.75,78.82,40.76
1008,54.86,78.82,40.68
1001,54.8,78.76,40.69
987,54.9,78.7,40.55
1016,54.75,78.82,40.68
996,54.75,78.83,40.92
994,54.64,78.83,40.92
1001,54.81,78.87,40.92
1004,54.64,78.83,40.84
1003,54.75,78.82,40.84
1008,54.81,78.87,40.84
1015,54.81,78.87,40.76
1007,54.92,78.87,40.76
1015,54.98,78.92,40.76
1023,54.81,78.87,40.68
1023,54.98,78.92,40.68
1015,54.92,78.87,40.68
1001,55.03,78.8,40.56
1007,54.87,78.93,40.92
1015,54.87,78.93,40.84
1020,55.14,78.9,40.58
1015,54.93,78.98,40.92
1005,55.04,78.97,40.92
1023,54.93,78.98,40.84
1016,55.04,78.97,40.84
1015,55.03,78.83,40.47
1039,55.15,78.91,40.49
1046,54.93,78.9,40.42
1056,55.04,79,40.42
1031,54.8,78.79,40.43
632,54.82,78.85,41.78
596,65.9,74.52,49.47
727,65.9,74.52,48.81
1435,66.1,75.88,49.59
810,65.9,75.32,49.47
1428,66.1,75.88,48.86
951,65.9,75.32,48.81
1482,66.1,76.29,48.86
1506,66.1,76.29,49.59
785,55.37,78.94,40.92
736,55.42,78.88,40.92
817,55.37,78.94,40.84
769,55.42,78.88,40.84
751,55.48,78.97,40.6
689,55.6,79.07,40.52
855,55.62,79.3,40.43
775,55.72,79.16,40.42
702,58.47,76.5,40.61
704,58.08,76.98,40.45
718,57.62,76.59,40.6
1824,66.1,85.29,41.06
1733,65.9,85.17,40.75
1688,65.79,85.78,40.56
1871,66.1,85.29,41.77
1661,65.56,80.75,40.65
1559,65.58,81.63,40.59
1690,65.66,82.55,40.59
1727,65.71,83.42,40.64
1696,65.75,84.33,40.65
1702,65.79,85.21,40.65
1574,64.49,79.08,40.65
1608,65.06,80.36,40.66
1626,64.98,79.48,40.66
1643,65.14,81.22,40.45
1575,65.2,82.13,40.45
1706,65.33,83.03,40.45
1715,65.5,83.93,40.46
1666,65.6,84.91,40.46
1663,65.77,85.67,40.46
1659,64.08,79.56,40.46
1635,64.65,80.84,40.46
1686,64.58,79.96,40.46
1722,65.9,84.32,41.22
1764,65.92,83.49,41.25
1705,65.83,82.91,41.25
1735,66.01,82.55,41.27
1515,65.75,82.13,41.26
1487,65.83,81.9,41.24
1585,65.98,81.55,41.37
1548,65.75,81.22,41.22
1613,65.68,80.26,41.27
1712,65.91,80.73,41.27
1522,65.4,79.89,41.27
1489,65.35,79.01,41.27
1672,65.67,85.13,40.87
1647,65.64,84.3,40.87
1669,65.64,83.38,40.85
1570,65.47,80.76,40.86
1567,65.64,81,40.92
1626,65.68,82.51,40.81
1494,65.57,81.65,40.82
1525,65.03,80.37,40.87
1541,64.96,79.48,40.87
1545,63.08,78.63,40.72
1558,62.78,78.58,40.75
1634,63.11,79.03,40.43
1376,64.8,77.72,41.27
1426,63.56,78.38,41.52
1476,63.17,78.55,41.12
1435,63.59,78.27,41.23
1520,63.53,78.06,40.79
1525,63.39,78.34,40.77
1405,63.98,77.8,41.22
1422,63.47,78.53,41.51
1440,63.21,78.6,41.39
1526,63.37,78.61,40.71
1516,63.18,78.6,40.83
1505,63.55,78.51,40.78
1502,63.74,78.26,40.79
1478,64.38,78.19,40.83
1589,63.31,78.76,40.52
1574,64.02,78.69,40.59
1650,63.59,79.17,40.44
1407,64.88,78.6,41.27
1490,64.47,79.08,40.86
1343,64.15,77.79,41.73
1294,64.79,77.72,41.9
1369,63.75,78.36,41.93
1308,64.07,78.11,42.03
967,62.92,75.18,45.41
955,62.83,75.16,45.6
1034,64.05,75.13,44.65
997,63.64,75.17,44.96
998,63.23,75.12,45.17
994,64.1,74.68,45.03
950,62.97,75.59,45.39
970,63.19,75.65,45.24
958,63.5,75.63,45.15
631,55.58,78.86,40.88
625,55.7,78.95,40.6
652,55.59,78.86,40.72
604,55.68,78.79,40.87
594,55.8,78.73,40.91
604,55.8,78.84,40.58
613,55.69,78.76,40.71
608,55.81,78.85,40.5
643,55.7,78.96,40.51
649,55.91,78.91,40.42
713,55.81,79.04,40.42
689,56.71,76.68,40.78
686,56.82,76.6,41.19
656,56.71,77.11,40.95
660,59.27,76.44,41.85
613,55.89,78.66,41.03
621,55.68,78.82,41
625,55.8,78.77,41.06
641,55.8,78.82,41.18
631,55.9,78.71,41.26
692,57.17,77.72,40.42
685,57.03,77.94,40.42
694,56.67,77.1,40.57
696,57.01,77.52,40.51
684,56.79,77.75,40.49
687,56.7,77.55,40.58
675,56.66,77.54,40.69
666,56.59,77.75,40.56
647,56.64,77.72,40.82
686,56.74,77.32,40.81
649,56.72,77.48,40.96
690,59.42,75.97,41.03
673,59.4,76.42,41.3
658,59.45,76.95,41.48
601,55.9,78.71,40.87
593,55.99,78.63,40.92
623,55.78,78.7,40.68
617,55.9,78.67,40.74
609,55.9,78.72,40.57
614,56.1,78.61,40.88
661,56.57,77.99,40.55
642,56.44,78.28,40.5
617,55.99,78.61,40.48
618,56,78.64,40.55
622,56.12,78.62,40.6
607,56,78.65,40.7
603,56.1,78.58,40.72
632,56.3,78.51,40.5
629,56.21,78.59,40.55
647,56.55,78.35,40.77
644,56.63,78.13,40.85
665,56.67,78,40.74
605,59.79,77.25,40.78
587,59.94,77.45,40.47
646,59.73,76.83,40.69
713,56.84,76.64,40.69
697,56.79,77.31,40.58
675,59.35,76.45,40.78
602,55.91,78.75,40.49
610,56.01,78.63,40.47
606,56.21,78.6,40.47
671,56.64,77.99,40.48
655,59.7,76.82,40.51
709,57.24,77.05,40.55
673,58.96,76.9,40.56
612,56,78.77,40.42
604,56.08,78.63,40.41
643,56.37,78.65,40.41
660,56.58,78.37,40.41
674,56.8,78.17,40.42
677,57.21,78.16,40.43
627,59.54,77.3,40.42
696,57.69,77.45,40.44
671,58.55,77.38,40.44
1572,63.25,78.53,40.58
1560,63.28,78.74,40.6
1588,63.06,78.59,40.55
1608,62.69,78.52,40.49
1601,63.06,78.63,40.5
1584,63.11,78.89,40.53
1630,62.78,78.68,40.42
962,65.9,74.52,47.53
878,65.66,74.53,46.9
854,65.9,74.52,48.16
744,65.63,73.65,47.52
743,65.36,74.12,46.9
1266,64.18,78.08,42.32
1239,64.21,78.07,42.62
1309,63.91,78.41,42.36
1254,63.95,78.42,42.65
1355,63.62,78.56,41.98
1156,64.26,77.32,43.77
1202,64.22,78.09,43.14
1195,63.96,78.42,43.13
1146,64.01,78.03,43.72
901,65.41,75.01,46.27
1017,63.53,76.91,44.76
1061,64,76.96,44.48
1078,64.35,76.45,44.47
1018,63.82,76.46,44.72
950,65.05,75.48,45.65
1017,64.65,75.96,45.02
975,63.37,76.57,44.99
1036,64.09,76.02,44.63
981,63.66,76.04,44.93
962,63.23,76.06,45.18
852,64.57,75.08,45.65
977,64.18,75.56,45.03
1395,66.1,75.88,47.54
1097,65.9,75.32,47.53
1017,65.68,75.36,46.9
1238,65.9,75.88,46.9
1408,66.1,75.88,48.19
1036,65.9,75.32,48.16
1277,65.54,76.77,45.02
1238,65.2,77.24,44.4
1098,63.89,78.06,44.18
1246,65.71,76.3,46.27
1267,65.54,76.77,45.65
1100,65.5,75.89,46.27
1105,65.13,76.36,45.65
1099,64.72,76.84,45.02
1112,64.4,77.32,44.45
1082,63.97,77.77,44.46
1031,63.54,77.76,44.73
1326,65.3,78.12,42.52
1246,64.49,78.22,42.52
1316,64.88,78.6,41.9
1395,65.35,79.01,41.9
1410,65.62,78.54,42.52
1206,64.8,77.72,43.78
1344,65.59,77.63,43.77
1213,64.5,78.22,43.15
1310,65.3,78.12,43.15
1394,65.62,78.54,43.15
1354,65.73,77.19,45.02
1341,65.59,77.64,44.4
1790,65.98,82.64,41.95
1983,66.1,82.7,42.62
1941,66.1,81.56,42.64
1874,66.1,80.73,42.54
1744,65.9,81.15,42.54
1694,65.97,81.55,41.93
1539,65.72,81.19,41.89
1712,65.9,80.74,41.9
1927,66.1,84.33,42.5
1720,65.9,84.31,41.88
1666,65.8,82.92,41.74
1760,65.9,83.45,41.91
1971,66.1,83.45,42.55
1421,65.4,79.89,41.9
1541,65.68,80.25,41.89
1451,65.65,79.42,42.52
1678,65.9,80.21,42.52
1575,65.9,79.4,43.14
1309,65.9,76.29,46.27
1350,65.73,77.19,45.65
1368,65.9,76.77,45.65
1410,65.9,77.18,45.02
1449,65.9,77.7,44.4
1505,65.9,78.52,43.77
1880,66.1,80.74,43.16
1818,66.1,80.21,43.15
1712,66.1,79.4,43.77
1483,66.1,76.77,46.27
1529,66.1,77.18,45.65
1577,66.1,77.7,45.02
1638,66.1,78.52,44.39
1457,66.1,76.29,48.19
1441,66.1,76.29,47.54
1297,65.9,76.29,46.9
1485,66.1,76.77,46.9
1536,65.84,82.06,41.87
1857,65.96,82.07,42.54
1746,65.9,81.16,43.16
2003,66.1,82.61,43.19
1984,66.1,82.06,43.19
1952,66.1,81.63,43.19
1922,66.1,81.16,43.78
739,57.53,75.7,40.59
726,57.12,76.18,40.77
716,57.04,76.15,41.32
701,57.15,76.22,41.85
725,56.97,75.72,41.49
755,57.48,74.82,40.57
758,56.98,74.42,40.75
741,57,74.77,41.55
748,56.99,74.43,41.27
743,57.04,75.3,40.76
748,56.91,74.87,41.02
720,57.14,75.28,41.85
736,57.03,75.31,41.31
722,58.01,76.1,40.63
724,58.39,75.62,40.62
699,58.9,76.02,40.8
676,59.26,76,41.5
655,59.2,76,41.99
718,58.84,75.15,40.81
692,59.18,75.54,41.19
662,59.08,75.55,41.82
677,59.23,75.12,41.54
651,59.19,75.13,42.01
741,57.94,75.22,40.64
771,57.78,73.46,40.61
771,57.27,73.06,40.8
769,57.05,72.64,41.11
738,57.3,72.17,41.79
758,57.08,73.07,41.41
727,57.25,72.6,42.07
741,57.15,73.05,41.86
645,57.62,70.34,43.78
636,57.62,70.82,43.14
650,57.62,71.23,42.62
616,57.42,70.82,43.73
655,57.42,71.74,42.64
619,57.42,71.23,43.14
758,57.87,74.34,40.62
763,57.34,73.94,40.81
761,57.09,73.52,41.13
748,57.11,73.95,41.44
728,57.19,73.93,41.94
730,58.34,74.74,40.85
758,58.26,73.86,40.63
732,58.76,74.26,40.82
703,59.12,74.66,41.21
663,59.09,74.63,41.8
653,59.17,74.25,42.06
745,58.67,73.38,40.84
711,59.05,73.78,41.22
668,59.08,73.79,41.8
662,59.16,73.4,42.07
758,58.6,72.5,40.84
750,59.05,72.9,40.81
726,59.27,73.32,41.09
732,59.25,72.44,41.12
704,59.29,72.89,41.39
669,59.22,72.91,41.93
668,59.16,72.49,42.07
668,59.03,72.03,42.34
724,58.97,72.02,41.26
676,59.03,72.03,41.91
673,59,72.03,42.64
741,58.1,72.1,41.27
655,57.42,72.13,42.56
683,57.4,72.13,42.37
674,57.57,71.7,42.3
711,57.7,71.7,41.86
765,59.7,70.14,45
682,58.51,71.62,41.89
667,58.83,71.62,42.31
669,58.65,71.11,42.26
666,58.61,71.15,42.58
681,58.8,71.14,43.14
668,58.8,71.63,42.61
743,59.3,70.67,44.45
711,59,71.14,43.73
688,59,71.63,43.14
759,58.17,72.98,40.85
750,57.7,72.58,41.27
733,57.46,72.16,41.72
915,64.35,72.44,45.03
1039,64.17,72.9,44.57
1013,64.42,73.32,45.02
995,64.48,74.2,45.01
1066,64.21,73.78,44.55
1029,63.72,72.94,44.86
1049,63.74,73.82,44.82
1044,63.3,73.43,45.08
1026,62.96,73.48,45.39
749,64.97,74.6,46.27
869,64.49,74.2,45.65
1011,62.83,73.45,45.58
773,64.9,73.72,46.27
878,64.82,72.84,46.27
741,64.74,71.96,46.27
924,64.42,73.32,45.65
884,64.34,72.44,45.65
790,65.26,72.36,47.52
673,63.12,70.34,46.13
927,63.11,72.13,45.55
769,63.45,71.64,45.7
627,63.78,71.16,46.27
701,63.71,70.28,46.27
642,63.36,70.76,46.24
738,63.19,71.22,45.82
892,63.38,72.09,45.61
958,63.71,72.5,45.19
960,63.13,72.53,45.54
962,63.02,72.55,45.68
962,63.33,72.53,45.39
647,64.26,71.56,46.27
807,63.87,72.04,45.65
639,64.26,71.56,46.9
716,64.74,71.96,46.9
826,64.82,72.84,46.9
704,64.9,73.72,46.9
998,62.97,74.76,45.39
1013,63.18,74.77,45.25
1001,63.79,74.26,45.14
999,63.37,74.29,45.33
991,63.15,74.31,45.54
731,62.3,70.02,46.18
685,62.7,70.4,46.15
713,62.89,70.81,46.12
770,62.96,71.27,46
922,63.01,72.17,45.74
823,62.96,71.67,45.98
783,61.89,70.54,46.01
769,62.29,70.91,46
815,62.63,71.3,45.99
870,62.79,71.71,45.98
937,62.81,72.18,45.86
993,62.83,74.67,45.58
1168,46,74.48,41.05
1214,45.91,74.94,40.8
1314,45.04,75.01,40.64
1246,45.98,74.94,40.57
1412,44.59,75.49,40.46
1329,45.56,75.42,40.44
1263,46.43,75.34,40.43
1406,44.11,75.09,40.65
1406,43.83,74.68,40.65
1245,43.68,73.8,41.24
1368,43.72,74.22,40.77
1452,43.71,75.56,40.46
1425,43.53,75.1,40.61
1401,43.53,74.7,40.63
1168,43.51,73.88,41.68
1263,43.53,74.25,41.16
1145,46.02,74.94,41.29
1229,46.32,75.33,40.73
1060,45.93,74.95,41.85
1112,46.07,75.47,41.54
1183,46.33,75.36,41.02
1236,46.47,75.84,40.72
1914,66.1,85.29,42.44
4,48.83,77.84,60.85
4,48.81,77.83,60.85
3,48.52,77.81,60.86
3,48.52,77.83,60.86
3,48.55,77.81,60.86
3,48.55,77.82,60.86
3,48.56,77.8,60.85
3,48.53,77.8,60.85
3,48.4,77.81,60.87
3,48.37,77.82,60.87
3,48.37,77.83,60.87
3,48.38,77.8,60.86
3,48.34,77.82,60.87
3,48.34,77.83,60.87
3,48.37,77.8,60.86
3,48.44,77.82,60.87
3,48.44,77.83,60.87
3,48.45,77.81,60.86
3,48.46,77.8,60.85
3,48.41,77.83,60.87
3,48.42,77.81,60.87
3,48.42,77.83,60.87
3,48.44,77.8,60.86
3,48.39,77.8,60.85
3,48.41,77.8,60.86
3,48.4,77.81,60.86
4,48.65,77.83,60.86
4,48.69,77.83,60.85
4,48.67,77.84,60.85
3,48.67,77.81,60.86
4,48.67,77.82,60.86
3,48.66,77.81,60.85
4,48.67,77.8,60.84
4,48.69,77.8,60.85
4,48.72,77.83,60.85
4,48.74,77.83,60.86
4,48.73,77.84,60.85
4,48.73,77.81,60.86
4,48.72,77.81,60.86
4,48.73,77.81,60.86
4,48.73,77.82,60.86
4,48.74,77.8,60.85
4,48.7,77.8,60.84
4,48.71,77.8,60.85
4,48.7,77.81,60.85
4,48.76,77.81,60.85
4,48.77,77.8,60.83
4,48.76,77.84,60.85
4,48.77,77.82,60.85
4,48.8,77.82,60.85
4,48.78,77.81,60.83
4,48.78,77.83,60.84
4,48.79,77.85,60.85
3,48.62,77.81,60.86
3,48.62,77.83,60.86
3,48.63,77.81,60.85
4,48.64,77.8,60.83
4,48.63,77.84,60.85
3,48.62,77.84,60.85
3,48.61,77.84,60.85
4,48.65,77.82,60.85
3,48.46,77.82,60.86
3,48.47,77.83,60.86
3,48.49,77.81,60.86
3,48.49,77.83,60.86
3,48.48,77.81,60.85
3,48.51,77.81,60.85
3,48.52,77.8,60.84
3,48.49,77.8,60.83
3,48.48,77.84,60.85
3,48.54,77.83,60.86
3,48.56,77.82,60.86
3,48.56,77.83,60.86
3,48.58,77.84,60.85
3,48.59,77.82,60.85
3,48.6,77.81,60.85
4,48.61,77.8,60.83
3,48.58,77.81,60.85
3,48.59,77.8,60.83
4,48.87,77.83,60.85
4,48.85,77.81,60.85
4,48.83,77.82,60.85
4,48.84,77.81,60.83
4,48.82,77.8,60.82
4,48.81,77.81,60.83
4,48.8,77.8,60.82
4,48.84,77.83,60.85
4,48.84,77.84,60.85
4,48.89,77.82,60.85
4,48.88,77.81,60.85
4,48.87,77.8,60.83
4,48.91,77.79,60.87
4,48.91,77.8,60.86
4,48.91,77.79,60.85
4,48.89,77.8,60.83
4,48.91,77.81,60.85
4,48.9,77.84,60.85
3,48.36,77.83,60.87
3,48.36,77.83,60.87
3,48.34,77.8,60.86
3,48.33,77.83,60.87
3,48.33,77.83,60.87
3,48.26,77.8,60.87
3,48.3,77.81,60.87
3,48.31,77.8,60.86
3,48.21,77.8,60.86
3,48.26,77.8,60.86
3,48.2,77.8,60.87
3,48.23,77.83,60.87
3,48.19,77.81,60.87
3,48.2,77.8,60.86
3,48.19,77.8,60.86
3,48.16,77.8,60.86
3,48.09,77.81,60.87
4,48.84,77.79,60.83
3,48.33,77.8,60.87
3,48.38,77.79,60.87
3,48.35,77.8,60.87
3,48.34,77.79,60.87
3,48.37,77.79,60.87
3,48.44,77.79,60.87
3,48.39,77.79,60.86
3,48.41,77.79,60.87
3,48.46,77.79,60.85
3,48.51,77.79,60.85
3,48.52,77.79,60.83
3,48.49,77.79,60.83
3,48.53,77.79,60.83
3,48.56,77.79,60.83
3,48.59,77.79,60.83
3,48.61,77.79,60.83
3,48.69,77.79,60.85
4,48.67,77.79,60.83
3,48.66,77.79,60.85
3,48.64,77.79,60.83
4,48.74,77.79,60.85
4,48.7,77.79,60.83
4,48.71,77.79,60.85
4,48.77,77.79,60.83
4,48.81,77.79,60.83
4,48.82,77.79,60.81
4,48.8,77.79,60.81
4,48.78,77.79,60.83
4,48.87,77.79,60.83
4,48.92,77.82,60.86
4,48.91,77.79,60.87
4,48.92,77.8,60.87
4,48.91,77.79,60.85
4,48.89,77.79,60.83
3,48.01,77.79,60.87
3,48.1,77.8,60.87
3,48.08,77.8,60.87
3,48.17,77.8,60.87
3,48.15,77.81,60.87
3,48.13,77.8,60.87
3,48.16,77.79,60.87
3,48.23,77.8,60.87
3,48.21,77.79,60.87
3,48.19,77.79,60.87
3,48.2,77.79,60.87
3,48.28,77.8,60.87
3,48.26,77.79,60.87
3,48.31,77.79,60.87
3,47.95,77.8,60.87
3,47.89,77.8,60.87
3,47.84,77.8,60.87
611,59.4,66.31,45.02
621,60.27,66.31,45.65
625,61.09,66.31,46.27
622,61.63,66.31,46.9
640,62.04,66.31,46.9
681,62.94,66.31,46.9
662,62.53,66.31,46.9
1140,43.52,73.84,42.08
1047,43.51,73.46,42.26
754,43.52,72.93,42.52
353,43.53,66.67,49.55
291,43.81,66.31,49.58
467,46.99,66.31,46.27
473,47.4,66.31,46.27
500,47.95,66.31,46.27
491,45.53,66.31,47.54
482,46.08,66.31,46.9
481,46.5,66.31,46.27
529,48.75,66.31,46.27
523,49.63,66.31,46.27
482,50.51,66.31,45.65
458,51.31,66.31,45.65
432,53.69,66.31,45.65
443,52.28,66.31,45.65
434,53.17,66.31,45.65
437,52.77,66.31,45.65
433,55.39,66.31,45.65
423,54.51,66.31,46.27
507,57.16,66.31,45.02
572,58.58,66.31,45.02
590,58.05,66.31,44.08
528,57.64,66.31,45.02
491,56.75,66.31,45.02
446,56.2,66.31,45.65
690,63.48,66.31,47.54
712,64.35,66.31,48.19
732,65.36,66.31,48.9
699,65.38,66.31,49.6
670,65.99,66.31,50.15
705,66.1,66.74,50.14
776,66.1,68.67,49.26
728,66.1,67.64,50.14
946,66.1,75.34,50.13
519,66.1,73.63,49.59
478,66.1,74.49,50.14
601,66.1,70.6,49.27
662,66.1,69.5,50.14
578,66.1,72.34,49.26
1498,66.1,76.29,50.14
1355,66.1,75.88,50.14
1374,44.18,75.09,40.87
1370,43.94,74.68,40.87
1216,65.9,76.29,49.96
969,65.9,75.88,49.96
738,63.38,66.83,46.9
758,63.88,67.13,46.9
735,64.29,66.8,47.52
739,63,67.23,46.9
780,62.59,67.71,46.27
759,63.48,67.64,46.9
798,63.08,68.12,46.26
792,61.47,68.71,45.97
797,61.8,68.74,45.9
788,62.19,68.2,46.26
799,62.74,69.2,46.17
807,62.05,69.1,45.87
788,62.22,69.36,45.98
808,62.49,69.03,45.89
777,62.25,69.47,46.13
801,62.68,68.6,46.25
781,61.06,69.85,46
787,61.4,69.49,46.13
788,61.26,69.37,46.02
789,61.32,69.11,45.96
791,61.61,69.38,46.05
792,61.64,69.16,46
794,61.85,69.23,46.23
791,61.85,69.67,46.15
784,61.47,70.18,46.01
655,65.17,66.77,49.4
687,65.17,66.77,48.77
707,64.76,67.08,48.15
740,64.36,67.56,47.52
722,65.58,67,48.77
742,65.27,67.48,48.15
767,64.83,67.96,47.52
681,65.58,67,49.4
741,63.95,68.04,47.52
788,63.55,68.52,46.9
767,64.43,68.44,47.52
802,64.03,68.92,46.9
795,63.15,69,46.9
755,62.75,69.49,46.41
724,63.29,69.87,46.26
710,62.99,69.88,46.42
791,63.63,69.4,46.9
728,65.61,67.89,48.77
771,65.32,68.36,48.15
681,65.61,67.89,49.4
772,65.64,68.78,48.15
764,65.9,68.74,49.16
767,64.91,68.84,48.15
786,64.51,69.32,47.52
765,65.37,69.24,48.15
767,64.99,69.72,47.52
772,64.11,69.8,47.52
713,63.71,70.28,46.9
748,64.59,70.2,47.52
691,64.19,70.68,46.9
753,65.31,73.24,47.52
726,65.63,73.65,48.15
614,65.9,73.64,48.81
555,65.9,73.64,49.47
764,65.6,72.77,48.15
604,65.9,72.36,49.16
727,65.66,69.63,49.07
619,65.9,70.63,49.16
618,65.73,71.43,48.77
668,64.66,71.08,47.52
692,65.36,70.57,47.83
643,65.14,71.48,47.52
652,65.56,71.87,48.15
709,65.26,72.36,48.15
667,62.04,66.51,46.9
702,62.93,66.51,46.9
686,62.52,66.51,46.9
705,63.47,66.51,47.53
716,64.3,66.51,48.16
716,65.23,66.51,48.82
676,65.24,66.51,49.47
666,65.8,66.51,49.96
593,57.39,68.03,43.77
550,56.77,68.47,44.61
564,57.08,68.27,44.3
599,57.21,68.48,44.42
566,56.88,68.59,44.58
659,61.09,66.51,46.27
653,60.27,66.51,45.65
681,60.29,66.76,45.65
633,59.4,66.51,45.02
710,59.87,67.09,45.04
670,59.41,66.79,44.4
660,58.19,68.1,43.77
724,58.67,68.5,44.41
735,59.48,67.55,45.04
670,59,67.12,44.4
729,59.07,67.99,44.4
676,58.59,67.62,43.77
623,58.12,67.22,43.77
607,57.71,67.7,43.77
644,57.84,68.56,43.77
631,57.39,68.66,44.23
568,56.73,68.77,44.85
642,57.74,69.02,43.8
650,57.36,69.08,44.38
610,56.92,69.15,44.68
685,61.12,66.74,46.27
702,60.76,67.02,46.27
754,60.36,67.47,45.66
786,59.84,68.58,45.32
786,59.97,68.47,45.41
776,59.42,68.43,45.14
768,59.56,68.14,45.01
776,59.95,67.97,45.67
714,58.27,68.98,44.4
775,59.11,68.9,45.05
739,58.68,69.38,44.45
621,57.1,70.4,44.47
658,57.79,69.92,43.79
672,57.41,69.95,44.39
606,56.97,69.91,44.65
701,57.88,69.46,44.41
581,43.73,66.8,48.16
545,43.53,67.41,48.11
1230,45.47,74.54,40.84
1110,45.88,74.52,41.52
1031,45.86,74.53,41.99
1278,44.88,73.25,40.65
1214,45.39,73.66,40.84
1147,45.75,74.05,41.21
1247,45.29,72.78,40.63
1189,45.76,73.18,40.82
1150,45.95,73.56,41.09
1065,45.74,74.02,41.8
1117,45.97,73.16,41.36
1025,45.83,73.64,42.05
1051,45.93,73.19,41.84
1125,45.89,71.83,41.12
1180,45.7,72.3,40.82
1137,45.93,72.71,41.1
1105,45.95,72.28,41.4
1030,45.9,72.3,41.91
1216,44.82,72.37,40.86
1116,44.3,71.97,41.26
883,43.97,71.58,41.91
141,43.55,72.37,41.76
69,43.56,72.43,42.02
414,43.57,72.42,41.53
272,43.52,72.92,41.76
938,43.59,73.47,41.75
176,43.61,73.33,42.11
1253,44.41,72.85,40.87
556,43.73,68.03,46.27
547,43.53,68.43,46.27
545,43.73,68.44,45.64
545,43.53,68.92,45.64
628,43.73,68.93,45.02
663,43.53,69.34,45.02
753,43.73,69.34,44.4
788,43.53,69.89,44.4
839,43.73,69.89,43.77
859,43.53,70.7,43.77
1072,43.97,72.46,41.27
354,43.64,72.18,41.75
245,43.59,72.27,42.1
541,43.76,72.04,42.07
215,43.62,72.45,42.15
733,43.66,72.02,42.45
845,43.71,71.52,42.55
884,43.73,70.7,43.15
833,43.52,72.43,42.64
887,43.53,71.57,43.16
562,43.73,67.49,47.51
553,43.53,68,47.49
545,43.73,68.03,46.89
538,43.53,68.43,46.88
1283,45.06,75.02,40.86
1331,44.12,74.21,40.87
1240,43.86,73.77,41.31
1315,44.57,74.61,40.87
1257,44.98,74.13,40.86
968,43.64,73.5,41.7
1214,44.04,73.33,41.27
1281,44.49,73.73,40.87
1067,43.63,73.5,41.86
379,43.8,72.92,41.96
746,43.64,73.4,42.18
675,43.68,72.92,42.46
468,56.35,67.38,44.39
512,57.64,66.51,45.02
590,58.05,66.51,44.08
544,57.64,66.87,44.4
636,58.5,66.83,43.77
584,57.64,66.87,43.77
639,58.06,66.68,43.15
579,58.58,66.51,45.02
611,58.51,66.83,44.4
490,56.76,66.92,44.4
463,56.75,66.51,45.02
517,57.23,67.29,44.4
484,57.16,66.51,45.02
517,57.17,66.71,44.4
497,56.83,67.75,44.4
369,55.5,68.26,45
464,55.95,67.71,44.41
404,55.88,68.08,44.93
398,55.85,68.4,45.22
468,56.49,67.95,44.55
478,56.47,68.23,44.94
468,56.14,68.46,45.22
522,56.42,68.58,45.19
543,56.64,68.4,45.17
501,56.2,68.61,45.31
405,55.88,67,45.02
431,56.24,66.73,45.02
412,56.2,66.51,45.65
402,55.39,66.51,45.65
415,55.41,66.76,45.02
435,54.62,67.98,44.87
482,54.59,67.51,44.4
402,55,67.06,45.02
489,55.1,67.71,44.4
328,55.03,68.34,45.32
376,55.07,68.02,44.97
386,55.47,67.44,45.02
303,54.73,68.41,45.48
297,54.52,68.55,45.61
332,54.28,68.37,45.3
452,54.21,68.05,44.98
510,54.18,67.74,44.41
296,54.3,68.55,45.54
298,53.89,68.44,45.3
408,54.11,67.11,45.02
407,53.69,66.51,45.65
415,53.63,66.82,45.02
390,54.51,66.51,46.27
383,54.53,66.78,45.65
518,53.27,67.86,44.43
328,53.6,68.44,45.19
447,53.39,68.2,44.94
304,53.52,68.56,45.29
413,53.71,67.6,45.02
489,52.84,67.68,44.4
407,53.23,67.2,45.02
314,53.29,68.75,45.19
353,53.27,68.4,45.35
297,53.42,68.7,45.29
484,52.75,68.46,44.68
481,52.87,68.32,44.69
491,52.39,68.1,44.42
476,51.5,68.23,44.41
480,51.03,67.82,44.4
454,51.88,66.91,44.4
463,51.47,67.36,44.4
467,51.95,67.76,44.4
457,52.35,67.28,44.4
443,51.87,66.51,45.02
448,51.87,66.31,45.65
416,52.76,66.86,45.02
428,52.29,66.7,45.02
421,53.18,66.68,45.02
425,52.28,66.51,45.65
411,53.17,66.51,45.65
416,52.77,66.51,45.65
483,50.07,68.89,44.85
490,50.69,68.21,44.42
483,50.32,68.52,44.72
486,50.25,68.35,44.7
469,50.6,67.44,45.04
484,50.12,67.06,45.03
458,51,66.99,45.02
474,50.53,66.75,45.02
448,51.35,66.73,45.02
479,50.51,66.51,45.65
448,51.31,66.51,45.65
485,49.15,68.41,45.25
491,49.26,68.11,44.96
506,49.35,67.77,44.41
486,49.71,67.52,45.03
477,49.76,68.65,45.2
475,50.01,68.46,45.12
477,50.18,67.93,45.04
479,49.83,68.11,45.15
475,49.63,68.32,45.35
475,49.52,68.66,45.33
479,49.22,68.53,45.4
485,48.83,68.43,45.38
515,49.63,66.51,46.27
505,49.64,66.78,45.65
493,48.83,67.58,45.03
497,49.23,67.1,45.65
497,48.35,67.15,45.02
516,48.75,66.51,46.27
508,48.76,66.8,45.65
509,43.98,66.51,48.81
491,44.59,66.31,48.86
530,44.77,66.77,47.52
509,45.23,67.03,46.9
537,46.87,68.31,45.36
529,45.71,67.42,46.27
479,48.42,68.55,45.66
491,48.03,68.44,45.57
480,48.4,68.21,45.52
496,48.45,67.82,45.07
537,44.69,66.51,48.16
471,45.52,66.31,48.19
520,47.64,68.39,45.34
524,47.51,68.07,45.02
539,47.52,67.8,44.55
503,47.71,68.58,45.59
523,47.07,67.71,45.03
509,46.59,67.34,45.65
501,48,68.1,45.36
502,47.95,67.62,45.03
490,47,66.9,45.65
463,46.99,66.51,46.27
495,45.61,66.75,46.89
505,46.11,66.95,46.27
507,46.52,66.72,45.65
479,45.56,66.51,47.53
482,46.09,66.51,46.9
481,46.5,66.51,46.27
493,47.86,66.85,45.65
484,47.95,66.51,46.27
483,47.47,67.26,45.65
491,47.41,66.7,45.65
464,47.4,66.51,46.27
371,43.98,66.51,49.47
568,44,66.8,48.15
546,44.33,67.09,47.52
521,44.83,67.49,46.9
514,47.15,68.31,45.47
516,47.29,68.82,45.5
471,43.53,67.39,48.79
503,43.73,66.8,48.8
396,43.72,66.8,49.46
535,51.21,68.7,43.78
616,51.09,69.17,43.14
634,51.62,69.12,43.14
637,50.54,70.55,41.19
603,50.88,70.96,40.8
591,51.4,71.36,40.61
774,51.9,71.76,40.45
668,51.28,69.59,42.52
656,51.91,69.53,42.6
662,51.96,69.53,42.28
673,52.18,69.98,42.34
725,52.4,70.42,42.32
805,52.31,71.28,40.61
647,50.96,70.11,41.85
612,51.3,70.48,41.27
675,51.78,70.87,40.85
834,52.83,71.35,41.41
645,51.7,70,41.89
725,52.31,69.9,41.73
736,52.18,70.4,41.27
818,52.72,70.33,41.05
729,52.38,70.4,41.95
781,52.64,70.82,41.82
823,52.74,70.79,41.25
544,50.88,68.81,43.76
570,50.73,69.23,43.73
853,52.49,72.16,40.44
583,50.5,72.32,40.42
703,51.48,72.24,40.45
579,50.99,71.83,40.56
639,50.32,71.06,41.04
555,51.94,68.61,43.78
522,52.36,68.7,44.25
599,52.56,68.24,43.75
659,52.23,68.74,43.14
660,52.15,69.53,42.62
658,52.15,69.98,42.54
637,52.42,68.82,43.71
653,52.35,69.58,43.13
686,52.35,70.37,42.64
646,50.21,71.07,41.08
647,50.23,71.42,41.37
641,50.11,71.91,41.13
614,50.93,69.2,43.14
640,50.49,70.97,41.52
648,50.64,70.54,41.81
658,50.93,69.61,42.61
656,50.89,70.15,42.29
628,50.73,69.63,43.14
650,50.53,70.97,41.99
653,50.7,70.51,42.36
652,50.73,70.1,42.63
878,53.05,73.43,40.44
875,53.01,72.58,40.44
856,52.79,71.71,40.59
822,52.63,70.81,40.82
854,52.93,71.7,41.18
865,52.97,71.75,40.77
886,53.18,73.43,40.66
884,53.18,72.6,40.66
1119,45.22,71.89,41.27
1015,45.62,71.87,42.04
991,45.7,71.91,42.35
894,43.97,70.68,43.15
1018,44.74,71.52,41.91
935,44.27,71.09,42.52
1034,45.44,71.43,41.85
989,45.5,71.41,42.31
955,45.66,71.43,42.63
1033,45.15,71.02,41.9
991,45.3,70.51,42.27
990,45.5,71.01,42.31
956,45.46,71.02,42.61
900,45.66,71.02,43.14
845,43.95,69.85,43.77
897,44.22,70.21,43.15
955,44.66,70.61,42.52
534,44.04,67.58,47.52
535,43.9,68.03,46.9
511,44.43,67.97,46.9
553,44.43,67.97,45.65
564,45.31,67.89,45.65
542,46.19,67.82,45.65
558,46.74,68.81,45.32
538,46.78,68.49,45.47
555,47.03,69.54,45.59
605,44.91,68.37,45.02
592,45.78,68.29,45.02
550,46.6,68.03,45.08
559,46.32,68.28,45.27
706,45.35,68.77,44.42
551,46.55,68.45,45.33
741,45.77,69.2,44.48
584,46.24,68.71,45.02
568,46.6,68.86,45.2
533,46.98,69.19,45.44
656,46.21,69.21,44.76
548,43.9,68.03,46.27
955,45.26,70.54,42.59
900,45.46,70.53,43.14
848,45.66,70.53,43.73
781,45.97,70.01,44.45
549,44.09,68.45,45.65
897,45.04,70.14,43.15
843,45.46,70.12,43.77
822,45.71,70.11,44.1
835,45.24,69.62,43.79
789,45.63,69.67,44.32
640,43.92,68.92,45.02
650,44.51,68.85,45.02
842,44.58,69.73,43.77
762,44.14,69.33,44.4
764,44.97,69.25,44.4
529,44.43,67.97,46.27
589,46.78,69.39,45.38
540,45.31,67.89,46.27
501,47.34,69.44,45.57
523,47.26,69.53,45.6
406,52.91,68.21,45.03
445,52.89,69.11,44.74
413,52.94,68.63,45
519,52.48,69.52,44.22
469,52.45,69.08,44.46
485,51.13,68.7,44.42
490,50.71,69.21,44.39
482,50.26,69.28,44.67
526,50.63,69.63,44.18
657,58.05,71.22,42.52
645,57.82,70.81,43.14
624,57.24,70.82,44.29
754,59.42,70.24,44.61
702,58.58,70.22,43.79
670,58.39,70.74,43.14
739,58.98,70.27,44.34
705,58.8,70.73,43.77
732,59.05,70.72,44.11
671,57.99,70.34,43.78
672,57.55,70.35,44.2
726,58.33,69.86,44.41
720,61.64,66.93,46.27
686,62.05,66.71,46.9
714,62.94,66.69,46.9
712,62.52,66.88,46.9
756,62.12,67.31,46.27
653,61.63,66.51,46.9
743,61.24,67.39,46.27
780,60.84,67.86,45.65
793,61.47,68.54,45.92
794,61.6,68.42,45.88
787,61.29,68.09,45.77
786,61.14,68.36,45.94
770,61.71,67.8,46.26
788,60.15,68.89,45.53
784,60.41,68.28,45.75
780,60.62,69.65,45.99
783,60.67,69.54,45.86
785,60.99,69.38,46.03
784,60.43,69.38,45.78
787,60.55,69.19,45.7
786,60.83,68.68,45.92
784,59.95,69.35,45.51
789,59.71,68.83,45.6
783,59.76,69.31,45.39
780,59.38,69.32,45.2
751,58.92,69.76,44.57
767,59.38,69.8,44.89
769,59.88,70.18,45.24
770,60.09,70.29,45.39
779,59.79,69.72,45.45
771,60.24,70.35,45.57
779,59.99,69.73,45.53
779,60.1,69.74,45.72
776,60.26,69.89,45.88
775,60.41,69.91,45.99
646,65.16,66.77,49.84
663,65.57,66.99,49.84
678,65.61,67.88,49.85
540,65.68,75.38,49.84
511,65.66,74.52,49.84
711,65.66,69.64,49.84
655,65.26,66.65,50.1
673,65.69,66.87,50.1
736,65.9,68.74,49.96
685,65.73,67.79,50.1
507,65.9,74.97,50
517,65.8,75.39,50.1
488,65.77,74.51,50.1
501,65.9,73.63,49.96
691,65.78,69.6,50.1
581,65.9,70.69,49.96
532,65.9,72.32,49.96
891,53.18,74.3,40.65
646,50.18,71.05,40.71
618,50.51,71.43,40.76
630,50.11,71.94,40.5
637,50,71.95,40.7
626,49.9,72.8,40.68
896,54.53,78.81,41.25
905,54.49,78.73,41.24
894,54.5,78.74,41.27
913,54.49,78.72,41.2
923,54.52,78.79,41.18
920,54.49,78.71,41.17
933,54.52,78.78,41.14
943,54.52,78.78,41.11
928,54.49,78.7,41.13
951,54.52,78.77,41.07
934,54.48,78.69,41.1
944,54.48,78.67,41.03
952,54.37,78.64,40.97
975,54.41,78.72,40.92
974,54.47,78.73,40.94
987,54.52,78.78,40.9
954,54.31,78.63,40.95
1003,54.63,78.73,40.68
987,54.56,78.64,40.69
965,54.35,78.6,40.85
973,54.47,78.57,40.7
979,54.37,78.53,40.53
983,54.47,78.71,40.87
995,54.52,78.76,40.83
997,54.58,78.71,40.74
990,54.52,78.68,40.78
970,54.43,78.59,40.8
990,54.46,78.67,40.76
983,54.42,78.7,40.85
992,54.67,78.59,40.49
990,54.63,78.65,40.66
990,54.52,78.66,40.72
986,54.54,78.61,40.59
975,54.46,78.55,40.62
997,54.57,78.58,40.42
1043,54.59,78.8,40.42
999,54.37,78.57,40.42
881,53.09,74.31,40.44
595,50.07,72.8,40.42
581,54.85,78.92,41.66
581,54.82,78.96,41.6
586,54.85,78.98,41.56
584,54.87,78.96,41.6
595,54.9,78.98,41.56
582,54.87,78.97,41.63
585,54.89,78.94,41.59
596,54.93,78.95,41.56
584,54.93,78.92,41.63
567,54.99,78.83,41.67
605,54.88,78.84,41.73
569,54.99,78.84,41.72
581,54.93,78.94,41.7
637,54.96,78.97,41.45
627,54.96,78.97,41.48
637,54.93,79,41.45
626,54.93,79,41.48
624,54.88,79.01,41.45
611,54.88,79.01,41.48
595,54.82,79.01,41.48
616,54.96,78.97,41.52
606,54.96,78.97,41.56
615,54.93,79,41.52
605,54.93,79,41.56
601,54.88,79.01,41.52
588,54.82,79.01,41.52
584,54.82,79.01,41.56
716,54.96,78.97,41.33
777,54.96,78.97,41.29
662,54.96,78.97,41.37
646,54.96,78.97,41.41
665,54.93,79,41.37
649,54.93,79,41.41
574,54.98,78.85,41.78
610,54.88,78.85,41.79
570,55.09,78.84,41.71
603,54.98,78.96,41.59
601,55.03,78.93,41.62
575,55.1,78.83,41.65
609,55.2,78.83,41.64
712,55.04,78.97,41.31
652,55.04,78.97,41.39
664,55.2,78.93,41.29
637,55.25,78.88,41.32
623,55.32,78.77,41.35
673,55.15,78.95,41.31
648,55.15,78.96,41.39
639,55.24,78.9,41.4
626,55.31,78.78,41.42
642,55.37,78.9,41.31
626,55.46,78.77,41.39
630,55.69,78.76,41.37
644,55.69,78.86,41.24
633,55.79,78.77,41.42
641,55.04,78.97,41.46
618,55.11,78.92,41.58
628,55.04,78.97,41.54
644,55.14,78.98,41.53
646,55.14,78.97,41.46
639,55.21,78.91,41.49
639,55.21,78.93,41.56
641,55.24,78.91,41.46
623,55.28,78.82,41.58
626,55.3,78.8,41.5
629,55.47,78.8,41.5
634,55.8,78.8,41.55
903,54.96,78.97,41.21
848,54.96,78.97,41.25
809,55.04,78.97,41.23
737,55.15,78.95,41.23
944,54.96,78.97,41.17
971,54.96,78.97,41.13
890,55.04,78.97,41.15
803,55.15,78.96,41.15
987,54.96,78.97,41.09
995,54.96,78.97,41.06
950,55.04,78.97,41.07
861,55.15,78.96,41.07
987,55.04,78.97,41
912,55.15,78.96,41
668,55.42,78.89,41.07
698,55.42,78.88,41
632,55.59,78.88,41.03
826,55.26,78.94,41
745,55.37,78.94,41
782,55.26,78.95,41.07
706,55.37,78.94,41.07
655,55.43,78.91,41.13
636,55.47,78.86,41.24
649,55.58,78.92,41.15
689,55.25,78.96,41.23
639,55.31,78.88,41.26
663,55.37,78.96,41.22
735,55.26,78.95,41.15
676,55.37,78.95,41.15
998,55.1,79.02,40.92
916,55.21,79.01,40.92
968,55.2,78.9,40.76
906,55.26,78.95,40.84
990,55.2,78.9,40.68
851,55.36,78.88,40.72
950,55.21,79.01,40.84
1018,55.1,79.02,40.84
1024,55.04,78.97,40.76
1005,55.15,78.96,40.76
1032,55.04,78.97,40.68
1019,55.15,78.96,40.68
984,55.26,78.99,40.6
853,55.38,79.1,40.61
866,55.32,79,40.84
830,55.32,79,40.92
874,55.27,79.06,40.92
908,55.27,79.06,40.84
1057,55.16,79.12,40.52
1086,55.06,79.23,40.43
1074,55.18,79.3,40.43
963,55.28,79.22,40.54
750,55.5,79.2,40.53
796,55.4,79.32,40.43
731,54.63,78.82,41.63
657,54.65,78.89,41.6
712,54.66,78.83,41.67
630,54.68,78.91,41.64
608,54.7,78.93,41.59
635,54.68,78.9,41.62
728,54.63,78.82,41.66
593,54.73,78.94,41.6
583,54.76,78.96,41.6
710,54.66,78.83,41.71
592,54.73,78.95,41.63
612,54.71,78.91,41.66
686,54.71,78.84,41.72
583,54.76,78.97,41.64
593,54.76,78.92,41.68
748,54.6,78.81,41.61
579,54.79,78.99,41.6
579,54.81,78.96,41.64
579,54.79,78.99,41.64
582,54.82,78.94,41.7
656,54.77,78.84,41.74
686,54.71,78.85,41.78
911,54.53,78.82,41.21
907,54.5,78.8,41.23
909,54.56,78.84,41.21
892,54.56,78.84,41.25
910,54.59,78.87,41.21
889,54.59,78.87,41.25
918,54.62,78.89,41.21
892,54.62,78.89,41.25
926,54.53,78.82,41.17
926,54.56,78.84,41.17
938,54.53,78.82,41.13
939,54.56,78.84,41.13
929,54.59,78.87,41.17
943,54.59,78.87,41.13
935,54.62,78.89,41.17
949,54.62,78.89,41.13
949,54.53,78.82,41.09
951,54.56,78.84,41.09
959,54.53,78.82,41.06
961,54.56,78.84,41.06
974,54.58,78.81,41
960,54.53,78.76,41.02
908,54.65,78.92,41.21
872,54.65,78.92,41.25
875,54.68,78.94,41.21
843,54.68,78.94,41.25
967,54.67,78.89,41.09
955,54.59,78.87,41.09
960,54.62,78.89,41.09
934,54.65,78.92,41.17
951,54.65,78.92,41.13
976,54.67,78.89,41.06
984,54.7,78.86,41.02
989,54.73,78.88,41.02
990,54.7,78.86,40.98
995,54.73,78.88,40.98
966,54.59,78.87,41.06
970,54.62,78.89,41.06
975,54.61,78.84,41.02
979,54.64,78.86,41.02
986,54.64,78.86,40.98
983,54.61,78.84,40.98
974,54.7,78.91,41.09
983,54.76,78.91,41.09
983,54.7,78.91,41.06
989,54.76,78.91,41.06
994,54.76,78.91,41.02
999,54.76,78.91,40.98
737,54.65,78.92,41.37
705,54.65,78.92,41.41
648,54.68,78.94,41.41
674,54.68,78.94,41.37
801,54.65,78.92,41.29
775,54.65,78.92,41.33
737,54.68,78.94,41.33
1409,54.68,78.94,41.29
682,54.65,78.92,41.45
668,54.65,78.92,41.48
635,54.68,78.94,41.45
626,54.68,78.94,41.48
657,54.65,78.92,41.52
622,54.68,78.94,41.52
647,54.65,78.92,41.56
618,54.68,78.94,41.56
596,54.71,78.97,41.52
584,54.74,78.99,41.52
596,54.71,78.97,41.56
584,54.74,78.99,41.56
606,54.71,78.97,41.45
597,54.71,78.97,41.48
585,54.74,78.99,41.48
811,54.56,78.85,41.4
825,54.52,78.84,41.41
849,54.47,78.77,41.42
831,54.56,78.84,41.37
845,54.51,78.83,41.37
811,54.59,78.87,41.37
780,54.62,78.89,41.37
787,54.59,78.87,41.41
753,54.62,78.89,41.41
877,54.53,78.83,41.29
874,54.56,78.84,41.29
867,54.53,78.83,41.32
855,54.56,78.84,41.33
879,54.5,78.82,41.3
867,54.5,78.82,41.33
875,54.48,78.76,41.35
866,54.59,78.87,41.29
840,54.59,78.87,41.33
859,54.62,78.89,41.29
818,54.62,78.89,41.33
791,54.56,78.86,41.44
802,54.53,78.85,41.45
786,54.54,78.86,41.48
823,54.48,78.78,41.49
799,54.49,78.8,41.55
743,54.59,78.88,41.48
768,54.56,78.86,41.5
765,54.59,78.87,41.44
729,54.62,78.89,41.45
712,54.62,78.89,41.48
696,54.62,78.9,41.52
725,54.59,78.87,41.54
678,54.62,78.91,41.55
724,54.59,78.89,41.51
746,54.56,78.87,41.53
716,54.59,78.88,41.57
777,54.54,78.8,41.58
981,54.82,78.96,41.17
932,54.68,78.94,41.17
950,54.68,78.94,41.13
952,54.73,78.94,41.17
958,54.73,78.94,41.13
975,54.76,78.96,41.13
976,54.76,78.96,41.17
35774,54.76,78.96,41.25
11217,54.82,78.96,41.25
6961,54.76,78.96,41.21
1011,54.82,78.96,41.21
2334,54.71,78.97,41.21
16661,54.71,78.97,41.25
854,54.93,79,41.25
912,54.93,79,41.21
973,54.85,78.98,41.21
2158,54.85,78.98,41.25
866,54.9,78.98,41.25
926,54.9,78.98,41.21
976,54.93,79,41.17
991,54.93,79,41.13
984,54.85,78.98,41.17
981,54.9,78.98,41.17
989,54.9,78.98,41.13
991,54.85,78.98,41.13
990,54.79,78.93,41.09
995,54.79,78.93,41.06
994,54.82,78.96,41.13
992,54.84,78.93,41.09
993,54.87,78.95,41.09
996,54.84,78.93,41.06
999,54.87,78.95,41.06
1000,54.79,78.93,41.02
1004,54.79,78.93,40.98
998,54.87,78.93,41
1000,54.93,79,41.09
1005,54.93,79,41.06
998,54.9,78.98,41.09
1003,54.9,78.98,41.06
1006,54.93,78.98,41
552,54.76,78.96,41.41
605,54.82,78.96,41.41
828,54.76,78.96,41.37
650,54.82,78.96,41.37
624,54.85,78.98,41.41
637,54.85,78.98,41.37
593,54.74,78.99,41.45
596,54.79,78.99,41.45
608,54.82,79.01,41.45
578,54.71,78.97,41.41
673,54.71,78.97,41.37
40279,54.76,78.96,41.33
14202,54.82,78.96,41.33
60111,54.76,78.96,41.29
25902,54.82,78.96,41.29
16341,54.71,78.97,41.33
31428,54.71,78.97,41.29
638,54.88,79.01,41.41
1058,54.85,78.98,41.33
4756,54.85,78.98,41.29
651,54.88,79.01,41.37
699,54.9,78.98,41.33
777,54.9,78.98,41.29
707,54.93,79,41.33
769,54.93,79,41.29
584,54.77,79.02,41.48
582,54.77,79.02,41.52
580,54.77,79.02,41.56
990,54.53,78.84,40.92
1003,54.53,78.84,40.84
1007,54.58,78.79,40.76
1012,54.64,78.83,40.76
1020,54.64,78.83,40.68
1013,54.58,78.78,40.68
1009,54.69,78.72,40.56
1019,54.7,78.88,40.76
1026,54.7,78.88,40.68
1022,54.81,78.82,40.57
996,54.59,78.89,40.92
1001,54.7,78.88,40.92
1008,54.76,78.93,40.92
1009,54.59,78.89,40.84
1011,54.7,78.88,40.84
1018,54.76,78.93,40.84
1026,54.76,78.93,40.76
1023,54.87,78.93,40.76
1030,54.93,78.98,40.76
1034,54.76,78.93,40.68
1030,54.87,78.93,40.68
1037,54.93,78.98,40.68
1035,54.93,78.91,40.58
1017,54.82,78.98,40.92
1026,54.82,78.98,40.84
1037,54.99,79.03,40.76
1044,54.99,79.03,40.68
1047,55.05,79.01,40.6
1027,54.88,79.04,40.92
1023,54.99,79.03,40.92
1033,54.88,79.04,40.84
1030,54.99,79.03,40.84
1050,54.92,78.93,40.5
1058,55.04,79.02,40.51
1038,54.81,78.85,40.49
1070,54.82,79.02,40.42
1080,54.94,79.12,40.42
1062,54.71,78.91,40.42
580,54.82,78.96,41.77
653,54.77,78.85,41.8
559,65.66,74.53,49.4
630,65.66,74.53,48.77
629,65.68,75.36,49.4
1117,65.9,75.88,49.47
727,65.68,75.36,48.77
1169,65.9,75.88,48.81
1280,65.9,76.29,48.81
1537,66.1,76.78,48.86
1272,65.9,76.29,49.47
1566,66.1,76.78,49.59
711,55.48,78.98,40.88
747,55.48,78.98,40.72
671,55.6,79.08,40.61
737,55.5,79.2,40.62
833,55.62,79.3,40.54
766,55.72,79.18,40.53
874,55.52,79.38,40.43
930,55.84,79.31,40.43
695,58.5,76.51,40.83
697,58.08,76.98,40.63
713,57.58,76.57,40.82
1745,65.9,85.17,41.19
1731,65.77,85.78,41.03
1664,65.62,85.58,40.75
1606,65.23,85.78,40.57
1749,65.9,85.17,41.84
1779,65.77,85.78,41.73
1533,65.12,81.23,40.64
1560,65.19,82.13,40.63
1654,65.29,83.02,40.64
1645,65.4,83.9,40.66
1644,65.47,84.82,40.65
1658,65.6,85.49,40.65
1548,64.08,79.57,40.65
1517,64.64,80.84,40.66
1574,64.56,79.96,40.66
1554,64.71,81.72,40.46
1586,64.8,82.61,40.46
1685,64.9,83.5,40.46
1656,65.03,84.44,40.46
1597,65.2,85.45,40.46
1616,63.67,80.04,40.46
1554,64.23,81.32,40.46
1628,64.16,80.44,40.46
1648,65.67,85.13,41.27
1592,65.64,84.3,41.27
1603,65.63,83.4,41.27
1532,65.65,82.52,41.27
1441,65.57,81.65,41.27
1498,65.48,80.77,41.27
1423,65.03,80.37,41.27
1436,64.96,79.48,41.27
1635,65.49,85.38,40.87
1585,65.39,84.77,40.87
1573,65.34,83.89,40.87
1577,65.28,83,40.86
1519,65.2,82.12,40.84
1463,65.12,81.25,40.85
1444,64.63,80.84,40.87
1491,64.55,79.96,40.87
1474,62.99,78.63,41.17
1431,62.96,78.68,41.46
1493,62.82,78.64,41.09
1530,63.13,78.71,40.72
1534,62.86,78.7,40.78
1551,62.58,78.62,40.81
1570,63.13,79.04,40.56
1612,62.67,79.19,40.44
1366,63.71,78.49,41.48
1371,64.41,78.2,41.27
1444,63.27,78.66,41.12
1429,63.7,78.32,41.12
1423,63.33,78.58,41.51
1362,63.61,78.66,41.48
1393,63.32,78.74,41.37
1502,63.34,78.76,40.79
1488,63.97,78.67,40.81
1614,63.19,79.63,40.46
1559,63.6,79.18,40.6
1464,64.07,79.55,40.86
1381,64.48,79.08,41.27
1300,63.92,78.47,41.89
1288,64.43,78.2,41.88
929,63.09,75.21,45.56
911,63.01,75.2,45.74
927,62.81,75.18,45.86
942,62.83,75.54,45.58
971,63.84,75.18,45.11
956,63.37,75.11,45.33
885,64.07,74.68,45.63
930,62.92,76.01,45.41
907,63.13,75.62,45.55
938,63.62,75.62,45.26
923,63.32,75.64,45.4
658,55.7,78.96,41.04
636,55.9,78.8,41.58
642,55.7,78.96,40.88
682,55.82,79.06,40.62
633,55.7,78.96,40.72
619,55.81,78.85,40.88
633,55.92,78.94,40.61
612,55.81,78.85,40.72
655,55.92,78.93,40.52
709,55.82,79.05,40.53
847,56.04,79.13,40.43
704,56.93,76.62,41.17
697,56.81,77.12,40.93
689,57.24,76.59,42.05
679,56.92,77.08,41.38
637,56,78.78,41.55
635,55.9,78.74,41.37
662,59.12,76.44,41.8
655,59.21,76.89,41.97
628,55.91,78.75,41.02
625,56.02,78.65,41.05
642,55.81,78.87,41.03
660,55.81,78.9,41.15
650,55.91,78.84,41.23
632,56,78.69,41.2
649,56.66,78.36,41.03
576,59.82,77.68,40.73
692,57.33,77.71,40.43
691,57.19,77.72,40.53
649,56.75,78.14,41.12
685,57.06,77.95,40.51
696,56.84,77.32,40.74
697,56.99,77.52,40.6
687,56.82,77.76,40.59
688,56.74,77.55,40.69
659,56.85,77.56,41.23
689,56.83,77.49,40.94
676,56.74,77.73,40.82
634,59.55,77.29,41.28
676,59.22,76.42,41.2
661,59.3,76.97,41.44
712,57.02,76.61,41.08
616,55.91,78.78,40.86
621,56.01,78.72,40.91
608,55.91,78.75,40.71
615,56.02,78.82,40.59
630,56.12,78.69,40.87
633,56.2,78.6,40.91
677,56.7,78.01,40.58
659,56.53,78.34,40.55
643,56.4,78.47,40.5
656,56.48,78.54,40.41
616,56.13,78.7,40.57
611,56.01,78.69,40.68
624,56.13,78.65,40.72
641,56.36,78.54,40.78
629,56.23,78.64,40.55
646,56.38,78.58,40.55
663,56.63,78.41,40.79
648,56.54,78.49,40.87
677,56.75,78,40.72
664,56.71,78.16,40.85
678,56.85,78.19,40.59
567,59.93,77.7,40.49
651,59.59,76.85,40.68
621,59.68,77.29,40.81
592,59.82,77.48,40.54
705,57.18,77.06,40.78
667,59.01,76.91,40.8
618,56.02,78.81,40.5
609,56.12,78.7,40.48
652,56.42,78.71,40.5
666,56.64,78.41,40.49
676,56.84,78.19,40.5
678,57.22,78.16,40.55
629,59.47,77.31,40.51
691,57.7,77.45,40.61
666,58.55,77.38,40.6
684,56.22,78.88,40.42
676,56.65,78.76,40.43
687,56.87,78.61,40.43
671,57.08,78.38,40.43
633,59.56,77.94,40.42
590,59.81,77.72,40.41
1238,59.39,78.19,40.42
676,57.36,78.15,40.44
680,57.49,77.92,40.44
664,58.16,77.86,40.45
624,59.04,77.78,40.43
1568,63.12,78.68,40.59
1555,63.13,78.87,40.61
1593,62.77,78.63,40.56
1576,62.19,78.59,40.69
1595,62.84,78.75,40.51
1609,62.18,78.78,40.43
797,65.66,74.53,47.52
794,65.41,75.01,46.9
714,65.66,74.53,48.15
688,65.36,74.12,47.52
661,64.97,74.6,46.9
668,65.36,74.12,48.15
1253,64.09,78.53,42.33
1229,64.13,78.54,42.63
1295,63.76,78.71,41.95
1387,63.01,78.74,41.83
1365,63.3,78.68,41.98
1271,63.75,78.59,42.56
1196,64.13,78.54,43.14
1161,64.2,78.09,43.76
1187,63.78,78.6,43.13
1145,63.95,78.42,43.71
950,63.15,76.99,45.28
997,63.41,77.39,44.94
838,65.05,75.48,46.27
1064,64.15,76.94,44.58
999,63.69,76.91,44.89
910,64.65,75.96,45.65
999,64.25,76.44,45.02
926,62.98,76.41,45.39
946,63.19,76.53,45.23
951,63.51,76.56,45.13
960,63.88,76.04,45.1
921,63.36,76.05,45.34
717,64.57,75.08,46.27
850,64.17,75.56,45.65
1224,65.71,76.3,46.9
922,65.68,75.36,47.52
1212,65.9,75.88,47.53
1024,65.5,75.89,46.9
825,65.68,75.36,48.15
1189,65.9,75.88,48.16
1229,65.2,77.24,45.02
1188,64.8,77.72,44.4
1116,64.07,78.12,44.26
1086,63.74,78.36,44.3
1089,63.63,78.57,44.24
1255,65.54,76.77,46.27
1221,65.2,77.24,45.65
1057,65.13,76.36,46.27
1062,64.72,76.84,45.65
1069,64.34,77.32,45.03
1094,64.14,77.78,44.56
1035,63.7,77.79,44.85
1025,63.37,78.18,44.87
1233,64.31,78.65,42.61
1277,64.88,78.6,42.52
1251,64.28,78.65,42.3
1285,64.48,79.08,41.9
1329,64.96,79.48,41.9
1354,65.35,79.01,42.52
1183,64.49,78.22,43.78
1299,65.3,78.12,43.77
1204,64.31,78.66,43.15
1252,64.88,78.6,43.15
1329,65.35,79.01,43.15
1384,65.62,78.54,43.77
1337,65.59,77.64,45.02
1291,65.3,78.12,44.4
1613,65.67,85.13,41.89
1488,65.64,82.52,41.89
1819,65.92,82.64,42.56
1790,65.93,81.62,42.57
1563,65.71,81.19,42.51
1724,65.9,80.75,42.53
1427,65.57,81.66,41.89
1436,65.48,80.77,41.9
1315,65.03,80.37,41.9
1987,66.1,84.32,43.14
1541,65.64,84.3,41.9
1753,65.9,84.3,42.51
2017,66.1,83.43,43.16
1537,65.62,83.41,41.89
1789,65.9,83.42,42.53
1370,65.4,79.89,42.52
1503,65.68,80.25,42.52
1377,65.62,78.54,44.39
1421,65.65,79.42,43.15
1721,65.9,80.75,43.15
1660,65.9,80.21,43.15
1560,65.9,79.4,43.77
1344,65.73,77.19,46.27
1361,65.9,76.77,46.27
1333,65.59,77.63,45.65
1405,65.9,77.18,45.65
1449,65.9,77.7,45.02
1504,65.9,78.52,44.39
1884,66.1,80.75,43.78
1813,66.1,80.21,43.77
1713,66.1,79.4,44.4
1531,66.1,77.18,46.27
1583,66.1,77.7,45.65
1648,66.1,78.52,45.02
1280,65.9,76.29,48.16
1509,66.1,76.78,48.19
1286,65.9,76.29,47.53
1493,66.1,76.78,47.54
1354,65.9,76.77,46.9
1534,66.1,77.18,46.9
1648,65.8,82.07,42.45
1545,65.7,81.18,43.15
1827,65.9,82.6,43.16
1797,65.9,82.06,43.16
1774,65.9,81.65,43.16
1746,65.9,81.17,43.77
2026,66.1,82.59,43.78
2000,66.1,82.06,43.78
1963,66.1,81.65,43.78
1926,66.1,81.17,44.4
734,57.47,75.7,40.82
716,57.23,76.21,41.2
695,57.31,76.23,41.79
725,57.12,75.72,41.43
707,57.21,75.71,41.99
750,57.42,74.82,40.8
750,57.12,74.44,41.14
719,57.2,74.82,41.97
738,57.14,74.77,41.5
709,57.3,75.28,41.8
735,57.19,75.26,41.19
715,58,76.1,40.84
715,58.43,75.63,40.84
685,58.88,76.02,41.26
658,59.03,76,41.94
643,59.05,76.02,42.32
668,58.95,75.56,41.73
696,58.81,75.14,41.27
645,59.04,75.14,42.34
657,59,75.13,41.97
637,59,76.01,42.63
733,57.91,75.22,40.85
644,59,75.1,42.64
762,57.76,73.46,40.83
757,57.34,73.06,41.24
709,57.43,72.6,42.03
727,57.33,73.05,41.83
719,57.26,73.43,42.08
682,57.39,72.57,42.35
650,57.62,70.82,43.77
650,57.62,71.74,42.62
635,57.62,71.23,43.15
617,57.42,71.23,43.73
621,57.42,71.77,43.14
652,57.42,72.58,42.64
749,57.83,74.33,40.84
712,57.27,74.35,42.09
680,57.38,73.92,42.34
746,57.39,73.94,41.25
713,57.37,73.93,41.9
709,58.33,74.74,41.27
648,59.02,74.71,42.37
648,59,74.71,42.56
650,57.42,73.91,42.57
746,58.25,73.86,40.85
672,58.93,74.65,41.72
706,58.72,74.26,41.26
657,58.98,74.25,42.02
650,59.03,74.27,42.35
652,59,74.26,42.64
716,58.65,73.38,41.27
676,58.9,73.8,41.73
663,58.97,73.4,42.03
658,59.03,73.42,42.35
662,59,73.4,42.64
725,58.58,72.5,41.27
717,59,72.9,41.24
673,59.03,72.91,41.89
670,58.97,72.49,42.03
664,59.03,72.55,42.35
681,58.8,72.04,41.84
665,58.84,72.03,42.3
665,58.8,72.03,42.61
684,59,72.04,43.14
669,59,72.57,42.63
654,57.62,72.13,42.54
669,57.59,72.13,42.34
688,58.1,72.1,41.9
669,57.79,71.69,42.27
768,59.56,70.14,45.14
753,59.57,70.66,44.81
662,58.45,71.62,42.52
675,58.61,71.15,43.14
743,59.12,70.67,44.54
701,58.8,71.14,43.77
677,58.8,71.63,43.14
732,59.18,71.13,44.29
706,59,71.63,43.73
732,58.18,72.98,41.27
704,57.74,72.58,41.87
771,61.13,70.61,46.01
767,60.24,70.71,45.59
765,60.15,70.7,45.41
772,60.73,70.25,46
1004,63.99,72.92,45.06
1018,64.04,73.8,45.04
1021,63.44,73.43,45.23
1008,63.12,73.48,45.55
750,64.49,74.2,46.27
937,64.01,73.8,45.64
1001,62.81,73.44,45.85
999,63.01,73.45,45.73
836,64.42,73.32,46.27
847,64.34,72.44,46.27
950,63.94,72.92,45.65
674,64.74,71.96,47.52
802,64.82,72.84,47.52
701,64.9,73.72,47.52
633,64.26,71.56,47.52
723,62.35,69.94,46.43
652,62.83,70.36,46.41
889,63.22,72.13,45.82
635,63.3,70.76,46.9
626,63.78,71.16,46.9
712,63.42,71.63,46.24
637,63.12,70.74,46.45
692,63.16,71.23,46.17
763,63.86,72.04,46.27
928,63.51,72.52,45.69
717,63.86,72.04,46.9
678,64.49,74.2,46.9
803,64.34,72.44,46.9
781,64.42,73.32,46.9
963,63.12,74.77,45.55
971,63.31,74.77,45.41
944,63.62,74.28,45.65
768,61.92,70.47,46.21
739,62.37,70.86,46.18
774,62.75,71.26,46.14
812,62.92,71.68,46.12
902,62.96,72.16,46
955,63.01,74.7,45.72
774,61.54,70.99,46.01
774,61.95,71.36,46.01
773,62.36,71.75,45.99
896,62.66,72.13,45.99
936,62.57,73.43,45.99
953,62.74,74.72,45.99
980,62.81,74.62,45.85
1165,45.8,74.94,41.19
1247,45.54,75.42,40.83
1221,46.13,75.35,40.76
1376,44.62,75.49,40.65
1280,45.53,75.42,40.6
1247,46.28,75.34,40.56
1450,44.07,75.97,40.46
1380,45.12,75.89,40.45
1289,46.17,75.81,40.43
1441,43.87,75.56,40.65
1415,43.72,75.1,40.77
1392,43.72,74.7,40.77
1158,43.66,73.83,41.71
1284,43.72,74.24,41.22
1147,43.68,73.78,42.05
1454,43.52,75.6,40.63
1269,43.53,75.07,41.15
1264,43.53,74.69,41.17
1160,43.53,74.26,41.91
1084,45.73,74.95,41.81
1128,45.89,75.47,41.51
1184,46.17,75.36,41.04
1229,46.3,75.85,40.79
1046,45.87,75.42,41.97
1252,46.52,76.23,40.61
1152,46.22,75.78,41.25
1351,44.65,75.5,40.86
1417,43.95,75.57,40.87
1310,43.5,75.95,41.21
1070,43.39,76.04,41.42
1242,43.32,76.58,41.42
1470,43.52,76,40.58
1776,65.9,85.17,42.49
1845,65.78,85.78,42.4
1959,66.1,85.28,43.09
1035,65.83,76.3,50.1
587,65.6,75.89,50.1
4,48.8,77.85,60.84
4,48.83,77.84,60.84
4,48.83,77.85,60.84
4,48.81,77.86,60.84
4,48.81,77.83,60.84
4,48.81,77.84,60.85
3,48.51,77.84,60.85
3,48.5,77.85,60.85
3,48.52,77.82,60.85
3,48.55,77.81,60.85
3,48.56,77.8,60.83
3,48.53,77.8,60.83
3,48.38,77.83,60.86
3,48.37,77.81,60.86
3,48.38,77.8,60.85
3,48.34,77.82,60.86
3,48.34,77.83,60.86
3,48.35,77.8,60.86
3,48.37,77.8,60.85
3,48.44,77.82,60.86
3,48.44,77.83,60.86
3,48.45,77.81,60.85
3,48.46,77.8,60.83
3,48.41,77.82,60.86
3,48.41,77.83,60.86
3,48.43,77.84,60.85
3,48.42,77.81,60.86
3,48.44,77.8,60.85
3,48.41,77.8,60.85
3,48.4,77.81,60.85
3,48.37,77.84,60.85
4,48.66,77.84,60.85
4,48.7,77.84,60.85
4,48.69,77.83,60.85
4,48.67,77.84,60.84
4,48.68,77.85,60.84
4,48.66,77.83,60.84
4,48.67,77.82,60.85
4,48.66,77.81,60.83
4,48.69,77.8,60.83
4,48.71,77.83,60.85
4,48.74,77.82,60.85
4,48.73,77.83,60.84
4,48.73,77.85,60.84
4,48.73,77.81,60.85
4,48.74,77.8,60.83
4,48.71,77.8,60.83
4,48.7,77.81,60.83
4,48.77,77.8,60.82
4,48.76,77.81,60.83
4,48.75,77.86,60.84
4,48.76,77.86,60.83
4,48.76,77.83,60.84
4,48.76,77.85,60.85
4,48.77,77.86,60.84
4,48.77,77.82,60.83
4,48.8,77.82,60.83
4,48.78,77.81,60.81
4,48.79,77.84,60.83
3,48.62,77.82,60.85
4,48.64,77.8,60.82
4,48.63,77.81,60.83
4,48.63,77.83,60.84
4,48.64,77.85,60.84
4,48.62,77.84,60.84
3,48.62,77.86,60.84
4,48.61,77.83,60.84
3,48.6,77.85,60.85
4,48.65,77.82,60.83
3,48.45,77.84,60.85
3,48.47,77.85,60.85
3,48.44,77.85,60.85
3,48.47,77.82,60.85
3,48.49,77.82,60.85
3,48.48,77.81,60.83
3,48.49,77.8,60.82
3,48.51,77.81,60.83
3,48.48,77.83,60.85
3,48.52,77.84,60.85
3,48.55,77.84,60.85
3,48.54,77.83,60.85
3,48.56,77.82,60.85
3,48.56,77.84,60.85
3,48.58,77.83,60.84
3,48.58,77.85,60.84
4,48.59,77.83,60.83
4,48.61,77.8,60.82
4,48.6,77.81,60.83
4,48.59,77.81,60.82
3,48.58,77.81,60.83
4,48.87,77.82,60.85
4,48.87,77.84,60.85
4,48.86,77.85,60.84
4,48.88,77.85,60.84
4,48.87,77.86,60.84
4,48.85,77.82,60.83
4,48.83,77.82,60.83
4,48.84,77.81,60.81
4,48.81,77.81,60.81
4,48.84,77.83,60.83
4,48.84,77.86,60.84
4,48.9,77.83,60.83
4,48.88,77.81,60.83
4,48.86,77.81,60.81
4,48.92,77.8,60.86
4,48.89,77.81,60.82
4,48.92,77.8,60.85
4,48.91,77.81,60.83
4,48.92,77.82,60.85
4,48.94,77.83,60.85
4,48.92,77.83,60.85
4,48.91,77.84,60.84
3,48.36,77.82,60.86
3,48.35,77.84,60.86
3,48.34,77.8,60.85
3,48.33,77.81,60.86
3,48.31,77.82,60.87
3,48.28,77.82,60.87
3,48.33,77.82,60.86
3,48.33,77.84,60.86
3,48.27,77.81,60.87
3,48.24,77.81,60.87
3,48.3,77.81,60.86
3,48.27,77.81,60.86
3,48.28,77.8,60.86
3,48.31,77.8,60.85
3,48.24,77.81,60.86
3,48.23,77.8,60.86
3,48.21,77.8,60.85
3,48.26,77.8,60.85
3,48.22,77.81,60.86
3,48.22,77.82,60.87
3,48.23,77.82,60.86
3,48.23,77.84,60.86
3,48.17,77.8,60.86
3,48.19,77.81,60.86
3,48.19,77.83,60.87
3,48.16,77.82,60.87
3,48.18,77.84,60.86
3,48.2,77.81,60.85
3,48.19,77.8,60.85
3,48.16,77.8,60.85
3,48.15,77.81,60.85
3,48.13,77.82,60.87
3,48.13,77.8,60.85
3,48.12,77.81,60.87
3,48.12,77.84,60.87
3,48.11,77.83,60.87
3,48.12,77.85,60.86
3,48.08,77.83,60.87
3,48.08,77.84,60.87
3,48.06,77.81,60.87
3,48.05,77.83,60.87
3,48.07,77.85,60.86
3,48.1,77.8,60.85
3,48.09,77.81,60.85
3,48.08,77.81,60.85
3,48.04,77.81,60.87
3,48,77.8,60.86
3,47.98,77.82,60.87
3,47.95,77.84,60.86
3,47.95,77.81,60.85
3,47.9,77.81,60.85
3,47.81,77.82,60.86
3,47.84,77.81,60.85
4,48.84,77.79,60.81
3,48.32,77.79,60.87
3,48.38,77.79,60.85
3,48.35,77.79,60.87
3,48.34,77.79,60.85
3,48.37,77.79,60.85
3,48.44,77.79,60.85
3,48.41,77.79,60.85
3,48.46,77.79,60.83
3,48.48,77.79,60.83
3,48.49,77.79,60.81
3,48.51,77.79,60.83
4,48.53,77.79,60.81
3,48.63,77.79,60.83
4,48.56,77.79,60.81
4,48.59,77.79,60.81
4,48.61,77.79,60.81
4,48.69,77.79,60.83
4,48.64,77.79,60.81
4,48.66,77.79,60.83
4,48.74,77.79,60.83
4,48.71,77.79,60.83
4,48.77,77.79,60.81
4,48.81,77.79,60.81
4,48.78,77.79,60.81
4,48.88,77.79,60.82
4,48.86,77.79,60.81
4,48.92,77.79,60.87
4,48.95,77.81,60.86
4,48.92,77.79,60.85
4,48.89,77.79,60.81
4,48.91,77.79,60.83
3,48.02,77.8,60.87
3,48.05,77.8,60.87
3,48,77.79,60.86
3,47.99,77.8,60.87
3,47.98,77.8,60.87
3,47.97,77.81,60.87
3,48.1,77.79,60.86
3,48.08,77.79,60.86
3,48.17,77.79,60.87
3,48.13,77.79,60.86
3,48.16,77.79,60.86
3,48.14,77.79,60.86
3,48.21,77.79,60.86
3,48.23,77.79,60.87
3,48.19,77.79,60.85
3,48.2,77.79,60.85
3,48.28,77.79,60.87
3,48.26,77.79,60.85
3,48.31,77.79,60.85
3,47.78,77.8,60.87
3,47.78,77.81,60.85
3,47.81,77.79,60.86
3,47.76,77.83,60.86
3,47.92,77.81,60.87
3,47.95,77.79,60.86
3,47.87,77.82,60.87
3,47.89,77.79,60.86
3,47.84,77.79,60.86
552,58.58,66.31,45.65
586,59.39,66.31,45.65
595,60.27,66.31,46.27
602,61.09,66.31,46.9
609,61.63,66.31,47.54
623,62.04,66.31,47.54
662,62.94,66.31,47.53
644,62.53,66.31,47.54
1102,43.53,73.84,42.57
1057,43.52,73.33,42.64
338,43.53,67.38,49.52
254,43.53,66.65,50.11
205,43.82,66.31,50.13
353,44.6,66.31,49.57
433,46.99,66.31,46.9
408,47.4,66.31,46.9
437,47.95,66.31,46.9
461,46.08,66.31,47.54
458,46.5,66.31,46.9
511,48.75,66.31,46.9
523,49.63,66.31,46.9
488,50.51,66.31,46.27
458,51.31,66.31,46.27
426,53.69,66.31,46.27
439,52.28,66.31,46.27
430,53.17,66.31,46.27
433,52.77,66.31,46.27
422,55.39,66.31,46.27
420,54.51,66.31,46.9
481,57.16,66.31,45.65
537,58.05,66.31,45.33
503,57.64,66.31,45.65
463,56.75,66.31,45.65
427,56.2,66.31,46.27
677,63.5,66.31,48.18
693,64.37,66.31,48.86
678,64.41,66.31,49.58
669,65.4,66.31,50.13
668,65.43,66.46,50.3
687,65.87,66.68,50.3
696,65.91,67.65,50.3
696,66.1,68.64,50.14
491,66.1,74.97,50.19
509,65.99,75.39,50.3
466,65.96,74.5,50.3
463,66.1,73.62,50.14
606,65.97,69.52,50.3
560,66.1,70.64,50.14
506,66.1,72.29,50.13
1628,66.1,77.19,50.14
1340,66.02,76.3,50.3
1565,66.1,76.78,50.14
646,65.78,75.89,50.3
1321,44.18,75.09,41.27
1306,43.94,74.68,41.27
941,65.71,76.3,49.84
1395,65.9,76.78,49.96
570,65.5,75.89,49.84
713,63.38,66.83,47.52
723,63.88,67.13,47.52
704,64.29,66.8,48.14
707,63,67.23,47.52
743,62.59,67.71,46.9
719,63.48,67.64,47.52
763,63.07,68.11,46.9
752,62.19,68.19,46.9
790,61.8,68.67,46.3
791,62.27,69.27,46.45
801,62.28,69,46.25
774,62.67,68.59,46.9
777,61.01,69.73,46.16
783,61.38,69.13,46.34
789,61.87,69.55,46.41
782,61.47,70.09,46.19
650,64.76,67.08,49.4
671,64.76,67.08,48.77
704,64.36,67.56,48.15
698,65.27,67.48,48.77
732,64.83,67.96,48.15
666,65.27,67.48,49.4
710,63.95,68.04,48.15
754,63.55,68.52,47.52
740,64.43,68.44,48.15
780,64.03,68.92,47.52
772,63.15,69,47.52
771,62.75,69.47,46.9
783,63.63,69.4,47.52
738,63.23,69.88,46.9
728,62.35,69.95,46.9
653,62.83,70.35,46.9
741,65.26,68.8,49.08
771,64.51,69.32,48.15
759,64.99,69.72,48.15
764,64.11,69.8,48.15
727,63.71,70.28,47.52
743,64.59,70.2,48.15
702,64.19,70.68,47.52
711,64.9,73.72,48.15
605,65.36,74.12,48.77
556,65.36,74.12,49.4
624,65.63,73.66,48.77
752,65.31,73.24,48.15
568,65.63,73.66,49.4
656,65.36,70.55,49.08
669,64.66,71.08,48.15
617,65.44,72.33,49.07
641,65.14,71.48,48.15
631,64.26,71.56,48.15
638,64.74,71.96,48.15
744,64.82,72.84,48.15
646,62.04,66.51,47.53
681,62.93,66.51,47.53
664,62.53,66.51,47.53
689,63.48,66.51,48.16
693,64.32,66.51,48.8
669,64.33,66.51,49.47
654,65.25,66.51,49.96
301,43.72,66.79,49.95
273,43.98,66.51,49.96
549,56.91,68.33,44.7
585,57.35,68.1,44.42
582,57.02,68.47,44.68
638,61.09,66.51,46.9
630,60.27,66.51,46.27
659,60.29,66.76,46.27
614,59.39,66.51,45.65
701,59.87,67.08,45.65
655,59.41,66.79,45.02
674,58.19,68.1,44.4
756,58.69,68.5,45.01
740,59.46,67.55,45.67
664,59,67.12,45.02
749,59.08,68.03,45.01
677,58.59,67.62,44.4
563,58.58,66.51,45.65
600,58.12,67.22,44.4
592,57.71,67.7,44.4
667,57.79,68.57,44.4
606,56.87,68.68,44.97
561,56.51,68.85,45.17
542,56.37,68.8,45.3
613,56.81,69.57,44.87
676,57.57,69.04,44.48
668,57.08,69.11,44.8
632,56.69,69.99,45.03
660,61.12,66.74,46.9
677,60.76,67.02,46.9
738,60.36,67.47,46.27
767,59.95,67.94,46.27
787,59.54,68.42,45.65
760,58.27,68.98,45.02
796,59.15,68.9,45.65
774,58.74,69.38,45.03
604,56.22,69.73,45.41
687,57.28,70.4,44.57
624,56.84,70.41,44.83
700,57.62,69.96,44.5
688,57.14,69.9,44.76
757,57.85,69.46,45.01
636,56.16,69.8,45.59
529,43.73,67.47,48.13
506,43.53,67.96,48.07
1166,45.44,74.54,41.27
1110,45.58,74.96,41.73
1054,45.66,74.53,41.96
996,45.7,74.51,42.34
1234,44.9,73.25,40.86
1149,45.36,73.66,41.26
1082,45.57,74.04,41.73
1200,45.31,72.78,40.85
1130,45.7,73.18,41.22
1032,45.64,73.64,42.02
1049,45.74,73.18,41.8
1023,45.83,72.81,42.07
985,45.7,73.67,42.35
993,45.7,72.31,42.34
1117,45.65,72.3,41.24
1031,45.7,72.29,41.88
960,45.66,72.32,42.56
955,45.66,71.94,42.64
1144,44.8,72.38,41.28
917,44.32,71.98,41.89
889,43.97,71.58,42.5
521,43.81,73.14,41.86
417,43.79,72.6,41.72
1178,44.41,72.86,41.27
525,43.73,68.44,46.27
522,43.53,68.93,46.27
560,43.73,68.93,45.64
579,43.53,69.33,45.64
689,43.73,69.34,45.02
740,43.53,69.89,45.02
800,43.73,69.89,44.39
830,43.53,70.69,44.4
858,43.73,70.7,43.77
866,43.53,71.57,43.77
662,43.95,72.31,41.83
623,43.98,72.55,42.03
738,43.78,72.03,42.36
744,43.69,72.46,42.59
883,43.73,71.57,43.15
927,43.53,72.45,43.17
527,43.73,68.02,47.51
523,43.53,68.42,47.47
512,43.73,68.44,46.89
510,43.53,68.93,46.88
1226,45.05,75.02,41.27
1008,45.69,74.99,42.36
987,45.66,75,42.64
1264,44.12,74.21,41.27
1164,43.86,73.77,41.87
1258,44.57,74.61,41.27
1193,44.97,74.14,41.27
1211,44.49,73.73,41.27
1095,44.07,73.36,41.74
1014,44.01,73.31,42.04
754,43.83,72.91,42.36
1026,43.7,73.31,42.59
410,56.35,67.37,45.02
481,57.64,66.51,45.65
528,58.05,66.51,45.33
589,58.51,66.83,45.02
507,57.64,66.87,45.02
592,58.06,66.68,44.08
443,56.76,66.92,45.02
429,56.75,66.51,45.65
480,57.23,67.29,45.02
451,57.16,66.51,45.65
477,57.17,66.71,45.02
473,56.83,67.77,45.02
371,55.48,68.41,45.36
357,55.53,68.08,45.1
398,55.92,68.25,45.36
389,55.96,67.78,45.04
469,56.22,68.32,45.36
462,56.52,68.05,45.08
546,56.54,68.47,45.33
557,56.77,68.28,45.26
518,56.3,68.5,45.47
496,55.88,68.96,45.48
402,55.49,68.64,45.56
364,55.88,67,45.65
393,56.24,66.73,45.65
389,56.2,66.51,46.27
387,55.39,66.51,46.27
380,55.41,66.76,45.65
359,54.99,67.06,45.65
405,54.59,67.52,45.02
310,55.04,68.18,45.45
379,55.09,67.77,45.05
333,55.47,67.45,45.65
308,54.67,68.68,45.7
336,54.95,68.57,45.71
302,54.72,68.26,45.63
307,54.5,68.43,45.8
316,54.24,68.22,45.44
420,54.18,67.82,45.06
284,53.93,68.73,45.47
297,54.26,68.43,45.72
304,53.82,68.3,45.45
327,53.28,69,45.25
289,53.61,69.09,45.41
367,54.11,67.11,45.65
395,53.69,66.51,46.27
387,53.62,66.82,45.65
384,54.51,66.51,46.9
365,54.53,66.78,46.27
341,53.52,68.3,45.33
404,53.26,67.97,45.05
323,53.42,68.44,45.44
337,53.71,67.61,45.64
409,52.84,67.69,45.01
368,53.23,67.2,45.65
358,53.02,68.16,45.6
340,53.18,68.67,45.33
322,53.32,68.6,45.44
482,52.01,68.62,44.42
422,52.44,68.17,45.01
446,51.52,68.24,44.99
457,51.04,67.83,45.02
432,51.88,66.91,45.02
442,51.47,67.36,45.02
430,51.95,67.76,45.02
418,52.35,67.28,45.02
433,51.87,66.51,45.65
440,51.87,66.31,46.27
396,52.76,66.86,45.65
414,52.29,66.7,45.65
400,53.18,66.68,45.65
417,52.28,66.51,46.27
402,53.17,66.51,46.27
407,52.77,66.51,46.27
472,49.85,68.96,45.17
473,50.21,68.81,44.98
468,49.71,68.9,45.32
466,49.77,69.06,45.29
468,50.6,68.31,45.02
451,49.64,69.52,45.37
462,49.84,69.31,45.23
457,49.54,69.25,45.39
445,49.36,69.54,45.61
470,50.59,67.43,45.65
489,50.11,67.04,45.65
458,51,66.99,45.65
479,50.52,66.75,45.65
442,51.35,66.73,45.65
486,50.51,66.51,46.27
449,51.31,66.51,46.27
479,49.21,68.27,45.39
488,49.34,67.86,45.06
484,49.71,67.51,45.65
472,50.1,68.37,45.23
469,49.87,68.54,45.34
471,50.2,67.92,45.63
474,49.76,68.12,45.52
445,49.11,69.53,45.63
467,49.62,68.56,45.48
460,49.18,69.11,45.5
472,49.29,68.4,45.56
474,48.83,68.7,45.57
477,48.87,68.29,45.53
508,44,66.8,48.77
505,49.63,66.51,46.9
504,49.64,66.78,46.27
482,48.83,67.59,45.64
482,49.23,67.1,46.27
491,48.35,67.15,45.65
482,48.75,66.51,46.9
492,48.76,66.8,46.27
490,44.69,66.51,48.8
446,45.51,66.31,48.86
503,44.76,66.77,48.15
489,45.23,67.03,47.52
503,45.71,67.42,46.9
507,46.19,67.82,46.27
518,46.71,68.05,45.57
481,48.01,68.75,45.73
467,48.43,68.43,45.84
475,48.28,68.68,45.74
477,48.02,68.3,45.73
460,48.52,68.31,45.94
474,48.44,67.97,45.69
436,46.07,66.31,48.19
460,45.55,66.51,48.16
498,47.11,68.21,45.61
500,47.6,68.24,45.48
510,47.5,67.89,45.11
486,47.68,68.46,45.76
478,46.59,67.34,46.27
493,47.07,67.73,45.65
481,47.95,67.66,45.65
462,47,66.9,46.27
430,46.99,66.51,46.9
474,45.61,66.75,47.52
480,46.11,66.95,46.9
481,46.52,66.72,46.27
461,46.09,66.51,47.53
458,46.5,66.51,46.9
461,47.86,66.85,46.27
420,47.95,66.51,46.9
453,47.47,67.26,46.27
457,47.41,66.7,46.27
409,47.4,66.51,46.9
402,44.69,66.51,49.46
416,44,66.8,49.4
516,44.33,67.09,48.15
498,44.83,67.49,47.52
517,45.31,67.89,46.9
502,47.21,68.7,45.66
451,47.73,69.18,45.69
435,47.71,69.53,45.82
449,43.52,67.93,48.78
474,43.72,67.46,48.78
401,43.72,67.45,49.44
505,44.04,67.58,48.15
293,53.95,69.38,45.54
550,51.09,69.17,43.78
552,51.62,69.12,43.78
634,51.28,69.59,43.14
639,51.91,69.53,43.15
638,50.78,70.53,41.73
607,50.91,70.95,41.27
590,51.36,71.36,40.83
751,51.87,71.76,40.63
656,51.12,70.07,42.59
655,51.08,70.11,42.26
636,51.68,70,42.51
686,52.2,70.41,42.29
723,52.38,70.86,42.35
791,52.29,71.28,40.84
623,51.32,70.48,41.89
668,51.78,70.88,41.27
770,52.57,71.29,41.95
809,52.64,71.34,41.41
694,52.1,70.4,41.85
752,52.46,70.81,41.8
793,52.51,70.78,41.2
555,50.93,69.2,43.77
585,50.73,69.62,43.73
826,51.99,72.64,40.45
832,52.39,72.16,40.61
654,51.03,72.73,40.44
588,50.56,72.32,40.52
685,51.47,72.24,40.62
587,50.96,71.84,40.8
615,50.59,71.44,41.21
589,52.23,68.74,43.76
648,52.15,69.54,43.14
656,52.15,70.36,42.62
619,52.35,69.55,43.73
616,52.35,70.34,43.13
696,52.35,70.88,42.64
605,50.56,73.21,40.44
636,50.38,71.41,41.36
634,50.25,71.91,41.14
645,50.46,71.47,41.83
634,50.23,72.33,41.37
627,50.13,72.78,41.14
627,50.93,69.61,43.14
637,50.72,70.96,41.95
646,50.9,70.5,42.32
654,50.93,70.09,42.61
634,50.73,70.09,43.14
645,50.69,70.96,42.33
649,50.73,70.49,42.65
856,52.68,73.92,40.44
854,52.57,73.04,40.44
864,52.87,73.43,40.59
862,52.83,72.58,40.59
837,52.66,71.69,40.82
837,52.75,71.7,41.19
827,52.82,72.15,41.42
871,52.99,73.43,40.75
869,52.98,72.6,40.75
881,53.14,73.9,40.74
846,52.95,73.42,41.14
848,52.95,72.57,41.15
294,53.82,69.53,45.61
1038,45.2,71.91,41.9
988,45.5,71.9,42.32
857,43.97,70.68,43.77
958,44.74,71.5,42.49
898,44.27,71.09,43.15
990,45.33,71.43,42.29
955,45.47,71.42,42.6
898,45.66,71.43,43.13
962,45.1,71.01,42.51
899,45.46,71.02,43.14
847,45.66,71.02,43.73
803,43.95,69.85,44.39
898,44.66,70.61,43.15
854,44.22,70.21,43.77
516,43.9,68.03,47.52
493,44.43,67.97,47.52
501,44.91,68.37,46.9
496,44.09,68.45,46.9
537,47.04,69.54,45.84
578,46.92,69.63,45.59
554,44.91,68.37,45.65
560,45.79,68.3,45.65
550,46.63,68.74,45.48
540,46.38,68.27,45.55
512,46.67,68.29,45.79
538,46.9,69.39,45.71
638,45.39,68.77,45.02
736,45.61,69.19,44.58
578,46.1,68.65,45.17
563,46.48,68.8,45.36
531,46.87,69.08,45.59
661,46.06,69.18,44.88
680,46.33,69.55,44.94
589,46.59,69.12,45.27
517,44.09,68.45,46.27
898,45.26,70.55,43.14
846,45.46,70.53,43.77
780,45.79,70.01,44.55
743,46.22,70.07,44.8
805,45.84,70.53,44.28
569,43.92,68.92,45.65
581,44.51,68.85,45.65
846,45.04,70.14,43.78
819,45.51,70.11,44.17
777,45.37,69.65,44.47
701,44.14,69.33,45.02
701,44.98,69.25,45.02
795,44.58,69.73,44.4
621,46.74,69.66,45.38
598,46.92,69.75,45.53
522,44.91,68.37,46.27
585,46.65,69.33,45.52
533,45.79,68.3,46.27
478,47.46,69.44,45.62
498,47.24,69.28,45.72
508,47.15,69.36,45.75
543,46.99,69.6,45.98
492,47.37,69.53,45.81
428,47.71,69.58,45.99
444,49.47,69.63,45.59
393,53.02,69.47,44.95
444,52.6,69.89,44.38
417,52.74,69.06,44.85
401,52.77,68.53,45.15
459,51.08,68.72,44.99
458,52.28,69.06,44.56
487,52.29,69.5,44.3
482,50.91,69.17,44.49
483,51.62,69.12,44.4
472,50.41,69.23,44.79
512,50.82,69.61,44.26
465,50.13,69.71,44.85
523,50.55,70.1,44.29
445,49.58,69.85,45.4
457,49.89,69.63,45.18
648,56.71,70.88,45
617,56.98,70.83,44.63
653,57.85,71.71,42.58
654,58.04,71.22,43.15
663,57.82,70.81,43.79
679,57.42,70.82,44.37
631,57.11,71.34,44.46
628,57.37,71.24,44.1
756,59.25,70.24,44.72
739,58.72,70.25,44.47
693,58.4,70.74,43.78
726,58.86,70.72,44.18
772,58.35,69.86,45.02
713,57.96,70.34,44.41
761,59.84,70.65,45.18
691,61.64,66.93,46.9
661,62.05,66.71,47.52
692,62.94,66.69,47.52
686,62.52,66.88,47.52
722,62.12,67.31,46.9
636,61.63,66.51,47.53
711,61.24,67.39,46.9
763,60.83,67.87,46.27
734,61.71,67.79,46.9
777,61.31,68.26,46.28
787,60.02,68.85,45.79
774,60.43,68.35,46.27
776,60.53,69.52,46.14
781,60.96,69.27,46.19
782,60.57,69.38,46.01
785,60.41,69.13,45.87
779,60.9,68.75,46.29
784,59.83,69.33,45.81
788,59.53,69.3,45.66
772,59.14,69.78,45.08
772,59.75,70.19,45.4
771,59.94,70.25,45.54
781,59.7,69.73,45.65
771,60.06,70.25,45.71
771,60.25,70.31,45.85
780,59.9,69.68,45.8
776,60.11,69.78,46.01
771,60.29,70.29,45.99
772,60.29,69.8,46.14
649,64.76,67.08,49.84
656,65.27,67.47,49.84
723,65.26,68.8,49.84
498,65.42,75.01,49.85
517,65.36,74.12,49.84
525,65.63,73.66,49.84
614,65.36,70.54,49.84
556,65.44,72.36,49.84
254,43.89,66.68,50.11
656,64.84,66.97,50.1
659,65.37,67.38,50.1
699,65.36,68.75,50.1
478,65.14,75.48,50.1
482,65.53,75,50.1
498,65.46,74.12,50.1
496,65.74,73.65,50.1
581,65.47,70.52,50.1
527,65.55,72.35,50.1
845,52.96,74.33,41.13
893,53.16,74.79,40.7
875,52.99,74.3,40.74
866,52.91,74.31,40.58
626,50.22,71.92,40.72
597,50.18,72.79,40.52
617,50.04,72.8,40.74
604,49.89,73.68,40.64
896,54.53,78.83,41.25
910,54.48,78.8,41.22
896,54.49,78.81,41.26
900,54.43,78.73,41.26
915,54.42,78.71,41.19
921,54.48,78.79,41.18
932,54.48,78.79,41.14
939,54.31,78.65,41.02
929,54.37,78.68,41.11
927,54.43,78.69,41.12
941,54.48,78.78,41.11
949,54.48,78.77,41.07
939,54.37,78.66,41.04
962,54.48,78.75,41.01
938,54.43,78.67,41.05
862,54.44,78.77,41.4
880,54.44,78.75,41.33
979,54.17,78.53,40.53
951,54.26,78.63,40.97
984,54.41,78.78,40.9
971,54.37,78.73,40.95
985,54.47,78.8,40.91
973,54.3,78.72,40.93
963,54.31,78.61,40.88
997,54.57,78.69,40.68
983,54.35,78.68,40.84
990,54.46,78.64,40.69
972,54.34,78.57,40.73
965,54.25,78.6,40.85
962,54.19,78.61,40.88
989,54.36,78.61,40.59
997,54.47,78.79,40.84
1002,54.52,78.74,40.76
988,54.42,78.67,40.79
1000,54.46,78.71,40.74
993,54.41,78.76,40.84
1000,54.57,78.64,40.55
1007,54.52,78.73,40.68
986,54.46,78.62,40.62
1045,54.58,78.85,40.49
1012,54.34,78.65,40.47
1027,54.26,78.69,40.41
1021,54.47,78.69,40.42
1073,54.49,78.93,40.42
977,54.03,78.51,40.49
1001,54.16,78.57,40.41
862,52.76,74.8,40.44
589,50.06,73.66,40.43
582,54.82,79.01,41.6
579,54.82,79.01,41.64
583,54.85,78.98,41.6
593,54.88,79.01,41.56
581,54.85,78.98,41.64
593,54.93,78.99,41.62
590,55,78.93,41.65
564,55.05,78.85,41.74
578,54.88,78.95,41.72
586,54.93,79.01,41.68
587,54.99,78.96,41.71
564,55.05,78.86,41.8
645,54.99,79.03,41.47
637,54.91,79.03,41.45
625,54.91,79.03,41.48
635,54.88,79.06,41.45
622,54.88,79.06,41.48
621,54.85,79.04,41.45
591,54.8,79.04,41.48
608,54.85,79.04,41.48
628,54.99,79.03,41.54
613,54.91,79.03,41.52
603,54.91,79.03,41.56
611,54.88,79.06,41.52
602,54.88,79.06,41.56
587,54.8,79.04,41.52
598,54.85,79.04,41.52
583,54.8,79.04,41.56
592,54.85,79.04,41.56
749,54.99,79.03,41.31
654,54.91,79.03,41.37
650,54.91,79.03,41.41
664,54.99,79.03,41.39
566,55.04,78.86,41.86
584,54.98,78.98,41.77
586,54.94,78.85,41.81
577,54.88,78.97,41.78
613,54.87,78.86,41.85
608,55.09,78.97,41.7
575,55.15,78.85,41.73
616,55.03,78.99,41.6
613,55.1,78.94,41.63
583,55.16,78.83,41.67
637,55.2,78.95,41.62
617,55.26,78.83,41.65
609,55.25,78.85,41.72
636,55.8,78.83,41.68
569,55.15,78.86,41.79
706,55.1,79.02,41.31
661,55.1,79.02,41.39
656,55.25,78.96,41.3
641,55.32,78.9,41.33
672,55.21,79,41.31
656,55.21,79.01,41.39
650,55.25,78.98,41.38
643,55.32,78.91,41.4
627,55.38,78.79,41.44
658,55.37,78.98,41.29
648,55.47,78.92,41.36
629,55.59,78.78,41.42
655,55.69,78.91,41.34
672,55.7,78.97,41.19
661,55.81,78.93,41.39
653,55.1,79.02,41.47
645,55.1,79.02,41.54
653,55.2,79.02,41.54
654,55.21,79.01,41.46
650,55.25,78.99,41.45
645,55.29,78.95,41.56
645,55.3,78.93,41.48
655,55.48,78.97,41.47
628,55.39,78.81,41.55
631,55.58,78.81,41.55
633,55.69,78.81,41.58
666,55.81,78.98,41.52
868,54.99,79.03,41.23
782,55.1,79.02,41.23
720,55.21,79.01,41.23
953,54.99,79.03,41.15
852,55.1,79.02,41.15
774,55.21,79.01,41.15
995,54.99,79.03,41.07
914,55.1,79.02,41.07
826,55.21,79.01,41.07
1014,54.99,79.03,41
963,55.1,79.02,41
874,55.21,79.01,41
791,55.32,79,41
751,55.32,79,41.07
672,55.48,78.98,41.04
792,55.27,79.06,41.07
834,55.27,79.06,41
710,55.32,79,41.15
679,55.32,79,41.23
665,55.48,78.99,41.18
706,55.27,79.06,41.23
746,55.27,79.06,41.15
1026,55.05,79.08,40.92
961,55.16,79.07,40.92
1036,55.05,79.08,40.84
993,55.16,79.07,40.84
1029,55.1,79.02,40.76
1038,55.1,79.02,40.68
948,55.26,79,40.72
1043,55.05,79.08,40.76
1050,55.05,79.08,40.68
1044,55.16,79.11,40.61
841,55.38,79.1,40.72
942,55.29,79.21,40.62
914,55.22,79.12,40.92
950,55.22,79.12,40.84
800,55.38,79.1,40.88
1083,55.06,79.24,40.54
1045,55.18,79.3,40.55
1110,54.96,79.32,40.43
1060,55.19,79.37,40.43
685,55.6,79.08,41.04
819,55.4,79.32,40.55
878,55.3,79.44,40.44
638,54.65,78.93,41.59
668,54.62,78.9,41.62
641,54.65,78.91,41.66
611,54.68,78.95,41.63
616,54.68,78.94,41.6
735,54.6,78.82,41.67
660,54.62,78.91,41.64
595,54.71,78.97,41.6
584,54.74,78.99,41.6
727,54.6,78.83,41.72
635,54.65,78.93,41.69
585,54.74,78.99,41.64
595,54.71,78.97,41.64
583,54.76,78.98,41.67
606,54.71,78.93,41.71
717,54.61,78.84,41.78
695,54.6,78.89,41.6
759,54.55,78.82,41.64
755,54.55,78.83,41.71
579,54.77,79.02,41.6
578,54.77,79.02,41.64
578,54.82,79,41.69
587,54.77,78.94,41.73
603,54.71,78.96,41.77
697,54.66,78.85,41.81
909,54.5,78.85,41.21
907,54.53,78.87,41.21
889,54.53,78.87,41.25
912,54.56,78.9,41.21
891,54.56,78.9,41.25
917,54.59,78.92,41.21
890,54.59,78.92,41.25
925,54.5,78.85,41.17
924,54.53,78.87,41.17
937,54.5,78.85,41.13
938,54.53,78.87,41.13
929,54.56,78.9,41.17
944,54.56,78.9,41.13
935,54.59,78.92,41.17
949,54.59,78.92,41.13
948,54.5,78.85,41.09
950,54.53,78.87,41.09
959,54.5,78.85,41.06
961,54.53,78.87,41.06
974,54.53,78.85,41
865,54.62,78.95,41.21
842,54.62,78.95,41.25
854,54.65,78.97,41.21
809,54.65,78.97,41.25
966,54.65,78.92,41.09
956,54.56,78.9,41.09
960,54.59,78.92,41.09
967,54.56,78.9,41.06
971,54.59,78.92,41.06
909,54.62,78.95,41.17
933,54.62,78.95,41.13
910,54.65,78.97,41.17
932,54.65,78.97,41.13
976,54.65,78.92,41.06
985,54.67,78.89,41.02
990,54.7,78.91,41.02
992,54.67,78.89,40.98
996,54.7,78.91,40.98
981,54.59,78.89,41
972,54.68,78.94,41.09
981,54.68,78.94,41.06
983,54.73,78.94,41.09
989,54.73,78.94,41.06
990,54.76,78.96,41.09
995,54.76,78.96,41.06
995,54.73,78.94,41.02
1001,54.76,78.96,41.02
1002,54.73,78.94,40.98
1006,54.76,78.96,40.98
747,54.62,78.95,41.37
717,54.62,78.95,41.41
669,54.65,78.97,41.41
696,54.65,78.97,41.37
792,54.62,78.95,41.29
767,54.62,78.95,41.33
734,54.65,78.97,41.33
769,54.65,78.97,41.29
691,54.62,78.95,41.45
676,54.62,78.95,41.48
648,54.65,78.97,41.45
637,54.65,78.97,41.48
664,54.62,78.95,41.52
630,54.65,78.97,41.52
655,54.62,78.95,41.56
624,54.65,78.97,41.56
602,54.68,79,41.52
587,54.71,79.02,41.52
599,54.68,79,41.56
585,54.71,79.02,41.56
614,54.68,79,41.45
606,54.68,79,41.48
588,54.71,79.02,41.48
596,54.71,79.02,41.45
843,54.51,78.86,41.37
832,54.53,78.87,41.37
814,54.53,78.87,41.41
839,54.47,78.84,41.4
811,54.56,78.9,41.37
782,54.59,78.92,41.37
788,54.56,78.9,41.41
757,54.59,78.92,41.41
879,54.5,78.85,41.29
872,54.53,78.87,41.29
864,54.51,78.85,41.33
853,54.53,78.87,41.33
872,54.47,78.83,41.33
865,54.56,78.9,41.29
839,54.56,78.9,41.33
853,54.59,78.92,41.29
816,54.59,78.92,41.33
792,54.54,78.88,41.44
775,54.54,78.89,41.48
806,54.48,78.86,41.47
833,54.42,78.78,41.51
775,54.49,78.88,41.54
812,54.43,78.8,41.57
767,54.56,78.9,41.45
734,54.59,78.92,41.45
717,54.59,78.92,41.48
750,54.56,78.9,41.48
703,54.59,78.92,41.52
729,54.57,78.91,41.52
691,54.59,78.93,41.56
747,54.53,78.89,41.57
985,54.79,78.99,41.13
984,54.79,78.99,41.17
998,54.82,79.01,41.17
994,54.82,79.01,41.13
963,54.71,78.99,41.15
38855,54.74,78.99,41.25
31910,54.79,78.99,41.25
11013,54.74,78.99,41.21
7003,54.79,78.99,41.21
17305,54.82,79.01,41.25
2271,54.82,79.01,41.21
901,54.68,79,41.21
5804,54.68,79,41.25
31973,54.71,79.02,41.25
11418,54.71,79.02,41.21
2149,54.88,79.04,41.23
1003,54.88,79.04,41.15
1001,54.82,78.98,41.07
1011,54.82,78.98,41
1010,54.88,79.04,41.07
1020,54.88,79.04,41
529,54.74,78.99,41.41
527,54.79,78.99,41.41
909,54.74,78.99,41.37
658,54.79,78.99,41.37
553,54.82,79.01,41.41
615,54.82,79.01,41.37
588,54.77,79.02,41.45
597,54.8,79.04,41.45
588,54.68,79,41.41
610,54.68,79,41.37
517,54.71,79.02,41.41
660,54.71,79.02,41.37
31717,54.74,78.99,41.33
24969,54.79,78.99,41.33
54239,54.74,78.99,41.29
47866,54.79,78.99,41.29
5000,54.82,79.01,41.33
23827,54.82,79.01,41.29
2403,54.68,79,41.33
16055,54.71,79.02,41.33
12196,54.68,79,41.29
38710,54.71,79.02,41.29
609,54.85,79.04,41.41
683,54.85,79.04,41.37
627,54.88,79.06,41.41
687,54.88,79.06,41.37
2259,54.88,79.04,41.31
585,54.74,79.05,41.45
591,54.77,79.07,41.45
581,54.74,79.05,41.48
586,54.77,79.07,41.48
581,54.74,79.05,41.52
584,54.77,79.07,41.52
579,54.74,79.05,41.56
581,54.77,79.07,41.56
992,54.48,78.9,40.92
1007,54.48,78.9,40.84
1013,54.53,78.84,40.76
1019,54.59,78.89,40.76
1022,54.53,78.84,40.68
1028,54.59,78.89,40.68
1030,54.59,78.83,40.57
1026,54.65,78.94,40.76
1035,54.65,78.94,40.68
1043,54.71,78.93,40.59
996,54.54,78.95,40.92
1004,54.65,78.94,40.92
1013,54.71,78.99,40.92
1012,54.54,78.95,40.84
1016,54.65,78.94,40.84
1023,54.71,78.99,40.84
1033,54.71,78.99,40.76
1033,54.82,78.98,40.76
1040,54.88,79.04,40.76
1042,54.71,78.99,40.68
1041,54.82,78.98,40.68
1047,54.88,79.04,40.68
1052,54.83,79.03,40.61
1022,54.77,79.04,40.92
1031,54.77,79.04,40.84
1046,54.94,79.09,40.76
1052,54.94,79.09,40.68
1065,54.95,79.13,40.62
1025,54.83,79.1,40.92
1031,54.94,79.09,40.92
1034,54.83,79.1,40.84
1037,54.94,79.09,40.84
1063,54.82,79.04,40.52
1073,54.94,79.14,40.53
1060,54.7,78.95,40.51
1078,54.72,79.14,40.43
1108,54.84,79.24,40.43
1078,54.62,79.22,40.43
1082,54.61,79.03,40.42
575,54.82,79.03,41.76
584,54.77,78.97,41.79
627,54.83,78.86,41.88
649,54.77,78.86,41.85
530,65.41,75.01,49.4
487,65.05,75.48,49.84
577,65.41,75.01,48.77
1046,65.71,76.3,49.4
1127,65.71,76.3,48.77
630,65.5,75.89,49.4
718,65.5,75.89,48.77
1370,65.9,76.78,48.81
1582,66.1,77.19,48.86
1396,65.9,76.78,49.47
1615,66.1,77.19,49.59
1504,65.9,77.19,49.96
676,55.6,79.08,40.88
674,55.6,79.08,40.72
745,55.72,79.18,40.62
737,55.5,79.2,40.72
804,55.42,79.3,40.63
801,55.62,79.29,40.62
729,55.5,79.2,40.88
855,55.52,79.39,40.55
900,55.85,79.32,40.55
1032,55.52,79.45,40.43
1147,55.86,79.46,40.44
1094,55.42,79.54,40.44
637,59,76.5,42.64
645,59.03,76.48,42.35
684,58.48,76.5,41.27
692,58.09,76.98,40.85
701,57.62,76.58,41.26
1676,65.61,85.58,41.18
1623,65.19,85.78,41.06
1585,65.1,85.58,40.75
1547,64.77,85.78,40.57
1693,65.61,85.58,41.83
1690,65.17,85.78,41.77
1483,64.71,81.72,40.65
1577,64.79,82.61,40.65
1599,64.88,83.49,40.66
1589,64.98,84.39,40.66
1586,65.09,85.3,40.65
1503,63.67,80.04,40.66
1455,64.23,81.32,40.66
1513,64.16,80.44,40.66
1503,64.31,82.2,40.46
1608,64.39,83.09,40.46
1652,64.5,84,40.46
1594,64.63,84.99,40.46
1554,64.76,85.71,40.46
1559,63.27,80.52,40.46
1488,63.83,81.8,40.46
1558,63.75,80.92,40.46
1478,62.18,78.74,41.24
1582,61.82,79.22,40.45
1611,65.49,85.38,41.27
1522,65.39,84.77,41.27
1483,65.34,83.89,41.27
1465,65.26,83.01,41.27
1403,65.19,82.13,41.27
1378,65.11,81.25,41.27
1340,64.63,80.84,41.27
1378,64.55,79.96,41.27
1553,65.01,85.2,40.87
1516,64.94,84.37,40.87
1510,64.86,83.49,40.87
1511,64.79,82.6,40.86
1438,64.72,81.73,40.86
1398,64.23,81.32,40.87
1437,64.15,80.44,40.87
1439,63.06,78.76,41.17
1385,63.04,78.84,41.44
1456,62.59,78.73,41.34
1461,62.89,78.78,41.09
1495,63.14,78.97,40.8
1513,62.92,78.85,40.78
1523,62.64,78.76,40.84
1572,62.3,79.68,40.46
1536,62.7,79.24,40.6
1563,62.79,80.11,40.46
1429,63.37,78.79,41.08
1374,63.38,78.85,41.34
1346,63.88,78.92,41.38
1370,64.03,78.66,41.25
1370,63.45,78.72,41.48
1510,63.19,79.64,40.65
1477,63.59,79.13,40.82
1427,63.67,80.04,40.87
1352,64.08,79.56,41.27
1282,64.09,78.75,41.86
884,63.17,75.22,45.83
882,62.58,75.19,45.99
871,62.96,75.21,46
890,63.01,75.6,45.72
893,62.81,75.57,45.85
920,62.82,76.05,45.61
926,62.82,76.37,45.55
935,62.94,76.93,45.39
759,64.09,74.68,46.27
888,63.7,75.16,45.64
892,63.09,76.06,45.56
852,62.76,75.58,45.99
866,63.39,75.64,45.73
669,64.09,74.68,46.9
637,55.9,78.82,41.72
741,55.72,79.18,41.04
700,55.82,79.06,41.04
706,55.82,79.06,41.19
668,55.92,78.98,41.55
753,56.02,79.11,40.62
694,55.82,79.06,40.88
687,55.82,79.06,40.72
661,55.92,78.94,40.88
651,55.92,78.94,40.72
828,56.05,79.15,40.54
1278,56.09,79.59,40.44
1151,56.28,79.34,40.44
650,59.04,76.82,42.33
681,57.42,76.59,41.99
693,57.05,77.09,41.33
672,57.38,76.57,42.34
682,57.14,77.04,41.84
640,56,78.81,41.68
640,56.09,78.77,41.58
670,56.03,78.96,41.52
659,55.92,78.89,41.34
638,56,78.75,41.42
664,59,76.45,41.72
657,59.04,76.9,41.92
650,59.15,77.33,42.09
639,55.91,78.81,41
641,56.04,78.75,41.04
641,56.2,78.66,41.18
671,55.92,78.95,41.04
682,55.93,78.96,41.18
648,56.02,78.8,41.18
645,56.39,78.59,41.09
653,56.72,78.55,41.42
654,56.83,78.44,41.41
652,56.72,78.43,41.18
662,56.75,78.41,41.03
652,56.65,78.52,41.17
654,56.89,78.26,41.47
651,56.79,78.29,41.26
569,59.84,78.09,40.72
585,59.72,77.71,40.75
561,59.76,77.9,40.87
691,57.15,77.73,40.61
690,57.34,77.71,40.55
655,56.93,77.86,41.44
661,56.84,78.19,41.12
685,57.03,77.96,40.6
682,56.97,77.57,41.2
694,57.03,77.52,40.8
685,56.86,77.77,40.77
638,59.45,77.7,41.48
640,59.42,77.32,41.25
667,58.96,76.92,41.26
697,57.29,77.06,41.22
642,56.03,78.83,40.88
630,56.03,78.83,40.72
639,56.13,78.76,40.86
643,56.23,78.68,40.91
648,56.23,78.87,40.6
671,56.69,78.43,40.59
664,56.55,78.6,40.49
659,56.5,78.54,40.56
629,56.13,78.73,40.71
653,56.42,78.61,40.8
656,56.43,78.71,40.58
671,56.74,78.45,40.77
680,56.85,78.6,40.62
664,56.62,78.56,40.89
675,56.87,78.2,40.8
672,57.05,78.36,40.63
579,59.81,77.72,40.56
627,59.95,78.09,40.49
677,57.19,78.16,40.63
630,59.41,77.32,40.76
687,57.66,77.47,40.83
662,58.58,77.38,40.82
692,56.24,78.91,40.52
694,56.68,78.79,40.54
699,56.89,78.63,40.55
679,57.1,78.39,40.55
612,59.52,77.95,40.5
590,59.73,77.75,40.49
1026,59.37,78.19,40.52
686,57.36,78.15,40.58
681,57.5,77.92,40.58
671,58.16,77.86,40.62
625,59.03,77.78,40.55
937,56.47,79.09,40.44
814,56.68,78.92,40.44
952,57.12,78.83,40.45
841,57.32,78.59,40.45
756,59.84,78.11,40.41
1164,59.24,78.2,40.42
1366,59.6,78.37,40.42
834,57.76,78.35,40.45
1027,58.63,78.27,40.45
1566,62.89,78.79,40.61
1551,62.22,78.72,40.75
1566,61.43,78.59,40.69
1561,60.34,78.53,40.64
1562,60.2,78.51,40.47
1558,60.32,78.58,40.91
1569,62.22,78.88,40.56
1588,61.4,78.81,40.43
1568,60.37,78.55,40.42
640,59,76.89,42.63
702,65.41,75.01,47.52
729,65.05,75.48,46.9
631,65.41,75.01,48.15
621,64.97,74.6,47.52
624,64.57,75.08,46.9
606,64.97,74.6,48.15
1326,63.09,78.92,41.81
1303,63.41,78.85,41.95
1234,63.9,78.74,42.54
1395,62.22,78.84,41.82
1371,62.61,78.82,41.95
1277,63.31,78.76,42.55
1186,63.93,78.75,43.14
1161,64.12,78.54,43.75
1172,63.33,78.77,43.14
1137,63.77,78.6,43.71
963,63.19,77.42,45.23
923,63.28,76.98,45.45
988,63.55,77.39,45.07
800,64.65,75.96,46.27
907,64.25,76.44,45.65
990,63.93,76.93,45.08
890,63.12,76.45,45.54
910,63.32,76.52,45.4
940,63.65,76.54,45.24
713,64.17,75.56,46.27
861,63.77,76.04,45.65
939,63.01,77.37,45.37
973,63.15,77.86,45.26
1198,65.71,76.3,47.52
1241,65.54,76.77,46.9
1169,65.71,76.3,48.15
923,65.5,75.89,47.52
989,65.13,76.36,46.9
815,65.5,75.89,48.15
1228,64.06,78.91,42.51
1188,64.07,78.92,43.15
1054,63.09,78.73,44.39
1176,64.8,77.72,45.02
1147,64.42,78.21,44.42
1105,63.91,78.47,44.38
1051,63.51,78.38,44.62
1046,63.41,78.53,44.64
1104,63.77,78.71,44.31
1080,63.33,78.69,44.19
1213,65.2,77.24,46.27
1170,64.8,77.72,45.65
1026,64.72,76.84,46.27
1042,64.32,77.32,45.65
969,63.01,78.18,45.31
987,63.15,78.12,45.19
1050,63.97,77.8,45.05
1033,63.51,78.26,45
1014,63.2,78.47,45.01
1578,65.49,85.38,41.9
1339,65.73,77.19,46.9
1252,64.08,79.56,41.9
1240,64.48,79.08,42.52
1264,64.55,79.96,41.9
1278,64.96,79.48,42.52
1172,64.3,78.65,43.77
1233,64.88,78.6,43.77
1208,64.48,79.08,43.15
1243,64.96,79.48,43.15
1311,65.35,79.01,43.77
1285,65.3,78.12,45.02
1217,64.88,78.6,44.4
1442,65.39,84.77,41.9
1611,65.67,85.13,42.52
1387,65.34,83.89,41.9
1360,65.28,83.01,41.9
1291,65.19,82.13,41.9
1510,65.61,82.51,42.5
1295,65.11,81.25,41.9
1453,65.56,81.66,42.51
1406,65.48,80.77,42.52
1225,64.63,80.84,41.9
1257,65.03,80.37,42.52
2046,66.1,84.32,43.77
1547,65.64,84.3,42.52
1805,65.9,84.3,43.14
2055,66.1,83.41,43.77
1532,65.62,83.42,42.52
1833,65.9,83.41,43.15
1377,65.48,80.77,43.15
1219,65.03,80.37,43.15
1333,65.4,79.89,43.15
1470,65.68,80.25,43.15
1280,65.3,78.12,45.65
1372,65.62,78.54,45.02
1297,65.35,79.01,44.4
1400,65.65,79.42,43.77
1713,65.9,80.76,43.77
1640,65.9,80.21,43.77
1550,65.9,79.4,44.4
1329,65.59,77.63,46.27
1399,65.9,77.18,46.27
1446,65.9,77.7,45.65
1507,65.9,78.52,45.02
1884,66.1,80.76,44.4
1807,66.1,80.21,44.4
1718,66.1,79.4,45.02
1588,66.1,77.7,46.27
1660,66.1,78.52,45.65
1353,65.9,76.77,48.16
1555,66.1,77.18,48.19
1350,65.9,76.77,47.53
1540,66.1,77.18,47.54
1394,65.9,77.18,46.9
1593,66.1,77.7,46.9
1425,65.53,81.65,43.15
1494,65.58,82.51,43.15
1605,65.73,82.07,43.15
1528,65.7,81.18,43.77
1848,65.9,82.59,43.77
1818,65.9,82.06,43.77
1784,65.9,81.65,43.77
1743,65.9,81.17,44.4
2044,66.1,82.59,44.4
2009,66.1,82.06,44.4
1968,66.1,81.65,44.4
1931,66.1,81.17,45.02
695,57.44,76.21,41.71
719,57.52,75.7,41.27
677,57.37,75.69,42.32
694,57.38,75.71,41.93
680,57.37,74.89,42.32
703,57.38,74.82,41.92
706,57.42,75.27,41.72
733,57.46,74.82,41.26
700,58.01,76.1,41.27
671,57.39,76.12,42.36
646,57.42,76.11,42.65
697,58.41,75.62,41.27
663,58.77,76.02,41.84
647,58.86,76.02,42.28
642,59.03,75.6,42.36
646,58.84,75.14,42.29
665,58.72,75.14,41.85
637,58.8,76.01,42.6
637,59,76.02,43.14
639,59,75.61,42.65
713,57.93,75.22,41.27
675,57.38,75.23,42.35
642,57.42,75.21,42.64
648,59,75.07,43.14
642,58.8,75.1,42.61
740,57.77,73.46,41.27
721,57.5,73.04,41.74
702,57.45,73.43,42.05
671,57.58,72.57,42.32
678,57.39,73.41,42.35
649,57.62,71.23,43.77
634,57.62,71.77,43.14
651,57.62,72.58,42.62
616,57.42,71.77,43.73
627,57.42,72.58,43.14
647,57.42,73.43,42.64
727,57.84,74.34,41.28
694,57.45,74.34,42.05
677,57.39,74.32,42.35
706,57.57,73.92,41.81
665,57.58,73.92,42.3
671,58.33,74.74,41.9
648,58.83,74.71,42.33
646,58.8,74.71,42.53
644,57.63,73.92,42.55
641,57.42,74.3,42.64
721,58.25,73.86,41.27
669,58.68,74.26,41.86
650,58.83,74.27,42.31
660,59,74.26,43.14
648,58.8,74.26,42.62
672,58.6,73.37,41.9
656,58.83,73.42,42.32
656,58.8,73.4,42.61
672,59,73.38,43.14
751,59.71,71.07,45.01
679,58.84,72.92,41.8
679,58.56,72.5,41.88
663,58.83,72.55,42.31
665,58.66,72.04,42.27
662,58.63,72.04,42.59
674,58.8,72.04,43.14
662,58.8,72.57,42.61
700,59,72.04,43.73
679,59,72.56,43.14
656,58.11,72.1,42.52
770,59.42,70.16,45.25
741,59.43,71.19,44.62
756,59.41,70.66,44.94
667,58.44,71.62,43.14
697,58.61,71.15,43.79
745,58.98,70.68,44.63
730,59,71.13,44.37
697,58.8,71.63,43.77
724,59.11,71.61,44.18
668,57.81,72.55,42.27
683,58.16,72.97,41.91
752,60.24,71.55,45.6
751,60.15,71.53,45.41
767,61.09,70.55,46.21
761,60.79,71.06,46
756,60.1,71.11,45.39
755,59.88,71.05,45.24
758,60.24,71.17,45.58
766,60.26,70.68,45.86
765,59.98,70.65,45.56
766,60.06,70.63,45.74
765,60.45,70.69,45.99
768,60.64,70.16,46.18
845,64.01,73.8,46.27
983,62.96,73.44,45.99
893,63.94,72.92,46.27
982,63.5,73.42,45.65
665,64.49,74.2,47.52
747,64.34,72.44,47.52
767,64.42,73.32,47.52
739,64.42,73.32,48.15
648,63.3,70.76,47.52
634,63.78,71.16,47.52
669,63.86,72.04,47.52
751,61.95,70.43,46.45
692,62.44,70.84,46.43
718,63.16,71.65,46.47
858,63.19,72.12,46.16
649,62.9,71.24,46.9
660,63.38,71.64,46.9
701,62.88,71.24,46.41
822,63.46,72.52,46.9
880,63.46,72.52,46.28
778,64.01,73.8,46.9
847,63.94,72.92,46.9
917,63.33,74.78,45.76
862,63.6,74.28,46.26
780,63.61,74.28,46.9
770,61.54,70.94,46.21
758,61.99,71.33,46.19
801,62.44,71.73,46.16
884,62.78,72.11,46.13
950,62.68,73.43,46.14
906,62.86,74.74,46.12
928,62.96,74.64,45.99
760,61.2,71.44,46.01
762,61.6,71.83,46.01
755,62.03,72.65,46
774,62.14,74.38,46
734,61.87,75.27,46.01
1187,45.52,75.42,41.27
1185,46.04,75.36,41.02
1306,45.13,75.9,40.85
1230,45.96,75.82,40.8
1433,44.17,75.97,40.65
1333,45.12,75.89,40.63
1261,46.05,75.82,40.57
1475,43.75,76.45,40.46
1427,44.68,76.38,40.46
1338,45.69,76.29,40.44
1274,46.5,76.23,40.43
1445,43.71,75.6,40.77
1321,43.73,75.09,41.22
1305,43.73,74.69,41.23
1194,43.72,74.24,41.91
1093,43.72,73.81,42.53
205,43.39,75.67,41.77
1297,43.52,75.48,41.1
1042,43.53,75.07,41.77
1126,43.53,74.73,41.91
1157,43.53,74.24,42.54
10,43.32,76.58,42.12
167,43.39,76.02,42.12
1086,45.67,75.43,41.93
1246,46.35,76.24,40.7
1163,46.05,75.79,41.24
999,45.66,75.4,42.63
1021,45.7,75.36,42.33
1051,45.82,75.87,42.08
1126,46.1,76.26,41.48
1246,46.47,76.6,40.73
1306,44.64,75.49,41.27
1416,44.24,75.97,40.86
1358,43.91,75.62,41.28
1133,45.4,75.39,41.86
1314,43.61,75.99,41.3
955,43.39,76.09,41.52
882,43.26,76.54,41.52
1424,43.51,76.48,41.08
1377,43.42,76.73,41.42
1468,43.7,76,40.73
1485,43.52,76.46,40.64
1731,65.61,85.58,42.47
1813,65.9,85.17,43.12
1812,65.18,85.78,42.43
1888,65.78,85.78,43.07
2008,66.1,85.28,43.74
2061,66.1,85.29,44.38
1478,65.85,77.19,50.1
1208,65.66,76.77,50.1
602,65.22,76.37,50.1
476,64.72,75.96,50.1
480,64.22,75.56,50.1
4,48.79,77.86,60.83
4,48.8,77.85,60.83
4,48.83,77.84,60.83
4,48.81,77.85,60.82
4,48.82,77.87,60.83
4,48.81,77.83,60.83
3,48.51,77.83,60.85
3,48.49,77.84,60.84
3,48.5,77.86,60.84
3,48.52,77.82,60.83
3,48.55,77.81,60.83
4,48.56,77.81,60.81
4,48.53,77.81,60.81
3,48.4,77.84,60.85
3,48.38,77.83,60.85
3,48.37,77.82,60.85
3,48.38,77.8,60.83
3,48.34,77.82,60.85
3,48.37,77.8,60.84
3,48.35,77.81,60.85
3,48.34,77.8,60.84
3,48.44,77.82,60.85
3,48.46,77.8,60.82
3,48.45,77.81,60.83
3,48.41,77.83,60.85
3,48.43,77.83,60.85
3,48.42,77.85,60.85
3,48.42,77.81,60.85
3,48.44,77.8,60.83
3,48.41,77.8,60.83
3,48.4,77.81,60.83
3,48.37,77.84,60.84
3,48.37,77.85,60.84
4,48.66,77.86,60.84
4,48.65,77.85,60.84
4,48.63,77.86,60.83
4,48.7,77.84,60.84
4,48.7,77.85,60.84
4,48.69,77.86,60.84
4,48.72,77.86,60.84
4,48.69,77.83,60.83
4,48.68,77.84,60.83
4,48.66,77.83,60.83
4,48.67,77.82,60.83
4,48.66,77.81,60.81
4,48.69,77.81,60.81
4,48.72,77.83,60.83
4,48.74,77.83,60.83
4,48.73,77.84,60.83
4,48.74,77.81,60.82
4,48.73,77.81,60.83
4,48.71,77.81,60.81
4,48.7,77.82,60.81
4,48.76,77.81,60.81
4,48.73,77.86,60.83
4,48.75,77.85,60.83
4,48.76,77.86,60.82
4,48.76,77.88,60.83
4,48.76,77.84,60.83
4,48.77,77.85,60.83
4,48.77,77.82,60.81
4,48.8,77.82,60.81
4,48.78,77.81,60.79
4,48.79,77.84,60.81
3,48.61,77.86,60.83
3,48.59,77.86,60.84
4,48.62,77.82,60.83
4,48.63,77.81,60.81
4,48.63,77.83,60.83
4,48.62,77.85,60.83
4,48.61,77.84,60.83
4,48.65,77.82,60.81
3,48.45,77.83,60.85
3,48.47,77.84,60.84
3,48.47,77.86,60.84
3,48.44,77.84,60.84
3,48.44,77.86,60.84
3,48.46,77.87,60.84
3,48.47,77.82,60.83
3,48.49,77.82,60.83
3,48.48,77.81,60.81
3,48.5,77.81,60.81
3,48.48,77.83,60.83
3,48.52,77.84,60.84
3,48.52,77.85,60.84
3,48.55,77.83,60.84
3,48.55,77.85,60.84
3,48.54,77.83,60.83
3,48.57,77.86,60.84
3,48.51,77.86,60.84
4,48.56,77.83,60.83
4,48.58,77.84,60.83
4,48.59,77.82,60.81
4,48.6,77.81,60.81
4,48.58,77.81,60.81
4,48.9,77.86,60.84
4,48.87,77.83,60.83
4,48.86,77.84,60.83
4,48.88,77.84,60.83
4,48.87,77.85,60.82
4,48.87,77.87,60.83
4,48.85,77.82,60.81
4,48.83,77.82,60.81
4,48.84,77.81,60.79
4,48.81,77.81,60.79
4,48.84,77.83,60.81
4,48.84,77.85,60.82
4,48.84,77.87,60.83
4,48.86,77.88,60.83
4,48.83,77.88,60.82
4,48.91,77.86,60.83
4,48.91,77.84,60.83
4,48.9,77.83,60.81
4,48.88,77.81,60.81
4,48.86,77.81,60.79
4,48.98,77.82,60.86
4,48.92,77.8,60.83
4,48.95,77.81,60.85
4,48.91,77.81,60.81
4,48.94,77.83,60.84
4,48.92,77.82,60.83
5,48.94,77.84,60.84
4,48.93,77.86,60.84
4,48.92,77.85,60.82
4,49.01,77.8,60.86
4,49,77.81,60.85
3,48.36,77.83,60.85
3,48.34,77.85,60.85
3,48.33,77.81,60.85
3,48.31,77.82,60.86
3,48.31,77.83,60.87
3,48.32,77.85,60.85
3,48.28,77.82,60.86
3,48.29,77.83,60.86
3,48.33,77.83,60.85
3,48.26,77.83,60.86
3,48.24,77.84,60.86
3,48.31,77.8,60.84
3,48.3,77.81,60.85
3,48.27,77.81,60.85
3,48.28,77.8,60.85
3,48.26,77.8,60.83
3,48.24,77.81,60.85
3,48.23,77.8,60.85
3,48.22,77.82,60.85
3,48.2,77.84,60.86
3,48.23,77.83,60.85
3,48.19,77.85,60.85
3,48.22,77.84,60.85
3,48.15,77.84,60.86
3,48.16,77.85,60.85
3,48.14,77.85,60.86
3,48.17,77.81,60.85
3,48.16,77.82,60.85
3,48.19,77.82,60.85
3,48.18,77.83,60.85
3,48.2,77.81,60.82
3,48.14,77.81,60.82
3,48.13,77.82,60.85
3,48.12,77.81,60.85
3,48.12,77.84,60.85
3,48.11,77.83,60.85
3,48.09,77.84,60.87
3,48.1,77.85,60.86
3,48.04,77.85,60.86
3,48.06,77.82,60.85
3,48.05,77.83,60.85
3,48.08,77.83,60.85
3,48.07,77.84,60.85
3,48.07,77.86,60.85
3,48.09,77.81,60.82
3,48.01,77.82,60.87
3,48.02,77.84,60.87
3,48,77.84,60.87
3,48.01,77.85,60.86
3,48.02,77.81,60.85
3,48.04,77.82,60.85
3,48.05,77.81,60.85
3,47.99,77.81,60.85
3,47.98,77.8,60.85
3,47.98,77.82,60.85
3,47.97,77.81,60.85
3,47.98,77.85,60.86
3,47.84,77.84,60.86
3,47.73,77.85,60.86
3,47.93,77.86,60.86
3,47.95,77.83,60.85
3,47.96,77.86,60.85
3,47.9,77.84,60.86
3,47.95,77.81,60.83
3,47.92,77.82,60.85
3,47.87,77.82,60.85
3,47.9,77.81,60.82
3,47.79,77.85,60.86
3,47.76,77.83,60.85
3,47.84,77.81,60.83
3,47.81,77.82,60.85
3,47.78,77.81,60.82
3,47.84,77.83,60.84
4,48.84,77.8,60.79
3,48.33,77.79,60.85
3,48.38,77.79,60.83
3,48.34,77.79,60.83
3,48.37,77.79,60.83
3,48.35,77.79,60.85
3,48.43,77.79,60.83
3,48.41,77.79,60.83
3,48.46,77.79,60.81
3,48.45,77.79,60.83
3,48.48,77.79,60.81
3,48.51,77.79,60.81
4,48.52,77.8,60.81
4,48.53,77.8,60.79
4,48.55,77.79,60.81
4,48.63,77.79,60.81
4,48.58,77.8,60.81
4,48.56,77.8,60.79
4,48.6,77.79,60.81
4,48.68,77.79,60.81
4,48.66,77.79,60.81
4,48.74,77.79,60.81
4,48.71,77.79,60.81
4,48.7,77.79,60.81
4,48.76,77.79,60.81
4,48.81,77.8,60.79
4,48.78,77.8,60.79
4,48.88,77.79,60.81
4,48.86,77.8,60.79
4,48.92,77.79,60.83
4,48.96,77.79,60.86
4,48.91,77.8,60.81
4,49,77.79,60.86
3,48.02,77.79,60.86
3,48.05,77.79,60.86
3,47.99,77.79,60.86
3,47.98,77.79,60.86
3,47.96,77.79,60.86
3,48.09,77.79,60.82
3,48.17,77.79,60.85
3,48.14,77.79,60.82
3,48.23,77.79,60.85
3,48.2,77.79,60.82
3,48.26,77.79,60.83
3,48.28,77.79,60.85
3,48.31,77.79,60.84
3,47.78,77.79,60.86
3,47.73,77.81,60.85
3,47.73,77.81,60.87
3,47.54,77.8,60.87
3,47.56,77.81,60.87
3,47.92,77.79,60.86
3,47.95,77.79,60.83
3,47.87,77.79,60.86
3,47.9,77.79,60.82
3,47.84,77.79,60.83
3,47.78,77.79,60.83
4,46.95,77.81,60.86
535,58.58,66.31,46.27
567,59.39,66.31,46.27
577,60.27,66.31,46.9
593,61.09,66.31,47.54
596,61.64,66.31,48.18
613,62.05,66.31,48.18
652,62.95,66.31,48.18
635,62.54,66.31,48.18
1001,43.53,73.82,43.16
988,43.53,73.26,43.17
8,43.44,68.8,49.32
320,43.52,67.96,49.56
235,43.53,67.38,50.1
200,43.72,66.51,50.3
358,45.5,66.31,49.58
223,44.59,66.31,50.12
403,46.99,66.31,47.53
381,47.4,66.31,47.53
374,47.95,66.31,47.53
423,46.49,66.31,47.86
460,48.75,66.31,47.53
503,49.63,66.31,47.53
496,50.51,66.31,46.9
464,51.31,66.31,46.9
423,53.69,66.31,46.9
438,52.28,66.31,46.9
428,53.17,66.31,46.9
431,52.76,66.31,46.9
417,55.39,66.31,46.9
416,54.51,66.31,47.54
460,57.16,66.31,46.27
507,58.07,66.31,46.45
483,57.64,66.31,46.27
443,56.75,66.31,46.27
418,56.2,66.31,46.9
650,63.55,66.31,49.24
670,64.48,66.31,50.13
663,64.98,66.81,50.3
682,65.54,67.22,50.3
619,65.53,68.65,50.3
469,65.28,75.48,50.3
468,65.71,75,50.3
468,65.62,74.11,50.3
467,65.93,73.64,50.3
541,65.64,70.47,50.3
488,65.72,72.33,50.3
1572,66.05,77.2,50.3
1679,66.1,77.72,50.13
1360,65.84,76.77,50.3
654,65.37,76.37,50.3
470,64.84,75.96,50.3
469,64.3,75.56,50.3
1246,44.18,75.1,41.9
1226,43.93,74.72,41.91
1087,43.53,74.75,43.13
1401,65.73,77.19,49.84
1143,65.54,76.77,49.84
585,65.13,76.36,49.84
684,63.39,66.83,48.15
685,63.88,67.13,48.15
655,64.29,66.8,49.4
679,64.29,66.8,48.77
677,63,67.23,48.15
702,62.59,67.71,47.52
681,63.48,67.64,48.15
720,63.07,68.11,47.52
703,62.19,68.19,47.52
763,61.79,68.67,46.9
733,62.67,68.59,47.52
782,62.27,69.07,46.9
761,61.39,69.15,46.9
772,60.99,69.62,46.42
779,61.87,69.55,46.9
780,61.47,70.02,46.44
689,64.39,68,49.08
727,63.55,68.52,48.15
757,64.03,68.92,48.15
749,63.15,69,48.15
771,62.75,69.47,47.52
768,63.63,69.4,48.15
750,63.23,69.88,47.52
738,62.35,69.95,47.52
722,61.95,70.43,46.9
674,62.83,70.35,47.52
641,62.42,70.83,46.9
716,64.55,69.76,49.08
734,63.71,70.28,48.15
709,64.19,70.68,48.15
669,63.3,70.76,48.15
647,63.78,71.16,48.15
663,64.49,74.2,48.15
573,64.97,74.6,48.77
536,64.97,74.6,49.4
615,64.74,71.52,49.09
631,63.86,72.04,48.15
674,64.34,72.44,48.15
608,64.87,73.28,49.08
631,62.04,66.51,48.16
671,62.94,66.51,48.16
653,62.53,66.51,48.16
660,63.5,66.51,49.14
653,64.36,66.51,49.95
314,43.72,67.45,49.95
330,44.01,66.8,49.84
306,44.68,66.51,49.95
617,57.31,68.18,45.01
627,61.09,66.51,47.53
615,60.27,66.51,46.9
642,60.29,66.76,46.9
600,59.39,66.51,46.27
688,59.88,67.07,46.27
645,59.41,66.79,45.65
706,58.19,68.1,45.02
791,58.67,68.5,45.65
739,59.47,67.54,46.27
666,58.99,67.12,45.65
769,59.07,68.02,45.65
690,58.59,67.62,45.02
551,58.58,66.51,46.27
581,58.5,66.83,45.65
589,58.12,67.22,45.02
602,57.71,67.7,45.02
713,57.77,68.58,45.01
608,56.33,69.45,45.37
634,56.16,69.6,45.6
599,56.51,69.15,45.24
570,56.19,69.21,45.39
619,56.02,69.54,45.61
602,56.48,68.73,45.46
649,57.03,68.59,45.13
620,56.63,68.78,45.32
629,56.57,69.5,45.19
696,56.96,69.56,45
637,56.41,69.56,45.36
722,57.39,69.06,45.02
639,56.32,70.09,45.39
640,56.53,70.02,45.24
720,56.83,69.99,45.17
640,56.17,70.19,45.58
644,61.12,66.74,47.52
657,60.76,67.02,47.52
713,60.36,67.47,46.9
739,59.95,67.94,46.9
783,59.55,68.42,46.27
807,58.27,68.98,45.65
794,59.15,68.9,46.27
803,58.75,69.38,45.65
645,50.59,74.08,40.45
609,50.13,73.67,41.13
594,50.13,74.54,41.14
807,52.17,74.4,40.45
639,56.27,70.56,45.41
672,56.36,69.64,45.52
710,57.41,70.39,44.65
708,56.99,70.41,44.96
635,56.58,70.42,45.18
814,57.87,69.46,45.65
751,57.48,69.93,45.03
703,56.3,69.68,45.71
642,56.17,70.61,45.59
690,55.9,69.54,45.89
728,56.16,69.8,45.88
483,43.71,68.02,48.13
489,43.52,68.4,48
12,43.41,69.1,48.88
971,45.66,74.47,42.63
1095,45.36,74.54,41.86
1031,45.5,74.51,42.31
1163,44.89,73.25,41.27
1063,45.32,73.65,41.87
949,45.66,73.65,42.64
1130,45.29,72.78,41.27
1060,45.55,73.18,41.73
1021,45.63,72.8,42.03
1005,45.5,73.66,42.32
992,45.69,72.82,42.35
1039,45.49,72.31,41.81
989,45.5,72.31,42.31
949,45.46,72.32,42.55
950,45.47,71.93,42.62
951,45.66,72.8,42.64
895,45.66,71.96,43.14
1053,44.81,72.38,41.9
931,44.32,71.98,42.51
897,44,71.56,43.15
1057,44.41,72.84,41.91
516,43.73,68.93,46.27
519,43.53,69.34,46.27
607,43.73,69.34,45.64
665,43.53,69.89,45.64
750,43.73,69.89,45.02
787,43.53,70.69,45.02
822,43.73,70.69,44.4
816,43.53,71.57,44.4
859,43.73,71.58,43.77
876,43.53,72.45,43.77
867,43.99,72.44,42.5
912,43.73,72.46,43.15
501,43.73,68.43,47.5
497,43.53,68.94,47.47
492,43.73,68.93,46.89
493,43.53,69.34,46.88
1153,45.03,75.02,41.89
1049,45.49,74.99,42.33
1026,45.46,75,42.62
953,45.66,75,43.13
1179,44.12,74.21,41.89
1087,43.9,73.78,42.5
1180,44.57,74.61,41.9
1110,44.97,74.14,41.9
1125,44.49,73.73,41.9
1044,44.05,73.33,42.51
973,43.73,73.26,43.15
989,43.73,73.81,43.15
1037,43.53,74.22,43.15
369,56.35,67.37,45.65
477,57.64,66.87,45.65
456,57.64,66.51,46.27
488,58.07,66.51,46.45
531,58.06,66.68,45.33
404,56.76,66.92,45.65
405,56.75,66.51,46.27
458,57.23,67.29,45.65
427,57.16,66.51,46.27
443,57.17,66.71,45.65
476,56.83,67.77,45.65
349,55.54,67.96,45.2
360,55.52,68.27,45.51
357,55.95,67.84,45.65
460,56.4,68.06,45.56
658,55.55,69.64,45.99
529,56.48,68.3,45.74
463,55.49,69.32,45.65
534,55.96,68.83,45.64
588,55.52,69.54,45.8
390,55.14,68.97,45.72
411,55.53,68.52,45.73
369,54.83,68.88,45.8
342,55.88,67,46.27
370,56.24,66.73,46.27
380,56.2,66.51,46.9
378,55.39,66.51,46.9
361,55.41,66.76,46.27
340,54.99,67.06,46.27
334,54.59,67.53,45.64
313,55.47,67.45,46.27
309,55.08,67.87,45.65
322,54.37,69.06,45.66
334,54.66,68.58,45.88
347,54.95,68.45,45.88
295,54.68,68.14,45.78
303,54.49,68.32,45.91
310,54.19,67.95,45.65
304,53.77,68.18,45.64
294,54.17,68.27,45.88
293,53.86,68.61,45.64
356,53.24,69.44,45.24
332,53.16,68.97,45.41
331,53.41,69.47,45.37
298,53.5,68.98,45.56
345,54.11,67.11,46.27
391,53.69,66.51,46.9
372,53.62,66.82,46.27
380,54.51,66.51,47.53
357,54.53,66.78,46.9
330,53.29,68.22,45.79
337,53.35,67.98,45.59
321,53.71,67.6,46.27
372,52.83,67.68,45.65
357,53.23,67.2,46.27
356,52.9,68.56,45.66
433,52.04,68.64,45.01
388,52.43,68.16,45.65
428,51.54,68.24,45.63
447,51.07,67.86,45.62
420,51.88,66.91,45.65
432,51.47,67.36,45.65
410,51.95,67.76,45.65
396,52.35,67.28,45.65
425,51.87,66.51,46.27
434,51.87,66.31,46.9
386,52.76,66.86,46.27
406,52.29,66.7,46.27
390,53.18,66.68,46.27
413,52.28,66.51,46.9
400,53.17,66.51,46.9
404,52.77,66.51,46.9
440,51.13,68.72,45.6
467,50.34,68.72,45.13
462,49.97,68.92,45.32
461,49.82,68.85,45.48
457,49.89,69.03,45.44
456,50.68,68.31,45.58
447,49.77,69.47,45.51
453,49.97,69.3,45.39
430,49.39,69.6,45.98
452,49.66,69.16,45.53
443,49.49,69.39,45.73
436,49.35,69.54,45.87
472,50.59,67.43,46.27
488,50.11,67.04,46.27
465,51,66.99,46.27
486,50.52,66.75,46.27
445,51.35,66.73,46.27
489,50.51,66.51,46.9
456,51.31,66.51,46.9
461,50.21,67.92,46.26
475,49.31,67.97,45.66
470,49.71,67.51,46.27
437,48.9,69.69,45.99
462,49.85,68.41,45.72
443,49.22,69.35,45.78
443,48.89,69.53,45.83
454,49.28,68.98,45.66
454,48.76,69.37,45.67
465,48.88,68.59,45.74
460,48.48,69.12,45.74
451,48.48,69.53,45.85
454,48.16,69.03,45.83
460,48.99,68.43,45.88
470,48.89,68.16,45.73
478,44.33,67.09,48.77
473,49.63,66.51,47.52
481,49.64,66.78,46.9
457,48.83,67.59,46.27
439,49.23,67.1,46.9
465,48.35,67.15,46.27
419,48.75,66.51,47.52
446,48.76,66.8,46.9
472,44.76,66.77,48.77
415,46.06,66.31,48.86
443,45.55,66.51,48.8
416,44.76,66.77,49.4
468,45.23,67.03,48.15
477,45.71,67.42,47.52
475,46.19,67.82,46.9
484,46.67,68.22,46.27
490,47.08,68.55,45.83
471,48,68.67,45.92
465,48.29,68.59,45.93
468,48,68.2,45.87
444,48.43,68.06,46.27
454,45.61,66.75,48.15
436,46.09,66.51,48.16
477,47.47,68.29,45.88
483,47.53,68.02,45.68
450,46.59,67.34,46.9
463,47.07,67.74,46.27
450,47.95,67.66,46.27
430,47,66.9,46.9
404,46.99,66.51,47.53
457,46.11,66.95,47.52
457,46.52,66.72,46.9
425,46.5,66.51,47.84
407,47.86,66.85,46.9
371,47.95,66.51,47.52
415,47.47,67.26,46.9
410,47.41,66.7,46.9
384,47.4,66.51,47.52
389,45.55,66.51,49.47
417,44.33,67.09,49.4
474,44.83,67.49,48.15
492,45.31,67.89,47.52
505,45.79,68.3,46.9
414,48.02,69.54,45.89
444,48.3,69.54,45.9
427,48.09,69.33,45.81
451,48.25,69.41,45.83
440,47.65,69.36,45.98
455,47.68,69.05,45.87
226,43.51,68.35,48.35
5,43.49,68.31,48.44
6,43.49,68.21,48.73
151,43.51,68.15,48.9
304,43.68,68.02,48.77
462,44.03,67.58,48.77
298,43.68,68.02,49.46
412,44.03,67.59,49.4
481,43.87,68.05,48.19
472,44.43,67.97,48.15
6,43.5,68.76,49.2
330,54.21,69.38,45.63
291,53.85,69.24,45.69
456,53.99,69.7,45.99
381,54.06,69.54,45.83
561,51.28,69.59,43.78
567,51.91,69.53,43.79
633,51.12,70.06,43.14
627,51.67,70,43.14
615,50.99,70.96,41.85
606,51.38,71.36,41.27
734,51.86,71.76,40.85
753,52.51,71.75,42.07
625,51.33,70.47,42.52
663,51.99,70.41,42.27
640,51.93,70.38,42.6
687,52.19,70.86,42.32
728,52.39,71.22,42.32
650,51.77,70.88,41.89
740,52.38,71.29,41.92
764,52.26,71.28,41.27
738,52.32,70.82,41.73
568,50.93,69.6,43.78
599,50.73,70.09,43.73
768,51.62,74,40.45
786,51.54,73.12,40.45
799,51.95,72.64,40.63
815,52.35,72.16,40.83
815,52.56,71.7,41.13
632,51.06,72.73,40.6
596,50.59,72.31,40.77
622,50.37,71.89,41.08
659,51.44,72.23,40.84
594,50.99,71.83,41.26
615,50.78,71.45,41.72
586,52.15,69.53,43.77
620,52.15,70.33,43.14
663,52.15,70.87,42.62
596,52.35,70.33,43.73
643,52.35,70.88,43.14
699,52.35,71.28,42.64
717,51.08,73.6,40.45
604,50.63,73.21,40.58
629,50.63,71.47,41.8
621,50.4,72.33,41.35
637,50.56,71.85,42.05
637,50.71,71.39,42.37
632,50.45,72.31,41.83
614,50.29,72.78,41.15
621,50.25,73.21,41.39
633,50.93,70.08,43.14
632,50.88,70.96,42.29
645,50.93,70.48,42.62
635,50.73,70.49,43.14
642,50.73,71,42.64
636,50.73,71.39,42.56
819,52.08,73.52,40.45
838,52.56,73.92,40.6
837,52.46,73.04,40.61
842,52.73,73.42,40.8
842,52.7,72.57,40.81
811,52.63,72.15,41.41
759,52.57,72.17,41.93
864,52.95,73.9,40.81
829,52.77,73.42,41.15
834,52.76,72.57,41.17
824,52.87,73.91,41.32
817,52.83,73.03,41.39
342,53.48,69.89,45.39
303,53.7,69.38,45.74
333,53.6,69.92,45.59
359,53.27,69.85,45.29
969,45.15,71.91,42.5
817,43.97,70.68,44.4
904,44.75,71.5,43.12
854,44.27,71.09,43.77
953,45.31,71.44,42.57
897,45.46,71.43,43.13
847,45.66,71.43,43.73
898,45.09,71.02,43.13
843,45.46,71.02,43.77
821,45.73,71,44.13
752,43.95,69.85,45.02
851,44.66,70.61,43.77
813,44.22,70.21,44.4
481,44.91,68.37,47.52
482,44.09,68.45,47.52
496,45.39,68.77,46.9
483,44.51,68.85,46.9
487,43.92,68.92,46.9
514,46.92,69.4,45.98
568,46.78,69.49,45.71
569,46.92,69.63,45.87
573,45.39,68.77,45.65
549,46.24,68.69,45.67
521,46.73,69.02,45.79
653,45.8,69.17,45.07
630,46.91,70.08,45.59
669,46.8,70.07,45.4
682,46.18,69.55,45.08
584,46.46,69.11,45.44
789,45.98,70.95,44.47
645,46.55,69.59,45.24
744,46.37,70.46,45
518,43.92,68.92,46.27
521,44.51,68.85,46.27
709,46.49,70.03,45.16
845,45.26,70.55,43.79
778,45.64,70.03,44.64
742,46.07,70.07,44.93
801,45.66,70.54,44.37
780,46.1,70.52,44.63
626,44.14,69.33,45.65
629,44.98,69.25,45.65
743,44.58,69.73,45.02
725,45.44,69.66,45.03
801,45.05,70.13,44.41
619,46.61,69.62,45.52
592,46.77,69.63,45.65
526,45.39,68.77,46.27
555,46.54,69.27,45.79
516,46.27,68.7,46.27
499,47.12,69.21,45.84
484,47.37,69.26,45.79
519,46.87,69.47,46.12
481,47.27,69.37,45.96
432,47.67,69.45,46.13
419,48.12,69.72,45.99
500,47.35,69.77,45.99
442,49.61,69.5,45.7
433,49.47,69.63,45.88
440,49.47,69.91,45.6
382,52.88,69.46,45.09
441,52.42,69.88,44.48
482,52.51,70.41,44.26
384,52.89,69.94,44.77
409,52.46,69.04,45.05
444,51.63,69.12,45.02
461,50.73,69.18,45.02
472,52.02,69.51,44.46
490,51.23,69.59,44.41
457,50.29,69.7,44.98
505,50.73,70.09,44.38
454,50.02,70.13,45.01
475,50.3,70.03,44.62
503,50.43,70.55,44.45
565,50.68,70.5,44.11
439,49.64,70.24,45.39
442,49.72,69.78,45.53
448,49.85,70.15,45.24
448,50.03,69.63,45.33
424,48.54,69.99,46
630,56.18,71,45.58
661,56.32,70.94,45.39
662,56.54,70.9,45.24
722,56.86,70.88,45.14
696,57.15,70.83,44.74
631,56.85,71.28,44.81
644,57.85,71.73,43.14
675,58.04,71.22,43.78
707,57.66,70.82,44.49
688,57.28,71.34,44.56
675,57.57,71.24,44.17
630,57.27,71.68,44.24
652,57.88,72.57,42.57
808,58.35,69.86,45.65
766,57.94,70.34,45.02
766,58.82,70.26,45.02
726,58.41,70.74,44.41
764,59.71,70.65,45.34
663,61.64,66.93,47.52
643,62.05,66.71,48.15
679,62.94,66.69,48.15
670,62.52,66.88,48.15
685,62.12,67.31,47.52
619,61.63,66.51,48.16
673,61.24,67.39,47.52
727,60.83,67.87,46.9
688,61.71,67.79,47.52
740,61.31,68.27,46.9
729,60.43,68.35,46.9
777,60.03,68.84,46.27
768,60.5,69.32,46.42
779,60.51,69.09,46.22
740,60.91,68.75,46.9
776,59.62,69.31,46.28
787,59.21,69.78,45.66
774,59.63,70.18,45.71
769,60.1,70.22,45.98
775,59.9,69.71,46.11
767,60.16,70.2,46.12
764,60.11,69.72,46.41
645,64.3,66.8,49.84
694,64.39,68,49.84
641,64.55,69.76,49.84
500,64.57,75.08,49.84
508,64.97,74.6,49.84
575,64.77,71.52,49.84
541,64.87,73.28,49.84
505,63.69,75.16,49.84
289,43.94,67.53,50.11
282,44.26,67.01,50.11
281,44.7,66.67,50.11
649,64.38,66.68,50.1
671,64.46,67.93,50.1
600,64.62,69.73,50.1
490,64.64,75.08,50.1
494,65.05,74.6,50.1
554,64.84,71.51,50.1
522,64.94,73.27,50.1
497,63.72,75.16,50.1
900,53.19,75.21,40.65
893,53.11,75.21,40.43
824,52.78,74.33,41.15
827,52.88,74.81,41.3
847,52.76,74.32,40.79
874,52.98,74.79,40.78
843,52.64,74.8,40.58
600,50.29,72.78,40.74
593,50.21,73.66,40.57
597,50.07,73.68,40.73
591,49.91,74.56,40.66
904,54.34,78.73,41.26
912,54.48,78.84,41.21
894,54.5,78.85,41.25
904,54.42,78.82,41.24
897,54.37,78.73,41.28
915,54.33,78.71,41.2
926,54.41,78.8,41.17
926,54.48,78.84,41.17
937,54.48,78.83,41.13
929,54.26,78.67,41.11
938,54.26,78.65,41.04
960,54.31,78.74,41
940,54.19,78.64,41.02
925,54.32,78.68,41.14
946,54.36,78.77,41.08
948,54.47,78.83,41.09
958,54.47,78.83,41.05
943,54.42,78.78,41.1
958,54.36,78.75,41.01
971,54.47,78.82,40.99
957,54.42,78.76,41.03
854,54.43,78.85,41.38
863,54.38,78.77,41.42
845,54.39,78.78,41.48
878,54.43,78.83,41.32
883,54.37,78.75,41.35
953,54.19,78.62,40.95
964,54.14,78.6,40.85
971,54.14,78.57,40.72
990,54.13,78.6,40.57
971,54.25,78.72,40.95
983,54.36,78.81,40.92
987,54.42,78.85,40.92
982,54.3,78.78,40.91
981,54.3,78.69,40.86
992,54.35,78.73,40.82
1002,54.46,78.7,40.68
990,54.34,78.65,40.72
970,54.25,78.58,40.76
983,54.24,78.68,40.84
981,54.19,78.7,40.86
1006,54.35,78.66,40.56
1001,54.42,78.85,40.84
1008,54.47,78.79,40.76
997,54.36,78.8,40.84
1002,54.41,78.74,40.76
1015,54.47,78.79,40.68
1009,54.41,78.74,40.68
1017,54.47,78.73,40.57
1027,54.25,78.73,40.48
1029,54.45,78.74,40.48
1061,54.49,78.95,40.51
990,54.02,78.58,40.53
1010,54.13,78.64,40.47
1059,54.16,78.83,40.42
1053,54.37,78.82,40.42
1090,54.39,79.06,40.42
987,54.04,78.51,40.41
977,53.93,78.53,40.54
1031,54.05,78.71,40.41
979,53.81,78.53,40.51
781,52.23,75.28,40.44
633,50.68,74.95,40.44
601,50.14,74.55,40.44
580,54.8,79.04,41.6
578,54.8,79.04,41.64
589,54.88,79.03,41.62
612,54.99,79.03,41.62
597,55.06,78.97,41.72
581,54.88,79.04,41.7
600,54.98,79.04,41.69
562,55.11,78.86,41.81
592,55.05,78.99,41.79
663,55.05,79.08,41.47
650,55.05,79.08,41.54
675,55.05,79.08,41.39
735,55.05,79.08,41.31
648,54.94,79.09,41.47
609,54.83,79.1,41.47
626,54.94,79.09,41.54
596,54.83,79.1,41.54
747,54.94,79.09,41.31
672,54.94,79.09,41.39
561,55.11,78.87,41.87
588,55.04,79.01,41.85
574,55,78.86,41.88
593,54.99,79.06,41.76
578,54.94,78.98,41.8
589,54.94,78.86,41.87
576,54.87,79.06,41.77
574,54.87,78.99,41.84
626,55.1,79.05,41.68
620,55.16,78.98,41.71
585,55.22,78.85,41.74
634,55.09,79.03,41.62
626,55.17,78.96,41.65
652,55.21,79.04,41.6
644,55.27,78.97,41.63
642,55.26,79,41.7
623,55.36,78.85,41.7
633,55.59,78.84,41.68
634,55.7,78.84,41.71
668,55.82,79.02,41.65
563,55.17,78.87,41.89
615,55.15,79.01,41.77
577,55.21,78.86,41.8
570,55.21,78.87,41.86
612,55.36,78.87,41.82
698,55.16,79.07,41.31
671,55.16,79.07,41.39
680,55.27,79.06,41.31
670,55.27,79.06,41.39
664,55.32,79,41.31
661,55.31,79.01,41.38
647,55.38,78.93,41.42
673,55.47,79.03,41.33
655,55.6,78.94,41.4
685,55.7,79.02,41.31
695,55.6,79.08,41.19
708,55.83,79.07,41.34
740,55.72,79.18,41.19
666,55.16,79.07,41.47
659,55.16,79.06,41.54
666,55.27,79.06,41.47
664,55.27,79.06,41.54
659,55.31,79.02,41.46
678,55.49,79.07,41.45
652,55.4,78.97,41.53
661,55.6,78.99,41.52
631,55.49,78.83,41.6
665,55.71,79,41.55
711,55.83,79.11,41.49
890,54.94,79.09,41.23
823,55.05,79.08,41.23
756,55.16,79.07,41.23
986,54.94,79.09,41.15
902,55.05,79.08,41.15
815,55.16,79.07,41.15
1019,54.94,79.09,41.07
965,55.05,79.08,41.07
871,55.16,79.07,41.07
1026,54.94,79.09,41
1006,55.05,79.08,41
920,55.16,79.07,41
830,55.22,79.12,41.07
873,55.22,79.12,41
744,55.38,79.1,41.04
735,55.22,79.12,41.23
781,55.22,79.12,41.15
701,55.38,79.1,41.19
1036,55,79.14,40.92
1001,55.11,79.13,40.92
1042,55,79.14,40.84
1024,55.11,79.13,40.84
949,55.17,79.18,40.92
984,55.17,79.18,40.84
1051,55,79.14,40.76
1020,55.16,79.12,40.72
1057,55,79.14,40.68
1075,55.06,79.23,40.63
924,55.28,79.22,40.72
1026,55.18,79.29,40.63
873,55.28,79.22,40.88
1103,54.96,79.32,40.55
1022,55.19,79.38,40.57
1157,54.97,79.39,40.43
1126,55.08,79.46,40.44
724,55.5,79.2,41.04
895,55.3,79.44,40.58
976,55.2,79.56,40.44
646,54.62,78.95,41.6
620,54.65,78.97,41.6
618,54.65,78.97,41.64
638,54.62,78.96,41.63
670,54.6,78.92,41.66
598,54.68,79,41.6
585,54.71,79.02,41.6
585,54.71,79.02,41.64
597,54.68,79,41.64
613,54.65,78.99,41.68
655,54.6,78.94,41.71
588,54.71,79.01,41.69
729,54.55,78.85,41.81
639,54.6,78.96,41.77
790,54.44,78.81,41.64
673,54.6,78.94,41.59
715,54.54,78.91,41.63
771,54.49,78.82,41.66
693,54.55,78.94,41.69
760,54.5,78.83,41.72
754,54.51,78.85,41.78
578,54.74,79.05,41.6
578,54.77,79.07,41.6
576,54.77,79.07,41.64
578,54.74,79.05,41.64
576,54.77,79.05,41.7
585,54.71,79.03,41.76
613,54.66,78.97,41.8
704,54.61,78.86,41.88
693,54.66,78.86,41.86
721,54.56,78.86,41.87
897,54.48,78.9,41.23
899,54.54,78.95,41.23
929,54.48,78.9,41.15
937,54.54,78.95,41.15
953,54.48,78.9,41.07
974,54.48,78.9,41
818,54.6,79,41.23
961,54.62,78.95,41.09
972,54.62,78.95,41.06
959,54.65,78.97,41.09
971,54.65,78.97,41.06
965,54.54,78.95,41.07
896,54.6,79,41.15
983,54.54,78.95,41
988,54.65,78.94,41
967,54.71,78.99,41.07
997,54.71,78.99,41
723,54.6,79,41.39
765,54.6,79,41.31
675,54.6,79,41.47
653,54.6,79,41.54
599,54.66,79.05,41.54
610,54.66,79.05,41.47
828,54.48,78.91,41.39
785,54.54,78.95,41.39
864,54.48,78.9,41.31
840,54.54,78.95,41.31
791,54.49,78.92,41.46
815,54.41,78.88,41.49
760,54.49,78.93,41.52
787,54.43,78.9,41.56
820,54.38,78.8,41.59
746,54.54,78.95,41.47
716,54.54,78.96,41.54
1163,54.66,79.05,41.15
6711,54.77,79.04,41.15
9850,54.66,79.05,41.23
30166,54.77,79.04,41.23
18064,54.83,79.1,41.23
4891,54.83,79.1,41.15
969,54.77,79.04,41.07
1010,54.77,79.04,41
994,54.83,79.1,41.07
1019,54.83,79.1,41
1007,54.89,79.15,41.07
1024,54.89,79.15,41
5124,54.89,79.15,41.23
2020,54.89,79.15,41.15
589,54.66,79.05,41.39
682,54.77,79.04,41.39
9279,54.66,79.05,41.31
36614,54.77,79.04,41.31
669,54.83,79.1,41.39
16380,54.83,79.1,41.31
583,54.72,79.1,41.47
577,54.72,79.1,41.54
993,54.43,78.96,40.92
1009,54.43,78.96,40.84
1019,54.48,78.9,40.76
1024,54.54,78.95,40.76
1029,54.48,78.9,40.68
1035,54.54,78.95,40.68
1044,54.48,78.95,40.6
1030,54.6,79,40.76
1041,54.6,79,40.68
1054,54.6,79.05,40.62
994,54.49,79.01,40.92
1004,54.6,79,40.92
1015,54.66,79.05,40.92
1013,54.49,79.01,40.84
1019,54.6,79,40.84
1027,54.66,79.05,40.84
1035,54.66,79.05,40.76
1047,54.66,79.05,40.68
1039,54.77,79.04,40.76
1043,54.83,79.1,40.76
1047,54.77,79.04,40.68
1051,54.83,79.1,40.68
1054,54.73,79.14,40.63
1015,54.72,79.1,40.92
1024,54.72,79.1,40.84
1080,54.86,79.24,40.63
1048,54.89,79.15,40.76
1053,54.95,79.2,40.76
1054,54.89,79.15,40.68
1060,54.95,79.2,40.68
1016,54.78,79.15,40.84
1004,54.78,79.15,40.92
1026,54.89,79.15,40.92
1034,54.89,79.15,40.84
1034,54.95,79.2,40.92
1040,54.95,79.2,40.84
1063,54.72,79.15,40.55
1094,54.84,79.25,40.54
1059,54.61,79.23,40.55
1068,54.61,79.05,40.53
1053,54.63,79.29,40.43
1174,54.74,79.37,40.43
1087,54.51,79.16,40.43
573,54.77,79.06,41.77
573,54.83,79,41.87
579,54.77,78.99,41.85
623,54.83,78.87,41.95
664,54.73,78.86,41.88
510,65.05,75.48,49.4
484,64.65,75.96,49.84
544,65.05,75.48,48.77
549,64.57,75.08,48.77
520,64.57,75.08,49.4
488,64.17,75.56,49.84
525,63.69,75.16,49.4
1155,65.54,76.77,49.4
1188,65.54,76.77,48.77
630,65.13,76.36,49.4
706,65.13,76.36,48.77
1377,65.73,77.19,49.4
1354,65.73,77.19,48.77
1424,65.9,77.18,48.81
1634,66.1,77.7,48.86
1469,65.9,77.18,49.47
1664,66.1,77.71,49.59
1549,65.9,77.71,49.96
636,55.7,78.86,41.85
788,55.62,79.3,41.04
744,55.72,79.18,40.88
749,55.72,79.18,40.72
848,55.83,79.29,40.63
812,55.4,79.32,40.72
831,55.52,79.37,40.63
810,55.62,79.3,40.72
793,55.4,79.32,40.88
798,55.62,79.3,40.88
969,55.53,79.46,40.57
1075,55.86,79.46,40.57
1015,55.42,79.54,40.59
1179,55.32,79.66,40.45
1237,55.65,79.63,40.45
1240,55.22,79.78,40.45
632,59,76.5,43.13
637,58.8,76.5,42.61
647,58.84,76.49,42.31
663,58.46,76.5,41.88
684,58.08,76.98,41.27
678,57.69,76.58,41.84
638,55.9,78.85,41.86
649,57.42,76.61,42.64
1589,65.08,85.58,41.19
1527,64.74,85.78,41.05
1520,64.67,85.58,40.75
1451,64.17,85.78,40.56
1612,65.08,85.58,41.85
1632,64.72,85.78,41.77
1485,64.31,82.2,40.66
1568,64.39,83.09,40.66
1563,64.47,83.98,40.66
1554,64.57,84.9,40.66
1534,64.66,85.52,40.65
1453,63.27,80.52,40.66
1426,63.83,81.8,40.66
1453,63.75,80.92,40.66
1503,63.91,82.68,40.46
1613,63.99,83.58,40.46
1613,64.09,84.51,40.46
1530,64.24,85.5,40.46
1493,62.87,81,40.46
1444,63.43,82.28,40.46
1489,63.35,81.4,40.46
1476,61.37,78.75,41.24
1550,60.98,79.32,40.44
1437,62.21,78.9,41.24
1457,61.8,78.79,41.39
1530,61.44,79.75,40.46
1512,61.83,79.29,40.62
1500,65.01,85.2,41.27
1412,64.94,84.37,41.27
1386,64.86,83.49,41.27
1370,64.79,82.6,41.27
1338,64.71,81.72,41.27
1301,64.23,81.32,41.27
1325,64.15,80.44,41.27
1509,64.6,85.4,40.87
1505,64.54,84.84,40.87
1477,64.46,83.96,40.87
1489,64.38,83.08,40.87
1444,64.31,82.2,40.87
1385,63.83,81.8,40.87
1387,63.75,80.92,40.87
1512,61.91,80.17,40.46
1440,62.93,78.9,41.07
1414,63.14,78.98,41.11
1355,63.14,79.02,41.41
1413,62.64,78.89,41.33
1475,62.31,79.7,40.65
1476,62.72,79.21,40.82
1499,62.39,80.59,40.46
1457,62.79,80.11,40.66
1435,63.19,79.62,40.86
1356,63.6,79.16,41.27
1385,63.27,80.52,40.87
1318,63.67,80.04,41.27
1306,63.14,79.06,41.74
1266,63.6,79.19,41.89
623,64.09,74.68,48.15
636,64.09,74.68,47.52
556,63.69,75.16,48.77
835,63.12,75.22,46.14
851,62.69,75.22,46.14
824,62.28,75.64,46
841,62.96,75.61,45.99
866,63,76.13,45.75
880,63,76.47,45.68
910,63.08,76.99,45.53
861,62.81,76.09,45.87
915,62.81,76.86,45.6
771,63.69,75.16,46.27
847,63.17,76.14,45.84
819,62.89,75.63,46.13
825,62.63,76.02,45.99
671,63.69,75.16,46.9
781,63.35,75.64,46.24
749,61.54,75.72,46.01
1320,55.89,79.83,40.45
671,55.93,79.02,41.69
800,55.84,79.28,41.19
813,55.84,79.28,41.04
757,55.94,79.16,41.04
753,55.94,79.16,41.19
737,55.94,79.16,41.5
775,56.06,79.15,40.8
1212,56.09,79.59,40.61
1096,56.29,79.36,40.59
1346,56.33,79.79,40.46
1328,56.53,79.55,40.45
650,59.03,77.34,42.35
649,58.85,76.83,42.29
654,57.42,76.98,42.56
661,57.57,76.58,42.29
681,57.31,77.05,41.79
667,57.4,76.99,42.37
673,57.26,77.43,42.08
641,56.1,78.82,41.86
641,56.1,78.8,41.72
673,56.03,79,41.65
745,55.94,79.16,41.35
720,56.05,79.09,41.49
692,55.93,79,41.31
673,56.13,78.96,41.55
665,56.02,78.91,41.4
641,56.2,78.72,41.45
655,56.99,78.28,41.7
657,56.95,78.49,41.68
662,57.14,77.86,41.89
682,57.46,77.04,41.71
659,58.81,76.87,41.84
651,58.96,77.36,42.04
630,59.23,77.71,41.94
715,56.04,79.04,41.04
714,56.04,79.04,41.19
670,56.03,78.88,41.15
658,56.04,78.84,41.03
655,56.24,78.78,41.17
649,56.52,78.57,41.2
657,56.44,78.7,41.09
645,56.36,78.7,41.53
648,56.54,78.62,41.47
653,56.81,78.54,41.54
672,56.84,78.69,41.4
670,56.97,78.55,41.39
654,56.88,78.49,41.54
668,56.81,78.44,41.01
666,56.83,78.51,41.17
667,56.76,78.62,41.16
666,57.01,78.34,41.45
664,56.89,78.36,41.24
586,59.82,78.26,40.84
615,59.74,78.14,40.75
593,59.61,77.74,40.74
580,59.66,77.93,40.87
765,59.61,78.11,41.25
689,57.08,77.57,41.12
672,57.05,77.88,41.42
667,56.93,78.21,41.07
681,57.06,77.96,40.8
686,57.26,77.72,40.79
644,59.27,77.34,41.14
650,59.3,77.74,41.44
681,57.69,77.46,41.26
660,58.57,77.38,41.27
685,56.26,78.92,40.79
681,56.69,78.77,40.62
666,56.47,78.74,40.78
668,56.61,78.63,40.6
685,56.89,78.63,40.81
675,57.09,78.39,40.81
1556,60.17,78.53,40.71
1555,60.22,78.56,40.91
1557,60.01,78.51,40.69
608,59.53,77.96,40.59
594,59.66,77.75,40.6
705,59.84,78.14,40.56
1096,60,78.38,40.47
943,59.41,78.2,40.59
677,57.29,78.15,40.81
678,57.5,77.92,40.81
670,58.16,77.86,40.84
625,59.07,77.78,40.79
920,56.49,79.12,40.58
817,56.7,78.94,40.58
913,57.13,78.83,40.62
816,57.33,78.59,40.63
683,59.76,78.16,40.49
912,59.23,78.21,40.53
1300,59.56,78.4,40.51
808,57.76,78.35,40.63
974,58.62,78.27,40.61
1258,56.72,79.3,40.45
1129,56.92,79.06,40.45
1250,57.37,79.03,40.46
1113,57.57,78.8,40.46
1558,60.14,78.71,40.42
1452,59.85,78.51,40.42
1556,59.97,78.62,40.42
1323,58.24,78.74,40.46
1452,59.11,78.67,40.44
1510,62.23,78.95,40.78
1543,61.43,78.73,40.75
1562,60.76,78.57,40.68
1543,60.26,78.63,40.69
1550,60.09,78.61,40.55
1528,60.26,78.68,40.92
1552,60.46,78.61,40.92
1552,61.38,78.92,40.56
1551,60.27,78.65,40.51
1562,60.58,78.88,40.43
639,58.8,76.9,42.6
628,59,76.9,43.13
646,59,77.37,42.64
642,65.05,75.48,47.52
701,64.65,75.96,46.9
585,65.05,75.48,48.15
583,64.57,75.08,47.52
616,64.17,75.56,46.9
567,64.57,75.08,48.15
1327,62.25,79.04,41.8
1309,62.66,79.01,41.93
1232,63.41,78.93,42.53
1376,61.85,78.87,41.93
1275,62.64,78.86,42.54
1377,61.37,78.87,41.9
1164,63.43,78.95,43.14
1147,63.92,78.74,43.75
1147,62.64,78.87,43.14
1117,63.32,78.76,43.72
909,63.37,76.97,45.63
989,63.7,77.39,45.2
951,63.32,77.41,45.39
825,64.25,76.44,46.27
928,63.86,76.92,45.66
752,63.77,76.04,46.27
873,63.44,76.52,45.71
892,63.16,77.03,45.8
851,62.67,76.86,45.98
929,63.13,77.4,45.52
973,63.28,77.88,45.42
945,62.82,77.77,45.42
1226,65.54,76.77,47.52
1205,65.2,77.24,46.9
1210,65.54,76.77,48.15
900,65.13,76.36,47.52
987,64.72,76.84,46.9
801,65.13,76.36,48.15
1207,63.62,79.22,42.52
1159,63.62,79.23,43.15
1153,64.07,78.91,43.78
1014,63,78.62,44.85
1044,62.62,78.84,44.29
1061,63.18,78.9,44.46
1129,64.39,78.2,45.01
1125,64.15,78.64,44.48
1065,63.65,78.5,44.72
1061,63.54,78.67,44.74
1117,63.98,78.91,44.39
1089,63.44,78.86,44.26
1169,64.8,77.72,46.27
1124,64.4,78.2,45.65
1034,64.32,77.32,46.27
1030,63.92,77.8,45.65
977,63.12,78.25,45.47
968,62.88,78.39,45.31
992,63.27,78.18,45.34
991,63.08,78.42,45.19
1044,63.67,78.33,45.15
1025,63.32,78.59,45.14
1634,65.67,85.13,43.15
1565,65.49,85.38,42.52
1416,65.01,85.2,41.9
1336,65.73,77.19,47.52
1325,65.59,77.63,46.9
1340,65.73,77.19,48.15
1213,63.67,80.04,41.9
1199,64.08,79.56,42.52
1206,64.15,80.44,41.9
1204,64.55,79.96,42.52
1162,64.08,79.56,43.15
1182,64.48,79.08,43.77
1165,64.55,79.96,43.15
1218,64.96,79.48,43.77
1205,64.88,78.6,45.02
1159,64.48,79.08,44.4
1274,64.94,84.37,41.9
1416,65.39,84.77,42.52
1233,64.86,83.49,41.9
1356,65.34,83.89,42.52
1209,64.79,82.6,41.9
1330,65.29,83,42.52
1200,64.71,81.72,41.9
1269,65.19,82.13,42.52
1252,65.11,81.25,42.52
1163,64.23,81.32,41.9
1158,64.63,80.84,42.52
1258,65.19,82.13,43.15
1358,65.34,83.89,43.15
2100,66.1,84.32,44.39
1580,65.64,84.3,43.15
1863,65.9,84.3,43.77
2085,66.1,83.41,44.4
1550,65.62,83.42,43.15
1873,65.9,83.41,43.77
1122,64.63,80.84,43.15
1226,65.11,81.25,43.15
1350,65.48,80.77,43.77
1191,65.03,80.37,43.77
1305,65.4,79.89,43.77
1201,64.96,79.48,44.4
1440,65.68,80.25,43.77
1276,65.3,78.12,46.27
1197,64.88,78.6,45.65
1368,65.62,78.54,45.65
1287,65.35,79.01,45.02
1385,65.65,79.42,44.4
1700,65.9,80.76,44.4
1621,65.9,80.21,44.4
1548,65.9,79.4,45.02
1441,65.9,77.7,46.27
1510,65.9,78.52,45.65
1881,66.1,80.76,45.02
1803,66.1,80.21,45.02
1729,66.1,79.4,45.65
1671,66.1,78.52,46.27
1400,65.9,77.18,48.16
1613,66.1,77.7,48.19
1393,65.9,77.18,47.53
1600,66.1,77.7,47.54
1436,65.9,77.7,46.9
1684,66.1,78.52,46.9
1327,65.29,83,43.15
1413,65.53,81.65,43.77
1495,65.58,82.51,43.77
1609,65.73,82.07,43.77
1507,65.7,81.18,44.4
1861,65.9,82.59,44.4
1815,65.9,82.06,44.4
1780,65.9,81.65,44.4
1742,65.9,81.17,45.02
2056,66.1,82.59,45.02
2013,66.1,82.06,45.02
1972,66.1,81.65,45.02
1936,66.1,81.17,45.65
645,57.42,75.7,42.63
661,57.56,75.7,42.27
688,57.64,75.7,41.84
641,57.42,74.81,42.63
662,57.56,74.88,42.28
695,57.61,74.85,41.84
658,57.59,76.12,42.32
672,58.02,76.1,41.89
640,57.62,76.11,42.62
618,57.42,76.1,43.14
648,58.66,76.03,42.25
666,58.39,75.62,41.89
644,58.83,75.6,42.32
648,58.62,75.15,42.26
638,58.6,76.03,42.58
633,58.8,76.02,43.14
638,58.8,75.61,42.62
645,59,76.02,43.73
642,59,75.61,43.14
657,57.57,75.23,42.3
678,57.95,75.21,41.88
639,57.62,75.21,42.61
616,57.42,75.21,43.14
697,60.24,75.38,45.59
696,60.13,75.43,45.4
659,59,75.07,43.73
641,58.58,75.13,42.59
642,58.8,75.07,43.14
677,59.31,75.5,44.46
693,59.86,75.37,45.21
693,57.79,73.45,41.89
666,57.58,73.41,42.32
646,57.62,71.77,43.77
635,57.62,72.58,43.14
642,57.62,73.44,42.63
617,57.42,72.58,43.73
624,57.42,73.46,43.14
660,57.74,73.92,42.28
647,57.75,73.92,42.5
686,57.86,74.33,41.89
663,57.58,74.33,42.31
644,58.29,74.74,42.52
638,57.62,74.29,42.63
619,57.42,74.28,43.14
674,58.25,73.83,41.93
652,58.59,74.28,42.28
673,59,74.26,43.73
653,58.8,74.26,43.14
646,58.5,74.27,42.58
653,58.52,73.36,42.53
664,58.8,73.38,43.14
685,59,73.38,43.73
753,59.57,71.08,45.15
740,59.6,71.52,44.85
659,58.49,72.5,42.51
670,58.63,72.04,43.14
693,58.8,72.04,43.77
670,58.8,72.56,43.14
719,59.2,72.03,44.3
695,59,72.56,43.73
654,58.13,72.1,43.14
743,59.26,71.19,44.73
760,59.19,70.66,45.1
732,58.76,71.11,44.48
689,58.45,71.62,43.78
721,58.91,71.61,44.26
653,58.18,72.95,42.55
741,60.1,71.94,45.39
739,59.89,71.94,45.25
742,60.24,72.03,45.58
751,60.26,71.52,45.86
750,59.98,71.5,45.56
750,60.06,71.51,45.74
751,60.49,71.51,45.99
763,61.06,70.51,46.45
756,60.72,71.01,46.18
745,59.84,71.59,45.18
757,59.94,71.09,45.55
757,59.75,71.06,45.4
758,60.25,71.14,45.85
757,60.06,71.11,45.72
765,59.89,70.6,45.83
764,60.11,70.62,46
758,60.31,71.12,45.99
761,60.33,70.62,46.14
762,60.57,70.1,46.43
728,63.94,72.92,48.15
924,63.45,73.44,46.33
734,63.61,74.28,47.52
704,63.61,74.28,48.15
754,64.01,73.8,47.52
804,63.94,72.92,47.52
738,64.01,73.8,48.15
683,63.46,72.52,48.15
615,62.9,71.24,47.52
628,63.38,71.64,47.52
758,63.46,72.52,47.52
697,59.25,73.79,44.39
725,59.9,72.83,45.26
701,59.92,74.61,45.28
730,60.24,72.83,45.58
705,60.24,74.53,45.59
728,60.11,72.81,45.4
704,60.12,74.56,45.4
687,62.02,71.31,46.9
742,61.54,70.91,46.9
763,61.54,70.91,46.46
735,62.03,71.32,46.44
743,62.5,71.71,46.9
788,62.98,72.12,46.9
797,62.51,71.72,46.42
849,62.95,72.11,46.41
897,62.99,73.44,46.77
836,63.07,74.75,46.43
763,63.21,74.76,46.9
854,63.3,74.76,46.22
757,61.16,71.41,46.2
753,61.61,71.8,46.2
787,62.08,72.64,46.17
791,62.21,74.39,46.17
755,61.91,75.3,46.2
747,60.86,71.9,46
746,61.26,72.3,46
702,61.37,73.59,46
676,61.13,75.34,46
678,61.46,74.88,46.01
1493,43.77,77.3,40.46
1249,45.14,75.9,41.28
1187,45.86,75.79,41.14
1377,44.73,76.37,40.86
1265,45.64,76.3,40.82
1242,46.2,76.25,40.72
1471,43.9,76.45,40.65
1396,44.7,76.38,40.64
1296,45.63,76.29,40.59
1262,46.34,76.24,40.55
1465,44.16,76.85,40.46
1398,45.2,76.77,40.45
1303,46.21,76.68,40.42
1268,46.53,77.08,40.64
1100,43.53,75.13,43.25
966,45.66,75.41,43.13
313,43.38,75.77,41.77
1331,43.68,75.53,41.19
1229,43.71,75.1,41.78
1220,43.72,74.74,41.91
1130,43.73,74.22,42.53
25,43.26,76.54,42.02
236,43.38,76.07,42.02
1417,43.5,75.76,42.24
844,43.51,75.38,41.87
1230,43.53,74.78,42.54
1445,43.5,75.99,42.2
433,43.42,76.69,42.12
1423,43.39,76.96,41.77
1100,45.29,75.4,42.27
1153,44.64,75.49,42.52
1042,45.46,75.4,42.61
1065,45.51,75.37,42.3
1098,45.62,75.87,42.04
1151,45.92,76.27,41.45
1242,46.34,76.6,40.78
1015,45.66,75.89,42.64
1035,45.7,75.88,42.35
1066,45.87,76.28,41.96
1167,46.23,76.69,41.25
292,43.22,76.52,41.77
971,43.75,75.93,41.76
1347,43.83,75.81,42.1
1266,43.9,75.57,41.87
1237,44.64,75.49,41.9
579,43.37,76.09,41.76
1270,43.71,76.01,41.42
1384,44.23,75.97,41.26
1466,43.97,76.44,40.86
1288,43.7,76.05,41.99
1190,45.13,75.9,41.89
1439,43.64,76.47,41.15
1252,43.45,76.67,41.52
1506,43.5,76.99,41.21
1484,43.69,76.45,40.76
1512,43.53,77.34,40.64
1672,65.08,85.58,42.49
1759,65.61,85.58,43.11
1860,65.9,85.17,43.76
1921,65.9,85.17,44.39
1785,64.71,85.78,42.44
1883,65.18,85.78,43.09
1922,65.78,85.78,43.72
1945,65.78,85.78,44.37
2119,66.1,85.29,45.02
1475,65.7,77.65,50.1
1282,65.3,77.25,50.1
833,64.8,76.84,50.1
544,64.3,76.44,50.1
511,63.8,76.04,50.1
507,63.31,75.64,50.1
4,48.78,77.88,60.82
4,48.79,77.86,60.82
4,48.79,77.87,60.83
4,48.8,77.88,60.82
4,48.79,77.89,60.82
4,48.8,77.85,60.81
4,48.83,77.85,60.81
4,48.82,77.86,60.81
4,48.81,77.83,60.81
4,48.82,77.89,60.82
4,48.84,77.89,60.82
3,48.48,77.87,60.84
3,48.47,77.87,60.83
3,48.51,77.83,60.83
3,48.5,77.85,60.83
4,48.52,77.82,60.81
4,48.56,77.81,60.8
4,48.55,77.81,60.81
4,48.53,77.81,60.8
3,48.5,77.87,60.83
3,48.41,77.86,60.84
3,48.4,77.83,60.85
3,48.4,77.85,60.84
3,48.38,77.83,60.83
3,48.37,77.82,60.83
3,48.38,77.81,60.81
3,48.34,77.82,60.83
3,48.35,77.81,60.83
3,48.33,77.81,60.83
3,48.44,77.82,60.83
3,48.45,77.81,60.81
3,48.41,77.83,60.83
3,48.43,77.84,60.83
3,48.42,77.81,60.83
3,48.44,77.8,60.82
3,48.41,77.81,60.81
3,48.4,77.82,60.81
3,48.39,77.86,60.84
3,48.4,77.87,60.83
3,48.43,77.87,60.84
3,48.37,77.84,60.83
3,48.36,77.86,60.84
4,48.66,77.85,60.83
4,48.66,77.87,60.83
4,48.65,77.85,60.83
4,48.63,77.86,60.82
4,48.64,77.87,60.83
4,48.7,77.84,60.83
4,48.69,77.85,60.83
4,48.69,77.87,60.83
4,48.72,77.85,60.83
4,48.72,77.87,60.83
4,48.71,77.88,60.83
4,48.69,77.83,60.81
4,48.68,77.85,60.81
4,48.66,77.83,60.81
4,48.67,77.82,60.81
4,48.66,77.81,60.8
4,48.69,77.81,60.79
4,48.72,77.83,60.81
4,48.74,77.82,60.81
4,48.73,77.84,60.81
4,48.71,77.81,60.8
4,48.73,77.81,60.81
4,48.7,77.82,60.79
4,48.76,77.81,60.79
4,48.65,77.88,60.82
4,48.73,77.86,60.82
4,48.73,77.88,60.83
4,48.72,77.88,60.82
4,48.75,77.88,60.82
4,48.75,77.85,60.81
4,48.76,77.86,60.81
4,48.76,77.84,60.81
4,48.77,77.85,60.81
4,48.77,77.82,60.79
4,48.78,77.82,60.78
4,48.8,77.82,60.79
4,48.79,77.84,60.79
3,48.58,77.86,60.83
4,48.61,77.86,60.82
3,48.61,77.87,60.83
4,48.59,77.85,60.83
4,48.62,77.82,60.81
4,48.63,77.81,60.79
4,48.63,77.83,60.81
4,48.62,77.85,60.81
4,48.61,77.84,60.81
4,48.65,77.82,60.79
3,48.45,77.84,60.83
3,48.47,77.85,60.83
3,48.44,77.85,60.83
3,48.46,77.86,60.83
3,48.45,77.88,60.83
3,48.47,77.82,60.81
4,48.49,77.82,60.81
4,48.48,77.81,60.79
4,48.5,77.81,60.79
4,48.48,77.83,60.81
3,48.54,77.86,60.84
3,48.55,77.87,60.83
3,48.52,77.87,60.83
3,48.52,77.84,60.83
4,48.54,77.83,60.81
4,48.55,77.84,60.83
4,48.56,77.85,60.83
3,48.57,77.87,60.83
3,48.51,77.86,60.83
3,48.51,77.87,60.83
4,48.56,77.83,60.81
4,48.58,77.84,60.81
4,48.59,77.82,60.79
4,48.6,77.82,60.79
4,48.57,77.82,60.79
4,48.9,77.85,60.82
4,48.89,77.87,60.83
4,48.87,77.83,60.81
4,48.86,77.84,60.81
4,48.88,77.84,60.81
4,48.87,77.86,60.81
4,48.85,77.82,60.79
4,48.84,77.81,60.78
4,48.83,77.82,60.79
4,48.81,77.82,60.78
4,48.84,77.83,60.79
4,48.87,77.88,60.82
4,48.84,77.86,60.81
4,48.86,77.87,60.81
4,48.83,77.87,60.81
4,48.91,77.86,60.82
4,48.91,77.87,60.83
4,48.9,77.88,60.82
4,48.92,77.82,60.81
4,48.91,77.82,60.79
4,48.91,77.84,60.81
4,48.9,77.83,60.79
4,48.87,77.81,60.78
4,48.88,77.82,60.79
4,48.98,77.82,60.84
5,48.98,77.84,60.84
4,48.95,77.81,60.82
4,48.94,77.83,60.83
5,48.95,77.87,60.83
4,48.93,77.85,60.81
4,48.94,77.84,60.81
5,49.03,77.83,60.85
4,49,77.81,60.82
3,48.36,77.83,60.83
3,48.34,77.84,60.84
3,48.34,77.85,60.84
3,48.34,77.87,60.83
3,48.32,77.86,60.84
3,48.31,77.82,60.85
3,48.31,77.84,60.84
3,48.3,77.84,60.86
3,48.29,77.82,60.85
3,48.27,77.84,60.86
3,48.33,77.83,60.83
3,48.31,77.82,60.83
3,48.26,77.82,60.85
3,48.24,77.83,60.85
3,48.26,77.86,60.84
3,48.28,77.81,60.82
3,48.23,77.88,60.83
3,48.23,77.82,60.82
3,48.2,77.83,60.85
3,48.19,77.84,60.84
3,48.22,77.84,60.85
3,48.2,77.86,60.84
3,48.15,77.86,60.84
3,48.15,77.83,60.85
3,48.16,77.84,60.84
3,48.13,77.84,60.84
3,48.2,77.81,60.79
3,48.17,77.82,60.82
3,48.12,77.89,60.83
3,48.14,77.81,60.79
3,48.12,77.83,60.82
3,48.09,77.84,60.85
3,48.09,77.87,60.84
3,48.04,77.84,60.85
3,48.04,77.87,60.84
3,48.06,77.83,60.82
3,48.09,77.82,60.78
3,48.01,77.82,60.85
3,48.02,77.83,60.85
3,48,77.83,60.85
3,48.01,77.84,60.85
3,48.01,77.86,60.85
3,48.03,77.81,60.82
3,47.98,77.82,60.82
3,47.98,77.85,60.85
3,47.98,77.87,60.84
3,48.01,77.89,60.82
4,46.84,77.82,60.86
4,46.9,77.91,60.85
4,46.95,77.83,60.82
3,47.65,77.83,60.87
3,47.59,77.83,60.86
4,47.34,77.84,60.87
3,47.54,77.84,60.86
4,47.54,77.81,60.85
3,47.56,77.82,60.85
3,47.84,77.86,60.85
3,47.73,77.84,60.84
3,47.73,77.88,60.84
3,47.71,77.83,60.85
3,47.7,77.83,60.86
3,47.93,77.85,60.84
3,47.93,77.88,60.84
3,47.95,77.84,60.82
2,47.9,77.9,60.82
3,47.87,77.88,60.83
3,47.9,77.83,60.85
3,47.9,77.86,60.85
3,47.92,77.82,60.82
3,47.9,77.81,60.79
3,47.87,77.82,60.82
3,47.79,77.84,60.84
3,47.79,77.87,60.85
3,47.76,77.83,60.82
3,47.81,77.83,60.82
3,47.78,77.82,60.78
3,47.84,77.85,60.82
4,48.82,77.8,60.79
4,48.84,77.8,60.78
4,48.85,77.8,60.79
3,48.33,77.79,60.83
3,48.38,77.79,60.81
3,48.35,77.79,60.83
3,48.43,77.79,60.81
3,48.41,77.79,60.81
3,48.45,77.79,60.81
3,48.39,77.8,60.81
4,48.48,77.8,60.79
4,48.5,77.8,60.79
4,48.52,77.8,60.79
4,48.55,77.8,60.79
4,48.63,77.8,60.79
4,48.57,77.8,60.79
4,48.6,77.8,60.79
4,48.59,77.8,60.79
4,48.68,77.8,60.79
4,48.66,77.8,60.79
4,48.65,77.8,60.79
4,48.73,77.8,60.81
4,48.71,77.8,60.79
4,48.7,77.8,60.79
4,48.76,77.8,60.79
4,48.81,77.8,60.78
4,48.8,77.8,60.79
4,48.78,77.8,60.78
4,48.87,77.8,60.78
4,48.88,77.8,60.79
4,48.91,77.8,60.79
4,48.95,77.79,60.82
4,49,77.79,60.83
5,49.06,77.8,60.86
3,48.03,77.79,60.82
3,47.98,77.79,60.82
3,48.06,77.8,60.81
3,48.12,77.79,60.81
3,48.09,77.8,60.78
3,48.17,77.79,60.82
3,48.14,77.8,60.79
3,48.2,77.8,60.79
3,48.23,77.79,60.82
3,48.29,77.79,60.82
4,47.06,77.81,60.87
3,47.73,77.82,60.82
3,47.73,77.79,60.86
3,47.67,77.81,60.87
3,47.62,77.81,60.87
4,47.32,77.81,60.87
4,47.37,77.81,60.87
3,47.51,77.82,60.87
4,47.53,77.8,60.86
4,47.42,77.81,60.87
4,47.48,77.8,60.87
4,47.45,77.82,60.87
3,47.57,77.8,60.86
3,47.93,77.79,60.82
3,47.87,77.8,60.82
3,47.9,77.8,60.79
3,47.82,77.8,60.82
3,47.76,77.8,60.82
3,47.78,77.8,60.78
4,47.01,77.84,60.86
4,46.9,77.85,60.86
4,46.95,77.8,60.84
4,46.84,77.8,60.84
4,46.73,77.82,60.86
526,58.58,66.31,46.9
553,59.39,66.31,46.9
569,60.28,66.31,47.54
583,61.09,66.31,48.18
572,61.64,66.31,48.99
559,60.28,66.31,48.18
612,62.44,66.31,49.25
171,43.51,68.73,49.53
889,43.53,73.81,43.77
880,43.53,73.25,43.77
261,43.51,68.37,49.61
229,43.52,68,50.07
223,43.79,67.47,50.3
217,44.14,66.89,50.3
219,44.62,66.51,50.3
354,46.05,66.31,49.59
228,45.48,66.31,50.13
384,46.98,66.31,48.18
366,47.4,66.31,48.17
350,47.95,66.31,48.18
360,46.47,66.31,49.23
387,48.75,66.31,48.18
460,49.63,66.31,48.18
488,50.91,66.31,47.88
415,53.69,66.31,47.54
433,52.62,66.31,47.88
414,55.39,66.31,47.54
404,54.51,66.31,48.18
441,57.16,66.31,46.9
468,57.72,66.31,46.92
426,56.75,66.31,46.9
411,56.2,66.31,47.86
632,63.61,66.31,50.13
648,64.5,66.49,50.3
619,64.58,67.82,50.3
555,64.73,69.67,50.3
471,64.74,75.08,50.3
470,65.19,74.6,50.3
527,64.96,71.49,50.3
492,65.06,73.26,50.3
484,63.77,75.16,50.3
1755,66.1,78.55,50.13
1563,65.88,77.65,50.3
1335,65.45,77.25,50.3
815,64.92,76.85,50.3
505,64.38,76.44,50.3
482,63.86,76.04,50.3
485,63.35,75.64,50.3
1173,44.19,75.1,42.52
1166,43.93,74.75,42.52
1063,43.73,74.75,43.13
942,43.53,74.7,43.77
1406,65.59,77.64,49.84
1243,65.2,77.24,49.84
830,64.72,76.84,49.84
526,63.29,75.64,49.84
652,63.45,67.24,49.08
673,62.59,67.71,48.15
687,63.07,68.11,48.15
671,62.19,68.19,48.15
715,61.79,68.67,47.52
699,62.67,68.59,48.15
754,62.27,69.07,47.52
727,61.39,69.15,47.52
753,60.99,69.63,46.9
762,61.87,69.55,47.52
770,61.47,70.03,46.9
710,63.59,68.96,49.08
759,62.75,69.47,48.15
751,63.23,69.88,48.15
737,62.35,69.95,48.15
701,61.95,70.43,47.52
698,62.83,70.35,48.15
623,62.42,70.83,47.52
663,63.75,70.72,49.08
613,62.9,71.24,48.15
613,63.38,71.64,48.15
548,63.21,74.76,49.4
598,63.9,72.48,49.08
586,64.05,74.24,49.08
593,63.21,74.76,48.77
626,62.41,66.51,49.16
633,63.53,66.51,49.96
290,43.7,68.04,49.93
352,44.03,67.58,49.84
349,44.33,67.08,49.84
350,44.76,66.77,49.84
318,45.54,66.51,49.96
614,61.09,66.51,48.16
675,57.31,68.18,45.65
598,60.28,66.51,48.16
610,60.28,66.51,47.53
632,60.29,66.76,47.52
589,59.39,66.51,46.9
672,59.88,67.07,46.9
636,59.41,66.79,46.27
748,58.19,68.1,45.65
810,58.67,68.5,46.27
725,59.47,67.54,46.9
671,58.99,67.12,46.27
780,59.07,68.02,46.27
713,58.59,67.62,45.65
544,58.58,66.51,46.9
580,58.5,66.83,46.27
597,58.12,67.22,45.65
635,57.71,67.7,45.65
775,57.79,68.58,45.65
680,56.45,69.39,45.51
697,56.29,69.47,45.71
720,56.16,69.6,45.87
676,56.64,69.13,45.4
626,56.31,69.11,45.53
667,56.14,69.39,45.73
699,56.04,69.54,45.85
731,56.11,69.57,45.98
699,56.92,68.65,45.65
741,57.14,69.56,45.15
714,56.7,69.5,45.35
718,56.54,69.56,45.52
787,57.38,69.06,45.64
715,56.46,70.05,45.53
734,56.66,70.03,45.4
755,56.94,69.99,45.28
726,56.32,70.09,45.71
735,56.16,70.17,45.87
627,61.12,66.74,48.15
619,60.29,66.76,48.15
632,60.76,67.02,48.15
680,60.36,67.47,47.52
693,59.95,67.94,47.52
747,59.55,68.42,46.9
832,58.27,68.98,46.27
751,59.15,68.9,46.9
803,58.75,69.38,46.27
631,51.27,75.35,40.45
698,51.19,74.48,40.45
638,50.68,74.07,40.61
604,50.25,74.09,41.39
600,50.31,73.67,41.16
598,50.33,74.54,41.17
593,50.25,74.9,41.39
715,51.7,74.88,40.45
788,52.11,74.4,40.62
719,56.43,70.51,45.55
751,56.44,69.59,45.78
751,57.19,70.42,45.12
732,56.71,70.43,45.34
844,57.87,69.46,46.27
816,57.47,69.94,45.65
742,56.35,70.52,45.73
713,56.01,69.39,46.03
774,56.29,69.68,46.01
740,56.09,70.17,45.98
734,56.16,70.61,45.86
711,55.91,69.82,45.99
731,56.16,70.99,45.85
420,43.7,68.43,48.06
2,43.5,68.77,48.56
5,43.44,68.98,48.88
57,43.5,69.23,48.96
123,43.51,68.79,48.37
458,43.52,68.99,48.06
935,45.66,74.47,43.13
1059,45.27,74.53,42.28
1002,45.46,74.47,42.61
1069,44.9,73.22,41.93
1025,45.25,73.67,42.28
973,45.46,73.65,42.61
909,45.66,73.65,43.13
1042,45.26,72.76,41.9
993,45.5,72.82,42.32
988,45.35,72.32,42.3
961,45.32,72.31,42.5
957,45.47,72.79,42.62
898,45.46,71.95,43.14
895,45.66,72.77,43.13
845,45.66,71.96,43.73
978,44.83,72.36,42.55
912,44.33,71.97,43.13
857,44,71.56,43.77
1012,44.38,72.85,42.54
531,43.73,69.34,46.27
568,43.53,69.89,46.27
681,43.73,69.89,45.64
730,43.53,70.7,45.65
778,43.73,70.69,45.02
759,43.53,71.57,45.02
806,43.73,71.57,44.4
792,43.53,72.45,44.4
925,44.03,72.44,43.15
867,43.73,72.46,43.77
459,43.52,69.37,47.98
478,43.73,68.93,47.5
478,43.53,69.34,47.47
485,43.73,69.34,46.89
497,43.53,69.89,46.89
1079,45.03,75.02,42.52
978,45.46,75,43.14
914,45.66,75,43.73
1105,44.12,74.21,42.52
987,43.92,73.8,43.14
1098,44.57,74.61,42.52
1038,44.95,74.13,42.52
1050,44.49,73.73,42.52
965,44.07,73.35,43.15
872,43.73,73.25,43.77
1019,43.73,74.22,43.15
888,43.73,73.81,43.77
911,43.53,74.22,43.77
1071,45.26,75.42,42.59
348,56.35,67.37,46.27
441,57.72,66.51,46.92
495,58.07,66.68,46.39
452,57.64,66.87,46.27
390,56.75,66.51,46.9
377,56.76,66.92,46.27
444,57.23,67.29,46.27
409,57.16,66.51,46.9
417,57.17,66.71,46.27
487,56.83,67.77,46.27
401,55.68,68.36,45.86
344,55.54,68.1,45.7
353,55.95,67.85,46.27
548,56.43,68.25,46.27
667,55.61,69.51,46.12
610,55.18,69.88,45.99
544,55.56,69.18,45.81
561,56.08,68.74,45.83
552,54.78,69.67,45.99
506,54.63,69.53,45.87
428,54.71,69.28,45.79
606,55.6,69.38,45.95
543,55.01,69.54,45.89
492,54.97,69.35,45.82
423,55.16,68.84,45.91
404,54.82,68.83,46
335,55.88,67,46.9
360,56.24,66.73,46.9
378,56.2,66.51,47.84
373,55.39,66.51,47.53
352,55.41,66.76,46.9
331,54.99,67.06,46.9
312,54.6,67.54,46.26
314,55.47,67.45,46.9
304,55.07,67.92,46.26
348,54.32,68.94,45.84
319,54.7,68.38,46.26
296,54.21,68.02,46.24
297,53.73,68.45,45.81
344,53.11,69.44,45.4
337,53.05,68.97,45.61
324,53.29,69.44,45.51
310,53.35,68.94,45.78
342,54.11,67.11,46.9
386,53.69,66.51,47.53
369,53.62,66.82,46.9
370,54.51,66.51,48.16
355,54.53,66.78,47.52
328,53.71,67.6,46.9
324,53.31,68.08,46.27
358,52.83,67.68,46.27
355,53.23,67.2,46.9
378,52.5,69.04,45.65
341,52.91,68.56,46.27
408,52.03,68.64,45.65
376,52.43,68.16,46.27
422,51.63,69.12,45.65
421,51.55,68.24,46.27
446,51.07,67.83,46.27
415,51.88,66.91,46.27
431,51.47,67.36,46.27
403,51.95,67.76,46.27
388,52.35,67.28,46.27
434,51.86,66.31,47.65
420,51.87,66.51,46.9
385,52.76,66.86,46.9
404,52.29,66.7,46.9
388,53.18,66.68,46.9
410,52.62,66.51,47.86
444,50.7,69.21,45.6
430,51.13,68.72,46.24
456,50.23,68.8,45.61
449,50.69,68.33,46.24
427,49.24,69.93,45.99
439,49.88,69.41,45.79
446,50.08,69.28,45.67
421,49.52,69.47,46.12
446,49.75,69.1,45.78
430,49.47,69.4,46
461,50.59,67.43,46.9
474,50.11,67.04,46.9
468,51,66.99,46.9
484,50.52,66.75,46.9
454,51.35,66.73,46.9
474,50.91,66.51,47.85
441,49.82,68.39,46.25
433,50.19,67.91,46.9
447,49.31,67.99,46.27
435,49.71,67.51,46.9
428,48.97,69.56,46.14
449,49.43,68.87,45.84
436,48.98,69.37,45.98
448,48.83,69.21,45.85
425,49.38,68.87,46.27
441,48.52,69.37,46.01
453,48.51,68.99,45.92
450,48.16,68.99,46.03
435,48.91,68.47,46.27
441,44.83,67.49,48.77
420,49.63,66.51,48.16
428,49.64,66.78,47.52
408,48.83,67.59,46.9
380,49.23,67.1,47.52
413,48.35,67.15,46.9
361,48.75,66.51,48.16
387,48.76,66.8,47.52
444,45.23,67.03,48.77
433,45.61,66.75,48.77
415,46.09,66.51,48.81
403,45.23,67.03,49.4
452,45.71,67.42,48.15
449,46.19,67.82,47.52
451,46.67,68.22,46.9
460,47.16,68.63,46.25
448,48.02,68.53,46.3
401,48.43,68.07,46.9
434,46.11,66.95,48.15
425,46.59,67.34,47.52
431,47.07,67.74,46.9
454,47.55,68.15,46.27
407,47.95,67.66,46.9
403,47,66.9,47.52
387,46.99,66.51,48.16
424,46.52,66.72,47.83
375,46.49,66.51,49.13
374,47.86,66.85,47.52
350,47.95,66.51,48.16
386,47.47,67.26,47.52
367,47.4,66.51,48.16
384,47.41,66.7,47.52
397,45.61,66.75,49.4
377,46.08,66.51,49.47
394,44.83,67.49,49.4
463,45.31,67.89,48.15
477,45.79,68.3,47.52
481,46.27,68.7,46.9
487,46.8,69.01,46.22
427,48,69.38,46.05
437,48.32,69.38,46.06
443,48.25,69.28,46.01
434,48.07,69.22,45.99
443,47.62,68.98,46.27
84,43.64,68.42,48.47
3,43.59,68.33,48.77
4,43.59,68.4,48.56
53,43.64,68.27,48.87
323,43.85,68.06,48.77
368,44.43,67.97,48.77
146,43.66,68.42,49.5
334,43.85,68.05,49.41
325,44.43,67.97,49.4
439,44.07,68.45,48.15
456,44.91,68.37,48.15
2,43.6,68.73,48.89
79,43.65,68.71,49.41
304,53.68,69.2,45.83
328,54.13,69.22,45.81
407,53.9,69.57,46.14
519,54.41,69.94,46
444,53.76,70,45.99
366,53.97,69.38,45.98
376,53.61,69.95,45.87
572,51.12,70.06,43.79
567,51.67,70,43.78
621,51.33,70.47,43.14
617,51.93,70.36,43.14
620,51.14,70.97,42.59
620,51.1,70.94,42.27
615,51.38,71.36,41.89
712,51.87,71.76,41.28
726,52.38,71.76,42.35
727,52.31,71.75,42.04
628,51.75,70.88,42.52
695,52.2,71.22,42.29
711,52.13,71.25,41.84
580,50.93,70.08,43.77
605,50.73,70.49,43.73
750,51.61,74,40.64
755,51.54,73.12,40.64
781,51.95,72.64,40.85
787,52.31,72.16,41.25
613,51.03,72.7,40.82
597,50.65,72.31,41.22
644,51.46,72.24,41.27
604,51.03,71.84,41.86
576,52.15,70.32,43.78
620,52.15,70.87,43.14
666,52.15,71.28,42.61
698,52.35,71.77,42.64
591,52.35,70.88,43.73
657,52.35,71.28,43.14
693,51.12,73.6,40.64
599,50.65,73.18,40.81
600,50.44,72.77,41.09
620,50.74,71.85,42.01
621,50.9,71.39,42.33
615,50.64,72.31,41.79
628,50.7,71.83,42.34
624,50.57,72.73,42.06
608,50.43,73.21,41.38
620,50.47,73.18,41.85
630,50.93,70.48,43.14
630,50.93,71,42.62
621,50.93,71.39,42.54
632,50.73,71.04,43.13
627,50.73,71.84,42.64
799,52.03,73.52,40.63
819,52.49,73.92,40.83
814,52.62,73.43,41.1
819,52.41,73.04,40.83
819,52.59,72.58,41.11
745,52.38,72.17,41.89
731,52.51,72.68,42.08
719,52.39,72.17,42.34
803,52.69,73.91,41.31
800,52.65,73.03,41.38
759,52.62,73.93,41.83
746,52.61,73.05,41.86
345,53.44,70.43,45.39
333,53.34,69.83,45.53
341,53.59,70.47,45.57
332,53.45,69.81,45.71
343,53.14,69.86,45.45
354,53.23,70.32,45.24
450,52.65,70.82,44.45
364,53.06,70.28,45
905,45.14,71.87,43.12
811,45.78,71.93,44.19
773,43.97,70.68,45.02
849,44.74,71.49,43.77
806,44.27,71.09,44.4
897,45.29,71.44,43.13
843,45.46,71.43,43.77
801,45.86,71.4,44.31
684,43.95,69.85,45.65
845,45.09,71.02,43.78
814,45.54,71,44.2
768,44.22,70.21,45.02
808,44.66,70.61,44.4
389,43.87,68.94,48.19
471,45.39,68.77,47.52
461,44.51,68.85,47.52
469,43.92,68.92,47.52
487,45.87,69.18,46.9
490,44.98,69.25,46.9
485,44.14,69.33,46.9
543,46.79,69.5,45.99
625,46.92,70.07,45.86
589,45.86,69.18,45.65
684,46.05,69.56,45.2
571,46.37,69.12,45.63
634,46.75,69.97,45.72
685,46.91,70.6,45.58
661,46.65,70,45.54
705,46.76,70.54,45.39
784,45.8,70.95,44.57
645,46.42,69.6,45.4
739,46.23,70.47,45.14
723,46.54,70.43,45.24
757,46.25,70.94,44.83
547,44.14,69.33,46.27
552,44.98,69.25,46.27
707,46.35,70.03,45.31
733,45.84,70.05,45.09
794,45.42,70.53,44.49
775,45.93,70.52,44.74
679,44.58,69.73,45.65
660,45.46,69.66,45.65
755,45.06,70.13,45.02
532,45.87,69.18,46.27
590,46.48,69.59,45.8
519,46.5,69.24,46.18
483,46.74,69.27,46.45
469,47.21,69.2,46.15
431,47.62,69.27,46.45
421,48.11,69.59,46.14
491,47.26,69.64,46.15
426,47.77,70.07,46
594,47.1,70.14,45.99
427,49.61,69.5,46
436,49.62,69.8,45.71
429,49.47,69.92,45.88
435,49.48,70.33,45.58
535,52.41,70.87,44.11
384,52.73,69.46,45.21
443,52.27,69.9,44.58
464,52.33,70.4,44.35
394,52.77,70.38,44.61
392,52.73,69.94,44.9
425,52.09,69.52,45.03
453,51.2,69.6,45.01
453,50.47,69.7,45.14
483,51.68,70,44.41
490,50.96,70.1,44.49
447,50.16,70.14,45.15
468,50.47,70.03,44.73
488,50.61,70.54,44.55
537,50.87,70.49,44.19
457,50.16,70.55,44.81
553,50.57,70.95,44.26
435,49.58,70.69,45.41
434,49.78,69.73,45.79
434,49.78,70.19,45.53
438,49.98,70.15,45.4
444,49.89,70.56,45.18
399,52.11,69.52,45.65
438,50.35,69.68,45.63
430,50.01,69.71,45.87
419,48.57,69.88,46.18
417,49.42,70.3,45.99
402,48.18,70.43,46.01
420,48.93,70.36,46
740,56.36,70.93,45.72
604,56.18,71.46,45.59
730,56.48,70.91,45.54
656,56.29,71.41,45.4
685,56.47,71.33,45.33
736,56.67,70.91,45.4
646,56.59,71.31,45.16
754,56.98,70.88,45.25
755,57.55,70.82,45.02
708,57.01,71.28,44.93
659,56.75,71.8,44.95
710,57.44,71.32,44.64
661,57.84,71.73,43.79
713,58.03,71.22,44.41
637,57.15,72.17,44.4
676,57.46,71.68,44.33
644,57.87,72.57,43.14
634,57.29,72.6,44.21
814,58.35,69.86,46.27
812,57.94,70.34,45.65
788,58.83,70.26,45.65
763,58.42,70.74,45.02
769,59.3,70.66,45.65
592,61.62,66.51,48.92
636,61.64,66.93,48.15
641,62.45,66.85,49.1
655,62.12,67.31,48.15
638,61.24,67.39,48.15
678,60.83,67.87,47.52
651,61.71,67.79,48.15
687,61.31,68.27,47.52
671,60.43,68.35,47.52
728,60.03,68.82,46.9
686,60.91,68.75,47.52
736,60.51,69.23,46.9
725,59.63,69.3,46.9
774,59.23,69.78,46.27
754,59.92,70.17,46.46
763,59.67,70.19,46.24
730,60.11,69.71,46.9
642,63.45,67.23,49.84
636,63.59,68.96,49.84
606,63.75,70.72,49.84
520,62.81,75.24,49.84
552,63.9,72.48,49.84
526,64.05,74.24,49.84
518,63.21,74.76,49.84
282,43.78,68,50.11
286,44.37,67.95,50.1
299,44.8,67.46,50.1
299,45.2,66.96,50.11
291,45.57,66.64,50.11
635,63.5,67.14,50.1
603,63.63,68.92,50.1
578,63.79,70.7,50.1
504,62.83,75.24,50.1
538,63.94,72.47,50.1
514,64.1,74.24,50.1
508,63.23,74.76,50.1
608,62.45,66.74,50.1
770,52.62,74.76,41.83
858,52.99,75.22,41.07
902,53.16,75.67,40.73
885,53.01,75.21,40.73
878,52.95,75.21,40.56
869,52.8,75.67,40.43
811,52.64,74.34,41.1
803,52.7,74.81,41.3
809,52.76,75.25,41.56
822,52.55,74.81,40.81
766,52.18,75.28,40.6
596,50.34,73.64,40.78
635,50.76,74.95,40.61
605,50.3,74.55,40.59
594,50.12,74.56,40.77
580,49.9,75.29,40.65
584,50.17,75.44,41.23
919,54.21,78.7,41.2
923,54.15,78.68,41.17
911,54.33,78.83,41.23
902,54.27,78.73,41.28
907,54.43,78.87,41.23
901,54.36,78.83,41.26
927,54.32,78.81,41.17
913,54.26,78.71,41.22
933,54.43,78.87,41.15
927,54.22,78.67,41.14
946,54.26,78.77,41.08
930,54.15,78.66,41.12
970,54.3,78.8,40.98
957,54.25,78.74,41.02
938,54.15,78.64,41.05
960,54.19,78.73,41
956,54.36,78.83,41.06
941,54.31,78.78,41.11
953,54.42,78.86,41.07
969,54.36,78.82,40.99
971,54.42,78.85,41
851,54.43,78.89,41.37
855,54.37,78.86,41.4
866,54.32,78.77,41.44
877,54.43,78.88,41.3
875,54.29,78.77,41.42
830,54.38,78.88,41.47
848,54.32,78.78,41.5
831,54.34,78.8,41.58
882,54.36,78.85,41.32
887,54.29,78.75,41.35
973,54.19,78.72,40.93
958,54.04,78.61,40.91
984,54.14,78.69,40.84
991,54.13,78.65,40.72
969,54.03,78.58,40.77
1009,54.13,78.68,40.57
962,53.9,78.6,40.87
970,53.91,78.57,40.72
1003,54.01,78.64,40.54
983,54.25,78.81,40.92
982,54.19,78.79,40.91
987,54.31,78.86,40.92
990,54.37,78.91,40.92
993,54.3,78.76,40.84
992,54.24,78.74,40.82
989,54.24,78.66,40.75
1002,54.34,78.7,40.7
994,54.19,78.77,40.84
997,54.25,78.81,40.84
1021,54.25,78.76,40.58
1005,54.37,78.91,40.84
1013,54.42,78.85,40.76
1001,54.31,78.86,40.84
1008,54.36,78.8,40.76
1023,54.42,78.85,40.68
1017,54.36,78.8,40.68
1034,54.37,78.85,40.58
1052,54.15,78.86,40.49
1047,54.37,78.85,40.49
1070,54.39,79.07,40.53
1000,54.02,78.58,40.47
988,53.93,78.61,40.58
1034,54.03,78.75,40.48
1094,54.29,79.14,40.43
1088,54.06,78.97,40.42
1080,54.27,78.94,40.42
1004,53.93,78.59,40.41
1068,53.94,78.85,40.42
970,53.81,78.56,40.68
990,53.79,78.61,40.58
997,53.81,78.55,40.43
976,53.72,78.54,40.55
654,51.77,75.75,40.45
602,50.84,75.83,40.43
594,50.18,75.39,40.43
909,53.19,76.09,40.67
912,53.12,76.09,40.42
1066,44.64,75.49,43.15
585,54.83,79.1,41.62
609,54.94,79.09,41.62
633,55.05,79.07,41.62
578,54.83,79.1,41.7
595,54.94,79.09,41.7
619,55.05,79.08,41.7
604,55.12,79.01,41.8
573,54.83,79.1,41.78
607,55.04,79.09,41.77
670,55,79.14,41.47
677,55.11,79.13,41.47
651,55,79.14,41.54
668,55.11,79.13,41.54
687,55,79.14,41.39
685,55.11,79.13,41.39
742,55,79.14,41.31
721,55.11,79.13,41.31
642,54.89,79.15,41.47
590,54.78,79.15,41.47
620,54.89,79.15,41.54
586,54.78,79.15,41.54
2281,54.89,79.15,41.31
680,54.89,79.15,41.39
599,55.11,79.03,41.86
561,55.15,78.88,41.96
600,55.05,79.11,41.84
580,55.01,79.01,41.88
588,54.95,78.87,41.98
586,54.94,79.09,41.78
573,54.87,79.08,41.83
575,54.94,79,41.86
641,55.15,79.08,41.69
633,55.22,79,41.72
651,55.16,79.07,41.62
662,55.26,79.07,41.61
660,55.26,79.09,41.68
653,55.37,79.02,41.68
631,55.5,78.85,41.71
665,55.6,79.03,41.65
668,55.71,79.03,41.69
710,55.83,79.14,41.62
611,55.18,79.04,41.88
634,55.16,79.1,41.76
627,55.22,79.02,41.79
586,55.29,78.87,41.87
621,55.21,79.04,41.85
626,55.5,78.87,41.85
651,55.36,79.05,41.8
698,55.17,79.18,41.39
717,55.17,79.18,41.31
699,55.22,79.12,41.31
685,55.22,79.12,41.39
688,55.38,79.1,41.35
698,55.6,79.09,41.34
725,55.5,79.2,41.19
736,55.72,79.18,41.35
782,55.62,79.3,41.19
692,55.17,79.18,41.47
684,55.17,79.18,41.54
680,55.22,79.12,41.47
675,55.22,79.12,41.54
684,55.38,79.12,41.5
700,55.6,79.12,41.49
660,55.5,79.01,41.57
728,55.72,79.19,41.5
574,55.29,78.88,41.99
614,55.49,78.88,42
599,55.49,78.88,42.14
821,55,79.14,41.23
786,55.11,79.13,41.23
921,55,79.14,41.15
854,55.11,79.13,41.15
758,55.17,79.18,41.23
811,55.17,79.18,41.15
892,54.95,79.2,41.23
991,54.95,79.2,41.15
1007,55,79.14,41.07
915,55.11,79.13,41.07
1029,55,79.14,41
966,55.11,79.13,41
865,55.17,79.18,41.07
910,55.17,79.18,41
1021,54.95,79.2,41.07
1029,54.95,79.2,41
810,55.28,79.22,41.04
746,55.28,79.22,41.19
1036,55.06,79.24,40.88
1063,55.06,79.24,40.72
1093,54.96,79.31,40.63
988,55.18,79.34,40.72
930,55.18,79.34,40.88
1144,54.97,79.4,40.56
1084,55.08,79.46,40.58
1186,54.86,79.48,40.43
1100,54.98,79.58,40.44
773,55.4,79.32,41.04
852,55.3,79.44,40.88
878,55.3,79.44,40.73
962,55.2,79.56,40.6
1072,55.1,79.68,40.45
637,54.6,79,41.62
594,54.66,79.05,41.62
626,54.6,79.02,41.69
592,54.66,79.06,41.7
614,54.6,79.04,41.76
652,54.55,78.98,41.8
784,54.39,78.83,41.72
800,54.39,78.82,41.66
759,54.44,78.92,41.62
685,54.55,78.97,41.61
735,54.48,78.92,41.65
664,54.54,79,41.68
708,54.49,78.95,41.71
767,54.43,78.84,41.74
685,54.5,78.97,41.77
759,54.44,78.85,41.8
750,54.45,78.86,41.86
576,54.72,79.1,41.62
574,54.72,79.1,41.7
589,54.66,79.06,41.77
618,54.61,79,41.88
606,54.66,78.99,41.86
638,54.55,79,41.86
731,54.5,78.86,41.89
695,54.61,78.87,41.96
893,54.43,78.96,41.23
884,54.49,79.01,41.23
924,54.43,78.96,41.15
925,54.49,79.01,41.15
950,54.43,78.96,41.07
973,54.43,78.96,41
814,54.55,79.06,41.23
963,54.49,79.01,41.07
905,54.55,79.06,41.15
943,54.6,79,41.07
983,54.49,79.01,41
970,54.6,79,41
923,54.66,79.05,41.07
977,54.66,79.05,41
731,54.55,79.06,41.39
767,54.55,79.06,41.31
688,54.55,79.06,41.47
663,54.55,79.06,41.54
607,54.61,79.11,41.54
618,54.61,79.11,41.47
824,54.43,78.96,41.39
785,54.49,79.01,41.39
858,54.43,78.96,41.31
831,54.49,79.01,41.31
793,54.43,78.96,41.47
764,54.43,78.97,41.54
795,54.37,78.91,41.57
749,54.49,79.01,41.47
721,54.49,79.01,41.54
837,54.61,79.11,41.15
10781,54.72,79.1,41.15
2009,54.61,79.11,41.23
28267,54.72,79.1,41.23
27221,54.78,79.15,41.23
12940,54.78,79.15,41.15
950,54.72,79.1,41.07
993,54.72,79.1,41
988,54.78,79.15,41.07
995,54.78,79.15,41
1015,54.84,79.21,41.07
1017,54.84,79.21,41
17575,54.84,79.21,41.23
7815,54.84,79.21,41.15
635,54.61,79.11,41.39
739,54.72,79.1,41.39
1330,54.61,79.11,41.31
28292,54.72,79.1,41.31
702,54.78,79.15,41.39
25197,54.78,79.15,41.31
577,54.67,79.16,41.47
574,54.67,79.16,41.54
992,54.38,79.02,40.92
1010,54.38,79.02,40.84
1023,54.43,78.96,40.76
1027,54.49,79.01,40.76
1034,54.43,78.96,40.68
1039,54.49,79.01,40.68
1054,54.38,79.06,40.61
1058,54.51,79.15,40.63
1031,54.55,79.06,40.76
1034,54.61,79.11,40.76
1044,54.55,79.06,40.68
1047,54.61,79.11,40.68
990,54.44,79.07,40.92
1011,54.44,79.07,40.84
1002,54.55,79.06,40.92
1009,54.61,79.11,40.92
1020,54.55,79.06,40.84
1025,54.61,79.11,40.84
1043,54.72,79.16,40.72
1050,54.61,79.22,40.63
991,54.67,79.16,40.92
995,54.67,79.16,40.84
981,54.73,79.21,40.84
979,54.73,79.21,40.92
1053,54.84,79.26,40.72
1054,54.84,79.26,40.88
1039,54.63,79.3,40.55
1136,54.74,79.38,40.55
1068,54.51,79.17,40.55
1069,54.52,79.39,40.43
1292,54.64,79.49,40.43
1093,54.29,79.22,40.43
1085,54.41,79.28,40.43
572,54.72,79.1,41.78
571,54.77,79.07,41.84
570,54.83,79.1,41.85
570,54.83,79.02,41.95
584,54.72,79,41.87
654,54.73,78.87,41.99
593,54.93,78.88,42.12
502,64.65,75.96,49.4
566,64.25,76.44,49.84
532,64.65,75.96,48.77
521,64.17,75.56,48.77
502,64.17,75.56,49.4
534,63.77,76.04,49.84
554,63.29,75.64,49.4
1217,65.2,77.24,49.4
1201,65.2,77.24,48.77
840,64.72,76.84,49.4
868,64.72,76.84,48.77
1370,65.59,77.64,49.4
1342,65.59,77.63,48.77
1462,65.9,77.7,48.8
1721,66.1,78.53,48.86
1509,65.9,77.71,49.47
1742,66.1,78.54,49.58
1623,65.9,78.54,49.95
549,62.81,75.24,49.4
634,55.7,78.88,42
671,55.71,79.06,41.83
627,55.71,78.88,42.15
787,55.84,79.28,41.35
773,55.84,79.28,41.5
838,55.52,79.42,41.04
870,55.74,79.4,41.04
851,55.74,79.4,41.19
852,55.52,79.42,40.88
871,55.52,79.42,40.72
907,55.85,79.39,40.8
933,55.42,79.54,40.74
907,55.42,79.54,40.88
1089,55.32,79.66,40.62
1157,55.65,79.64,40.61
1153,55.22,79.78,40.64
1336,55.12,79.9,40.46
1287,55.45,79.87,40.46
1319,55.69,80.07,40.46
639,59,76.5,43.73
629,58.8,76.5,43.14
640,58.44,76.51,42.52
657,57.8,76.57,42.25
665,58.1,76.99,41.91
641,57.84,76.59,42.58
674,55.93,79.04,41.83
641,56.01,78.85,42.08
686,59.71,75.96,45
667,59.32,76.44,44.47
643,57.62,76.62,42.61
621,57.42,76.64,43.14
694,60.24,75.84,45.58
693,60.1,75.9,45.39
690,59.88,75.95,45.24
682,60.79,75.79,46
692,60.24,76.23,45.6
691,60.15,76.26,45.41
1506,64.66,85.58,41.19
1431,64.16,85.78,41.04
1365,63.46,85.78,40.53
1438,64.1,85.58,40.75
1561,64.65,85.58,41.85
1557,64.14,85.78,41.76
1501,63.91,82.68,40.66
1553,63.99,83.57,40.66
1539,64.07,84.47,40.66
1504,64.18,85.35,40.65
1400,62.87,81,40.66
1422,63.43,82.28,40.66
1404,63.35,81.4,40.66
1521,63.5,83.17,40.46
1600,63.59,84.08,40.46
1552,63.7,85.12,40.46
1466,63.28,85.55,40.46
1427,62.47,81.48,40.46
1430,63.02,82.77,40.46
1428,62.95,81.88,40.46
1455,61,78.78,41.39
1438,61.35,78.92,41.25
1480,60.56,79.85,40.45
1490,60.97,79.37,40.6
1459,61.04,80.26,40.46
1411,62.24,79.07,41.19
1408,61.81,78.96,41.39
1445,61.44,79.78,40.64
1460,61.83,79.29,40.84
1485,64.6,85.4,41.27
1419,64.54,84.84,41.27
1356,64.46,83.96,41.27
1342,64.38,83.08,41.27
1326,64.31,82.2,41.27
1270,64.54,84.84,41.9
1292,63.83,81.8,41.27
1285,63.75,80.92,41.27
1471,64.14,85.25,40.87
1479,64.06,84.44,40.87
1472,63.98,83.56,40.87
1452,63.9,82.68,40.87
1390,63.43,82.28,40.87
1354,63.35,81.4,40.87
1441,61.51,80.67,40.46
1417,61.91,80.19,40.66
1414,62.31,79.71,40.86
1366,62.72,79.27,41.26
1431,61.99,81.07,40.46
1404,62.39,80.59,40.66
1388,62.79,80.12,40.87
1326,63.19,79.64,41.27
1344,62.87,81,40.87
1283,63.27,80.52,41.27
1268,62.73,79.31,41.88
1232,63.19,79.63,41.9
583,63.69,75.16,48.15
616,63.69,75.16,47.52
583,63.29,75.64,48.77
583,62.81,75.24,48.77
811,62.81,75.24,46.41
805,62.36,75.69,46.18
813,61.95,76.09,46.01
927,62.47,77.45,45.54
826,62.96,76.16,46
893,62.96,76.98,45.72
870,62.81,76.86,45.88
915,62.59,77.27,45.61
766,63.11,75.63,46.45
806,63.15,76.16,46.17
808,62.74,76.08,46.14
829,62.37,76.46,46
698,63.29,75.64,46.9
751,62.81,75.24,46.9
751,61.53,75.77,46.21
738,61.2,76.16,46.01
1265,55.89,79.83,40.64
1339,56.13,80.03,40.46
730,55.94,79.18,41.66
958,55.86,79.5,41.04
930,55.86,79.5,41.19
878,55.96,79.38,41.19
901,55.96,79.38,41.04
834,56.06,79.26,41.04
821,56.06,79.26,41.19
779,56.16,79.14,41.04
771,56.16,79.14,41.19
805,56.06,79.26,41.35
790,56.06,79.26,41.5
1118,56.09,79.59,40.83
991,56.29,79.35,40.82
1299,56.33,79.79,40.64
1266,56.53,79.55,40.64
1355,56.57,79.99,40.46
1368,56.77,79.75,40.46
635,59.04,77.73,42.34
641,59,77.73,42.57
650,58.67,76.87,42.26
640,58.63,76.93,42.57
649,58.84,77.37,42.31
647,57.62,77,42.53
651,57.41,77.39,42.64
659,57.59,77,42.32
668,57.43,77.46,42.03
666,57.39,77.38,42.35
678,56.14,79.02,41.83
644,56.34,78.75,41.79
719,56.05,79.12,41.62
677,56.14,78.99,41.69
753,56.16,79.15,41.5
762,56.16,79.14,41.35
713,56.04,79.05,41.34
669,56.24,78.88,41.42
649,56.61,78.66,41.78
647,56.39,78.8,42.1
651,56.62,78.72,42.04
657,57.03,78.39,41.83
665,57.14,78.37,41.66
657,57.03,78.52,41.91
657,57.09,78.53,42.12
655,56.93,78.6,42.11
655,56.86,78.56,41.8
680,57.1,78.62,41.65
657,57.22,78.13,42.13
663,57.3,77.92,41.84
665,57.76,77.46,41.89
654,58.56,77.39,41.89
638,59.05,77.75,41.89
662,59.21,78.08,42.07
701,56.26,78.94,41.1
663,56.6,78.7,41.19
674,56.48,78.79,41.04
673,56.42,78.87,41.5
671,56.64,78.78,41.45
676,56.95,78.68,41.51
712,56.92,78.79,41.35
684,57.06,78.62,41.34
675,57.03,78.61,41.51
679,56.96,78.59,41.09
698,56.88,78.74,41.1
674,57.15,78.4,41.39
674,57.1,78.4,41.11
1446,59.9,78.42,40.73
886,59.71,78.32,40.85
653,59.64,78.17,40.73
1495,60.08,78.61,41.15
611,59.49,77.96,40.79
870,59.47,78.17,41.23
1287,59.54,78.36,41.47
1454,59.62,78.53,41.48
673,57.32,77.94,41.24
668,58.16,77.86,41.27
642,59.02,77.78,41.25
840,56.49,79.11,40.81
730,56.69,78.87,40.81
850,57.12,78.83,40.84
774,57.32,78.59,40.84
1538,60.08,78.62,40.75
1526,60.15,78.66,40.92
1539,59.91,78.59,40.74
665,59.69,78.17,40.59
1431,59.88,78.46,40.55
833,59.3,78.2,40.79
1234,59.56,78.4,40.6
761,57.74,78.32,40.84
921,58.66,78.25,40.83
1184,56.73,79.31,40.64
1062,56.93,79.07,40.63
1174,57.37,79.04,40.66
1049,57.57,78.8,40.66
1536,60.06,78.78,40.52
1492,59.77,78.56,40.51
1543,59.88,78.69,40.52
1243,58.24,78.74,40.66
1396,59.09,78.68,40.59
1368,56.97,79.51,40.46
1343,57.17,79.27,40.46
1403,57.83,79.22,40.46
1465,58.72,79.14,40.46
1522,59.62,79.06,40.44
1472,60.57,78.72,41.3
1502,61.37,78.98,40.79
1524,60.22,78.73,40.72
1525,60.05,78.79,40.6
1516,60.4,78.72,40.94
1540,60.7,78.7,40.74
1531,60.54,78.96,40.54
1501,60.09,79.46,40.45
634,59,76.91,43.72
627,58.8,76.9,43.14
642,58.81,77.4,42.61
631,59,77.39,43.13
625,64.65,75.96,47.52
765,64.25,76.44,46.9
572,64.65,75.96,48.15
566,64.17,75.56,47.52
680,63.77,76.04,46.9
541,64.17,75.56,48.15
1309,62.27,79.18,41.74
1308,61.86,79.06,41.92
1266,61.88,78.88,42.53
1221,62.68,79.06,42.53
1256,61.37,78.88,42.53
1368,61,78.86,41.93
1314,61.37,79.06,41.89
1096,61.37,78.88,43.14
1134,62.68,79.06,43.14
1120,63.42,78.94,43.75
1117,61.88,78.88,43.14
1089,62.64,78.86,43.73
1013,62.22,78.86,44.41
894,63.84,76.92,46.27
951,63.55,77.4,45.66
928,63.26,77.42,45.81
976,63.38,77.87,45.62
970,62.74,78.55,45.24
822,63.39,76.52,46.28
878,63.17,77,46.16
860,62.79,76.97,46.12
848,62.44,77.13,45.98
942,62.93,77.86,45.57
939,62.51,78.19,45.47
1198,65.2,77.24,47.52
1170,64.8,77.72,46.9
1194,65.2,77.24,48.15
947,64.72,76.84,47.52
1039,64.32,77.32,46.9
909,64.72,76.84,48.15
1187,62.72,79.34,42.52
1173,63.19,79.62,42.52
1122,62.72,79.35,43.14
1125,63.19,79.62,43.14
1123,63.62,79.22,43.77
1023,63.09,78.77,44.96
1002,62.6,78.75,44.78
1060,63.22,79.05,44.55
1045,62.67,79.03,44.34
1092,63.87,78.93,44.84
1095,64,78.66,45.03
1092,63.6,79.19,44.4
1126,64.4,78.2,46.27
1087,64,78.68,45.65
1039,63.92,77.8,46.27
1020,63.54,78.28,45.66
982,62.98,78.5,45.46
1037,63.44,78.71,45.24
1005,63.19,78.53,45.33
1676,65.67,85.13,43.77
1428,65.39,84.77,43.15
1572,65.49,85.38,43.15
1463,64.6,85.4,41.9
1371,65.01,85.2,42.52
1324,65.59,77.63,47.52
1273,65.3,78.12,46.9
1329,65.59,77.63,48.15
1172,63.27,80.52,41.9
1154,63.67,80.04,42.52
1159,63.75,80.92,41.9
1139,64.15,80.44,42.52
1113,63.67,80.04,43.15
1133,64.08,79.56,43.77
1099,64.15,80.44,43.15
1139,64.55,79.96,43.77
1122,64.55,79.96,44.4
1111,64.08,79.56,44.4
1144,64.48,79.08,45.02
1188,64.54,84.84,42.52
1189,64.46,83.96,41.9
1199,64.94,84.37,42.52
1153,64.38,83.08,41.9
1145,64.86,83.49,42.52
1147,64.31,82.2,41.9
1136,64.79,82.6,42.52
1134,64.71,81.72,42.52
1128,63.83,81.8,41.9
1082,64.23,81.32,42.52
1175,64.94,84.37,43.15
1110,64.86,83.49,43.15
1106,64.79,82.6,43.15
1107,64.71,81.72,43.15
1248,65.19,82.13,43.77
1043,64.23,81.32,43.15
1377,65.34,83.89,43.77
2142,66.1,84.33,45.02
1623,65.64,84.3,43.77
1923,65.9,84.3,44.39
2110,66.1,83.41,45.02
1570,65.62,83.42,43.77
1907,65.9,83.41,44.4
1750,65.67,85.13,44.4
1097,64.63,80.84,43.77
1205,65.11,81.25,43.77
1326,65.48,80.77,44.4
1174,65.03,80.37,44.4
1286,65.4,79.89,44.4
1189,64.96,79.48,45.02
1133,64.48,79.08,45.65
1413,65.68,80.25,44.4
1191,64.88,78.6,46.27
1365,65.62,78.54,46.27
1375,65.65,79.42,45.02
1279,65.35,79.01,45.65
1682,65.9,80.76,45.02
1604,65.9,80.21,45.02
1553,65.9,79.4,45.65
1512,65.9,78.52,46.27
1874,66.1,80.76,45.65
1803,66.1,80.21,45.65
1745,66.1,79.4,46.27
1438,65.9,77.7,48.16
1707,66.1,78.53,48.19
1433,65.9,77.7,47.53
1695,66.1,78.52,47.54
1763,66.1,79.4,46.91
1512,65.9,78.52,46.9
1363,65.62,78.54,46.9
1333,65.29,83,43.77
1388,65.53,81.65,44.4
1482,65.58,82.51,44.4
1230,65.19,82.13,44.4
1582,65.73,82.07,44.4
1490,65.7,81.18,45.02
1870,65.9,82.59,45.02
1817,65.9,82.06,45.02
1781,65.9,81.65,45.02
1738,65.9,81.17,45.65
2063,66.1,82.59,45.65
1936,66.1,81.18,46.38
2015,66.1,82.06,45.65
1976,66.1,81.65,45.65
617,57.42,75.7,43.14
657,57.75,75.69,42.24
640,57.62,75.7,42.6
617,57.42,74.81,43.14
639,57.62,74.81,42.6
659,57.74,74.84,42.25
641,58.03,76.1,42.52
619,57.62,76.11,43.14
600,57.42,76.11,43.73
640,58.38,75.62,42.52
631,58.6,76.03,43.14
640,58.8,76.02,43.77
637,58.8,75.61,43.14
664,59.18,76.02,44.29
651,59,75.61,43.73
643,57.97,75.22,42.51
620,57.62,75.21,43.14
607,57.42,75.21,43.73
681,60.44,75.4,45.99
693,60.26,75.34,45.86
694,60.06,75.43,45.73
701,60.24,75,45.57
695,59.97,75.46,45.55
698,60.09,75.05,45.39
696,59.89,75.01,45.24
692,59.84,75.54,45.18
685,59.57,75.56,44.81
674,59.15,75.16,44.24
653,58.8,75.07,43.77
639,58.58,75.11,43.14
676,59.13,75.5,44.56
696,59.73,75.37,45.37
693,59.67,75.03,44.95
685,59.27,74.68,44.41
648,57.87,73.46,42.57
644,57.62,72.58,43.77
632,57.62,73.46,43.16
621,57.42,73.46,43.73
638,58.27,74.73,43.12
648,57.88,74.32,42.49
627,57.62,74.28,43.16
616,57.42,74.28,43.73
688,59.13,74.24,44.22
648,58.21,73.84,42.53
666,58.8,74.26,43.77
647,58.5,74.26,43.1
659,58.53,73.39,43.14
679,58.8,73.38,43.77
699,59.12,73.37,44.21
755,59.45,71.08,45.26
743,59.44,71.52,44.98
730,59.47,72,44.68
664,58.49,72.49,43.14
690,58.63,72.04,43.79
719,59.01,72.03,44.39
688,58.8,72.56,43.77
711,59.11,72.52,44.19
674,58.12,72.1,43.78
753,58.9,71.15,45.02
720,58.49,71.62,44.41
653,58.2,72.98,43.14
727,59.62,72.43,44.88
707,59.24,72.91,44.36
730,59.84,72.41,45.18
734,60.06,72.4,45.38
741,59.95,71.93,45.55
741,59.76,71.94,45.41
740,60.06,72,45.72
742,60.25,72.03,45.84
749,59.9,71.48,45.83
748,60.11,71.49,46
741,60.33,71.98,45.99
747,60.38,71.48,46.14
755,61.07,70.51,46.9
751,60.65,70.99,46.43
747,59.7,71.59,45.33
760,59.92,70.59,46.17
755,60.1,71.09,45.99
758,59.68,71.07,45.73
754,60.18,71.07,46.13
743,60.59,70.11,46.9
753,60.2,70.58,46.41
702,63.21,74.76,47.52
651,63.21,74.76,48.15
618,62.5,71.71,48.15
642,62.98,72.12,48.15
675,62.5,71.71,47.52
714,62.98,72.12,47.52
807,63.1,73.44,47.83
637,62.02,71.31,47.52
698,61.54,70.91,47.52
708,59.7,73.75,44.99
698,59.07,73.79,44.48
729,60.25,72.81,45.85
700,60.26,74.53,45.86
725,59.77,72.84,45.43
700,59.79,74.61,45.45
725,60.06,72.82,45.72
696,60.06,74.56,45.73
715,60.24,73.74,45.58
726,59.95,72.81,45.55
698,59.96,74.58,45.55
712,60.1,73.76,45.39
721,61.62,71.79,46.9
743,61.14,71.39,46.9
753,61.14,71.39,46.45
746,61.62,71.79,46.44
791,62.15,72.63,46.74
758,61.93,75.31,46.45
793,62.3,74.39,46.74
743,60.79,71.88,46.17
739,61.24,72.28,46.19
698,61.35,73.59,46.18
691,61.08,75.37,46.19
692,61.45,74.9,46.2
728,60.67,72.8,45.99
679,60.76,74.52,45.99
1491,43.92,77.3,40.65
1482,44.22,77.73,40.46
1343,44.72,76.37,41.27
1209,45.6,76.3,41.27
1212,46.35,77.1,41.02
1445,44.31,76.85,40.86
1327,45.22,76.78,40.84
1251,46.05,76.71,40.78
1454,44.25,76.85,40.65
1356,45.19,76.77,40.62
1279,46.11,76.69,40.54
1263,46.43,77.1,40.68
1444,44.75,77.25,40.45
1369,45.71,77.17,40.43
1295,46.49,77.09,40.41
1274,46.49,77.57,40.72
973,43.53,75.11,43.77
927,45.66,75.41,43.73
1076,43.73,75.13,43.25
1178,43.53,75.6,43.16
1134,44.26,75.97,43.14
994,45.46,75.41,43.14
982,45.66,75.89,43.14
1441,43.63,75.81,42.17
1062,43.66,75.44,41.88
1251,43.93,75.58,42.51
1195,43.72,74.78,42.53
1463,43.61,76.03,42.11
372,43.46,76.63,42.02
1331,43.52,75.57,42.58
1379,43.5,76.49,42.24
1505,43.51,76.99,42.26
1311,43.4,76.86,41.77
1522,43.5,77.09,41.64
1511,43.51,77.07,42.01
1245,44.24,75.98,42.52
1127,45.08,75.9,42.51
1064,45.46,75.89,42.61
1086,45.5,75.89,42.31
1117,45.68,76.29,41.92
1180,46.08,76.7,41.24
1027,45.66,76.29,42.64
1047,45.7,76.28,42.34
1075,45.82,76.74,42.07
1115,46.09,77.12,41.51
1425,43.91,76.45,41.27
1329,44.23,75.98,41.9
1375,43.87,76.37,41.95
1044,43.57,76.54,41.75
1284,44.72,76.37,41.9
1174,45.43,76.31,41.85
1547,43.53,78.69,40.61
1577,43.53,79.57,40.59
1534,43.64,78.67,40.46
1565,43.66,79.56,40.46
1500,43.63,76.95,41.28
1530,43.52,77.46,41.14
1495,43.74,76.92,41.4
1510,43.71,77.34,40.76
1530,43.53,78.12,40.63
1511,43.84,78.22,40.46
2180,66.1,85.29,45.66
1633,64.65,85.58,42.49
1709,65.08,85.58,43.12
1787,65.61,85.58,43.75
1812,65.61,85.58,44.39
1992,65.9,85.17,45.02
1759,64.13,85.78,42.44
1874,64.13,85.78,43.09
1875,64.71,85.78,43.1
1940,65.18,85.78,43.73
1987,65.18,85.78,44.37
1955,65.78,85.78,45.02
1573,65.74,78.55,50.1
1443,65.4,78.13,50.1
1345,64.87,77.73,50.1
1303,64.38,77.32,50.1
1259,63.88,76.92,50.1
1191,63.39,76.52,50.1
1032,62.91,76.12,50.1
830,62.42,75.71,50.1
4,48.78,77.87,60.81
4,48.77,77.89,60.82
4,48.79,77.86,60.81
4,48.8,77.87,60.81
4,48.79,77.88,60.8
4,48.79,77.9,60.81
4,48.8,77.85,60.79
4,48.83,77.85,60.79
4,48.82,77.86,60.79
4,48.81,77.83,60.79
4,48.75,77.91,60.81
4,48.76,77.9,60.81
4,48.84,77.88,60.8
4,48.82,77.88,60.8
4,48.82,77.9,60.81
4,48.85,77.9,60.81
4,48.8,77.91,60.81
4,48.78,77.91,60.81
3,48.62,77.88,60.82
3,48.48,77.86,60.83
3,48.48,77.88,60.83
3,48.47,77.87,60.82
3,48.47,77.88,60.82
4,48.51,77.83,60.81
4,48.5,77.85,60.81
4,48.52,77.82,60.79
4,48.55,77.82,60.79
3,48.48,77.89,60.82
3,48.5,77.86,60.82
3,48.5,77.88,60.83
3,48.41,77.85,60.83
3,48.4,77.84,60.83
3,48.38,77.83,60.81
3,48.38,77.81,60.8
3,48.37,77.82,60.81
3,48.34,77.82,60.81
3,48.35,77.81,60.81
3,48.33,77.81,60.81
3,48.44,77.82,60.81
4,48.45,77.81,60.79
3,48.41,77.83,60.81
3,48.43,77.84,60.81
3,48.41,77.81,60.8
3,48.42,77.81,60.81
3,48.4,77.82,60.79
3,48.37,77.87,60.83
3,48.39,77.85,60.83
3,48.4,77.86,60.82
3,48.4,77.88,60.83
3,48.43,77.88,60.83
3,48.43,77.86,60.83
3,48.44,77.89,60.82
3,48.43,77.89,60.82
3,48.36,77.83,60.81
3,48.37,77.84,60.81
3,48.36,77.86,60.83
4,48.68,77.88,60.83
4,48.69,77.89,60.82
4,48.66,77.86,60.81
4,48.65,77.85,60.81
4,48.64,77.86,60.81
4,48.7,77.84,60.81
4,48.69,77.86,60.81
4,48.72,77.86,60.81
4,48.71,77.87,60.81
4,48.69,77.83,60.79
4,48.68,77.85,60.79
4,48.66,77.83,60.79
4,48.67,77.82,60.79
4,48.69,77.81,60.78
4,48.72,77.83,60.79
4,48.74,77.83,60.79
4,48.73,77.84,60.79
4,48.73,77.82,60.79
4,48.7,77.82,60.77
4,48.76,77.82,60.77
4,48.65,77.87,60.81
3,48.64,77.89,60.82
4,48.66,77.89,60.82
4,48.73,77.87,60.81
4,48.72,77.88,60.8
4,48.72,77.89,60.82
4,48.75,77.87,60.81
4,48.75,77.89,60.82
4,48.74,77.9,60.81
4,48.75,77.85,60.79
4,48.76,77.87,60.79
4,48.76,77.84,60.79
4,48.77,77.85,60.79
4,48.77,77.82,60.77
4,48.79,77.84,60.77
4,48.8,77.82,60.77
3,48.6,77.88,60.82
4,48.58,77.86,60.82
3,48.58,77.88,60.83
4,48.61,77.86,60.81
4,48.59,77.85,60.81
4,48.63,77.82,60.78
4,48.62,77.82,60.79
4,48.63,77.83,60.79
4,48.62,77.85,60.79
4,48.61,77.84,60.79
4,48.64,77.82,60.77
4,48.45,77.84,60.81
4,48.47,77.85,60.81
4,48.44,77.85,60.81
4,48.46,77.86,60.81
4,48.47,77.82,60.79
4,48.48,77.82,60.78
4,48.49,77.82,60.79
4,48.51,77.82,60.78
4,48.48,77.83,60.79
4,48.54,77.85,60.83
3,48.54,77.87,60.83
4,48.55,77.86,60.82
3,48.55,77.88,60.83
4,48.52,77.86,60.82
3,48.53,77.88,60.83
4,48.52,77.84,60.81
4,48.54,77.83,60.79
4,48.55,77.84,60.81
4,48.57,77.85,60.81
4,48.51,77.86,60.81
3,48.54,77.89,60.82
4,48.56,77.83,60.79
4,48.58,77.84,60.79
4,48.59,77.83,60.77
4,48.6,77.82,60.77
4,48.57,77.82,60.77
4,48.62,77.87,60.81
4,48.9,77.85,60.81
4,48.89,77.87,60.81
4,48.87,77.83,60.79
4,48.86,77.84,60.79
4,48.88,77.84,60.79
4,48.87,77.86,60.79
4,48.84,77.83,60.77
4,48.85,77.82,60.77
4,48.83,77.82,60.77
4,48.87,77.91,60.8
4,48.87,77.88,60.8
4,48.87,77.89,60.81
4,48.84,77.86,60.79
4,48.86,77.87,60.79
4,48.83,77.87,60.79
4,48.91,77.86,60.81
4,48.9,77.88,60.81
4,48.93,77.89,60.82
4,48.9,77.89,60.82
4,48.89,77.9,60.81
5,49.01,77.86,60.83
4,48.92,77.82,60.79
4,48.91,77.82,60.78
4,48.91,77.84,60.79
4,48.9,77.83,60.77
4,48.88,77.82,60.77
4,48.98,77.83,60.82
4,48.95,77.82,60.78
4,48.98,77.88,60.82
4,48.95,77.86,60.81
4,48.93,77.85,60.79
4,48.94,77.84,60.79
5,49.07,77.81,60.85
5,49.09,77.82,60.86
5,49.06,77.86,60.84
5,49.03,77.83,60.82
4,49,77.82,60.78
3,48.34,77.85,60.83
3,48.33,77.87,60.84
3,48.34,77.87,60.82
3,48.35,77.88,60.83
3,48.32,77.85,60.83
3,48.27,77.83,60.85
3,48.3,77.83,60.85
3,48.3,77.84,60.83
3,48.29,77.87,60.83
3,48.33,77.83,60.81
3,48.31,77.82,60.81
3,48.32,77.85,60.81
3,48.3,77.84,60.81
3,48.26,77.89,60.82
3,48.26,77.84,60.82
3,48.28,77.82,60.78
3,48.21,77.9,60.82
3,48.23,77.87,60.81
3,48.23,77.82,60.78
3,48.2,77.84,60.82
3,48.18,77.88,60.83
3,48.15,77.9,60.82
3,48.15,77.85,60.82
3,48.17,77.82,60.78
3,48.1,77.9,60.82
3,48.12,77.87,60.81
3,48.07,77.89,60.83
3,48.12,77.83,60.78
3,48.09,77.85,60.82
3,48.04,77.9,60.82
3,48.04,77.86,60.82
3,48.09,77.82,60.75
3,48.06,77.83,60.78
3,48.01,77.83,60.82
3,48.03,77.82,60.78
3,47.98,77.82,60.78
3,47.96,77.9,60.82
3,47.98,77.86,60.82
3,47.99,77.91,60.82
3,48.01,77.88,60.81
3,48.02,77.92,60.81
4,46.84,77.83,60.82
4,46.79,77.86,60.86
4,46.8,77.92,60.85
5,46.68,77.87,60.86
5,46.68,77.93,60.85
5,46.73,77.84,60.82
4,46.96,77.9,60.84
4,46.85,77.89,60.86
4,46.85,77.92,60.84
4,46.9,77.85,60.82
4,47.06,77.82,60.82
4,47.32,77.86,60.87
4,47.3,77.84,60.87
4,47.1,77.89,60.86
4,47.1,77.91,60.85
4,47.07,77.86,60.86
4,47.04,77.9,60.85
4,47.07,77.92,60.83
4,47.01,77.85,60.82
4,46.95,77.83,60.78
3,47.65,77.85,60.86
3,47.65,77.82,60.85
3,47.59,77.83,60.85
3,47.59,77.85,60.86
3,47.62,77.88,60.85
3,47.67,77.82,60.85
3,47.62,77.82,60.85
3,47.48,77.84,60.86
4,47.37,77.86,60.87
4,47.43,77.85,60.86
4,47.4,77.83,60.87
4,47.4,77.8,60.86
4,47.34,77.84,60.85
4,47.37,77.82,60.85
4,47.32,77.82,60.85
3,47.54,77.83,60.84
3,47.54,77.86,60.85
4,47.51,77.82,60.85
4,47.54,77.81,60.82
4,47.45,77.83,60.85
4,47.48,77.81,60.85
4,47.42,77.82,60.85
4,47.56,77.82,60.82
3,47.82,77.88,60.83
3,47.76,77.89,60.83
3,47.71,77.89,60.83
3,47.73,77.86,60.82
3,47.73,77.82,60.78
3,47.7,77.83,60.82
3,47.68,77.87,60.85
3,47.65,77.89,60.83
2,47.85,77.9,60.82
3,47.93,77.86,60.82
3,47.95,77.84,60.78
3,47.9,77.89,60.81
2,47.9,77.92,60.81
3,47.87,77.87,60.81
3,47.9,77.84,60.82
3,47.92,77.82,60.78
3,47.87,77.82,60.78
3,47.79,77.85,60.82
3,47.76,77.83,60.78
3,47.79,77.82,60.75
3,47.81,77.83,60.78
3,47.82,77.87,60.81
3,47.84,77.85,60.78
4,48.83,77.8,60.77
4,48.85,77.8,60.77
3,48.38,77.8,60.79
3,48.33,77.79,60.81
3,48.35,77.79,60.81
3,48.42,77.79,60.81
3,48.41,77.8,60.79
3,48.45,77.8,60.79
3,48.4,77.8,60.79
4,48.46,77.8,60.79
4,48.48,77.8,60.77
4,48.51,77.8,60.78
4,48.49,77.8,60.79
4,48.52,77.8,60.77
4,48.55,77.8,60.77
4,48.53,77.8,60.77
4,48.63,77.8,60.78
4,48.62,77.8,60.79
4,48.57,77.8,60.77
4,48.6,77.8,60.77
4,48.59,77.8,60.77
4,48.69,77.8,60.78
4,48.67,77.8,60.79
4,48.65,77.8,60.77
4,48.73,77.8,60.79
4,48.7,77.8,60.77
4,48.76,77.8,60.77
4,48.77,77.8,60.77
4,48.8,77.8,60.77
4,48.88,77.8,60.77
4,48.9,77.8,60.77
4,48.91,77.8,60.77
4,48.95,77.8,60.78
5,49.03,77.79,60.82
4,49,77.8,60.78
5,49.06,77.79,60.83
5,49.07,77.79,60.86
3,48.03,77.8,60.78
3,47.98,77.8,60.78
3,48.06,77.8,60.78
3,48.09,77.8,60.75
3,48.12,77.8,60.78
3,48.17,77.8,60.78
3,48.23,77.8,60.78
3,48.28,77.8,60.78
4,47.23,77.83,60.87
4,47.12,77.83,60.87
4,47.06,77.8,60.84
3,47.73,77.8,60.83
3,47.67,77.79,60.86
3,47.62,77.79,60.86
3,47.73,77.8,60.78
4,47.32,77.8,60.86
4,47.37,77.8,60.86
4,47.51,77.8,60.86
4,47.53,77.8,60.83
4,47.42,77.8,60.86
4,47.48,77.8,60.86
4,47.45,77.8,60.86
4,47.57,77.8,60.83
3,47.93,77.8,60.78
3,47.87,77.8,60.78
3,47.82,77.8,60.78
3,47.79,77.8,60.75
3,47.76,77.8,60.78
4,47.01,77.8,60.84
4,46.95,77.8,60.78
4,46.9,77.8,60.84
4,46.79,77.8,60.84
4,46.84,77.81,60.77
5,46.62,77.83,60.86
4,46.68,77.8,60.84
4,46.73,77.8,60.84
5,46.23,77.82,60.86
527,58.99,66.31,47.87
552,60.7,66.31,49.24
566,62.43,66.31,50.13
205,43.52,69.11,49.61
797,43.53,73.81,44.4
780,43.53,73.25,44.4
224,43.52,68.44,50.1
224,43.59,67.97,50.3
216,43.53,68.93,50.09
243,44.28,67.92,50.3
241,44.75,67.41,50.3
235,45.16,66.86,50.3
231,45.53,66.48,50.3
232,46.05,66.31,50.14
314,47.52,66.31,49.24
237,46.45,66.31,50.14
315,49.19,66.31,49.23
460,50.94,66.31,49.24
400,53.69,66.31,48.18
420,52.56,66.31,49.24
410,55.39,66.31,48.18
380,54.5,66.31,49.24
414,57.35,66.31,47.85
416,56.23,66.31,49.21
626,63.59,66.99,50.3
568,63.7,68.86,50.3
548,63.85,70.68,50.3
485,62.86,75.24,50.3
519,64,72.46,50.3
493,64.17,74.24,50.3
493,63.27,74.76,50.3
602,62.51,66.56,50.3
1827,66.1,79.43,50.13
1680,65.92,78.57,50.3
1530,65.55,78.14,50.3
1397,64.99,77.73,50.3
1344,64.46,77.33,50.3
1278,63.94,76.92,50.3
1221,63.43,76.52,50.3
1057,62.94,76.12,50.3
828,62.45,75.71,50.3
1065,44.19,75.1,43.15
1122,43.96,75.58,43.13
1052,43.94,74.72,43.12
946,43.73,74.7,43.77
887,43.53,75.11,44.4
858,43.53,74.7,44.4
1475,65.62,78.54,49.84
1374,65.3,78.13,49.84
1301,64.8,77.72,49.84
1264,64.32,77.32,49.84
993,62.89,76.12,49.84
819,62.41,75.71,49.84
659,62.63,68.15,49.08
680,61.79,68.67,48.15
724,62.27,69.07,48.15
697,61.39,69.15,48.15
727,60.99,69.63,47.52
739,61.87,69.55,48.15
756,61.47,70.03,47.52
692,62.79,69.91,49.08
692,61.95,70.43,48.15
632,62.42,70.83,48.15
657,61.54,70.91,48.15
606,62.02,71.31,48.15
592,62.94,71.68,49.08
577,62.73,74.36,49.4
631,63.1,73.44,49.08
639,62.73,74.36,48.77
578,62.37,66.51,49.95
246,43.7,68.45,49.95
316,43.87,68.04,49.82
206,43.71,68.93,49.94
307,44.43,67.97,49.84
345,44.83,67.49,49.84
353,45.23,67.03,49.84
349,45.6,66.75,49.84
320,46.08,66.51,49.96
314,46.47,66.51,49.96
618,62.41,66.85,49.84
572,60.69,66.51,49.15
731,57.31,68.18,46.27
561,58.99,66.51,47.85
656,59.88,67.07,47.52
627,59.41,66.79,46.9
787,58.19,68.1,46.27
793,58.67,68.5,46.9
693,59.47,67.54,47.52
666,58.99,67.12,46.9
766,59.07,68.02,46.9
735,58.59,67.62,46.27
582,58.5,66.83,46.9
611,58.12,67.22,46.27
670,57.71,67.7,46.27
827,57.79,68.58,46.27
761,56.29,69.47,46
753,56.56,69.33,45.79
742,56.76,69.11,45.66
693,56.43,69.04,45.79
730,56.17,69.4,45.98
773,56.24,69.44,46.12
771,56.91,68.66,46.27
794,56.67,69.55,45.83
791,57.02,69.53,45.65
847,57.39,69.06,46.27
791,56.57,70.01,45.81
794,56.82,70.02,45.66
793,56.3,70.08,46
580,60.72,66.9,49.09
633,59.88,67.07,48.15
643,60.36,67.47,48.15
648,59.95,67.94,48.15
687,59.55,68.42,47.52
658,59.47,67.54,48.15
811,58.27,68.98,46.9
686,59.15,68.9,47.52
753,58.75,69.38,46.9
824,57.87,69.46,46.9
639,51.29,75.35,40.62
689,51.2,74.48,40.64
630,50.73,74.08,40.84
599,50.49,73.66,41.11
607,50.5,74.07,41.92
601,50.45,74.09,41.39
608,50.53,74.54,41.13
599,50.51,74.95,41.94
601,50.44,74.9,41.4
710,51.69,74.88,40.63
771,52.1,74.4,40.84
735,52.52,74.38,42.04
792,56.51,70.47,45.82
730,56.07,69.29,46.17
804,56.43,69.6,46.11
855,57.47,69.94,46.27
808,57.08,70.42,45.65
804,56.22,70.08,46.12
796,56.31,70.53,46
756,56.01,69.71,46.12
795,56.31,70.93,45.99
722,55.94,70.6,45.99
598,54.82,70.31,46.01
677,55.58,70.24,46
746,56.12,70.99,45.99
720,56.16,71.45,45.86
30,43.62,69.13,48.95
59,43.64,68.79,48.48
380,43.68,68.97,48.12
373,43.5,69.33,48.63
140,43.67,69.06,49.49
895,45.66,74.47,43.72
1026,45.23,74.51,42.59
955,45.46,74.47,43.14
1001,44.9,73.24,42.52
992,45.2,73.67,42.59
926,45.46,73.65,43.13
871,45.66,73.65,43.73
974,45.19,72.74,42.55
906,45.46,72.77,43.14
843,45.46,71.96,43.77
852,45.66,72.77,43.73
917,44.84,72.36,43.13
856,44.32,71.97,43.77
801,44,71.56,44.4
942,44.37,72.86,43.15
588,43.73,69.89,46.27
647,43.53,70.7,46.27
726,43.73,70.7,45.65
703,43.53,71.58,45.65
748,43.73,71.57,45.02
714,43.53,72.45,45.02
863,44.03,72.44,43.77
785,43.73,72.45,44.4
421,43.68,69.35,48.01
437,43.52,69.89,48.13
465,43.72,69.33,47.49
462,43.53,69.89,47.51
503,43.73,69.89,46.89
543,43.53,70.7,46.89
1009,45.03,75.02,43.15
922,45.46,75,43.77
879,45.71,74.99,44.09
1006,44.12,74.21,43.15
891,43.92,73.8,43.77
1012,44.57,74.61,43.15
966,44.95,74.14,43.15
967,44.49,73.73,43.15
874,44.07,73.35,43.77
780,43.73,73.25,44.4
913,43.73,74.21,43.77
803,43.73,73.81,44.4
824,43.53,74.21,44.4
1011,45.26,75.43,43.14
868,45.84,75.42,44.28
342,56.35,67.37,46.9
396,57.35,66.51,47.84
437,57.23,67.29,46.9
436,57.66,66.86,46.9
400,57.17,66.71,46.9
362,56.76,66.92,46.9
500,56.83,67.77,46.9
358,55.95,67.85,46.9
376,55.55,68.32,46.26
586,56.43,68.25,46.9
592,56.02,68.75,46.26
662,55.63,69.32,46.43
628,55.21,69.77,46.16
589,55.63,69.09,46.2
529,54.77,69.54,46.14
477,54.6,69.37,46.03
504,54.98,69.24,46
447,54.68,69.16,45.97
537,55.03,69.38,46.04
427,55.16,68.78,46.3
330,55.88,67,47.52
370,56.23,66.51,49.12
359,56.24,66.73,47.83
365,55.39,66.51,48.16
346,55.41,66.76,47.52
329,54.99,67.06,47.52
315,54.59,67.53,46.9
317,55.47,67.45,47.52
314,55.07,67.93,46.9
322,54.68,68.4,46.89
344,54.27,68.88,46.26
310,54.2,68.01,46.88
302,53.82,68.5,46.23
326,53.17,69.41,45.81
348,52.87,69.44,45.66
315,53.39,68.95,46.26
345,54.11,67.11,47.52
377,53.69,66.51,48.16
369,53.62,66.82,47.52
344,54.5,66.51,49.15
350,54.53,66.78,48.14
340,53.71,67.6,47.52
335,53.31,68.08,46.9
359,52.83,67.68,46.9
366,53.23,67.2,47.52
366,52.51,69.04,46.27
346,52.91,68.56,46.9
398,52.03,68.64,46.27
375,52.43,68.16,46.9
428,51.23,69.6,45.65
408,51.63,69.12,46.27
419,51.55,68.24,46.9
441,51.07,67.83,46.9
421,51.86,66.51,47.63
431,51.47,67.36,46.9
403,51.95,67.76,46.9
391,52.35,67.28,46.9
418,51.88,66.91,46.9
404,52.56,66.51,49.14
400,52.68,66.84,47.85
424,50.72,69.19,46.23
416,51.15,68.71,46.9
437,50.28,68.8,46.23
430,50.67,68.31,46.9
415,49.35,69.82,46.14
401,49.74,69.35,46.45
419,49.98,69.34,46.22
426,49.77,69.08,46.21
432,50.59,67.43,47.52
440,50.11,67.04,47.52
432,50.94,66.51,49.14
448,50.96,66.88,47.84
397,49.79,68.39,46.9
384,50.19,67.91,47.52
400,49.31,67.99,46.9
382,49.71,67.51,47.52
412,48.99,69.4,46.42
427,48.99,69.14,46.2
379,49.39,68.87,46.9
418,48.54,69.23,46.49
433,48.52,68.92,46.3
390,48.91,68.47,46.9
424,45.31,67.89,48.77
317,49.19,66.51,49.14
364,49.64,66.78,48.15
364,48.83,67.59,47.52
338,49.23,67.1,48.15
346,48.76,66.8,48.15
369,48.35,67.15,47.52
425,45.71,67.42,48.77
411,46.11,66.95,48.77
386,45.71,67.42,49.4
427,46.19,67.82,48.15
424,46.67,68.22,47.52
429,47.15,68.62,46.9
412,48.03,68.54,46.9
370,48.43,68.07,47.52
406,46.59,67.34,48.15
403,47.07,67.74,47.52
419,47.55,68.14,46.9
377,47.95,67.66,47.52
378,46.52,66.72,49.07
384,47,66.9,48.15
351,47.86,66.85,48.15
364,47.47,67.26,48.15
364,47.41,66.7,48.15
326,47.53,66.51,49.15
380,46.11,66.95,49.4
367,45.31,67.89,49.4
447,45.79,68.3,48.15
449,46.27,68.7,47.52
450,46.75,69.1,46.9
431,48.09,69.17,46.29
416,47.63,69.02,46.9
8,43.9,68.62,48.91
155,44.06,68.57,48.6
138,44.06,68.34,48.84
358,44.91,68.37,48.77
129,44.05,68.44,49.4
264,44.91,68.37,49.4
431,44.51,68.85,48.15
446,45.39,68.77,48.15
47,43.83,69.04,48.82
74,43.85,68.84,48.56
75,43.85,68.93,49.36
338,53.87,69.15,46.16
361,53.86,69.39,46.42
497,54.37,69.83,46.17
396,53.65,69.89,46.14
450,53.64,70.41,45.99
507,54.08,70.38,46
395,53.6,70.44,45.85
356,53.47,69.84,46
573,51.33,70.47,43.78
568,51.94,70.36,43.79
615,51.15,71,43.14
607,51.75,70.88,43.15
610,51.4,71.36,42.51
694,52.19,71.76,42.31
681,51.86,71.76,41.89
649,51.96,71.29,42.59
673,52,71.25,42.26
586,50.93,70.48,43.77
608,50.73,71.05,43.73
734,51.61,74,40.86
732,51.53,73.11,40.86
748,51.94,72.64,41.27
730,52.15,72.18,41.83
610,51.06,72.71,41.26
603,50.81,72.3,41.72
633,51.45,72.24,41.9
607,51.13,71.82,42.27
669,52.15,71.77,42.61
572,52.15,70.87,43.77
627,52.15,71.28,43.14
692,52.35,72.17,42.64
659,52.35,71.77,43.15
601,52.35,71.28,43.73
674,51.12,73.6,40.85
602,50.71,73.19,41.23
609,50.76,72.73,42.03
612,50.89,71.83,42.31
617,50.7,72.68,42.36
614,50.57,73.56,42.07
606,50.66,73.18,41.81
622,50.93,71.04,43.14
612,50.93,71.84,42.62
622,50.73,71.84,43.14
614,50.73,72.69,42.63
783,52.02,73.52,40.85
780,52.41,73.92,41.22
788,52.35,73.04,41.23
675,52.35,72.69,42.64
721,52.31,72.68,42.04
701,52.19,72.17,42.3
701,52.38,72.68,42.36
718,52.51,73.5,42.07
736,52.43,73.93,41.79
734,52.41,73.05,41.82
341,53.59,70.84,45.59
344,53.5,70.83,45.41
343,53.29,70.39,45.54
344,53.41,70.38,45.72
332,53.25,69.77,45.79
343,53.05,69.87,45.62
357,53.19,70.79,45.18
353,53.1,70.32,45.4
515,52.53,71.27,44.29
438,52.47,70.81,44.55
372,52.91,70.28,45.14
381,52.92,70.8,44.81
728,46.39,71.36,45.03
701,46.81,70.95,45.41
798,45.9,72.3,44.36
844,45.14,71.88,43.78
802,45.58,71.93,44.27
725,43.97,70.68,45.65
758,44.27,71.09,45.02
795,44.74,71.49,44.4
594,43.95,69.85,46.27
842,45.29,71.44,43.79
794,45.68,71.4,44.39
769,46.11,71.45,44.65
712,44.22,70.21,45.65
764,44.66,70.61,45.02
798,45.12,71.02,44.41
688,46.91,70.97,45.59
413,44.12,69.33,48.15
453,45.87,69.18,47.52
452,44.98,69.25,47.52
452,44.13,69.33,47.52
480,46.34,69.58,46.9
507,45.46,69.66,46.9
505,43.95,69.85,46.9
509,44.58,69.73,46.9
675,46.92,70.57,45.85
613,46.77,69.96,46
622,46.2,69.57,45.66
633,46.56,69.94,45.81
686,46.72,70.52,45.72
700,46.61,70.5,45.54
733,46.1,70.48,45.25
777,45.67,70.96,44.65
716,46.41,70.44,45.4
731,46.5,70.92,45.18
750,46.09,70.94,44.96
597,44.58,69.73,46.27
584,45.46,69.66,46.27
702,45.06,70.13,45.65
681,45.94,70.06,45.65
754,45.53,70.54,45.03
541,46.32,69.58,46.28
461,47.21,69.51,46.41
420,48.11,69.46,46.41
432,47.73,69.97,46.18
596,46.98,70.04,46.15
669,46.97,70.55,45.99
385,47.43,70.5,46
421,49.61,69.81,46
429,49.64,70.23,45.71
423,49.47,70.31,45.87
429,49.49,70.75,45.59
607,51.17,71.82,42.59
504,52.21,70.86,44.19
465,52.07,70.38,44.47
405,52.6,70.38,44.72
399,52.5,69.91,45.09
439,51.7,70,45.02
443,50.28,70.13,45.26
453,50.83,70.07,45.02
480,50.75,70.53,44.63
495,51.31,70.47,44.41
451,50.32,70.55,44.94
529,50.76,70.95,44.35
446,50.03,71.07,45
539,50.47,71.48,44.39
479,50.31,70.97,44.61
415,49.76,69.73,46.11
382,52.11,69.52,46.27
431,49.64,71.05,45.39
439,49.85,71.03,45.24
428,49.75,70.63,45.55
425,49.9,70.15,45.81
430,50.15,70.15,45.65
435,50.03,70.56,45.34
427,50.82,70.07,45.65
411,51.7,70,45.65
370,52.57,69.92,45.66
411,50.34,69.67,46.26
412,48.59,69.8,46.43
407,49.55,70.21,46.13
404,48.18,70.35,46.21
411,49.01,70.28,46.18
392,47.84,70.87,46.01
405,48.59,70.8,46.01
413,49.28,70.73,45.99
811,57.54,70.82,45.65
797,56.75,70.89,45.72
735,56.36,71.41,45.73
630,56.18,71.84,45.57
720,56.45,71.38,45.55
665,56.33,71.79,45.39
738,56.59,71.34,45.5
730,56.73,71.31,45.31
659,56.54,71.76,45.23
759,58.02,71.22,45.02
639,56.88,72.19,44.77
748,57.24,71.3,45.09
717,56.9,71.81,45.08
684,57.33,72.17,44.5
705,57.71,71.7,44.47
660,57.87,72.57,43.79
648,57.17,73.04,44.38
675,57.48,72.6,44.29
612,56.18,72.31,45.59
662,56.3,72.27,45.4
795,58.02,71.22,45.65
769,58.9,71.14,45.65
765,58.35,69.86,46.9
830,57.94,70.34,46.27
776,58.83,70.26,46.27
792,58.42,70.74,45.65
756,59.3,70.66,46.27
615,61.68,67.38,49.07
638,60.83,67.87,48.15
648,61.31,68.27,48.15
633,60.43,68.35,48.15
665,60.03,68.82,47.52
651,60.91,68.75,48.15
685,60.51,69.23,47.52
663,59.63,69.3,47.52
721,59.23,69.78,46.9
681,60.11,69.71,47.52
720,59.71,70.18,46.9
620,62.63,68.15,49.84
621,62.79,69.91,49.84
560,62.94,71.68,49.84
519,62.33,74.83,49.84
549,63.1,73.44,49.84
533,62.73,74.36,49.84
493,60.75,66.79,50.1
232,43.99,68.44,50.11
199,43.81,68.91,50.11
252,44.88,68.36,50.1
291,45.3,67.88,50.1
300,45.7,67.38,50.1
293,46.1,66.88,50.11
289,46.5,66.61,50.11
599,62.66,68.1,50.1
590,62.81,69.9,50.1
547,62.96,71.67,50.1
502,62.34,74.83,50.1
530,63.11,73.43,50.1
516,62.75,74.35,50.1
572,61.7,67.32,50.1
760,52.55,75.26,42
738,52.44,74.76,41.79
839,52.84,75.22,41.08
836,52.88,75.67,41.32
858,52.8,75.22,40.77
885,53,75.67,40.78
849,52.7,75.67,40.55
755,52.27,76.15,40.43
777,52.46,74.8,41.21
780,52.6,75.25,41.52
757,52.18,75.28,40.82
659,51.77,75.76,40.61
631,50.78,74.96,40.83
608,50.43,74.55,40.82
606,50.88,75.83,40.57
601,50.32,75.39,40.57
589,50.1,75.29,40.75
568,49.89,75.95,40.65
594,50.34,75.44,41.25
576,50.08,75.9,41.04
566,49.97,76.31,40.84
592,50.45,75.43,41.82
582,50.31,75.85,41.53
815,54.34,78.81,41.64
924,54.05,78.68,41.18
938,54.04,78.65,41.06
933,54.2,78.81,41.17
914,54.17,78.71,41.23
939,54.14,78.79,41.14
907,54.17,78.73,41.28
918,54.1,78.7,41.22
916,54.32,78.9,41.21
910,54.26,78.85,41.25
902,54.22,78.74,41.3
905,54.37,78.92,41.23
936,54.32,78.88,41.15
926,54.25,78.83,41.19
932,54.37,78.91,41.15
957,54.25,78.84,41.06
943,54.21,78.78,41.11
947,54.14,78.76,41.09
969,54.25,78.82,40.99
956,54.15,78.74,41.02
971,54.19,78.8,40.98
953,54.31,78.87,41.07
952,54.37,78.91,41.08
970,54.31,78.86,41
972,54.37,78.91,41
847,54.38,78.93,41.38
857,54.31,78.88,41.41
877,54.37,78.92,41.31
869,54.28,78.89,41.39
876,54.23,78.77,41.43
821,54.38,78.94,41.45
833,54.32,78.9,41.48
851,54.27,78.79,41.52
809,54.33,78.92,41.55
839,54.26,78.8,41.58
858,54.24,78.79,41.51
887,54.28,78.87,41.32
891,54.21,78.75,41.36
994,54.14,78.75,40.82
979,54.03,78.71,40.9
1004,54.13,78.71,40.7
990,54.02,78.67,40.76
1025,54.03,78.77,40.58
957,53.82,78.62,40.92
983,53.89,78.7,40.86
991,53.9,78.65,40.73
1012,53.9,78.69,40.57
987,54.2,78.87,40.92
985,54.14,78.82,40.92
989,54.26,78.92,40.92
991,54.32,78.97,40.92
998,54.14,78.82,40.84
1001,54.2,78.87,40.84
1009,54.25,78.77,40.72
1038,54.15,78.87,40.59
1005,54.26,78.92,40.84
1007,54.32,78.97,40.84
1018,54.37,78.91,40.76
1014,54.31,78.86,40.76
1028,54.37,78.91,40.68
1023,54.31,78.86,40.68
1047,54.26,78.97,40.6
1070,54.28,79.16,40.54
1068,54.05,79,40.52
1064,54.27,78.97,40.51
1017,53.92,78.66,40.47
1057,53.93,78.88,40.5
1099,53.95,79.05,40.43
1095,54.17,79.07,40.42
1041,53.83,78.74,40.41
1095,53.84,78.98,40.42
962,53.71,78.6,40.86
968,53.72,78.57,40.72
989,53.8,78.64,40.69
1005,53.78,78.64,40.55
985,53.7,78.61,40.6
986,53.59,78.6,40.59
968,53.59,78.57,40.69
1011,53.79,78.63,40.48
1013,53.72,78.63,40.42
978,53.6,78.54,40.52
1000,53.62,78.56,40.43
864,53,76.1,41.06
568,51.36,76.24,40.44
578,50.42,76.3,40.42
573,49.97,75.94,40.42
912,53.14,76.59,40.77
897,53.04,76.09,40.72
898,53,76.1,40.53
898,52.83,76.55,40.42
988,44.64,75.49,43.77
1054,45.08,75.9,43.14
903,45.73,75.88,44.13
858,45.98,75.83,44.46
584,55.49,78.88,42.3
560,55.28,78.88,42.14
579,54.78,79.15,41.62
603,54.89,79.15,41.62
632,55,79.14,41.62
655,55.11,79.13,41.62
640,55.11,79.13,41.7
574,54.78,79.15,41.7
591,54.89,79.15,41.7
616,55,79.14,41.7
626,55.11,79.13,41.78
570,54.78,79.15,41.78
582,54.89,79.15,41.78
602,55,79.14,41.78
670,54.95,79.2,41.47
688,55.06,79.19,41.47
645,54.95,79.2,41.54
673,55.06,79.19,41.54
688,54.95,79.2,41.39
699,55.06,79.19,41.39
748,54.95,79.2,41.31
720,55.06,79.19,41.31
617,54.84,79.21,41.47
577,54.73,79.21,41.47
605,54.84,79.21,41.54
568,54.73,79.21,41.54
12505,54.84,79.21,41.31
706,54.84,79.21,41.39
615,55.1,79.14,41.85
600,55.15,79.06,41.95
558,55.08,78.88,42.01
557,55.09,78.88,42.14
592,55,79.14,41.86
579,54.93,79.1,41.85
569,54.95,79.04,41.98
575,54.89,79.15,41.86
673,55.17,79.18,41.62
660,55.17,79.18,41.7
667,55.22,79.12,41.62
658,55.22,79.12,41.7
680,55.36,79.14,41.65
702,55.61,79.16,41.62
663,55.51,79.04,41.69
720,55.73,79.2,41.66
646,55.17,79.18,41.78
633,55.17,79.18,41.86
648,55.21,79.13,41.77
641,55.22,79.15,41.84
637,55.3,79.05,41.85
675,55.37,79.17,41.78
663,55.51,79.07,41.83
716,55.12,79.24,41.39
722,55.12,79.24,41.31
717,55.28,79.22,41.35
726,55.5,79.2,41.35
763,55.4,79.32,41.19
773,55.62,79.3,41.35
827,55.52,79.42,41.19
705,55.12,79.24,41.47
693,55.12,79.24,41.54
706,55.28,79.22,41.5
716,55.5,79.2,41.5
759,55.62,79.3,41.5
624,55.29,79.08,41.98
653,55.5,79.08,41.98
637,55.5,79.08,42.13
5607,54.9,79.26,41.23
835,55.06,79.24,41.19
2224,54.9,79.26,41.15
1024,54.9,79.26,41.07
983,55.06,79.24,41.04
1024,54.9,79.26,41
860,55.18,79.34,41.04
784,55.18,79.34,41.19
1050,54.96,79.36,40.88
1088,54.96,79.36,40.72
1026,55.08,79.46,40.73
956,55.08,79.46,40.88
1151,54.86,79.48,40.56
1070,54.98,79.58,40.59
1108,54.76,79.6,40.44
1123,54.88,79.7,40.44
822,55.3,79.44,41.04
902,55.2,79.56,40.88
931,55.2,79.56,40.75
1031,55.1,79.68,40.62
1207,55,79.8,40.45
1533,55.02,79.98,40.46
645,54.55,79.06,41.62
599,54.61,79.11,41.62
632,54.55,79.07,41.7
595,54.61,79.11,41.7
622,54.55,79.07,41.77
592,54.61,79.11,41.78
790,54.34,78.84,41.74
745,54.38,78.96,41.7
738,54.43,78.99,41.6
768,54.38,78.94,41.64
699,54.49,79.02,41.62
674,54.5,79.03,41.69
724,54.43,78.97,41.73
655,54.5,79.05,41.76
768,54.39,78.85,41.82
702,54.44,78.99,41.79
680,54.45,79.01,41.85
759,54.38,78.86,41.88
778,54.34,78.85,41.8
575,54.67,79.16,41.62
573,54.67,79.16,41.7
571,54.67,79.16,41.78
589,54.61,79.12,41.85
611,54.55,79.09,41.84
584,54.66,79.08,41.85
654,54.49,79.01,41.88
607,54.61,79.02,41.95
717,54.5,78.87,42
887,54.38,79.02,41.23
873,54.44,79.07,41.23
919,54.38,79.02,41.15
918,54.44,79.07,41.15
948,54.38,79.02,41.07
973,54.38,79.02,41
830,54.5,79.12,41.23
954,54.44,79.07,41.07
976,54.44,79.07,41
866,54.5,79.12,41.15
897,54.55,79.06,41.07
926,54.55,79.06,41
899,54.61,79.11,41.07
937,54.61,79.11,41
725,54.5,79.12,41.39
767,54.5,79.12,41.31
689,54.5,79.12,41.47
666,54.5,79.12,41.54
612,54.56,79.17,41.54
624,54.56,79.17,41.47
818,54.38,79.02,41.39
782,54.44,79.07,41.39
852,54.38,79.02,41.31
824,54.44,79.07,41.31
788,54.38,79.02,41.47
765,54.38,79.02,41.54
747,54.44,79.07,41.47
721,54.44,79.07,41.54
743,54.56,79.17,41.23
808,54.56,79.17,41.15
9220,54.67,79.16,41.15
20531,54.67,79.16,41.23
27173,54.73,79.21,41.23
17246,54.73,79.21,41.15
953,54.67,79.16,41.07
1017,54.67,79.16,41
3370,54.73,79.21,41.07
997,54.73,79.21,41
2852,54.85,79.32,41.07
1059,54.85,79.32,41
5203,54.79,79.26,41.07
1034,54.79,79.26,41
16676,54.85,79.32,41.23
11688,54.85,79.32,41.15
25074,54.79,79.26,41.23
17875,54.79,79.26,41.15
660,54.56,79.17,41.39
698,54.56,79.17,41.31
659,54.67,79.16,41.39
15475,54.67,79.16,41.31
748,54.73,79.21,41.39
23228,54.73,79.21,41.31
593,54.62,79.22,41.47
566,54.62,79.22,41.54
988,54.33,79.08,40.92
984,54.39,79.13,40.92
1008,54.33,79.08,40.84
1006,54.39,79.13,40.84
1033,54.38,79.08,40.72
1055,54.28,79.15,40.62
1035,54.5,79.18,40.72
1004,54.5,79.18,40.88
1031,54.62,79.28,40.72
961,54.62,79.28,40.88
1054,54.74,79.38,40.71
1148,54.74,79.38,40.88
1042,54.52,79.4,40.56
1197,54.64,79.5,40.56
1065,54.29,79.23,40.56
1060,54.4,79.3,40.56
1067,54.42,79.51,40.44
1415,54.54,79.62,40.44
1093,54.19,79.3,40.44
1078,54.31,79.4,40.44
569,54.67,79.16,41.86
567,54.78,79.15,41.86
570,54.72,79.11,41.85
568,54.83,79.13,41.93
575,54.72,79.04,41.99
561,54.93,79.07,42.12
613,54.84,78.88,42.16
643,54.72,78.88,42.13
669,54.62,78.88,42.16
587,54.94,78.88,42.29
602,62.33,74.83,48.77
552,62.33,74.83,49.4
600,64.25,76.44,49.4
1212,63.84,76.92,49.84
635,64.25,76.44,48.77
590,63.77,76.04,48.77
563,63.77,76.04,49.4
1138,63.37,76.52,49.84
931,62.89,76.12,49.4
1252,64.8,77.72,49.4
1214,64.8,77.72,48.77
1200,64.32,77.32,49.4
1137,64.32,77.32,48.77
1325,65.3,78.12,49.4
1294,65.3,78.12,48.77
1533,65.9,78.53,48.8
1819,66.1,79.42,48.87
1387,65.62,78.54,48.77
1576,65.9,78.53,49.47
1828,66.1,79.42,49.59
1422,65.62,78.54,49.4
1700,65.9,79.41,49.95
2000,66.1,81.22,49.49
798,62.41,75.71,49.4
615,55.71,78.88,42.3
1319,55.93,80.27,40.46
831,55.74,79.4,41.35
810,55.74,79.4,41.5
714,55.73,79.22,41.82
670,55.72,79.07,41.98
661,55.72,79.08,42.14
755,55.84,79.28,41.66
855,55.96,79.38,41.35
832,55.96,79.38,41.5
899,55.86,79.5,41.35
871,55.86,79.5,41.5
889,55.42,79.54,41.04
928,55.64,79.52,41.04
902,55.64,79.52,41.19
1000,55.32,79.66,40.76
1061,55.22,79.77,40.77
970,55.32,79.66,40.88
1031,55.65,79.62,40.83
1210,55.12,79.9,40.65
1230,55.45,79.87,40.65
1403,55.25,80.11,40.46
1282,55.49,80.31,40.46
1281,55.69,80.07,40.66
725,55.95,79.2,41.82
654,59.07,76.49,44.14
634,58.8,76.51,43.77
625,58.43,76.51,43.14
642,58.11,76.99,42.52
621,57.84,76.62,43.14
677,56.04,79.05,42.06
598,57.26,76.57,44.26
635,56.02,78.87,42.38
688,59.56,75.96,45.15
678,59.58,76.41,44.83
665,59.14,76.44,44.57
656,59.2,76.88,44.31
625,58.63,76.92,43.14
620,57.62,76.65,43.14
600,57.42,76.65,43.73
627,57.41,77.4,43.14
690,60.25,75.84,45.85
687,60.31,75.84,45.99
695,60.06,75.91,45.72
695,59.94,75.93,45.55
694,59.75,75.95,45.4
685,59.83,76.47,45.16
752,61.93,75.31,46.9
691,60.26,76.23,45.86
701,60.7,75.84,46.17
693,60.48,76.23,45.99
689,60.1,76.72,45.39
690,60.25,76.64,45.58
694,59.98,76.32,45.56
696,60.07,76.32,45.74
685,59.89,76.8,45.25
1368,63.28,85.78,40.97
1422,64.1,85.58,41.18
1379,63.42,85.58,40.72
1471,63.29,85.78,41.74
1503,64.09,85.58,41.84
1510,63.5,83.16,40.66
1535,63.58,84.06,40.66
1506,63.67,85.02,40.66
1442,63.25,85.39,40.65
1353,62.47,81.48,40.66
1432,63.02,82.76,40.66
1372,62.95,81.88,40.66
1540,63.1,83.67,40.46
1576,63.19,84.61,40.46
1517,62.79,85.2,40.46
1368,62.06,81.96,40.46
1442,62.62,83.26,40.46
1383,62.54,82.36,40.46
1473,62.37,85.61,40.46
1407,60.16,80.34,40.46
1406,60.97,78.96,41.39
1408,61.37,79.11,41.2
1409,60.55,79.87,40.64
1440,60.95,79.37,40.83
1387,60.63,80.74,40.46
1376,61.03,80.27,40.65
1390,61.42,79.78,40.86
1364,61.84,79.33,41.26
1416,64.15,85.25,41.27
1387,64.06,84.44,41.27
1338,63.98,83.56,41.27
1322,63.9,82.68,41.27
1348,64.15,85.25,41.9
1207,64.06,84.44,41.9
1296,63.43,82.28,41.27
1266,63.35,81.4,41.27
1462,63.66,84.95,40.87
1472,63.58,84.04,40.87
1457,63.5,83.16,40.87
1409,63.29,85.27,40.85
1402,63.02,82.76,40.87
1337,62.95,81.88,40.87
1373,61.11,81.15,40.46
1357,61.51,80.67,40.66
1357,61.91,80.19,40.87
1318,62.31,79.72,41.27
1367,61.59,81.55,40.46
1350,61.99,81.07,40.66
1344,62.39,80.6,40.87
1290,62.79,80.12,41.27
1310,62.47,81.48,40.87
1254,62.87,81,41.27
1223,62.31,79.7,41.9
1192,62.79,80.12,41.9
610,63.29,75.64,48.15
646,63.29,75.64,47.52
692,62.81,75.24,47.52
633,62.81,75.24,48.15
869,62.89,76.12,48.77
781,62.41,75.71,48.77
788,62.42,75.71,46.43
799,61.98,76.16,46.2
810,61.6,76.53,46.01
908,62.22,77.45,45.63
907,62.57,77.59,45.7
869,62.94,76.96,46.01
897,62.71,77.43,45.75
867,62.39,77.27,45.83
792,62.88,76.12,46.41
824,62.45,76.55,46.16
831,62.01,76.89,45.99
781,62.89,76.12,46.9
768,62.41,75.71,46.9
688,60.2,77.1,45.41
691,60.26,77.05,45.6
756,61.52,75.79,46.45
749,61.15,76.23,46.2
719,60.85,76.59,46
672,59.61,77.3,44.87
703,60.48,77.27,45.62
760,60.51,77.34,45.51
1016,55.76,79.62,41.04
981,55.76,79.62,41.19
1195,55.89,79.82,40.85
1300,56.13,80.04,40.65
1297,56.17,80.47,40.46
1330,56.37,80.23,40.46
772,56.06,79.26,41.66
740,56.17,79.17,41.82
757,56.06,79.26,41.82
1035,56.09,79.59,41.11
929,56.29,79.36,41.11
874,56.29,79.36,41.43
1243,56.33,79.79,40.86
1194,56.53,79.55,40.85
1314,56.57,79.99,40.66
1326,56.77,79.75,40.66
1346,57.03,80.18,40.46
645,56.41,78.83,42.39
657,57.14,78.41,42.1
650,56.99,78.64,42.41
642,57.01,78.68,42.71
637,59.05,78.06,42.65
636,59.09,78.1,42.36
644,58.85,77.76,42.3
644,58.81,77.78,42.53
641,58.51,77.39,42.54
654,57.83,77.44,42.28
645,57.61,77.43,42.61
646,57.35,78.08,42.64
659,57.58,77.41,42.3
654,57.32,78.1,42.36
745,56.16,79.16,41.66
721,56.27,79.02,41.37
679,56.39,78.94,41.76
677,56.7,78.84,41.75
682,56.44,78.99,42.07
653,56.73,78.69,42.15
681,56.71,78.9,42.01
675,57.25,78.41,41.62
674,57.19,78.5,41.79
680,57.18,78.65,41.87
677,57.25,78.66,42.08
656,57.15,78.53,42.24
656,57.18,78.5,42.24
678,57.06,78.75,42.07
678,57,78.72,41.76
714,57.23,78.72,41.62
1144,59.33,78.34,41.93
666,57.46,77.95,41.74
660,57.39,78.21,42.09
665,58.17,77.88,41.92
649,58.84,77.79,41.81
858,59.02,78.15,42.04
1352,59.46,78.57,41.99
812,56.49,79.11,41.11
728,56.7,78.88,41.11
786,56.5,79.12,41.42
740,56.72,78.94,41.41
779,57.12,78.87,41.43
739,57.2,78.74,41.4
810,57.14,78.84,41.11
723,57.34,78.6,41.42
745,57.34,78.6,41.11
1489,59.79,78.5,40.77
1219,59.53,78.4,40.79
1457,59.88,78.62,41.44
1462,59.99,78.74,41.15
838,59.33,78.22,41.12
1339,59.38,78.46,41.44
1418,59.47,78.66,41.46
731,57.76,78.34,41.27
866,58.64,78.26,41.27
1100,56.73,79.31,40.85
976,56.93,79.07,40.85
1110,57.37,79.04,40.87
990,57.58,78.8,40.87
1500,60.01,78.83,40.78
1511,59.79,78.72,40.78
1470,59.71,78.57,40.6
1340,59.14,78.65,40.81
1192,58.24,78.74,40.87
1309,56.97,79.52,40.66
1274,57.17,79.28,40.66
1347,57.83,79.22,40.66
1429,58.71,79.14,40.65
1493,59.59,79.08,40.58
1393,57.43,79.7,40.46
1435,58.31,79.62,40.46
1468,59.2,79.54,40.46
1361,60.47,78.82,41.92
1427,60.51,78.88,41.3
1488,60.5,79,40.78
1449,60.08,79.48,40.61
1431,59.68,79.94,40.46
629,58.8,76.91,43.77
628,59,77.41,43.73
627,58.8,77.42,43.14
631,59.06,78.04,43.14
649,59.24,77.73,44.35
719,64.25,76.44,47.52
898,63.84,76.92,46.9
676,64.25,76.44,48.15
641,63.77,76.04,47.52
819,63.37,76.52,46.9
614,63.77,76.04,48.15
1258,61.84,79.39,41.89
1207,61.89,79.08,42.52
1238,60.99,78.88,42.53
1199,61.37,79.08,42.52
1305,60.98,79.05,41.92
1280,61.37,79.24,41.87
1031,61.37,78.88,43.75
1075,60.98,78.88,43.14
1083,61.37,79.08,43.14
1103,61.89,79.08,43.14
1054,61.88,78.88,43.75
1085,62.68,79.06,43.76
971,61.37,78.88,44.34
967,62.23,78.76,44.92
1001,61.85,78.87,44.31
1012,62.25,79.05,44.47
944,63.45,77.4,46.27
948,63.07,77.89,45.79
982,62.82,78.69,45.38
932,62.14,78.61,45.33
878,62.94,77.01,46.41
869,62.53,77.26,46.12
901,62.06,77.79,45.66
939,62.58,78.3,45.64
920,62.15,78.41,45.54
896,61.73,78.56,45.57
1176,64.8,77.72,47.52
1131,64.4,78.2,46.9
1189,64.8,77.72,48.15
1055,64.32,77.32,47.52
1063,63.92,77.8,46.9
1087,64.32,77.32,48.15
1150,62.31,79.69,42.52
1130,62.79,80.12,42.52
1093,62.31,79.69,43.15
1079,62.72,79.34,43.77
1085,62.79,80.12,43.15
1091,63.19,79.62,43.77
1031,63.17,78.96,45.08
1007,62.65,78.93,44.87
1043,62.72,79.32,44.41
1064,63.19,79.63,44.39
1069,63.6,79.17,45.03
1087,64,78.68,46.27
1056,63.6,79.16,45.65
1032,63.52,78.28,46.27
1008,63.16,78.72,45.73
1463,65.39,84.77,43.77
1591,65.49,85.38,43.77
1628,65.49,85.38,44.4
1441,64.6,85.4,42.52
1359,65.01,85.2,43.15
1167,64.54,84.84,43.15
1302,64.15,85.25,42.52
1273,65.3,78.12,47.52
1188,64.88,78.6,46.9
1279,65.3,78.12,48.15
1138,62.87,81,41.9
1107,63.27,80.52,42.52
1127,63.35,81.4,41.9
1082,63.75,80.92,42.52
1065,63.27,80.52,43.15
1085,63.67,80.04,43.77
1041,63.75,80.92,43.15
1074,64.15,80.44,43.77
1059,64.15,80.44,44.4
1112,64.55,79.96,45.02
1066,63.67,80.04,44.4
1095,64.08,79.56,45.02
1082,64.08,79.56,45.65
1091,64.06,84.44,42.52
1156,63.98,83.56,41.9
1077,64.46,83.96,42.52
1124,63.9,82.68,41.9
1040,64.38,83.08,42.52
1051,64.31,82.2,42.52
1116,63.43,82.28,41.9
1030,63.83,81.8,42.52
1024,64.46,83.96,43.15
1181,64.94,84.37,43.77
989,64.38,83.08,43.15
1107,64.86,83.49,43.77
1008,64.31,82.2,43.15
1099,64.79,82.6,43.77
1090,64.71,81.72,43.77
982,63.83,81.8,43.15
1022,64.23,81.32,43.77
1204,64.94,84.37,44.4
1514,65.39,84.77,44.4
1404,65.34,83.89,44.4
2170,66.1,84.33,45.65
1666,65.64,84.3,44.4
1977,65.9,84.3,45.02
2129,66.1,83.42,45.65
1936,65.9,83.41,45.02
1589,65.62,83.42,44.4
1850,65.67,85.13,45.02
1077,64.71,81.72,44.4
1010,64.23,81.32,44.4
1081,64.63,80.84,44.4
1185,65.11,81.25,44.4
1310,65.48,80.77,45.02
1167,65.03,80.37,45.02
1106,64.55,79.96,45.65
1274,65.4,79.89,45.02
1181,64.96,79.48,45.65
1125,64.48,79.08,46.27
1390,65.68,80.25,45.02
1370,65.65,79.42,45.65
1275,65.35,79.01,46.27
1661,65.9,80.76,45.65
1596,65.9,80.21,45.65
1562,65.9,79.4,46.27
1841,66.1,80.46,46.62
1517,65.9,78.53,48.16
1802,66.1,79.41,48.2
1370,65.62,78.54,48.15
1512,65.9,78.52,47.53
1785,66.1,79.41,47.55
1364,65.62,78.54,47.52
1572,65.9,79.4,46.9
1273,65.35,79.01,46.9
1120,64.86,83.49,44.4
1338,65.29,83,44.4
1095,64.79,82.6,44.4
1374,65.53,81.65,45.02
1456,65.58,82.51,45.02
1211,65.19,82.13,45.02
1552,65.73,82.07,45.02
1474,65.7,81.18,45.65
1880,65.9,82.59,45.65
1738,65.9,81.18,46.38
1821,65.9,82.06,45.65
1783,65.9,81.65,45.65
2025,66.1,82.14,46.61
603,57.42,75.7,43.73
620,57.62,75.7,43.14
640,57.81,75.69,42.57
604,57.12,76.17,44.44
612,57.42,74.81,43.73
642,57.77,74.79,42.56
622,57.62,74.8,43.14
677,59.44,76.01,44.63
624,58.03,76.1,43.15
614,57.62,76.11,43.77
606,57.37,76.12,44.11
637,58.6,76.03,43.79
631,58.38,75.62,43.14
662,59,76.02,44.37
645,58.8,75.61,43.77
663,59.05,75.6,44.1
628,57.98,75.22,43.15
625,57.62,75.21,43.77
616,57.35,75.23,44.14
684,60.32,75.44,46.13
691,60.11,75.39,46
696,60.25,74.97,45.82
698,59.88,75.48,45.82
695,60.06,75.04,45.72
697,59.94,75.07,45.54
698,59.75,75.01,45.4
695,59.71,75.54,45.34
687,59.41,75.56,44.93
676,58.98,75.52,44.64
672,58.96,75.16,44.32
650,58.58,75.11,43.79
699,59.58,75.33,45.45
695,59.52,75.03,45.08
694,59.54,74.65,44.78
685,59.09,74.68,44.5
642,57.9,73.44,43.16
645,57.62,73.46,43.77
644,57.3,73.47,44.2
650,58.3,74.74,43.78
635,57.9,74.35,43.17
639,57.62,74.28,43.77
629,57.31,74.31,44.19
685,58.94,74.24,44.29
662,58.55,74.27,43.79
647,58.21,73.86,43.15
633,57.18,73.92,44.36
676,58.53,73.39,43.79
698,58.93,73.37,44.28
746,59.25,71.51,45.14
732,59.3,72.01,44.79
721,58.8,72.04,44.49
684,58.49,72.49,43.78
709,58.92,72.52,44.27
709,58.12,72.1,44.41
749,58.52,71.62,45
672,58.2,72.98,43.78
717,59.5,72.89,44.71
728,59.46,72.43,45.01
709,59.05,72.92,44.45
733,59.92,72.4,45.54
732,59.71,72.41,45.34
773,58.5,71.62,45.65
741,59.75,71.92,45.76
745,59.95,71.48,46.14
738,60.1,72.01,45.98
737,60.21,71.96,46.12
744,61.07,70.51,47.52
740,60.66,70.99,46.9
741,60.26,71.47,46.41
751,59.37,71.55,45.65
744,59.97,71.08,46.45
750,59.72,71.06,46.24
717,60.59,70.11,47.52
730,60.18,70.59,46.9
721,62.29,74.39,47.83
718,62.14,72.63,47.83
665,61.62,71.79,47.52
710,61.14,71.39,47.52
708,59.55,73.75,45.13
700,58.9,73.8,44.57
722,60.1,72.8,45.99
691,60.11,74.55,46
707,60.25,73.73,45.85
722,59.78,72.84,45.78
696,59.84,74.59,45.8
703,60.06,73.75,45.72
706,59.94,73.77,45.55
726,61.22,72.27,46.9
728,60.74,71.87,46.9
738,60.73,71.87,46.42
736,61.21,72.27,46.44
699,61.33,73.59,46.74
702,61.04,75.39,46.44
702,61.45,74.91,46.44
715,61.45,74.91,46.9
721,60.58,72.79,46.15
671,60.67,74.54,46.16
703,60.38,73.71,45.99
1488,44.02,77.32,40.86
1475,44.3,77.73,40.65
1467,44.85,78.13,40.45
1432,44.3,76.86,41.26
1278,45.21,76.78,41.28
1207,45.93,76.75,41.14
1212,46.26,77.12,41.03
1174,46.25,77.52,41.2
1400,44.81,77.26,40.85
1292,45.69,77.18,40.8
1259,46.29,77.13,40.7
1419,44.78,77.25,40.64
1324,45.68,77.17,40.56
1284,46.39,77.11,40.5
1268,46.38,77.61,40.75
1424,45.27,77.65,40.44
1332,46.22,77.55,40.42
1294,46.56,77.91,40.59
915,43.53,75.62,44.4
977,43.73,75.11,43.77
1017,43.53,75.63,43.77
1038,44.26,75.97,43.77
939,45.46,75.41,43.77
943,45.66,75.9,43.73
1144,43.73,75.61,43.14
1279,43.53,76.46,43.18
1203,43.99,76.44,43.14
1118,44.73,76.37,43.15
1015,45.46,75.9,43.14
993,45.66,76.3,43.13
1295,43.69,75.59,42.55
1347,43.62,76.46,42.15
1493,43.63,76.92,42.18
1403,43.52,76.46,42.64
1469,43.52,76.97,42.49
1506,43.63,77,41.67
1493,43.65,76.98,41.97
1529,43.52,77.5,41.92
1145,45.31,76.31,42.28
1117,45.28,76.32,42.58
1329,43.96,76.46,42.51
1206,44.73,76.37,42.53
1081,45.46,76.3,42.61
1103,45.5,76.29,42.3
1128,45.63,76.75,42.04
1157,45.93,77.15,41.49
1039,45.66,76.79,42.64
1060,45.7,76.75,42.35
1093,45.89,77.13,41.92
1448,43.92,76.71,41.67
1416,43.96,76.66,41.99
1380,44.33,76.85,41.9
1230,45.2,76.77,41.9
1600,43.53,80.51,40.59
1616,43.53,81.33,40.59
1623,43.53,82.21,40.6
1623,43.53,83.01,40.6
1588,43.68,80.47,40.46
1601,43.73,81.31,40.46
1607,43.73,82.19,40.46
1605,43.77,83.09,40.46
1566,43.53,78.69,41.15
1592,43.53,79.58,41.12
1561,43.53,79.09,40.6
1546,43.72,78.69,40.76
1589,43.53,79.99,40.58
1573,43.73,79.58,40.76
1535,43.8,78.67,40.65
1563,43.83,79.56,40.65
1537,43.91,79.09,40.46
1564,43.96,79.97,40.46
1524,43.69,77.43,41.19
1550,43.53,78.16,41.18
1490,43.97,77.31,41.27
1527,43.72,78.12,40.77
1511,43.97,78.22,40.65
1504,44.39,78.62,40.46
2066,65.9,85.17,45.65
1980,65.79,85.78,45.66
2248,66.1,85.3,46.62
1608,64.09,85.58,42.49
1673,64.09,85.58,43.12
1677,64.65,85.58,43.13
1759,65.08,85.58,43.76
1805,65.08,85.58,44.39
1830,65.61,85.58,45.02
1722,63.28,85.78,42.42
1875,63.28,85.78,43.08
1995,64.3,85.78,44.06
2024,65.18,85.78,45.01
2026,65.21,85.78,45.66
672,61.94,75.31,50.1
1674,65.77,79.41,50.1
1528,65.45,79.02,50.1
1388,64.95,78.61,50.1
1329,64.45,78.21,50.1
1312,63.96,77.8,50.1
1314,63.47,77.4,50.1
1320,62.98,77,50.1
1318,62.5,76.6,50.1
1307,62.02,76.19,50.1
4,48.78,77.88,60.79
4,48.79,77.86,60.79
4,48.8,77.88,60.79
4,48.79,77.89,60.79
4,48.8,77.85,60.77
4,48.83,77.85,60.77
4,48.82,77.86,60.77
4,48.81,77.83,60.77
4,48.75,77.9,60.78
3,48.75,77.92,60.8
4,48.78,77.9,60.79
4,48.76,77.89,60.79
4,48.85,77.88,60.79
4,48.8,77.9,60.79
4,48.82,77.89,60.79
4,48.83,77.91,60.81
4,48.86,77.91,60.81
4,48.82,77.92,60.8
4,48.81,77.92,60.8
3,48.78,77.92,60.8
3,48.61,77.89,60.82
3,48.62,77.91,60.81
3,48.46,77.89,60.82
4,48.48,77.86,60.81
4,48.47,77.87,60.81
4,48.51,77.83,60.79
4,48.5,77.85,60.79
4,48.54,77.83,60.77
4,48.55,77.82,60.77
4,48.52,77.82,60.77
4,48.48,77.88,60.8
3,48.49,77.9,60.81
4,48.5,77.87,60.81
3,48.51,77.89,60.82
3,48.41,77.85,60.81
3,48.4,77.84,60.81
3,48.38,77.83,60.79
3,48.37,77.82,60.79
3,48.34,77.82,60.78
4,48.45,77.82,60.78
4,48.44,77.82,60.79
4,48.41,77.83,60.79
4,48.43,77.84,60.79
3,48.42,77.82,60.79
4,48.4,77.82,60.77
3,48.37,77.87,60.82
3,48.37,77.88,60.83
3,48.39,77.86,60.81
3,48.39,77.89,60.82
3,48.4,77.87,60.81
3,48.42,77.89,60.82
4,48.43,77.87,60.81
4,48.44,77.88,60.81
3,48.42,77.9,60.82
4,48.43,77.89,60.8
3,48.43,77.9,60.81
3,48.36,77.83,60.79
3,48.34,77.85,60.81
3,48.37,77.84,60.79
3,48.36,77.86,60.81
4,48.71,77.9,60.81
4,48.72,77.91,60.8
3,48.68,77.9,60.81
4,48.68,77.87,60.81
4,48.69,77.88,60.8
4,48.69,77.9,60.81
4,48.66,77.86,60.79
4,48.65,77.85,60.79
4,48.64,77.86,60.79
4,48.7,77.84,60.79
4,48.69,77.86,60.79
4,48.72,77.86,60.79
4,48.71,77.87,60.79
4,48.69,77.83,60.77
4,48.68,77.85,60.77
4,48.66,77.83,60.77
4,48.67,77.82,60.77
4,48.7,77.82,60.75
4,48.72,77.83,60.77
4,48.73,77.84,60.77
4,48.74,77.83,60.77
4,48.76,77.82,60.75
4,48.73,77.82,60.77
4,48.64,77.88,60.8
4,48.65,77.87,60.79
4,48.66,77.88,60.8
3,48.64,77.9,60.81
3,48.67,77.9,60.81
4,48.73,77.87,60.79
4,48.72,77.88,60.79
4,48.75,77.88,60.79
4,48.74,77.89,60.79
4,48.75,77.85,60.77
4,48.76,77.87,60.77
4,48.76,77.84,60.77
4,48.77,77.85,60.77
4,48.78,77.83,60.75
4,48.6,77.87,60.81
3,48.59,77.89,60.82
4,48.58,77.87,60.81
3,48.57,77.88,60.82
4,48.61,77.86,60.79
4,48.59,77.85,60.79
4,48.65,77.83,60.75
4,48.63,77.83,60.77
4,48.62,77.85,60.77
4,48.62,77.82,60.77
4,48.61,77.84,60.77
4,48.61,77.88,60.8
4,48.45,77.84,60.79
4,48.47,77.85,60.79
4,48.44,77.85,60.79
4,48.46,77.86,60.79
4,48.48,77.83,60.77
4,48.47,77.82,60.77
4,48.49,77.82,60.77
4,48.52,77.84,60.79
4,48.55,77.84,60.79
4,48.54,77.86,60.81
4,48.57,77.85,60.79
4,48.55,77.87,60.81
4,48.51,77.86,60.79
4,48.53,77.87,60.81
4,48.54,77.88,60.8
3,48.54,77.9,60.81
4,48.58,77.84,60.77
4,48.56,77.83,60.77
4,48.57,77.85,60.77
4,48.55,77.84,60.77
4,48.59,77.83,60.75
4,48.62,77.9,60.79
4,48.62,77.88,60.79
4,48.9,77.85,60.79
4,48.89,77.87,60.79
4,48.87,77.83,60.77
4,48.86,77.84,60.77
4,48.88,77.84,60.77
4,48.87,77.86,60.77
4,48.84,77.83,60.75
4,48.89,77.91,60.8
4,48.87,77.9,60.78
4,48.88,77.92,60.8
4,48.87,77.88,60.79
4,48.84,77.86,60.77
4,48.86,77.87,60.77
4,48.83,77.87,60.77
4,48.85,77.89,60.77
4,48.91,77.87,60.79
4,48.9,77.88,60.79
4,48.93,77.88,60.81
4,48.93,77.91,60.81
4,48.89,77.89,60.79
4,48.9,77.93,60.8
5,49.04,77.88,60.82
4,49.01,77.85,60.81
4,48.91,77.84,60.77
4,48.93,77.85,60.77
4,48.94,77.84,60.77
4,48.89,77.83,60.75
4,48.92,77.82,60.77
4,48.95,77.82,60.75
4,48.98,77.83,60.78
4,48.98,77.87,60.8
4,48.99,77.9,60.81
4,48.95,77.86,60.78
5,49.06,77.81,60.82
5,49.09,77.82,60.84
5,49.12,77.84,60.85
5,49.11,77.8,60.87
5,49.09,77.87,60.83
5,49.07,77.85,60.82
4,49.03,77.83,60.78
4,49,77.82,60.74
4,49.06,77.81,60.78
3,48.33,77.86,60.83
3,48.33,77.86,60.81
3,48.32,77.89,60.82
3,48.35,77.87,60.81
3,48.36,77.89,60.82
3,48.29,77.86,60.82
3,48.31,77.84,60.78
3,48.26,77.88,60.81
3,48.26,77.91,60.81
3,48.32,77.91,60.81
3,48.29,77.93,60.8
3,48.26,77.84,60.78
4,48.28,77.83,60.75
3,48.21,77.89,60.81
3,48.21,77.92,60.81
3,48.23,77.87,60.78
3,48.23,77.83,60.74
3,48.2,77.84,60.78
3,48.18,77.87,60.81
3,48.18,77.94,60.8
3,48.15,77.89,60.81
3,48.15,77.92,60.81
3,48.15,77.85,60.78
3,48.17,77.83,60.74
3,48.1,77.89,60.81
3,48.1,77.92,60.81
3,48.12,77.88,60.78
3,48.07,77.94,60.79
3,48.07,77.88,60.81
3,48.07,77.91,60.81
3,48.12,77.83,60.74
3,48.09,77.85,60.78
3,48.04,77.89,60.8
3,48.04,77.93,60.8
3,48.04,77.86,60.78
3,48.06,77.83,60.74
3,48.04,77.82,60.75
3,48.01,77.83,60.78
3,47.98,77.83,60.75
3,47.96,77.88,60.81
3,47.96,77.92,60.81
3,47.98,77.86,60.78
3,47.99,77.9,60.8
3,47.99,77.93,60.8
3,48.01,77.89,60.78
3,47.93,77.93,60.8
3,47.96,77.95,60.79
6,46.12,77.82,60.86
6,46.23,77.84,60.82
4,46.84,77.84,60.77
4,46.79,77.86,60.82
4,46.74,77.9,60.86
5,46.74,77.93,60.84
5,46.58,77.93,60.85
5,46.57,77.87,60.86
5,46.62,77.84,60.82
4,47.02,77.92,60.83
5,46.63,77.91,60.86
5,46.63,77.93,60.84
5,46.68,77.87,60.82
5,46.73,77.84,60.76
4,46.97,77.88,60.82
4,46.95,77.94,60.81
4,46.85,77.89,60.82
4,46.85,77.95,60.81
4,46.9,77.86,60.77
4,47.18,77.86,60.86
4,47.18,77.9,60.84
4,47.06,77.82,60.78
4,47.12,77.84,60.82
4,47.32,77.88,60.86
4,47.32,77.85,60.85
4,47.32,77.89,60.85
4,47.3,77.84,60.85
4,47.28,77.84,60.87
4,47.26,77.9,60.85
4,47.26,77.87,60.86
4,47.29,77.88,60.86
4,47.29,77.9,60.84
4,47.23,77.84,60.82
4,47.13,77.91,60.83
4,47.07,77.86,60.82
4,47.04,77.89,60.82
4,47.1,77.88,60.82
4,47.07,77.9,60.81
4,47.08,77.94,60.81
4,47.01,77.85,60.76
3,47.57,77.88,60.84
3,47.6,77.9,60.83
3,47.65,77.84,60.82
3,47.59,77.84,60.82
3,47.62,77.86,60.82
3,47.67,77.82,60.82
3,47.62,77.82,60.82
4,47.48,77.84,60.84
3,47.49,77.87,60.86
3,47.51,77.88,60.84
4,47.38,77.88,60.86
4,47.37,77.85,60.85
4,47.38,77.89,60.85
4,47.43,77.84,60.85
3,47.43,77.88,60.86
4,47.4,77.83,60.85
4,47.39,77.8,60.84
4,47.4,77.88,60.86
4,47.41,77.9,60.84
4,47.34,77.84,60.82
4,47.37,77.82,60.82
4,47.31,77.82,60.82
4,47.54,77.85,60.82
4,47.54,77.81,60.79
4,47.51,77.83,60.82
4,47.45,77.83,60.82
4,47.48,77.82,60.82
4,47.42,77.82,60.82
4,47.56,77.82,60.78
3,47.8,77.9,60.82
3,47.77,77.87,60.81
3,47.76,77.91,60.81
3,47.8,77.89,60.8
3,47.71,77.88,60.81
2,47.71,77.91,60.81
3,47.73,77.86,60.78
3,47.73,77.82,60.75
3,47.7,77.83,60.78
3,47.68,77.86,60.82
3,47.65,77.88,60.81
2,47.65,77.91,60.81
2,47.88,77.94,60.8
3,47.85,77.89,60.8
2,47.85,77.92,60.81
3,47.93,77.87,60.78
3,47.95,77.84,60.74
3,47.9,77.9,60.78
3,47.87,77.87,60.78
3,47.9,77.84,60.78
3,47.92,77.83,60.75
3,47.87,77.83,60.74
3,47.79,77.85,60.78
3,47.76,77.83,60.74
3,47.81,77.83,60.74
3,47.82,77.88,60.78
3,47.84,77.85,60.74
4,48.84,77.8,60.74
3,48.37,77.8,60.79
3,48.34,77.8,60.78
3,48.42,77.8,60.79
4,48.45,77.8,60.77
3,48.44,77.8,60.79
3,48.4,77.8,60.77
4,48.46,77.8,60.77
4,48.49,77.8,60.77
4,48.56,77.8,60.77
4,48.53,77.8,60.74
4,48.62,77.8,60.77
4,48.59,77.8,60.74
4,48.65,77.8,60.75
4,48.67,77.8,60.77
4,48.7,77.8,60.75
4,48.73,77.8,60.77
4,48.72,77.8,60.77
4,48.74,77.8,60.77
4,48.76,77.8,60.75
4,48.78,77.8,60.74
4,48.81,77.81,60.74
4,48.89,77.8,60.75
4,48.92,77.8,60.77
4,48.95,77.8,60.75
5,49.03,77.8,60.78
4,49,77.8,60.74
5,49.06,77.8,60.78
5,49.09,77.79,60.82
5,49.11,77.79,60.83
5,49.11,77.79,60.86
3,48.04,77.8,60.75
3,47.98,77.8,60.75
3,48.01,77.8,60.77
3,48.06,77.8,60.74
3,48.12,77.8,60.74
3,48.17,77.8,60.74
3,48.23,77.8,60.74
3,48.28,77.8,60.75
4,47.23,77.8,60.84
4,47.06,77.8,60.78
4,47.13,77.8,60.84
3,47.67,77.8,60.83
3,47.62,77.8,60.82
3,47.7,77.8,60.78
3,47.73,77.8,60.75
4,47.31,77.8,60.83
4,47.37,77.8,60.83
4,47.54,77.8,60.79
4,47.51,77.8,60.83
4,47.42,77.8,60.83
4,47.48,77.8,60.83
4,47.45,77.8,60.83
3,47.57,77.8,60.78
3,47.92,77.8,60.75
3,47.87,77.8,60.74
3,47.96,77.8,60.74
3,47.82,77.8,60.74
3,47.76,77.8,60.74
4,47.01,77.8,60.76
4,46.9,77.81,60.76
4,46.84,77.81,60.7
4,46.79,77.81,60.76
5,46.4,77.84,60.86
5,46.51,77.83,60.86
5,46.62,77.8,60.84
4,46.72,77.8,60.77
5,46.18,77.85,60.86
5,46.29,77.84,60.86
5,46.23,77.81,60.84
6,46.12,77.81,60.84
476,58.96,66.31,49.23
499,60.76,66.31,50.13
481,60.78,66.61,50.3
194,43.52,69.42,49.65
730,43.53,73.81,45.02
700,43.53,73.25,45.02
226,43.85,68.42,50.3
214,43.63,68.9,50.3
203,43.53,69.36,50.11
241,44.84,68.35,50.3
248,45.27,67.86,50.3
246,45.68,67.33,50.3
238,46.08,66.75,50.3
224,47.51,66.31,50.14
235,46.48,66.45,50.3
221,49.19,66.31,50.13
271,50.94,66.31,50.13
382,53.68,66.31,49.22
411,52.56,66.31,50.13
392,55.43,66.31,49.25
375,54.48,66.31,50.13
403,57.32,66.31,49.23
378,56.26,66.31,50.13
579,62.71,68.01,50.3
559,62.84,69.87,50.3
528,62.99,71.66,50.3
484,62.36,74.83,50.3
509,63.15,73.43,50.3
498,62.77,74.35,50.3
556,61.74,67.19,50.3
640,61.95,75.31,50.3
1909,66.1,80.27,50.13
2016,66.1,81.23,50.14
1874,66.1,79.89,50.19
1786,65.95,79.44,50.3
1644,65.61,79.03,50.3
1493,65.07,78.62,50.3
1418,64.54,78.21,50.3
1391,64.02,77.81,50.3
1384,63.51,77.4,50.3
1379,63.02,77,50.3
1373,62.53,76.6,50.3
1363,62.04,76.19,50.3
977,44.18,75.09,43.77
1018,43.97,75.6,43.77
950,43.94,74.68,43.77
900,43.73,75.11,44.4
869,43.73,74.7,44.4
849,43.53,75.11,45.02
813,43.53,74.7,45.02
687,61.93,75.31,49.84
1910,65.9,81.18,49.96
1426,65.35,79.01,49.84
1313,64.88,78.6,49.84
1270,64.4,78.2,49.84
1260,63.92,77.8,49.84
1268,62.48,76.6,49.84
1256,62.01,76.19,49.84
671,61.83,69.11,49.08
709,60.99,69.63,48.15
734,61.47,70.03,48.15
702,60.59,70.11,48.15
715,61.07,70.51,48.15
620,61.98,70.87,49.08
653,61.14,71.39,48.15
622,61.62,71.79,48.15
594,62.14,72.63,49.08
611,61.85,74.43,48.77
554,61.85,74.43,49.4
582,62.25,73.95,49.4
648,62.25,73.95,48.77
484,60.73,66.51,49.95
512,60.74,66.9,49.84
190,44.07,68.45,49.84
143,43.91,68.92,49.84
180,43.72,69.35,49.95
247,44.91,68.37,49.84
322,45.31,67.89,49.84
342,45.71,67.42,49.84
341,46.11,66.95,49.84
332,46.51,66.72,49.84
272,47.52,66.51,49.96
249,49.19,66.51,49.95
291,50.94,66.51,49.95
381,52.56,66.51,49.96
355,54.48,66.51,49.95
349,56.26,66.51,49.95
587,61.68,67.4,49.84
510,58.95,66.51,49.14
776,57.31,68.18,46.9
628,58.96,66.95,47.83
802,58.19,68.1,46.9
738,58.67,68.5,47.52
721,59.07,68.02,47.52
738,58.59,67.62,46.9
617,58.12,67.22,46.9
691,57.71,67.7,46.9
861,57.79,68.58,46.9
809,56.67,69.25,46.21
816,56.42,69.27,46.46
758,56.43,69.02,46.23
824,56.91,68.66,46.89
882,57.39,69.06,46.9
854,56.99,69.53,46.27
848,56.67,70.01,46.22
589,59.91,67.51,49.08
637,59.55,68.42,48.15
671,59.07,68.02,48.15
677,58.67,68.5,48.15
745,58.27,68.98,47.52
633,59.15,68.9,48.15
679,58.75,69.38,47.52
748,57.87,69.46,47.52
855,57.47,69.94,46.9
639,51.27,75.37,40.84
678,51.2,74.48,40.85
604,50.57,74.49,42.06
606,50.69,74.07,42.34
608,50.7,74.07,41.89
620,50.77,74.08,41.25
603,50.73,74.05,42.56
600,50.68,75.02,42.32
608,50.7,74.95,41.92
622,50.82,74.95,41.26
703,51.7,74.88,40.85
736,52.07,74.4,41.26
710,52.33,74.38,42.01
688,52.38,74.41,42.35
716,52.39,75.28,42.33
859,56.44,70.01,46.44
834,56.48,70.48,46.14
797,56.1,69.62,46.4
844,57.54,70.82,46.27
722,56.16,71.84,45.84
861,57.06,70.42,46.27
885,57.06,70.42,46.9
851,56.72,70.89,46.24
789,56.06,70.54,46.14
615,54.82,70.22,46.2
732,55.65,70.15,46.16
811,56.25,70.94,46.12
786,56.31,71.41,46
700,55.65,71.04,46
580,54.48,70.75,46.01
659,55.24,70.67,46.01
728,55.99,71.43,45.99
173,43.63,69.25,48.67
357,43.52,69.89,48.77
194,43.69,69.39,49.57
833,45.97,74.89,44.45
848,45.81,74.55,44.24
970,45.23,74.51,43.14
899,45.46,74.47,43.77
934,44.9,73.25,43.14
936,45.21,73.66,43.14
871,45.46,73.65,43.77
827,45.79,73.64,44.21
914,45.18,72.78,43.14
851,45.46,72.77,43.77
814,45.78,72.76,44.2
850,44.85,72.37,43.78
789,44.32,71.97,44.4
743,44,71.56,45.02
803,45.91,73.18,44.38
862,44.37,72.86,43.77
656,43.73,70.7,46.27
654,43.53,71.58,46.27
691,43.73,71.58,45.65
633,43.53,72.46,45.65
708,43.73,72.45,45.02
784,44.03,72.44,44.4
420,43.7,69.87,48.14
423,43.53,70.7,48.15
456,43.72,69.89,47.51
462,43.53,70.7,47.52
559,43.73,70.7,46.89
585,43.53,71.58,46.9
940,45.03,75.02,43.78
876,45.51,74.99,44.16
916,44.12,74.21,43.77
807,43.92,73.8,44.4
935,44.57,74.61,43.77
896,44.95,74.13,43.78
887,44.49,73.73,43.77
789,44.07,73.34,44.4
699,43.73,73.25,45.02
728,43.73,73.81,45.02
833,43.73,74.21,44.4
768,43.53,74.21,45.02
948,45.26,75.43,43.79
863,45.65,75.42,44.36
822,46.1,75.4,44.63
768,46.38,75.29,45.02
378,57.32,66.51,49.14
342,56.35,67.37,47.52
392,57.19,67.02,47.83
507,56.83,67.77,47.52
372,55.95,67.85,47.52
397,55.55,68.33,46.9
603,56.43,68.25,47.52
647,56.03,68.73,46.9
672,55.63,69.21,46.9
639,55.23,69.67,46.41
429,55.15,68.81,46.89
465,54.74,69.25,46.36
350,55.42,66.51,49.16
352,56.26,66.73,49.06
328,55.88,67,48.15
340,55.41,66.76,48.15
326,54.99,67.06,48.15
320,54.59,67.53,47.52
320,55.47,67.45,48.15
322,55.07,67.93,47.52
330,54.67,68.41,47.52
332,54.28,68.88,46.88
321,54.19,68,47.52
314,53.82,68.48,46.87
338,53.87,69.36,46.9
336,52.98,69.43,46.27
325,53.39,68.96,46.9
361,53.68,66.51,49.13
325,54.52,66.78,49.09
347,54.11,67.11,48.15
369,53.63,66.82,48.15
348,53.71,67.6,48.15
344,53.31,68.08,47.52
366,52.83,67.68,47.52
371,53.23,67.2,48.15
361,52.51,69.04,46.9
347,52.91,68.56,47.52
393,52.03,68.64,46.9
369,52.43,68.16,47.52
407,51.23,69.6,46.27
396,51.63,69.12,46.9
405,51.55,68.24,47.52
420,51.07,67.83,47.52
387,52.64,66.84,49.08
402,51.91,67.36,47.82
395,50.75,69.19,46.9
389,51.15,68.71,47.52
397,50.27,68.79,46.89
390,50.67,68.31,47.52
399,49.47,69.75,46.41
372,49.87,69.27,46.89
378,50.59,67.43,48.15
380,50.11,67.04,48.15
356,50.98,66.89,49.08
349,49.79,68.39,47.52
331,50.19,67.91,48.15
355,49.31,67.99,47.52
331,49.71,67.51,48.15
384,48.99,69.35,46.9
345,49.39,68.87,47.52
399,48.51,68.95,46.9
358,48.91,68.47,47.52
410,45.79,68.3,48.77
339,48.83,67.59,48.15
303,49.21,66.94,49.08
344,48.35,67.15,48.15
404,46.19,67.82,48.77
387,46.59,67.34,48.77
366,46.19,67.82,49.4
402,46.67,68.22,48.15
403,47.15,68.62,47.52
379,48.03,68.54,47.52
346,48.43,68.07,48.15
382,47.07,67.74,48.15
388,47.55,68.14,47.52
352,47.95,67.66,48.15
335,47.41,67.01,49.08
361,46.59,67.34,49.4
348,45.79,68.3,49.4
393,48.58,69.83,46.9
421,46.27,68.7,48.15
419,46.75,69.1,47.52
429,47.22,69.5,46.9
390,47.63,69.02,47.52
404,48.1,69.42,46.9
195,44.51,68.85,48.77
380,45.39,68.77,48.77
103,44.51,68.85,49.4
269,45.39,68.77,49.4
424,44.98,69.25,48.15
425,45.87,69.18,48.15
144,44.12,69.33,48.77
88,44.12,69.33,49.39
416,53.61,70.81,45.86
471,54.35,69.74,46.42
357,53.49,69.83,46.41
411,53.51,70.34,46.12
483,54,70.29,46.18
497,53.8,70.81,45.99
379,53.45,70.35,45.98
340,53.25,69.8,46.16
579,51.15,71,43.79
566,51.75,70.88,43.78
602,51.42,71.36,43.14
614,51.96,71.29,43.14
643,51.8,71.76,42.52
590,50.93,71.04,43.77
606,50.73,71.85,43.73
705,51.61,74,41.27
696,51.53,73.12,41.27
706,51.93,72.64,41.89
687,52.02,72.18,42.27
611,51.09,72.72,41.88
622,51.46,72.23,42.52
673,52.15,72.17,42.61
633,52.15,71.77,43.15
574,52.15,71.28,43.77
657,52.35,72.18,43.14
615,52.35,71.77,43.73
649,51.13,73.6,41.27
607,50.86,73.18,41.74
606,50.9,72.68,42.32
610,50.7,73.54,42.35
607,50.77,73.56,42.04
609,50.93,71.84,43.14
606,50.93,72.69,42.61
611,50.73,72.72,43.14
604,50.73,73.56,42.64
647,52.35,72.69,43.14
724,52.25,73.94,41.72
751,52.01,73.52,41.26
731,52.22,73.06,41.74
649,52.35,73.52,42.63
670,52.15,72.69,42.62
667,52.38,73.54,42.36
703,52.32,73.5,42.04
694,52.18,72.68,42.32
349,53.45,71.24,45.39
346,53.59,71.3,45.58
347,53.33,70.78,45.56
352,53.41,70.77,45.74
357,53.23,71.19,45.24
361,53.06,70.79,45.34
350,52.99,70.32,45.71
561,52.46,71.75,44.18
483,52.35,71.27,44.38
439,52.78,71.33,44.62
439,52.33,70.82,44.63
376,52.78,70.3,45.25
390,52.76,70.8,44.94
372,53.06,71.22,45.01
729,46.3,72.71,44.9
714,46.55,71.3,45.24
738,46.28,71.8,44.87
720,46.25,71.36,45.17
697,46.64,70.91,45.56
690,46.77,71.37,45.39
662,43.97,70.68,46.27
754,46.15,72.28,44.7
786,45.71,72.3,44.44
785,45.2,71.89,44.42
711,44.27,71.09,45.65
740,44.74,71.49,45.02
636,44.22,70.21,46.27
761,45.94,71.45,44.76
784,45.46,71.39,44.5
717,44.66,70.61,45.65
752,45.14,71.01,45.02
686,46.72,70.91,45.74
681,46.92,70.95,45.86
662,46.91,71.46,45.58
412,43.91,69.82,48.16
411,44.58,69.73,48.15
433,46.34,69.58,47.52
448,45.46,69.66,47.52
449,43.94,69.84,47.53
446,44.58,69.73,47.52
570,43.97,70.68,46.9
506,46.82,69.98,46.9
536,45.94,70.06,46.9
539,44.22,70.21,46.9
547,45.06,70.13,46.9
671,46.77,70.49,45.99
597,46.57,69.94,46.16
691,46.33,70.46,45.72
722,46.37,70.92,45.34
738,45.89,70.94,45.12
634,45.06,70.13,46.27
615,45.94,70.06,46.27
708,45.54,70.54,45.65
564,46.83,69.97,46.41
436,47.7,69.89,46.43
662,46.84,70.48,46.13
564,47.35,70.42,46.18
647,47.14,70.94,45.99
372,50.34,69.67,46.9
367,52.11,69.52,46.9
416,49.61,70.22,46
423,49.67,70.67,45.73
418,49.48,70.74,45.86
427,49.49,71.14,45.57
566,50.6,71.86,44.22
600,51.17,71.83,43.14
487,51.77,70.88,44.41
419,52.18,70.4,45.02
447,51.3,70.48,45.02
445,50.53,70.55,45.1
501,51.01,70.97,44.47
439,50.17,71.08,45.14
518,50.65,71.48,44.48
469,50.48,70.97,44.72
464,50.19,71.42,44.77
427,49.61,71.55,45.4
433,49.82,71.48,45.28
404,50.01,70.15,46.21
400,50.82,70.07,46.27
387,51.7,70,46.27
352,52.58,69.92,46.27
418,49.84,70.61,45.82
422,49.79,71.02,45.54
428,49.98,71.03,45.4
423,50.42,70.55,45.65
415,51.3,70.48,45.65
389,52.18,70.4,45.65
388,49.81,70.15,46.45
406,48.18,70.3,46.45
400,49.07,70.23,46.43
463,47.8,70.82,46.21
398,48.63,70.74,46.21
403,49.4,70.66,46.15
407,49.44,71.13,45.99
442,47.5,71.32,46
391,48.25,71.25,46.01
405,49,71.17,46
788,56.55,71.36,45.82
801,57.14,71.3,45.65
733,56.36,71.8,45.72
725,56.48,71.77,45.54
730,56.67,71.76,45.39
662,56.72,73.07,44.99
744,57.03,71.79,45.21
702,57.04,72.19,44.89
751,57.64,71.7,45.03
703,57.49,72.16,44.59
686,57.35,73.04,44.47
698,57.77,72.58,44.45
711,56.16,72.31,45.86
727,56.36,72.28,45.73
644,56.18,73.1,45.58
717,56.46,72.26,45.55
672,56.32,73.07,45.39
796,57.62,71.7,45.65
837,57.54,70.82,46.9
803,58.02,71.22,46.27
755,58.9,71.14,46.27
684,58.35,69.86,47.52
795,57.94,70.34,46.9
720,58.83,70.26,46.9
786,58.42,70.74,46.27
708,59.3,70.66,46.9
615,60.87,68.31,49.08
630,60.03,68.82,48.15
656,60.51,69.23,48.15
628,59.63,69.3,48.15
658,59.23,69.78,47.52
656,60.11,69.71,48.15
671,59.71,70.18,47.52
611,61.83,69.11,49.84
580,61.98,70.87,49.84
542,62.14,72.63,49.84
517,61.85,74.43,49.84
536,62.25,73.95,49.84
595,61.45,74.91,49.84
506,59.92,67.43,50.1
173,44.45,68.85,50.1
162,44.05,69.33,50.1
221,45.37,68.77,50.1
272,45.78,68.29,50.1
291,46.18,67.8,50.1
291,46.59,67.3,50.1
269,47.39,66.92,50.1
242,49.21,66.83,50.1
249,50.97,66.78,50.1
314,52.63,66.72,50.1
335,54.5,66.67,50.1
328,56.27,66.62,50.1
590,61.84,69.09,50.1
562,61.99,70.87,50.1
527,62.15,72.63,50.1
500,61.86,74.43,50.1
517,62.26,73.95,50.1
568,61.46,74.91,50.1
578,60.88,68.26,50.1
785,52.62,75.68,41.85
721,52.28,74.78,41.72
724,52.36,75.26,41.96
824,52.71,75.23,41.05
813,52.72,75.68,41.3
824,52.76,76.21,41.54
830,52.62,75.69,40.79
745,52.24,76.16,40.57
611,51.84,76.64,40.44
725,52.16,75.28,41.27
604,50.56,75.46,41.2
659,51.77,75.76,40.83
584,51.37,76.24,40.6
606,50.87,75.84,40.8
605,50.45,75.43,40.8
580,50.47,76.3,40.52
580,50.1,75.95,40.52
576,50.04,75.96,40.72
549,49.9,76.75,40.69
585,50.23,75.9,41.06
572,50.09,76.32,40.86
602,50.62,75.43,41.79
592,50.46,75.85,41.5
588,50.52,75.84,41.98
573,50.21,76.29,41.34
786,54.33,78.94,41.62
819,54.29,78.82,41.66
806,54.3,78.83,41.72
746,54.4,78.87,41.97
699,54.5,78.88,42.14
940,54.04,78.79,41.16
921,53.95,78.7,41.24
957,54.03,78.75,41.04
934,53.92,78.66,41.11
941,53.83,78.65,41.05
942,54.19,78.89,41.14
927,54.16,78.83,41.2
948,54.14,78.86,41.12
917,54.16,78.86,41.25
932,54.09,78.82,41.19
909,54.06,78.72,41.3
912,54.27,78.94,41.23
909,54.21,78.87,41.26
902,54.32,78.97,41.23
935,54.26,78.92,41.15
928,54.32,78.97,41.15
956,54.2,78.87,41.07
958,54.14,78.84,41.07
971,54.2,78.87,41
970,54.14,78.83,41
954,54.26,78.92,41.08
951,54.32,78.97,41.07
973,54.26,78.92,41
972,54.32,78.97,41
907,53.95,78.74,41.35
846,54.32,78.98,41.39
866,54.27,78.96,41.37
875,54.32,78.98,41.31
870,54.22,78.91,41.4
877,54.17,78.78,41.45
817,54.32,78.98,41.46
836,54.27,78.92,41.49
793,54.33,79,41.54
817,54.25,78.94,41.56
854,54.15,78.8,41.56
844,54.23,78.92,41.48
887,54.27,78.95,41.3
892,54.2,78.89,41.33
892,54.06,78.76,41.4
868,54.07,78.8,41.53
992,54.03,78.81,40.87
1012,54.03,78.78,40.72
1042,53.93,78.89,40.59
995,53.89,78.76,40.84
979,53.81,78.71,40.91
1006,53.9,78.72,40.71
1031,53.8,78.79,40.58
990,54.15,78.93,40.92
1005,54.15,78.93,40.84
989,54.09,78.88,40.92
1003,54.09,78.88,40.84
991,54.21,78.98,40.92
990,54.27,79.03,40.92
1008,54.21,78.98,40.84
1008,54.27,79.03,40.84
1020,54.14,78.88,40.72
1050,54.05,78.98,40.6
1027,54.26,78.98,40.72
1054,54.18,79.08,40.61
1071,53.94,79.07,40.55
1070,54.16,79.09,40.53
1043,53.81,78.78,40.48
1071,53.83,79.01,40.53
1102,53.96,79.13,40.43
1100,54.07,79.2,40.44
1105,53.74,79.07,40.43
1081,53.73,78.88,40.42
957,53.64,78.61,40.92
984,53.7,78.69,40.86
1002,53.79,78.68,40.68
988,53.7,78.64,40.73
1016,53.68,78.7,40.57
964,53.29,78.43,40.66
1007,53.56,78.64,40.56
987,53.57,78.63,40.71
959,53.52,78.59,40.89
966,53.52,78.57,40.74
1028,53.7,78.69,40.48
1016,53.58,78.64,40.48
1057,53.61,78.77,40.41
976,53.35,78.42,40.5
982,53.43,78.52,40.52
1029,53.52,78.65,40.42
930,53.21,76.95,40.62
944,53.19,78.24,40.77
963,53.31,78.14,40.51
955,53.28,77.77,40.5
952,53.15,76.95,40.42
975,53.16,77.81,40.41
998,53.18,78.24,40.41
851,52.87,76.1,41.04
852,52.9,76.54,41.27
547,50.96,76.72,40.44
550,50.03,76.77,40.42
876,52.86,76.11,40.73
900,53.01,76.59,40.8
874,52.75,76.56,40.52
816,52.34,77.04,40.43
961,44.26,75.97,44.4
913,44.64,75.49,44.4
1054,45.28,76.32,43.13
984,45.08,75.9,43.78
907,45.53,75.88,44.2
888,45.86,76.28,44.3
847,45.8,75.83,44.56
802,46.24,75.82,44.82
601,55.71,78.88,42.45
572,55.5,78.88,42.45
618,55.5,79.08,42.29
551,55.28,78.88,42.29
603,55.28,79.08,42.13
556,55.08,78.88,42.29
573,54.73,79.21,41.62
569,54.73,79.21,41.7
596,54.84,79.21,41.62
627,54.95,79.2,41.62
655,55.06,79.19,41.62
638,55.06,79.19,41.7
586,54.84,79.21,41.7
611,54.95,79.2,41.7
567,54.73,79.21,41.78
564,54.73,79.21,41.86
623,55.06,79.19,41.78
578,54.84,79.21,41.78
598,54.95,79.2,41.78
587,54.95,79.2,41.86
654,54.9,79.26,41.47
695,55.01,79.25,41.47
716,55.07,79.3,41.47
622,54.9,79.26,41.54
667,55.01,79.25,41.54
693,55.07,79.3,41.54
852,54.9,79.26,41.39
707,55.01,79.25,41.39
1928,54.9,79.26,41.31
758,55.01,79.25,41.31
723,55.07,79.3,41.39
752,55.07,79.3,41.31
637,54.85,79.32,41.47
593,54.85,79.32,41.54
614,54.68,79.27,41.47
600,54.79,79.26,41.47
555,54.68,79.27,41.54
573,54.79,79.26,41.54
19652,54.79,79.26,41.31
10180,54.85,79.32,41.31
797,54.79,79.26,41.39
1009,54.85,79.32,41.39
609,55.06,79.18,41.86
618,55.16,79.18,41.93
583,55.08,79.06,42.01
573,55.09,79.08,42.13
572,54.84,79.21,41.86
575,54.94,79.17,41.96
676,55.12,79.24,41.62
659,55.12,79.24,41.7
689,55.28,79.22,41.66
707,55.5,79.21,41.66
741,55.62,79.3,41.66
643,55.12,79.24,41.78
629,55.12,79.24,41.86
667,55.28,79.23,41.81
698,55.5,79.23,41.81
724,55.62,79.3,41.82
753,55.18,79.34,41.35
760,55.4,79.32,41.35
803,55.3,79.44,41.19
813,55.52,79.42,41.35
873,55.42,79.54,41.19
729,55.18,79.34,41.5
746,55.4,79.32,41.5
792,55.52,79.42,41.5
644,55.28,79.24,41.97
681,55.51,79.24,41.97
659,55.51,79.24,42.13
3612,54.96,79.36,41.19
1058,54.96,79.36,41.04
904,55.08,79.46,41.04
837,55.08,79.46,41.19
1079,54.86,79.48,40.88
1099,54.86,79.48,40.72
1024,54.98,79.58,40.74
1000,54.98,79.58,40.88
1088,54.76,79.6,40.57
1082,54.88,79.7,40.6
1463,54.66,79.72,40.44
1396,54.78,79.82,40.45
869,55.2,79.56,41.04
1029,55.22,79.78,40.88
942,55.1,79.68,40.88
981,55.1,79.68,40.76
1126,55.1,79.88,40.78
1116,55,79.8,40.63
1276,55.02,79.98,40.66
1482,54.9,79.92,40.45
1616,55.02,80.05,40.46
649,54.5,79.12,41.62
604,54.56,79.17,41.62
637,54.5,79.12,41.7
599,54.56,79.17,41.7
627,54.5,79.12,41.78
595,54.56,79.17,41.78
720,54.38,79.05,41.68
750,54.33,78.98,41.72
740,54.38,79.03,41.62
700,54.44,79.07,41.62
684,54.44,79.07,41.7
664,54.45,79.09,41.77
713,54.39,79,41.8
649,54.45,79.11,41.84
697,54.38,79.03,41.87
780,54.27,78.86,41.87
729,54.33,79,41.79
574,54.62,79.22,41.62
573,54.62,79.22,41.7
572,54.62,79.22,41.78
591,54.56,79.17,41.86
618,54.5,79.13,41.85
585,54.61,79.13,41.93
631,54.5,79.05,41.99
569,54.62,79.22,41.86
882,54.33,79.08,41.23
863,54.39,79.13,41.23
915,54.33,79.08,41.15
903,54.39,79.13,41.15
945,54.33,79.08,41.07
970,54.33,79.08,41
941,54.39,79.13,41.07
965,54.39,79.13,41
775,54.45,79.18,41.23
800,54.45,79.18,41.15
752,54.51,79.23,41.23
795,54.51,79.23,41.15
875,54.5,79.18,41.04
704,54.45,79.18,41.39
724,54.45,79.18,41.31
673,54.51,79.23,41.39
704,54.51,79.23,41.31
684,54.45,79.18,41.47
664,54.45,79.18,41.54
618,54.51,79.23,41.54
632,54.51,79.23,41.47
813,54.33,79.08,41.39
776,54.39,79.13,41.39
845,54.33,79.08,41.31
814,54.39,79.13,41.31
782,54.33,79.08,41.47
759,54.33,79.08,41.54
743,54.39,79.13,41.47
718,54.39,79.13,41.54
13229,54.62,79.28,41.19
4259,54.62,79.28,41.04
8298,54.74,79.38,41.04
19945,54.74,79.38,41.19
7866,54.62,79.28,41.35
596,54.57,79.28,41.47
618,54.63,79.33,41.47
563,54.57,79.28,41.54
554,54.63,79.33,41.54
989,54.28,79.2,40.88
1030,54.28,79.2,40.72
1026,54.4,79.3,40.72
982,54.4,79.3,40.88
1012,54.52,79.4,40.72
923,54.52,79.4,40.88
1055,54.64,79.5,40.72
2825,54.64,79.5,40.88
1025,54.42,79.52,40.58
1211,54.54,79.62,40.58
1057,54.18,79.31,40.58
1048,54.31,79.41,40.57
1079,54.32,79.63,40.44
1504,54.44,79.74,40.44
1085,54.09,79.42,40.44
1071,54.21,79.53,40.44
563,54.72,79.18,41.96
565,54.94,79.2,42.11
559,54.84,79.07,42.16
568,54.72,79.07,42.13
584,54.62,79.07,42.16
553,54.94,79.08,42.29
607,54.84,78.88,42.29
632,54.72,78.88,42.29
657,54.62,78.88,42.29
584,54.94,78.88,42.44
720,61.93,75.31,48.77
704,61.93,75.31,49.4
675,61.45,74.91,48.77
638,61.45,74.91,49.4
1123,63.84,76.92,49.4
1263,63.44,77.4,49.84
1035,63.84,76.92,48.77
957,63.37,76.52,48.77
1048,63.37,76.52,49.4
1270,62.96,77,49.84
1197,62.48,76.6,49.4
1207,64.4,78.2,49.4
1168,64.4,78.2,48.77
1199,63.92,77.8,49.4
1154,63.92,77.8,48.77
1245,64.88,78.6,49.4
1208,64.88,78.6,48.77
2283,66.1,85.36,49.29
1928,66.1,80.49,49.22
1745,65.9,79.87,50
1787,65.9,80.25,49.95
1624,65.9,79.41,48.81
1314,65.35,79.01,48.77
1560,65.65,79.41,49.84
1663,65.9,79.41,49.47
1355,65.35,79.01,49.4
2055,66.1,82.2,49.24
1854,65.9,81.19,49.37
2181,66.1,84,49.26
1177,62.01,76.19,49.4
647,55.72,79.08,42.29
1259,55.73,80.51,40.46
1279,55.93,80.27,40.66
786,55.74,79.4,41.66
875,55.64,79.52,41.35
846,55.64,79.52,41.5
707,55.73,79.23,41.97
740,55.84,79.28,41.82
690,55.73,79.23,42.13
762,55.74,79.4,41.82
708,55.62,79.3,41.97
686,55.62,79.31,42.13
808,55.96,79.38,41.66
785,55.96,79.38,41.82
839,55.86,79.5,41.66
810,55.86,79.5,41.82
944,55.76,79.62,41.35
909,55.76,79.62,41.5
961,56.09,79.59,41.43
950,55.32,79.66,41.04
985,55.54,79.64,41.04
952,55.54,79.64,41.19
1063,55.66,79.74,41.04
1024,55.66,79.74,41.19
1132,55.45,79.87,40.86
2087,55.05,80.35,40.46
1274,55.25,80.11,40.66
1236,55.29,80.55,40.46
1265,55.49,80.31,40.66
1231,55.69,80.07,40.87
1216,55.97,80.71,40.46
728,56.06,79.24,42.05
649,58.88,76.49,44.21
628,58.44,76.5,43.78
623,58.11,76.98,43.14
642,57.88,77.45,42.57
615,57.84,76.62,43.79
618,57.44,76.57,44.34
666,56.04,79.07,42.37
596,57,76.6,44.61
591,57.17,77.09,44.38
620,56.02,78.88,42.69
637,56.41,78.85,42.69
691,59.44,75.96,45.25
679,59.43,76.41,44.96
669,59.48,76.93,44.69
665,59.01,76.45,44.65
652,59.01,76.89,44.4
644,59.12,77.39,44.19
627,58.63,76.92,43.79
624,58.49,77.37,43.14
610,57.62,76.65,43.77
623,57.61,77.44,43.14
604,57.41,77.42,43.73
629,57.35,78.11,43.14
633,57.01,78.68,43
698,60.1,75.9,45.99
702,60.18,75.89,46.12
702,59.67,75.95,45.73
689,59.69,76.47,45.32
746,61.93,75.31,47.52
776,61.53,75.79,46.9
737,61.93,75.31,48.15
730,61.05,75.39,46.9
697,60.26,76.66,45.87
706,60.11,76.31,46
719,60.64,75.87,46.42
716,60.37,76.31,46.14
706,60.33,76.66,45.99
688,60.01,77.25,45.36
704,59.91,76.37,45.83
695,59.96,76.78,45.53
698,60.09,76.74,45.71
681,59.83,77.29,45.17
691,59.76,76.8,45.41
1383,62.39,85.78,41.26
1349,63.25,85.58,41.13
1413,63.27,85.58,41.84
1512,63.1,83.65,40.66
1521,63.18,84.55,40.66
1476,62.78,85.08,40.66
1318,62.07,81.96,40.66
1449,62.62,83.25,40.66
1358,62.54,82.36,40.66
1448,62.38,85.43,40.66
1318,61.66,82.44,40.46
1360,62.14,82.85,40.46
1490,62.25,84.26,40.46
1465,61.88,85.12,40.46
1334,59.75,80.82,40.46
1333,60.15,80.34,40.66
1362,60.56,79.85,40.85
1349,60.96,79.4,41.27
1316,60.23,81.23,40.46
1312,60.63,80.75,40.66
1325,61.03,80.26,40.86
1302,61.43,79.79,41.27
1377,63.66,84.95,41.27
1377,63.58,84.04,41.27
1331,63.5,83.16,41.27
1337,63.23,85.3,41.24
1236,63.66,84.95,41.9
1277,63.24,85.29,41.9
1192,63.58,84.04,41.9
1308,63.02,82.76,41.27
1262,62.95,81.88,41.27
1469,63.18,84.52,40.87
1466,63.1,83.64,40.87
1435,62.77,84.95,40.85
1423,62.62,83.24,40.87
1335,62.55,82.36,40.87
1306,60.71,81.63,40.46
1302,61.11,81.15,40.66
1306,61.51,80.67,40.87
1271,61.91,80.19,41.27
1306,61.18,82.04,40.46
1303,61.59,81.55,40.66
1302,61.99,81.07,40.87
1255,62.39,80.6,41.27
1287,62.07,81.96,40.87
1235,62.47,81.48,41.27
1175,61.91,80.19,41.9
1154,62.39,80.6,41.9
827,62.89,76.12,48.15
796,62.89,76.12,47.52
763,62.41,75.71,47.52
770,62.41,75.71,48.15
1111,62.48,76.6,48.77
1081,62.01,76.19,48.77
799,62.01,76.19,46.45
802,61.6,76.62,46.2
792,61.25,76.94,46
906,62.74,77.62,45.83
885,62.29,77.61,45.81
821,61.41,77.27,45.89
837,61.79,77.27,45.87
856,61.71,77.54,45.79
880,62.49,77.43,45.98
846,62.03,77.27,45.88
831,62.52,76.61,46.41
838,62.05,77,46.15
823,61.65,77.15,45.99
839,61.45,77.46,45.82
863,62.48,76.6,46.9
872,61.59,77.95,45.81
818,62.01,76.19,46.9
688,60.09,77.38,45.37
694,60.06,77.2,45.52
701,60.12,77.18,45.71
704,60.26,77.06,45.88
691,60.26,77.23,45.59
723,60.52,77,45.99
764,61.12,76.27,46.45
746,60.78,76.69,46.17
723,60.48,77.27,45.86
816,60.81,77.52,45.62
809,60.76,77.28,45.65
662,59.49,77.71,44.69
674,59.46,77.31,45
693,60.31,77.26,45.6
713,60.36,77.43,45.75
682,59.9,77.69,45.25
714,60.4,77.48,45.65
691,60.22,77.65,45.41
1110,55.89,79.83,41.11
1256,56.13,80.03,40.86
1257,56.17,80.47,40.66
1290,56.37,80.23,40.66
1277,56.63,80.66,40.46
821,56.29,79.35,41.74
779,56.29,79.36,42.05
1172,56.33,79.8,41.11
1117,56.53,79.56,41.11
1037,56.53,79.56,41.43
1277,56.57,80,40.87
1283,56.77,79.76,40.87
1307,57.03,80.18,40.66
1297,57.51,80.58,40.46
676,56.46,79.02,42.37
649,56.74,78.75,42.41
641,56.75,78.78,42.7
651,57.24,78.44,42.36
648,57.29,78.46,42.51
673,57.31,78.53,42.06
642,57.29,78.46,42.71
642,57.2,78.56,42.71
671,57.12,78.8,42.38
650,57.18,78.55,42.43
657,57.14,78.83,42.69
779,59.12,78.43,42.65
996,59.16,78.42,42.36
648,58.68,77.81,42.46
660,58.69,77.79,42.27
681,58.87,78.14,42.62
737,58.9,78.17,42.33
651,58.2,77.88,42.53
644,57.54,78.17,42.62
650,57.5,78.18,42.33
1117,59.33,78.6,42.56
767,56.5,79.15,41.73
743,56.74,78.99,41.72
746,56.51,79.17,42.04
681,56.83,78.87,42.12
732,56.74,79.03,41.97
723,57.33,78.77,41.83
703,57.37,78.6,41.72
716,57.35,78.76,42
674,57.31,78.66,42.21
674,57.35,78.62,42.21
733,57.16,78.9,42.03
747,57.15,78.88,41.73
1252,59.15,78.45,41.89
696,57.78,78.34,41.9
870,58.63,78.27,41.9
1318,59.31,78.71,41.95
1342,59.87,78.7,41.94
1023,56.73,79.32,41.11
914,56.93,79.08,41.11
945,56.73,79.32,41.43
850,56.93,79.08,41.43
1024,57.38,79.04,41.11
958,57.38,79.04,41.43
864,57.58,78.8,41.43
916,57.58,78.8,41.11
1417,59.77,78.76,41.42
1447,59.95,78.85,41.08
1502,59.67,78.6,40.76
1379,59.22,78.91,41.33
1269,59.07,78.62,41.24
1087,58.24,78.74,41.27
1256,56.97,79.52,40.87
1212,57.17,79.28,40.87
1304,57.83,79.22,40.87
1402,58.72,79.14,40.86
1466,59.61,79.04,40.81
1352,57.43,79.7,40.66
1395,58.31,79.62,40.66
1419,59.19,79.55,40.65
1370,57.91,80.1,40.46
1394,58.79,80.02,40.46
1219,60.48,78.87,42.52
1304,60.42,79.01,41.9
1388,60.44,79.12,41.23
1409,60.08,79.44,40.83
1366,59.68,79.94,40.66
1357,59.27,80.42,40.46
634,57.29,78.46,43
634,57.2,78.56,43
624,58.8,77.43,43.77
624,59.06,78.05,43.72
642,59.12,78.43,43.14
641,58.87,78.12,43.14
756,59.31,78.61,43.14
1022,60.52,78.88,43.14
637,59.17,78.08,44.18
644,59.06,77.77,44.44
926,63.84,76.92,47.52
983,63.44,77.4,46.9
970,63.84,76.92,48.15
848,63.37,76.52,47.52
916,62.96,77,46.9
893,63.37,76.52,48.15
1204,61.43,79.79,41.9
1163,61.82,79.4,42.52
1185,60.97,79.08,42.53
1169,61.38,79.25,42.52
1241,60.96,79.43,41.89
974,60.98,78.88,43.74
1020,61.37,79.08,43.76
1062,60.97,79.08,43.14
1075,61.38,79.25,43.15
1087,61.82,79.4,43.15
1047,61.89,79.08,43.76
907,61.32,78.8,44.91
849,60.99,78.87,44.31
958,61.37,79.07,44.38
948,61.8,78.82,44.85
969,62.27,78.93,45.02
997,61.86,79.07,44.36
1008,62.27,79.19,44.55
962,63.03,77.89,46.26
956,62.71,78.43,45.81
1010,63.05,78.95,45.53
936,62.18,78.76,45.48
919,61.77,78.73,45.23
865,61.33,78.45,45.67
903,62.57,77.41,46.41
889,62.12,77.9,45.84
921,62.2,78.54,45.7
890,61.77,78.26,45.69
872,61.47,78.32,45.74
879,61.38,78.64,45.38
894,61.74,78.69,45.74
1138,64.4,78.2,47.52
1090,64,78.68,46.9
1149,64.4,78.2,48.15
1091,63.92,77.8,47.52
1054,63.52,78.28,46.9
1121,63.92,77.8,48.15
1107,61.91,80.19,42.52
1089,62.39,80.6,42.52
1057,61.91,80.19,43.15
1053,62.31,79.69,43.77
1045,62.39,80.6,43.15
1054,62.79,80.12,43.77
1020,62.31,79.7,44.39
1012,62.72,79.28,45.03
1032,62.79,80.12,44.4
1042,63.19,79.64,45.02
1027,63.19,79.64,45.65
1052,63.6,79.16,46.27
1013,63.12,78.76,46.27
991,62.72,79.25,45.65
1702,65.49,85.38,45.02
1378,65.01,85.2,43.77
1440,64.6,85.4,43.15
1398,65.01,85.2,44.4
1304,64.15,85.25,43.14
1048,64.06,84.44,43.15
1177,64.54,84.84,43.77
1175,64.54,84.84,44.4
1156,63.66,84.95,42.52
1264,63.24,85.29,42.52
1187,64.88,78.6,47.52
1119,64.48,79.08,46.9
1192,64.88,78.6,48.15
1113,62.47,81.48,41.9
1064,62.87,81,42.52
1112,62.95,81.88,41.9
1040,63.35,81.4,42.52
1022,62.87,81,43.15
1041,63.27,80.52,43.77
995,63.35,81.4,43.15
1020,63.75,80.92,43.77
1009,63.75,80.92,44.4
1051,64.15,80.44,45.02
1026,63.27,80.52,44.4
1052,63.67,80.04,45.02
1041,63.67,80.04,45.65
1072,64.08,79.56,46.27
1033,63.58,84.04,42.52
1130,63.02,82.76,41.9
1143,63.5,83.16,41.9
1024,63.98,83.56,42.52
1008,63.9,82.68,42.52
1004,63.43,82.28,42.52
956,63.98,83.56,43.15
1007,64.46,83.96,43.77
951,63.9,82.68,43.15
970,64.38,83.08,43.77
991,64.31,82.2,43.77
967,63.58,84.04,43.15
947,63.43,82.28,43.15
961,63.83,81.8,43.77
967,64.38,83.08,44.4
1006,64.46,83.96,44.4
2173,66.1,83.9,46.6
1248,64.94,84.37,45.02
1576,65.39,84.77,45.02
1442,65.34,83.89,45.02
1704,65.64,84.3,45.02
2021,65.9,84.3,45.65
1608,65.62,83.42,45.02
1963,65.9,83.41,45.65
1805,65.49,85.38,45.65
1950,65.67,85.13,45.65
983,64.31,82.2,44.4
952,63.83,81.8,44.4
1071,64.71,81.72,45.02
1004,64.23,81.32,45.02
1074,64.63,80.84,45.02
1175,65.11,81.25,45.02
1047,64.15,80.44,45.65
1171,65.03,80.37,45.65
1305,65.48,80.77,45.65
1100,64.55,79.96,46.27
1268,65.4,79.89,45.65
1384,65.68,80.25,45.65
1374,65.65,79.42,46.27
1176,64.96,79.48,46.27
1618,65.9,80.46,46.61
1892,66.1,80.53,47.88
1173,64.96,79.48,46.9
1604,65.9,79.41,48.16
1288,65.35,79.01,48.15
1367,65.65,79.42,46.9
1588,65.9,79.4,47.53
1280,65.35,79.01,47.52
1140,64.86,83.49,45.02
1334,65.29,83,45.02
1090,64.79,82.6,45.02
2188,66.1,83.94,47.89
1439,65.58,82.51,45.65
1205,65.19,82.13,45.65
1548,65.73,82.07,45.65
1376,65.53,81.65,45.65
1520,65.72,81.18,46.27
1843,65.9,82.13,46.6
2029,66.1,82.11,47.88
602,56.83,76.12,44.83
609,57.22,75.66,44.3
619,57.62,75.7,43.77
623,57.81,75.69,43.14
627,57.3,76.17,44.54
621,57.22,74.83,44.31
627,57.78,74.79,43.16
632,57.62,74.81,43.77
636,56.31,74.03,45.4
653,56.53,74.01,45.24
600,56.18,74.04,45.59
578,56.18,75.28,45.6
600,56.27,75.3,45.41
677,59.27,76.01,44.75
625,57.57,76.12,44.18
625,58.03,76.1,43.78
661,58.76,76.02,44.49
638,58.38,75.62,43.78
659,58.85,75.6,44.18
635,57.98,75.22,43.78
641,57.54,75.23,44.21
606,56.98,75.71,44.63
695,60.18,75.45,46.41
699,59.91,75.44,46.17
690,60.1,75,45.95
735,60.17,75.47,46.9
706,59.29,75.55,45.65
703,59.62,75.06,45.71
690,59.18,75.54,45.09
673,58.71,75.14,44.47
698,59.39,75.05,45.21
686,58.93,74.68,44.59
696,59.38,74.65,44.9
658,57.9,73.45,43.79
674,57.49,73.47,44.28
673,58.31,74.74,44.41
648,57.93,74.35,43.78
659,57.5,74.31,44.27
686,58.66,74.26,44.45
662,58.22,73.86,43.78
635,56.94,73.95,44.69
670,57.37,73.92,44.45
746,58.1,72.1,45.02
700,58.61,73.38,44.44
701,58.19,72.98,44.41
737,58.98,72.02,45.02
711,58.56,72.5,44.43
730,59.28,72.44,45.15
711,58.86,72.92,44.55
719,59.33,72.89,44.83
732,59.45,72.42,45.66
777,58.1,72.1,45.65
767,58.5,71.62,46.27
747,59,72.02,45.63
733,59.77,71.94,46.22
727,60,71.95,46.43
727,60.66,70.99,47.52
722,60.26,71.47,46.9
740,59.38,71.54,46.27
700,60.18,70.59,47.52
714,59.78,71.06,46.9
713,61.45,74.91,47.52
701,61.45,74.91,48.15
655,60.74,71.87,48.15
643,61.22,72.27,48.15
670,61.33,73.59,47.83
689,61.22,72.27,47.52
706,60.74,71.87,47.52
713,59.81,72.83,46.22
692,59.88,74.59,46.18
709,59.28,73.75,45.47
694,60.1,73.74,45.99
698,59.79,73.73,45.83
701,60.39,72.79,46.74
662,60.53,74.55,46.73
691,60.26,73.71,46.13
1468,44.37,77.74,40.86
1448,44.86,78.14,40.64
1453,45.36,78.53,40.45
1373,44.8,77.26,41.27
1232,45.66,77.18,41.25
1215,46.19,77.13,41.01
1193,46.11,77.56,41.21
1143,46.17,77.92,41.4
1356,45.29,77.65,40.83
1272,46.11,77.57,40.75
1385,45.26,77.66,40.61
1304,46.15,77.57,40.51
1288,46.44,77.96,40.64
1401,45.78,78.04,40.43
1272,46.55,78.27,40.69
1318,46.53,77.93,40.41
878,43.53,75.62,45.02
933,43.73,75.62,44.39
961,43.53,76.45,44.4
994,43.99,76.44,44.4
1017,43.73,75.63,43.77
1098,43.53,76.46,43.78
1082,43.99,76.44,43.77
1037,44.72,76.37,43.77
959,45.46,75.9,43.77
953,45.66,76.3,43.73
913,45.77,76.81,44.19
1238,43.73,76.46,43.16
1392,43.53,77.36,43.17
1207,44.33,76.85,43.15
1091,45.16,76.75,43.17
1032,45.46,76.3,43.14
1006,45.66,76.83,43.14
1374,43.69,76.45,42.58
1448,43.68,76.93,42.42
1483,43.53,77.42,42.59
1515,43.69,77.46,41.91
1554,43.53,78.16,41.89
1423,43.8,76.9,42.33
1300,44.35,76.85,42.54
1172,45.17,76.77,42.51
1104,45.47,76.81,42.62
1124,45.5,76.77,42.31
1147,45.7,77.16,41.88
1051,45.66,77.15,42.56
1098,45.83,77.6,42.06
1071,45.7,77.14,42.33
1467,43.98,77.31,41.88
1329,44.8,77.24,41.91
1205,45.48,77.19,41.83
1106,45.95,77.93,41.85
1573,43.53,78.69,41.87
1601,43.53,79.58,41.85
1616,43.53,80.52,41.11
1632,43.53,81.34,41.12
1642,43.53,82.22,41.13
1646,43.53,83.02,41.14
1598,43.73,80.51,40.76
1615,43.73,81.33,40.76
1626,43.73,82.21,40.76
1629,43.72,83.02,40.76
1587,43.85,80.47,40.66
1603,43.89,81.31,40.65
1613,43.91,82.19,40.66
1615,43.95,83.1,40.66
1583,44.05,80.85,40.46
1592,44.1,81.73,40.46
1594,44.14,82.61,40.46
1587,44.25,83.48,40.46
1578,43.53,79.09,41.14
1558,43.73,78.69,41.22
1604,43.53,79.99,41.11
1584,43.73,79.58,41.21
1534,43.91,78.67,40.87
1559,43.72,79.09,40.76
1558,43.94,79.56,40.87
1586,43.73,79.99,40.76
1536,44.03,79.09,40.65
1561,44.09,79.97,40.66
1532,44.45,79.5,40.46
1558,44.51,80.38,40.46
1541,43.73,78.15,41.24
1461,44.36,77.74,41.27
1509,44.06,78.22,40.87
1498,44.44,78.62,40.65
1496,44.93,79.01,40.46
1848,65.62,85.58,45.65
2168,65.9,85.18,46.6
2082,65.74,85.78,46.68
2301,66.1,85.33,47.93
1568,63.26,85.58,42.48
1678,63.26,85.58,43.12
1771,64.25,85.58,44.08
1836,65.08,85.58,45.02
1825,65.09,85.58,45.65
1819,62.38,85.78,42.73
2054,63.26,85.78,44.04
2100,64.3,85.78,45.34
2005,65.24,85.78,46.42
1291,61.53,75.79,50.1
1257,61.05,75.39,50.1
1766,65.79,80.29,50.1
1903,65.82,81.2,50.1
1650,65.52,79.9,50.1
1475,65.04,79.5,50.1
1372,64.53,79.09,50.1
1323,64.04,78.68,50.1
1305,63.55,78.28,50.1
1301,63.06,77.88,50.1
1302,62.58,77.48,50.1
1306,62.09,77.07,50.1
1310,61.61,76.67,50.1
4,48.78,77.88,60.77
4,48.79,77.86,60.77
4,48.8,77.88,60.77
4,48.79,77.89,60.77
4,48.81,77.85,60.74
3,48.76,77.93,60.79
3,48.74,77.93,60.79
4,48.76,77.89,60.77
4,48.75,77.91,60.77
4,48.78,77.91,60.77
4,48.77,77.92,60.77
4,48.83,77.9,60.79
4,48.86,77.9,60.79
4,48.82,77.89,60.77
4,48.83,77.9,60.77
4,48.81,77.9,60.77
4,48.82,77.91,60.77
4,48.85,77.94,60.79
4,48.87,77.95,60.79
3,48.82,77.96,60.79
3,48.79,77.94,60.79
4,48.8,77.92,60.77
3,48.61,77.9,60.81
3,48.63,77.92,60.8
3,48.44,77.91,60.81
4,48.46,77.88,60.8
3,48.46,77.9,60.81
4,48.48,77.86,60.79
4,48.47,77.88,60.79
4,48.51,77.83,60.77
4,48.5,77.85,60.77
4,48.52,77.84,60.77
4,48.51,77.86,60.77
4,48.53,77.83,60.75
3,48.47,77.91,60.81
4,48.5,77.87,60.79
4,48.49,77.89,60.79
4,48.51,77.88,60.8
3,48.51,77.91,60.81
4,48.41,77.85,60.79
4,48.4,77.84,60.79
4,48.38,77.83,60.77
4,48.34,77.82,60.75
4,48.37,77.84,60.77
4,48.36,77.83,60.77
4,48.37,77.82,60.77
4,48.4,77.82,60.75
4,48.44,77.83,60.77
4,48.43,77.84,60.77
4,48.41,77.83,60.77
4,48.42,77.82,60.77
4,48.39,77.86,60.79
3,48.37,77.87,60.81
4,48.4,77.87,60.79
3,48.37,77.91,60.81
3,48.39,77.88,60.81
3,48.41,77.88,60.81
3,48.4,77.92,60.8
4,48.43,77.87,60.79
4,48.44,77.88,60.79
4,48.42,77.88,60.79
4,48.43,77.89,60.79
4,48.34,77.86,60.78
4,48.71,77.89,60.79
3,48.71,77.91,60.8
4,48.72,77.9,60.78
3,48.72,77.92,60.8
3,48.7,77.92,60.8
3,48.71,77.93,60.79
4,48.68,77.89,60.79
3,48.68,77.92,60.8
4,48.68,77.87,60.79
4,48.69,77.88,60.79
4,48.66,77.86,60.77
4,48.65,77.85,60.77
4,48.65,77.87,60.77
4,48.64,77.86,60.77
4,48.7,77.84,60.77
4,48.69,77.86,60.77
4,48.72,77.86,60.77
4,48.71,77.87,60.77
4,48.67,77.84,60.74
4,48.73,77.83,60.74
4,48.64,77.89,60.79
4,48.67,77.89,60.79
3,48.65,77.93,60.8
3,48.68,77.94,60.79
4,48.73,77.87,60.77
4,48.72,77.88,60.77
4,48.75,77.88,60.77
4,48.74,77.89,60.77
4,48.76,77.85,60.74
4,48.78,77.84,60.71
4,48.58,77.87,60.79
4,48.57,77.88,60.8
4,48.6,77.88,60.79
3,48.57,77.91,60.81
4,48.61,77.86,60.77
4,48.59,77.85,60.77
4,48.58,77.87,60.77
4,48.6,77.88,60.77
4,48.62,77.84,60.74
4,48.61,77.89,60.79
4,48.45,77.84,60.77
4,48.47,77.85,60.77
4,48.44,77.85,60.77
4,48.46,77.86,60.77
4,48.48,77.83,60.75
4,48.54,77.87,60.78
4,48.59,77.83,60.71
4,48.56,77.84,60.74
4,48.64,77.89,60.77
4,48.62,77.88,60.77
4,48.61,77.89,60.77
4,48.63,77.9,60.77
4,48.96,77.93,60.8
4,48.94,77.94,60.79
4,48.9,77.85,60.77
4,48.89,77.87,60.77
4,48.91,77.87,60.77
4,48.9,77.88,60.77
4,48.87,77.84,60.74
4,48.84,77.84,60.71
4,48.87,77.88,60.77
4,48.89,77.9,60.77
4,48.86,77.9,60.77
4,48.87,77.91,60.77
4,48.84,77.87,60.74
4,48.93,77.89,60.78
4,48.9,77.91,60.77
4,48.9,77.95,60.79
4,49.04,77.87,60.81
4,49.04,77.9,60.81
4,49.01,77.92,60.8
4,49.01,77.86,60.78
4,48.92,77.84,60.74
4,48.98,77.83,60.74
4,48.95,77.86,60.74
4,48.98,77.89,60.78
5,49.09,77.82,60.82
5,49.12,77.86,60.84
5,49.12,77.83,60.84
5,49.11,77.81,60.82
5,49.11,77.81,60.85
5,49.17,77.82,60.85
5,49.28,77.82,60.85
5,49.09,77.86,60.81
5,49.09,77.89,60.81
4,49.06,77.85,60.78
4,49.06,77.82,60.75
4,49,77.82,60.71
4,49.03,77.83,60.74
4,49.09,77.83,60.78
3,48.27,77.95,60.79
3,48.24,77.93,60.8
3,48.32,77.88,60.81
3,48.36,77.88,60.81
3,48.35,77.92,60.8
3,48.32,77.95,60.79
3,48.38,77.94,60.79
3,48.29,77.86,60.78
4,48.31,77.84,60.74
3,48.26,77.89,60.78
3,48.32,77.89,60.78
3,48.29,77.91,60.77
3,48.15,77.95,60.79
3,48.13,77.94,60.79
3,48.1,77.96,60.79
4,48.29,77.83,60.71
4,48.26,77.84,60.74
3,48.23,77.87,60.74
3,48.21,77.9,60.78
4,48.23,77.83,60.71
3,48.2,77.84,60.74
3,48.18,77.87,60.78
3,48.18,77.92,60.77
3,48.19,77.96,60.78
3,48.15,77.9,60.78
3,48.02,77.95,60.79
3,48.15,77.85,60.74
3,48.18,77.83,60.71
3,48.12,77.88,60.74
3,48.1,77.91,60.78
3,48.08,77.93,60.77
3,48.07,77.97,60.78
3,48.12,77.84,60.71
3,48.09,77.85,60.74
3,48.07,77.88,60.78
3,48.04,77.91,60.78
3,48.04,77.86,60.74
3,48.06,77.84,60.71
3,48.01,77.84,60.74
3,47.98,77.86,60.74
3,47.96,77.89,60.78
3,48.01,77.89,60.74
3,47.99,77.91,60.78
3,47.93,77.92,60.78
2,47.91,77.96,60.79
3,47.96,77.94,60.77
2,47.96,77.98,60.78
3,47.97,78.01,60.77
3,47.97,78.01,60.76
6,46.01,77.83,60.86
5,46.07,77.86,60.86
7,46.12,77.84,60.82
5,46.46,77.94,60.84
5,46.46,77.88,60.86
5,46.51,77.84,60.82
6,46.35,77.95,60.84
5,46.35,77.89,60.86
6,46.4,77.85,60.82
5,46.41,77.92,60.86
6,46.41,77.95,60.84
6,46.13,77.91,60.86
6,46.13,77.96,60.84
6,46.24,77.91,60.86
6,46.24,77.95,60.84
7,46.18,77.86,60.82
7,46.23,77.84,60.78
6,46.29,77.86,60.82
6,46.19,77.94,60.86
6,46.2,77.96,60.84
4,46.84,77.84,60.7
4,46.79,77.86,60.76
5,46.74,77.9,60.82
5,46.74,77.95,60.81
5,46.75,78.01,60.77
5,46.75,78.01,60.76
5,46.52,77.91,60.86
5,46.52,77.94,60.84
5,46.57,77.88,60.82
5,46.62,77.84,60.76
4,47.02,77.91,60.81
4,47.02,77.97,60.79
4,47.02,78.01,60.76
5,46.63,77.9,60.82
5,46.63,77.97,60.8
5,46.68,77.87,60.76
5,46.73,77.84,60.7
5,46.81,78,60.76
5,46.8,77.98,60.79
4,46.97,78,60.76
4,46.97,78,60.77
4,46.91,77.98,60.79
4,46.91,78,60.76
4,46.97,78.02,60.75
4,46.96,77.9,60.76
4,46.85,77.91,60.76
4,46.9,77.86,60.69
4,47.24,77.91,60.83
4,47.18,77.87,60.82
4,47.18,77.93,60.81
4,47.12,77.84,60.76
4,47.35,77.9,60.84
4,47.35,77.88,60.86
4,47.32,77.87,60.82
4,47.29,77.84,60.82
4,47.26,77.87,60.82
4,47.29,77.89,60.82
4,47.3,77.92,60.81
4,47.23,77.84,60.77
4,47.13,77.9,60.81
4,47.13,77.96,60.79
4,47.07,77.89,60.76
4,47.01,77.85,60.69
3,47.54,77.9,60.82
3,47.57,77.87,60.81
3,47.6,77.88,60.81
2,47.6,77.92,60.81
3,47.65,77.84,60.78
4,47.59,77.84,60.78
3,47.62,77.87,60.78
3,47.67,77.82,60.78
3,47.62,77.82,60.78
4,47.48,77.85,60.82
3,47.45,77.89,60.84
4,47.51,77.87,60.81
3,47.49,77.9,60.83
4,47.43,77.86,60.82
4,47.4,77.83,60.82
4,47.37,77.86,60.82
4,47.41,77.88,60.82
4,47.4,77.91,60.81
4,47.34,77.83,60.76
4,47.54,77.85,60.78
4,47.51,77.83,60.78
4,47.45,77.83,60.76
4,47.56,77.83,60.74
2,47.68,77.93,60.8
2,47.79,77.92,60.81
3,47.64,77.98,60.78
3,47.6,77.96,60.79
2,47.63,77.93,60.8
2,47.66,77.96,60.79
2,47.82,77.95,60.8
2,47.85,77.96,60.79
3,47.76,77.88,60.78
2,47.74,77.93,60.8
3,47.79,77.91,60.78
3,47.73,77.86,60.74
3,47.71,77.89,60.78
3,47.7,77.84,60.74
3,47.68,77.86,60.78
3,47.65,77.89,60.78
3,47.68,77.92,60.78
2,47.88,77.92,60.77
3,47.85,77.9,60.78
3,47.93,77.87,60.74
3,47.95,77.85,60.71
3,47.9,77.9,60.74
3,47.87,77.87,60.74
3,47.93,77.84,60.71
3,47.9,77.84,60.74
3,47.87,77.83,60.71
3,47.79,77.85,60.74
3,47.76,77.84,60.71
3,47.82,77.83,60.71
3,47.82,77.88,60.74
3,47.84,77.85,60.7
4,48.87,77.81,60.74
4,48.84,77.81,60.71
3,48.37,77.8,60.77
3,48.38,77.8,60.77
4,48.34,77.8,60.75
4,48.4,77.8,60.75
4,48.42,77.8,60.77
4,48.41,77.8,60.77
4,48.44,77.8,60.77
4,48.48,77.8,60.74
4,48.51,77.81,60.74
4,48.56,77.8,60.74
4,48.54,77.81,60.71
4,48.62,77.8,60.74
4,48.59,77.81,60.71
4,48.67,77.8,60.74
4,48.73,77.8,60.74
4,48.78,77.81,60.7
4,48.82,77.81,60.7
4,48.92,77.81,60.74
4,48.97,77.8,60.74
4,49,77.8,60.71
5,49.03,77.8,60.74
5,49.06,77.8,60.75
5,49.1,77.8,60.78
5,49.18,77.79,60.83
5,49.29,77.79,60.83
6,49.39,77.82,60.85
3,48.01,77.8,60.74
3,48.06,77.81,60.7
3,48.12,77.81,60.71
3,48.17,77.81,60.71
4,48.23,77.81,60.71
3,48.26,77.8,60.74
4,48.29,77.81,60.71
4,48.32,77.8,60.74
4,47.23,77.8,60.76
4,47.12,77.8,60.76
3,47.67,77.8,60.78
3,47.62,77.8,60.78
3,47.71,77.8,60.74
4,47.34,77.8,60.76
4,47.51,77.8,60.78
4,47.44,77.8,60.76
3,47.56,77.8,60.74
3,47.9,77.8,60.74
3,47.93,77.81,60.71
3,47.86,77.8,60.7
3,47.95,77.81,60.7
3,47.82,77.8,60.7
3,47.76,77.81,60.7
3,47.73,77.81,60.7
4,47.01,77.81,60.68
4,46.9,77.81,60.68
4,46.79,77.81,60.68
5,46.4,77.8,60.84
5,46.51,77.8,60.84
4,46.73,77.81,60.7
5,46.62,77.8,60.77
5,46.18,77.81,60.84
6,46.23,77.81,60.79
5,46.3,77.81,60.84
5,46,77.81,60.84
5,46.07,77.81,60.84
7,46.12,77.81,60.77
443,58.96,66.31,50.13
481,59.94,67.29,50.3
230,43.52,69.9,49.5
633,43.53,73.81,45.65
602,43.53,73.25,45.65
192,43.53,69.89,50.09
212,44.37,68.84,50.3
195,43.91,69.32,50.3
226,45.35,68.76,50.3
244,45.77,68.27,50.3
248,46.18,67.77,50.3
243,46.58,67.22,50.3
232,47.38,66.77,50.3
224,49.21,66.67,50.3
241,50.97,66.59,50.3
374,53.66,66.31,50.13
323,52.63,66.54,50.3
348,55.45,66.31,50.13
332,54.5,66.49,50.3
385,57.32,66.31,50.12
330,56.27,66.43,50.3
566,61.87,69.05,50.3
537,62.01,70.85,50.3
509,62.16,72.63,50.3
483,61.87,74.43,50.3
498,62.28,73.95,50.3
519,61.47,74.91,50.3
566,60.9,68.19,50.3
1348,61.55,75.79,50.3
1320,61.06,75.39,50.3
2298,65.71,85.78,50.15
2241,66.1,85.37,50.15
2182,66.1,84.03,50.14
1969,66.1,80.82,50.14
1869,65.99,80.33,50.3
2078,66.1,82.27,50.13
1994,66.01,81.25,50.3
1771,65.69,79.93,50.3
1613,65.17,79.51,50.3
1517,64.62,79.1,50.3
1456,64.1,78.69,50.3
1431,63.59,78.29,50.3
1420,63.1,77.88,50.3
1412,62.6,77.48,50.3
1408,62.11,77.08,50.3
1404,61.63,76.67,50.3
901,44.18,75.09,44.4
942,43.97,75.59,44.39
872,43.94,74.68,44.4
845,43.73,75.11,45.02
808,43.73,74.7,45.02
843,43.53,75.63,45.65
797,43.53,75.11,45.65
747,43.53,74.7,45.65
1236,61.53,75.79,49.84
1192,61.05,75.39,49.84
2236,65.9,85.19,49.96
2147,65.9,83.91,49.96
1848,65.9,80.78,49.96
2001,65.9,82.21,49.96
1798,65.7,81.17,49.84
1360,64.96,79.48,49.84
1278,64.48,79.08,49.84
1245,64,78.68,49.84
1233,63.52,78.28,49.84
1243,62.08,77.07,49.84
1250,61.6,76.67,49.84
646,61.03,70.07,49.08
688,60.18,70.59,48.15
699,60.66,70.99,48.15
583,61.18,71.83,49.08
587,60.97,74.51,49.4
948,60.57,74.99,49.4
570,61.33,73.59,49.08
628,60.97,74.51,48.77
868,60.57,74.99,48.77
426,58.95,66.51,49.95
531,59.91,67.51,49.84
173,43.73,69.88,49.94
120,44.51,68.85,49.84
121,44.13,69.33,49.84
219,45.39,68.77,49.84
297,45.79,68.3,49.84
325,46.19,67.82,49.84
328,46.59,67.34,49.84
300,47.41,67.01,49.84
262,49.22,66.94,49.84
267,50.97,66.89,49.84
331,52.63,66.84,49.84
355,53.66,66.51,49.95
329,54.5,66.78,49.84
323,55.45,66.51,49.95
332,56.28,66.73,49.84
352,57.31,66.51,49.95
588,60.87,68.31,49.84
599,58.98,66.95,49.08
802,57.31,68.18,47.52
690,58.15,67.63,47.84
862,57.79,68.58,47.52
854,56.91,68.65,47.52
847,56.51,69.13,46.9
883,57.39,69.06,47.52
895,56.99,69.53,46.9
903,56.59,70.01,46.9
853,56.11,69.61,46.9
596,59.11,68.46,49.08
671,58.27,68.98,48.15
620,58.75,69.38,48.15
671,57.87,69.46,48.15
788,57.47,69.94,47.52
619,58.35,69.86,48.15
634,51.29,75.36,41.27
597,50.7,75.37,42.35
656,51.19,74.48,41.28
604,50.7,74.47,42.34
610,50.77,74.48,42.04
610,50.89,74.06,42.31
619,50.92,74.06,41.82
608,50.93,74.05,42.55
600,50.73,74.43,42.64
598,50.73,74.96,42.63
608,50.88,75.01,42.29
617,50.95,74.99,41.84
667,52.35,74.39,42.64
682,51.69,74.88,41.27
690,52.03,74.4,41.86
684,52.35,74.85,42.56
670,52.19,74.41,42.31
698,52.37,74.85,42.37
729,52.38,75.73,42.36
711,52.35,75.75,42.64
674,52.2,75.28,42.3
693,52.35,75.23,42.64
353,53.5,71.66,45.41
357,53.59,71.68,45.6
856,57.06,70.42,47.52
842,56.18,70.49,46.41
625,54.83,70.16,46.44
779,55.72,70.08,46.42
850,57.14,71.3,46.27
782,56.32,71.81,45.98
867,56.47,70.89,46.45
827,56.51,71.37,46.17
904,56.66,70.89,46.9
763,55.73,71,46.17
590,54.45,70.68,46.21
710,55.28,70.61,46.2
791,56.1,71.4,46.14
674,55.3,71.49,46
553,54.15,71.19,46
637,54.89,71.12,46.01
700,55.67,72.32,45.99
307,43.68,69.86,48.77
369,43.53,70.71,48.8
219,43.71,69.88,49.44
789,46.22,74.95,44.79
821,45.79,74.89,44.55
816,45.93,74.06,44.4
905,45.23,74.51,43.79
837,45.62,74.55,44.32
864,44.9,73.25,43.78
871,45.21,73.67,43.79
813,45.6,73.64,44.29
689,44,71.56,45.65
851,45.18,72.79,43.79
803,45.59,72.76,44.28
784,44.83,72.37,44.4
724,44.32,71.97,45.02
754,46.18,73.16,44.73
787,45.73,73.18,44.47
782,44.37,72.85,44.4
648,43.73,71.58,46.27
591,43.53,72.45,46.27
627,43.73,72.46,45.65
708,44.03,72.44,45.02
416,43.73,70.7,48.15
407,43.53,71.58,48.16
467,43.73,70.7,47.52
482,43.53,71.58,47.52
594,43.73,71.58,46.9
566,43.53,72.45,46.9
866,45.04,75.02,44.41
835,44.12,74.21,44.4
724,43.92,73.8,45.02
857,44.57,74.61,44.4
821,44.95,74.14,44.41
807,44.49,73.73,44.4
702,44.07,73.34,45.02
602,43.73,73.25,45.65
628,43.73,73.81,45.65
764,43.73,74.21,45.02
683,43.53,74.21,45.65
859,45.41,75.42,44.49
805,45.93,75.4,44.74
739,46.55,75.34,45.24
705,46.76,75.33,45.39
739,46.24,75.29,45.16
661,46.91,75.27,45.58
377,57.17,67.02,49.08
344,56.35,67.37,48.15
495,56.83,67.77,48.15
387,55.95,67.85,48.15
416,55.55,68.33,47.52
586,56.43,68.25,48.15
676,56.03,68.73,47.52
704,55.63,69.21,47.52
674,55.23,69.69,46.9
446,55.15,68.81,47.52
452,54.75,69.28,46.89
652,54.82,70.17,46.9
451,54.35,69.77,46.9
326,55.44,67.12,49.08
323,54.59,67.53,48.15
328,55.07,67.93,48.15
335,54.67,68.41,48.15
334,54.27,68.89,47.52
326,54.19,68,48.15
325,53.79,68.48,47.52
340,53.47,69.84,46.9
336,53.87,69.36,47.52
334,52.99,69.44,46.9
328,53.39,68.96,47.52
346,53.68,67.22,49.08
350,53.31,68.08,48.15
371,52.83,67.68,48.15
352,52.51,69.04,47.52
345,52.91,68.56,48.15
381,52.03,68.64,47.52
364,52.43,68.16,48.15
383,51.23,69.6,46.9
373,51.63,69.12,47.52
366,51.55,68.24,48.15
379,51.07,67.83,48.15
361,51.91,67.38,49.08
353,50.75,69.19,47.52
339,51.15,68.71,48.15
349,50.27,68.79,47.52
336,50.67,68.31,48.15
370,49.46,69.75,46.9
337,49.87,69.27,47.52
380,49.06,70.23,46.9
318,49.79,68.39,48.15
288,50.15,67.48,49.08
327,49.31,67.99,48.15
359,48.99,69.35,47.52
323,49.39,68.87,48.15
370,48.51,68.95,47.52
334,48.91,68.47,48.15
390,46.27,68.7,48.77
381,46.67,68.22,48.77
364,47.07,67.74,48.77
346,46.67,68.22,49.4
380,47.15,68.62,48.15
354,48.03,68.54,48.15
365,47.55,68.14,48.15
311,48.39,67.59,49.08
341,47.07,67.74,49.4
333,46.27,68.7,49.4
406,48.18,70.3,46.9
370,48.58,69.83,47.52
393,46.75,69.1,48.15
397,47.22,69.5,47.52
420,47.7,69.9,46.9
364,47.63,69.02,48.15
379,48.1,69.42,47.52
300,44.98,69.25,48.77
385,45.87,69.18,48.77
154,44.98,69.25,49.4
293,45.87,69.18,49.4
412,45.46,69.66,48.15
398,46.34,69.58,48.15
273,43.9,69.8,48.77
273,44.58,69.73,48.77
189,43.92,69.82,49.37
131,44.58,69.73,49.4
429,53.6,71.27,45.85
401,53.46,70.75,46
368,53.28,70.3,46.46
455,53.93,70.25,46.43
465,53.69,70.76,46.14
500,53.66,71.25,45.99
344,53.02,70.32,46.24
570,51.41,71.36,43.78
566,51.96,71.29,43.79
612,51.8,71.76,43.14
661,51.99,72.18,42.59
588,50.93,71.84,43.77
601,50.73,72.72,43.73
667,51.62,74,41.9
659,51.54,73.12,41.92
660,51.85,72.62,42.52
612,51.19,72.69,42.53
606,51.47,72.24,43.14
637,52.15,72.17,43.14
585,52.15,71.77,43.77
619,52.35,72.57,43.73
607,50.9,73.54,42.32
629,51.14,73.59,41.89
602,50.93,72.72,43.14
605,50.93,73.56,42.62
601,50.73,73.6,43.14
627,52.35,73.52,43.14
638,52.15,72.69,43.14
646,52.15,73.52,42.61
664,52.18,73.54,42.33
702,51.99,73.52,41.88
352,53.24,70.74,45.83
352,53.29,71.22,45.55
358,53.41,71.24,45.72
360,53.1,71.19,45.4
377,53.19,71.72,45.18
368,52.66,70.8,45.65
523,52.26,71.75,44.26
576,52.54,72.6,44.29
474,52.12,71.25,44.49
429,52.61,71.33,44.73
410,52.95,71.66,44.85
397,52.55,70.8,45.1
378,52.92,71.22,45.15
690,46.52,72.69,45.2
656,46.74,72.69,45.39
617,46.9,72.69,45.53
714,46.14,72.71,45.03
683,46.56,70.88,45.83
702,46.42,71.31,45.4
705,46.51,71.85,45.2
712,46.14,71.36,45.28
728,46.12,71.8,45
686,46.61,71.34,45.55
678,46.72,71.8,45.38
666,44.27,71.09,46.27
741,45.98,72.28,44.81
770,45.52,72.31,44.55
727,45.23,71.89,45.01
688,44.74,71.49,45.65
661,44.66,70.61,46.27
707,45.14,71.01,45.65
737,45.61,71.42,45.03
657,46.78,72.22,45.4
690,46.56,72.23,45.26
675,46.77,70.89,46
667,46.72,71.42,45.72
648,46.92,71.53,45.85
624,46.91,72.24,45.57
408,44.22,70.21,48.15
404,45.06,70.13,48.15
435,46.82,69.98,47.52
457,45.94,70.06,47.52
454,44.22,70.21,47.52
458,45.06,70.13,47.52
408,43.97,70.68,48.15
469,43.97,70.68,47.52
599,44.27,71.09,46.9
542,47.3,70.38,46.9
579,46.42,70.46,46.9
579,44.66,70.61,46.9
583,45.54,70.54,46.9
655,45.54,70.54,46.27
649,46.36,70.46,46.24
703,46.01,70.94,45.65
628,46.61,70.47,46.45
590,47.29,70.38,46.43
658,47.03,70.89,46.15
648,46.99,71.39,45.99
625,47.18,71.78,45.99
363,49.94,70.15,46.9
334,50.34,69.67,47.52
349,52.11,69.52,47.52
367,50.82,70.07,46.9
363,51.7,70,46.9
340,52.58,69.92,46.9
340,53.06,70.32,46.9
409,49.62,70.68,46
418,49.68,71.07,45.72
415,49.48,71.13,45.85
421,49.49,71.63,45.6
570,50.52,72.74,44.33
541,50.79,71.86,44.3
575,51.17,71.83,43.79
503,51.4,71.36,44.41
436,51.78,70.88,45.02
433,50.31,71.06,45.25
498,50.81,71.46,44.58
449,50.9,70.95,45.02
449,50.06,71.9,44.95
454,50.35,71.42,44.9
418,49.77,71.53,45.55
425,49.64,71.94,45.39
434,49.85,71.91,45.23
421,49.49,71.98,45.54
422,49.95,71.49,45.45
420,49.62,72.41,45.4
426,49.82,72.37,45.28
399,49.81,70.62,46.17
392,50.42,70.55,46.27
384,51.3,70.48,46.27
362,52.18,70.4,46.27
415,50.1,71.04,45.71
415,50.9,70.95,45.65
400,51.78,70.88,45.65
539,47.78,70.78,46.9
367,49.54,70.63,46.9
539,47.77,70.78,46.45
392,48.67,70.71,46.45
389,49.53,70.63,46.41
397,49.57,71.08,46.12
585,47.43,71.28,46.18
408,48.25,71.21,46.21
395,49.08,71.13,46.17
400,49.32,71.56,45.99
398,47.91,71.7,46.01
394,48.65,71.63,46
785,56.81,71.78,45.7
711,56.86,73.07,45.13
699,57.53,73.04,44.57
738,57.3,72.18,45.08
737,57.71,72.58,45.03
788,57.23,72.18,45.65
778,57.7,72.58,45.65
774,56.31,72.29,46
720,56.16,73.1,45.85
775,56.56,72.25,45.82
729,56.36,73.09,45.72
721,56.47,73.07,45.55
720,56.04,73.13,45.99
875,57.14,71.3,46.9
821,57.62,71.7,46.27
777,57.54,70.82,47.52
712,57.94,70.34,47.52
723,58.5,71.62,46.9
763,58.02,71.22,46.9
703,58.9,71.14,46.9
654,58.83,70.26,47.52
731,58.42,70.74,46.9
657,59.3,70.66,47.52
610,60.07,69.26,49.08
607,58.83,70.26,48.15
617,59.23,69.78,48.15
622,59.3,70.66,48.15
646,59.71,70.18,48.15
585,61.03,70.07,49.84
544,61.18,71.83,49.84
514,61.33,73.59,49.84
544,60.97,74.51,49.84
996,60.57,74.99,49.84
1237,60.17,75.47,49.84
450,58.98,66.84,50.1
555,59.12,68.41,50.1
166,43.84,69.82,50.11
141,44.96,69.25,50.1
138,44.54,69.73,50.1
211,45.86,69.17,50.1
257,46.26,68.69,50.1
279,46.67,68.2,50.1
281,47.07,67.71,50.1
255,48.39,67.52,50.1
236,50.15,67.4,50.1
251,51.9,67.3,50.1
310,53.67,67.13,50.1
295,55.44,67.02,50.1
321,57.17,66.92,50.1
565,61.03,70.06,50.1
531,61.19,71.83,50.1
499,61.34,73.59,50.1
518,60.98,74.51,50.1
1028,60.57,74.99,50.1
1293,60.17,75.47,50.1
556,60.07,69.24,50.1
685,54.49,78.88,42.29
749,52.45,75.68,41.81
781,52.56,76.17,41.98
683,52.08,75.28,41.85
607,50.76,75.42,41.73
780,52.52,75.68,41.19
794,52.6,76.22,41.5
748,52.26,76.16,40.8
616,51.83,76.64,40.6
538,51.44,77.11,40.45
650,51.76,75.76,41.27
603,50.89,75.84,41.27
590,50.35,75.9,41.04
591,51.35,76.23,40.83
556,50.98,76.72,40.58
585,50.22,75.97,40.73
582,50.48,76.32,40.76
558,50.14,76.76,40.49
740,52.39,76.1,42.33
558,50.01,76.71,40.75
536,49.86,77.25,40.6
561,50.14,76.81,41.2
595,50.7,75.84,41.95
580,50.36,76.3,41.32
594,50.73,75.36,42.64
589,50.68,75.83,42.32
578,50.45,76.34,41.84
770,54.33,79.02,41.6
790,54.28,78.96,41.63
770,54.29,78.98,41.7
825,54.18,78.83,41.7
800,54.19,78.86,41.83
672,54.39,79.05,41.96
760,54.28,78.88,42
612,54.5,79.07,42.13
740,54.29,78.88,42.14
948,54.04,78.87,41.13
937,53.94,78.83,41.21
919,53.83,78.72,41.28
969,54.03,78.84,41.02
955,53.91,78.78,41.08
926,53.73,78.7,41.23
936,53.74,78.66,41.11
964,53.82,78.76,41.03
922,54.15,78.95,41.22
939,54.15,78.93,41.15
944,54.09,78.89,41.15
919,54.05,78.86,41.26
896,54.27,79.03,41.23
911,54.21,78.98,41.23
933,54.21,78.98,41.15
923,54.27,79.03,41.15
957,54.15,78.93,41.07
959,54.09,78.88,41.07
974,54.15,78.93,41
974,54.09,78.88,41
953,54.21,78.98,41.07
948,54.27,79.03,41.07
973,54.21,78.98,41
970,54.27,79.03,41
916,53.94,78.89,41.31
904,53.85,78.75,41.4
883,53.86,78.79,41.53
842,54.27,79.03,41.39
862,54.22,79,41.38
868,54.27,79.03,41.31
871,54.15,78.93,41.42
815,54.27,79.03,41.46
792,54.27,79.04,41.54
833,54.22,79.01,41.46
837,54.14,78.96,41.53
887,54.21,78.99,41.31
894,54.05,78.91,41.37
890,53.96,78.77,41.45
869,53.97,78.8,41.57
855,54.06,78.97,41.5
999,53.92,78.9,40.88
1024,53.92,78.9,40.72
1053,53.83,79,40.62
996,53.81,78.81,40.87
1017,53.8,78.8,40.72
1048,53.71,78.91,40.6
1001,54.04,79,40.88
998,54.16,79.1,40.88
1031,54.04,79,40.72
1055,53.94,79.06,40.62
1033,54.16,79.1,40.72
1067,53.95,79.15,40.57
1065,54.06,79.21,40.57
1074,53.73,79.09,40.56
1067,53.71,78.91,40.51
1105,53.86,79.21,40.44
1101,53.97,79.32,40.45
1107,53.74,79.14,40.44
1104,53.62,79.01,40.43
932,53.61,78.67,41.18
940,53.63,78.64,41.07
942,53.51,78.62,41.03
996,53.69,78.75,40.84
980,53.62,78.7,40.92
1008,53.68,78.72,40.71
1038,53.59,78.81,40.59
965,53.29,78.47,40.68
956,53.24,78.47,40.78
982,53.21,78.49,40.68
1002,53.56,78.67,40.68
1026,53.47,78.71,40.58
1001,53.33,78.57,40.59
981,53.49,78.67,40.89
991,53.5,78.64,40.76
964,53.42,78.55,40.73
1056,53.59,78.81,40.49
992,53.27,78.46,40.55
1043,53.48,78.71,40.49
1097,53.5,78.91,40.42
1002,53.31,78.45,40.41
1100,53.28,78.9,40.43
1083,53.39,78.81,40.42
1016,53.41,78.57,40.42
943,53.17,78.43,40.91
1062,52.92,78.53,40.42
922,53.07,78.25,41.02
929,53.15,77.82,40.78
920,53.15,77.37,40.76
921,53.08,76.96,40.68
922,53.12,78.04,40.85
957,53.11,78.29,40.78
972,53.22,78.19,40.55
954,53.17,77.8,40.56
933,53.05,76.96,40.51
966,53.09,77.83,40.48
994,53.13,78.26,40.48
955,52.87,77.43,40.42
1015,52.91,78.08,40.42
1043,52.67,78.34,40.42
838,52.76,76.11,41.02
833,52.75,76.54,41.25
843,52.79,77.01,41.5
516,50.54,77.19,40.42
529,49.87,77.25,40.42
856,52.69,76.57,40.77
792,52.32,77.04,40.55
746,51.91,77.52,40.44
721,52.35,76.15,42.63
889,44.26,75.97,45.02
959,44.72,76.37,44.4
894,45.89,77.17,44.35
827,44.64,75.49,45.02
986,45.28,76.31,43.79
907,45.11,75.9,44.41
887,45.67,76.28,44.39
839,46.1,76.34,44.64
786,46.39,76.24,45.02
665,46.91,75.65,45.59
702,46.81,75.69,45.41
841,45.66,75.84,44.64
778,46.09,75.82,44.95
756,46.5,75.81,45.18
635,55.51,79.24,42.29
629,55.72,79.08,42.45
567,55.6,78.88,42.68
600,55.5,79.08,42.44
544,55.28,78.88,42.45
620,55.29,79.25,42.13
585,55.28,79.08,42.29
561,55.08,79.08,42.29
552,55.08,78.88,42.44
569,54.68,79.27,41.62
586,54.79,79.26,41.62
565,54.68,79.27,41.7
577,54.79,79.26,41.7
609,54.85,79.32,41.62
596,54.85,79.32,41.7
620,54.9,79.26,41.62
651,55.01,79.25,41.62
674,55.07,79.3,41.62
633,55.01,79.25,41.7
657,55.07,79.3,41.7
606,54.9,79.26,41.7
565,54.68,79.27,41.78
573,54.79,79.26,41.78
563,54.68,79.27,41.86
568,54.79,79.26,41.86
587,54.85,79.32,41.78
579,54.85,79.32,41.86
618,55.01,79.25,41.78
639,55.07,79.3,41.78
624,55.07,79.3,41.86
605,55.01,79.25,41.86
593,54.9,79.26,41.78
583,54.9,79.26,41.86
664,54.96,79.36,41.5
1582,54.96,79.36,41.35
647,54.74,79.38,41.5
10501,54.74,79.38,41.35
600,55.06,79.24,41.97
581,55.06,79.25,42.13
567,54.84,79.26,41.97
696,55.18,79.34,41.66
726,55.4,79.32,41.66
767,55.52,79.42,41.66
663,55.18,79.34,41.82
702,55.4,79.32,41.82
740,55.52,79.42,41.82
769,55.08,79.46,41.35
796,55.3,79.44,41.35
850,55.2,79.56,41.19
852,55.42,79.54,41.35
930,55.32,79.66,41.19
745,55.08,79.46,41.5
774,55.3,79.44,41.5
822,55.42,79.54,41.5
633,55.18,79.34,41.97
675,55.4,79.32,41.97
608,55.18,79.33,42.13
649,55.4,79.32,42.13
12909,54.86,79.48,41.19
6502,54.86,79.48,41.04
2443,54.98,79.58,41.04
4619,54.98,79.58,41.19
4134,54.76,79.6,40.88
1109,54.76,79.6,40.73
1097,54.88,79.69,40.75
2795,54.88,79.7,40.88
1179,54.66,79.72,40.59
1161,54.78,79.82,40.61
1915,54.57,79.95,40.45
933,55.1,79.68,41.04
997,55.22,79.78,41.04
1064,55.12,79.9,40.87
1089,55,79.8,40.88
1050,55,79.79,40.77
1181,55.02,79.96,40.78
1256,54.9,79.92,40.64
1306,55.02,80.05,40.66
2034,54.81,80.15,40.46
650,54.45,79.18,41.62
608,54.51,79.23,41.62
638,54.45,79.18,41.7
602,54.51,79.23,41.7
628,54.45,79.18,41.78
597,54.51,79.23,41.78
592,54.51,79.23,41.86
620,54.45,79.18,41.86
737,54.33,79.09,41.62
697,54.39,79.13,41.62
683,54.39,79.13,41.7
719,54.33,79.09,41.7
697,54.33,79.11,41.77
669,54.39,79.13,41.78
656,54.39,79.14,41.85
727,54.26,79.04,41.86
574,54.57,79.28,41.62
567,54.63,79.33,41.62
572,54.57,79.28,41.7
563,54.63,79.33,41.7
572,54.57,79.28,41.78
563,54.63,79.33,41.78
561,54.63,79.33,41.86
569,54.57,79.28,41.86
639,54.39,79.16,41.93
594,54.5,79.2,41.97
562,54.62,79.28,41.97
875,54.28,79.2,41.19
941,54.28,79.2,41.04
765,54.4,79.3,41.19
868,54.4,79.3,41.04
696,54.4,79.3,41.35
652,54.4,79.3,41.5
799,54.28,79.2,41.35
743,54.28,79.2,41.5
5907,54.52,79.4,41.19
2564,54.52,79.4,41.04
9410,54.64,79.5,41.04
15615,54.64,79.5,41.19
2785,54.52,79.4,41.35
596,54.52,79.4,41.5
978,54.18,79.32,40.88
1020,54.19,79.32,40.73
1013,54.31,79.42,40.73
966,54.3,79.42,40.88
984,54.42,79.52,40.73
887,54.42,79.52,40.88
1040,54.54,79.62,40.73
2048,54.54,79.62,40.88
1005,54.32,79.64,40.6
1147,54.44,79.74,40.6
1043,54.09,79.43,40.6
1035,54.2,79.53,40.6
1121,54.22,79.75,40.45
1457,54.34,79.86,40.45
1073,53.99,79.54,40.45
1073,54.1,79.65,40.45
672,54.49,78.88,42.44
581,54.5,79.22,42.12
557,54.84,79.27,42.13
556,54.62,79.28,42.13
556,54.73,79.21,42.12
554,54.95,79.22,42.29
552,54.84,79.08,42.29
560,54.72,79.08,42.29
575,54.62,79.08,42.29
546,54.95,79.08,42.44
602,54.84,78.88,42.44
575,54.95,78.88,42.62
624,54.72,78.88,42.44
646,54.62,78.88,42.44
539,55.6,78.88,42.99
591,56.72,76.69,44.99
600,56.58,76.19,45.18
1041,61.53,75.79,48.77
1148,61.53,75.79,49.4
979,61.05,75.39,48.77
1050,60.17,75.47,48.77
1094,61.05,75.39,49.4
1157,60.17,75.47,49.4
1200,63.44,77.4,49.4
1232,63.04,77.88,49.84
1144,63.44,77.4,48.77
1132,62.96,77,48.77
1203,62.96,77,49.4
1236,62.56,77.48,49.84
1169,62.08,77.07,49.4
1158,64,78.68,49.4
1110,64,78.68,48.77
1153,63.52,78.28,49.4
1105,63.52,78.28,48.77
2305,65.53,85.58,49.96
2358,65.69,85.78,49.31
1182,64.48,79.08,49.4
1133,64.48,79.08,48.77
2262,65.9,85.2,49.16
1661,65.68,80.26,49.84
1758,65.9,80.47,49.12
1526,65.41,79.89,49.85
1448,65.65,79.42,48.77
1491,65.65,79.42,49.39
1216,64.96,79.48,48.77
1265,64.96,79.48,49.4
1935,65.9,82.16,49.14
1720,65.72,81.18,49.4
2127,65.9,83.91,49.15
1177,61.6,76.67,49.4
669,55.73,79.23,42.29
661,55.62,79.31,42.29
1097,56.33,79.8,41.43
1204,55.53,80.75,40.46
1237,55.73,80.51,40.66
1241,55.93,80.27,40.87
1190,55.77,80.95,40.46
814,55.64,79.52,41.66
916,55.54,79.64,41.35
980,55.66,79.74,41.35
878,55.54,79.64,41.5
939,55.66,79.74,41.5
781,55.64,79.52,41.82
713,55.52,79.42,41.97
684,55.52,79.42,42.13
741,55.85,79.4,42.05
869,55.76,79.62,41.66
833,55.76,79.62,41.82
888,56.09,79.59,41.74
1026,55.89,79.83,41.43
824,56.09,79.59,42.05
3560,54.85,80.59,40.46
1070,55.45,79.87,41.11
2450,55.05,80.35,40.66
1140,55.25,80.11,40.87
1156,55.69,80.07,41.11
3046,55.09,80.79,40.46
1199,55.29,80.55,40.66
1211,55.49,80.31,40.87
1180,56.23,81.14,40.46
1201,55.97,80.71,40.66
701,56.06,79.25,42.36
646,58.47,76.5,44.41
618,58.11,76.98,43.78
623,57.86,77.45,43.14
628,57.71,76.59,44.47
619,57.17,76.6,44.72
608,57.35,77.09,44.48
641,56.04,79.08,42.68
660,56.46,79.05,42.68
589,56.88,77.04,44.77
595,57.28,77.45,44.21
597,56.01,78.88,42.99
626,56.41,78.86,43
682,59.22,76.4,45.11
669,59.32,76.93,44.81
651,58.8,76.88,44.5
640,58.93,77.4,44.26
620,58.49,77.37,43.78
629,58.2,77.87,43.12
608,57.6,77.45,43.77
626,57.54,78.19,43.14
624,57.29,78.46,43.29
608,57.34,78.12,43.72
639,57.15,78.84,42.99
632,56.76,78.79,43
624,57.01,78.68,43.29
624,57.2,78.56,43.29
723,59.71,75.94,46.24
732,59.96,75.95,46.45
702,59.36,76.43,45.64
839,61.53,75.79,47.52
806,61.13,76.27,46.9
931,61.53,75.79,48.15
871,61.05,75.39,48.15
787,61.05,75.39,47.52
766,60.65,75.87,46.9
719,59.95,76.36,46.14
717,60.12,76.76,46
739,60.25,76.35,46.41
731,60.2,76.76,46.13
696,59.88,77.27,45.52
702,59.62,76.82,45.68
708,59.84,76.83,45.81
687,59.7,77.29,45.33
780,59.77,75.95,46.9
1359,60.48,85.68,40.46
1405,61.37,85.78,41.26
1334,62.4,85.58,41.4
1416,62.37,85.25,40.82
1296,61.66,82.44,40.66
1364,62.14,82.84,40.66
1466,62.25,84.19,40.66
1443,61.89,84.99,40.66
1424,61.23,85.26,40.46
1340,61.28,83.39,40.46
1264,59.35,81.31,40.46
1269,59.75,80.83,40.66
1290,60.15,80.35,40.87
1281,60.55,79.87,41.27
1253,59.82,81.71,40.46
1253,60.23,81.23,40.66
1268,60.63,80.75,40.87
1248,61.03,80.27,41.27
1372,63.18,84.52,41.27
1367,63.1,83.64,41.27
1306,62.78,85.02,41.25
1179,63.18,84.52,41.9
1189,62.78,85.01,41.9
1176,63.1,83.64,41.9
1339,62.62,83.24,41.27
1268,62.55,82.36,41.27
1154,62.62,83.24,41.9
1251,60.33,82.57,40.46
1351,62.14,82.84,40.87
1437,62.36,84.15,40.85
1250,60.71,81.63,40.66
1260,61.11,81.15,40.87
1229,61.51,80.67,41.27
1264,61.18,82.03,40.66
1264,61.59,81.55,40.87
1224,61.99,81.07,41.27
1281,61.66,82.43,40.87
1227,62.07,81.96,41.27
1135,61.51,80.67,41.9
1121,61.99,81.07,41.9
1021,62.48,76.6,48.15
936,62.48,76.6,47.52
887,62.01,76.19,47.52
980,62.01,76.19,48.15
1113,62.08,77.07,48.77
1112,61.6,76.67,48.77
781,60.97,77.27,45.84
817,61.08,77.5,45.7
814,61.61,76.68,46.45
795,61.22,77.05,46.16
763,60.89,77.17,45.99
824,61.4,77.43,46.04
848,61.82,77.43,46.02
860,62.08,77.43,46.03
854,61.74,77.66,45.97
909,62.56,77.67,46.18
857,62.09,77.1,46.41
832,61.66,77.28,46.13
832,61.44,77.58,46
848,61.27,77.86,45.75
901,62.08,77.07,46.9
858,61.6,77.99,46.02
851,61.6,76.67,46.9
697,59.96,77.43,45.51
708,59.98,77.25,45.79
726,60.13,77.18,46.01
702,60.12,77.36,45.7
705,60.26,77.24,45.84
768,60.71,76.75,46.43
747,60.41,77.12,46.13
739,60.37,77.41,46
707,60.29,77.26,45.83
750,60.53,77.95,45.5
762,60.67,77.46,45.82
777,60.74,77.66,45.79
671,59.87,78.43,45.02
828,60.95,78.58,45.4
819,60.94,78.29,45.58
667,59.67,78.1,44.88
676,59.28,77.32,45.14
661,59.33,77.75,44.81
719,60.31,77.57,45.84
703,60.18,77.4,45.71
690,59.77,77.71,45.41
679,59.9,78.03,45.18
701,60.1,77.74,45.56
685,60.04,78.07,45.33
1148,56.71,81.54,40.46
1195,56.13,80.03,41.11
1225,56.17,80.47,40.87
1257,56.37,80.24,40.87
1239,56.63,80.66,40.66
1225,57.11,81.06,40.46
740,56.29,79.37,42.36
957,56.53,79.56,41.74
885,56.53,79.56,42.05
1168,56.57,80,41.43
1225,56.57,80,41.11
1220,56.77,79.76,41.11
1157,56.77,79.76,41.43
1277,57.03,80.18,40.87
1256,57.51,80.58,40.66
1252,57.99,80.98,40.46
1228,58.47,81.38,40.46
723,56.5,79.2,42.36
678,56.83,78.93,42.38
662,56.85,78.96,42.69
657,57.46,78.57,42.48
698,57.45,78.61,42.01
661,57.41,78.56,42.32
647,57.46,78.57,42.69
651,57.36,78.69,42.69
719,57.18,78.94,42.35
664,57.34,78.68,42.4
690,57.2,78.97,42.67
896,58.95,78.55,42.63
1129,58.99,78.53,42.33
671,57.86,78.36,42.51
775,58.61,78.29,42.51
1125,59.18,78.74,42.54
1165,59.79,78.77,42.54
876,56.73,79.32,41.74
803,56.93,79.08,41.73
820,56.73,79.31,42.05
768,56.94,79.09,42.05
827,57.37,79.03,42.05
885,57.38,79.04,41.74
776,57.52,78.87,42.07
750,57.61,78.75,42.04
804,57.58,78.8,41.74
1253,58.92,78.63,41.85
1023,58.24,78.75,41.9
1290,59.13,78.9,41.9
1300,59.76,78.87,41.91
1184,56.97,79.52,41.11
1127,57.17,79.28,41.11
1111,56.97,79.52,41.43
1050,57.17,79.28,41.43
1207,57.83,79.22,41.27
1331,58.72,79.14,41.27
1379,59.59,79.09,41.26
1317,57.43,79.7,40.87
1367,58.31,79.62,40.87
1386,59.2,79.54,40.86
1328,57.91,80.1,40.66
1339,58.79,80.02,40.66
1317,58.39,80.5,40.46
1155,60.15,78.86,42.64
1169,60.44,79.07,42.51
1267,60.43,79.22,41.87
1323,60.07,79.47,41.27
1324,59.67,79.94,40.87
1295,59.27,80.42,40.66
1285,58.87,80.9,40.46
635,57.47,78.57,42.99
637,57.36,78.69,42.99
622,59.13,78.43,43.71
622,58.87,78.12,43.76
678,58.95,78.55,43.14
666,58.59,78.3,43.14
783,59.16,78.75,43.14
919,59.76,78.78,43.14
630,59.32,78.6,43.71
781,60.47,78.87,43.76
956,60.17,78.87,43.14
1008,60.49,79.08,43.14
662,60.45,78.84,44.31
641,59.32,78.36,44.31
637,59.43,78.57,44.23
643,58.87,77.8,44.54
633,58.99,78.14,44.25
1035,63.44,77.4,47.52
1007,63.04,77.88,46.9
1089,63.44,77.4,48.15
984,62.96,77,47.52
954,62.56,77.48,46.9
1057,62.96,77,48.15
1154,61.03,80.27,41.9
1121,61.43,79.79,42.52
1181,60.55,79.87,41.9
1135,60.96,79.44,42.52
966,60.97,79.08,43.76
1014,61.38,79.25,43.77
1044,60.96,79.44,43.15
1056,61.43,79.79,43.15
1036,61.82,79.4,43.77
842,60.99,78.8,44.79
897,61.31,78.98,45
847,60.97,79.07,44.36
954,61.37,79.24,44.41
945,61.81,79.01,44.94
971,62.29,79.1,45.12
991,61.83,79.39,44.4
958,62.63,78.35,46.25
936,62.31,78.63,45.84
946,62.26,78.96,45.68
917,61.78,78.89,45.36
847,61.32,78.57,45.84
905,62.17,77.97,46.27
860,61.46,78.41,45.93
883,61.79,78.35,45.88
896,61.76,78.8,45.86
869,61.37,78.79,45.53
1092,64,78.68,47.52
1049,63.6,79.16,46.9
1095,64,78.68,48.15
1073,63.52,78.28,47.52
1026,63.12,78.76,46.9
1086,63.52,78.28,48.15
1068,61.51,80.67,42.52
1051,61.99,81.07,42.52
1022,61.51,80.67,43.15
1022,61.91,80.19,43.77
1008,61.99,81.07,43.15
1019,62.39,80.6,43.77
992,61.91,80.19,44.4
990,62.31,79.72,45.02
1002,62.39,80.6,44.4
1014,62.79,80.12,45.02
997,62.79,80.12,45.65
1018,63.19,79.64,46.27
988,62.72,79.24,46.27
968,62.31,79.72,45.65
1460,65.01,85.2,45.02
1209,64.54,84.84,45.02
1157,63.66,84.95,43.15
1295,63.24,85.29,43.15
1046,64.06,84.44,43.77
1043,64.06,84.44,44.4
1360,64.18,85.27,44.09
1039,63.18,84.52,42.52
1015,63.18,84.52,43.15
1142,62.78,85.01,42.52
1141,62.78,85.01,43.15
1093,64.55,79.96,46.9
1063,64.08,79.56,46.9
1116,64.48,79.08,47.52
1118,64.48,79.08,48.15
1097,62.07,81.96,41.9
1108,62.55,82.36,41.9
1029,62.47,81.48,42.52
1011,62.95,81.88,42.52
985,62.47,81.48,43.15
1001,62.87,81,43.77
962,62.95,81.88,43.15
976,63.35,81.4,43.77
968,63.35,81.4,44.4
1003,63.75,80.92,45.02
991,62.87,81,44.4
1015,63.27,80.52,45.02
1004,63.27,80.52,45.65
1030,63.67,80.04,46.27
999,63.75,80.92,45.65
968,63.06,83.2,42.83
925,63.98,83.56,43.77
927,63.9,82.68,43.77
946,63.58,84.04,43.77
924,63.43,82.28,43.77
936,63.58,84.04,44.4
913,63.98,83.56,44.4
917,63.9,82.68,44.4
971,64.38,83.08,45.02
914,63.43,82.28,44.4
1013,64.46,83.96,45.02
1222,64.54,84.84,45.65
1501,65.01,85.2,45.65
1308,64.94,84.37,45.65
1639,65.39,84.77,45.65
1495,65.34,83.89,45.65
1756,65.64,84.3,45.65
1639,65.62,83.42,45.65
2038,65.9,83.87,46.59
2016,65.56,85.22,46.62
978,64.31,82.2,45.02
947,63.83,81.8,45.02
1079,64.71,81.72,45.65
1009,64.23,81.32,45.65
1080,64.63,80.84,45.65
1180,65.11,81.25,45.65
1043,64.15,80.44,46.27
1255,65.34,80.33,46.58
1680,65.9,80.53,47.85
1401,65.65,79.42,48.14
1394,65.65,79.42,47.52
1186,64.96,79.48,48.15
1179,64.96,79.48,47.52
984,64.38,83.08,45.65
1160,64.86,83.49,45.65
1320,65.29,83,45.65
1089,64.79,82.6,45.65
2092,65.9,83.88,47.86
1355,65.43,82.09,46.57
1865,65.9,82.09,47.85
600,56.32,75.72,45.39
606,56.54,75.78,45.24
571,56.18,75.66,45.58
625,56.76,74.86,44.94
632,56.99,76.12,44.96
636,57.44,76.16,44.63
625,57.81,75.69,43.79
635,57.41,75.66,44.39
638,57.79,74.8,43.79
651,57.4,74.83,44.4
621,56.32,74.83,45.39
588,56.18,74.82,45.58
673,56.46,74.03,45.55
688,56.67,74.01,45.4
672,56.16,74.05,45.86
682,56.36,74.05,45.73
630,56.16,75.3,45.86
643,56.36,75.33,45.74
639,56.44,75.34,45.56
680,58.88,76.02,45.03
642,58.01,76.1,44.41
657,58.4,75.62,44.41
656,57.94,75.22,44.41
639,57.15,75.71,44.75
707,58.89,76.02,45.65
817,60.17,75.47,47.52
924,60.17,75.47,48.15
735,59.29,75.54,46.27
783,59.29,75.54,46.9
707,59.67,75.06,46.27
734,59.69,75.07,46.9
711,58.74,74.7,45.36
691,57.81,73.46,44.44
676,57.87,74.34,44.43
688,58.24,73.86,44.41
688,57.56,73.92,44.55
679,57.11,73.95,44.8
784,58.1,72.1,46.27
729,58.61,72.94,45.34
736,58.98,72.02,46.27
720,59.47,72.42,46.26
660,59.78,71.06,48.15
674,60.26,71.47,48.15
683,59.46,72.42,46.9
697,59.86,71.94,46.9
700,60.26,71.47,47.52
695,58.98,72.02,46.9
698,59.38,71.54,46.9
678,59.78,71.06,47.52
632,60.38,72.79,47.83
658,59.83,73.75,46.85
693,59.39,73.74,46.44
696,60.53,74.55,47.83
1432,44.88,78.13,40.85
1420,45.35,78.54,40.63
1435,45.87,78.92,40.45
1311,45.28,77.66,41.27
1223,45.97,77.56,41.11
1181,46,77.99,41.39
1195,46.32,78.28,41.18
1317,45.76,78.05,40.8
1289,46.33,78,40.64
1224,46.61,78.51,40.74
1354,45.75,78.06,40.57
1273,46.42,78.35,40.75
1308,46.43,77.97,40.49
1368,46.3,78.42,40.43
881,43.73,75.62,45.02
913,43.53,76.45,45.02
930,43.99,76.44,45.02
893,43.53,76.46,45.65
983,43.73,76.45,44.4
1011,43.53,77.33,44.4
1009,44.31,76.85,44.4
1087,43.73,76.46,43.77
1208,43.53,77.34,43.78
1099,44.31,76.85,43.77
1022,45.14,76.77,43.78
974,45.46,76.3,43.77
922,45.58,76.81,44.26
964,45.66,76.85,43.73
914,45.8,77.6,44.19
1626,43.53,80.52,41.85
1629,43.52,83.56,43.13
1644,43.53,81.34,41.86
1643,43.53,83.53,42.49
1657,43.53,82.22,41.86
1662,43.53,83.02,41.87
1524,43.53,78.69,43.14
1563,43.53,79.58,43.14
1349,43.73,77.34,43.15
1481,43.53,78.15,43.15
1300,44.02,77.32,43.15
1167,44.85,77.24,43.16
1055,45.46,76.84,43.14
1019,45.68,77.57,43.13
1457,43.72,77.39,42.56
1535,43.53,78.15,42.53
1543,43.73,78.15,41.89
1180,45.34,77.2,42.29
1163,45.32,77.2,42.49
1254,44.83,77.22,42.53
1406,44.01,77.31,42.51
1121,45.46,77.18,42.55
1163,45.64,77.65,42.03
1138,45.5,77.17,42.31
1062,45.67,77.57,42.64
1087,45.7,77.59,42.35
1440,44.36,77.74,41.9
1100,45.91,78.26,42.06
1264,45.26,77.65,41.89
1165,45.77,78.01,41.83
1559,43.53,78.69,42.52
1589,43.53,79.58,42.5
1586,43.53,79.09,41.86
1562,43.73,78.69,41.89
1614,43.53,79.99,41.84
1591,43.73,79.58,41.88
1610,43.73,80.52,41.21
1630,43.73,81.34,41.21
1647,43.73,82.22,41.22
1656,43.73,83.03,41.22
1584,43.96,80.48,40.87
1605,43.99,81.32,40.87
1623,44.01,82.2,40.87
1631,44.05,83.1,40.87
1581,44.17,80.85,40.66
1596,44.22,81.73,40.66
1605,44.27,82.61,40.66
1602,44.38,83.49,40.66
1573,44.6,81.26,40.46
1578,44.65,82.13,40.46
1569,44.81,83.88,40.46
1576,44.73,83.01,40.46
1542,43.91,78.67,41.27
1570,43.73,79.09,41.22
1564,43.94,79.56,41.27
1596,43.73,79.99,41.21
1532,44.11,79.09,40.87
1555,44.17,79.97,40.87
1525,44.51,79.5,40.66
1551,44.58,80.38,40.66
1526,44.99,79.9,40.46
1549,45.05,80.78,40.46
1104,46.2,78.44,41.52
1513,44.06,78.23,41.27
1408,44.87,78.14,41.27
1491,44.48,78.61,40.86
1480,44.94,79.02,40.65
1488,45.43,79.41,40.46
1942,65.56,85.58,46.64
2265,65.9,85.19,47.87
2328,65.68,85.78,47.96
1655,62.39,85.58,42.79
1823,63.25,85.58,44.06
1867,64.24,85.58,45.34
1772,65.1,85.58,46.39
2690,57.75,85,40.44
1468,60.49,85.78,41.25
1912,61.37,85.78,42.72
2150,62.39,85.78,44.05
2199,63.26,85.78,45.34
2132,64.4,85.78,46.65
1312,61.13,76.27,50.1
1309,60.65,75.87,50.1
1281,59.77,75.95,50.1
2254,65.67,85.32,50.1
2134,65.61,83.92,50.1
1933,65.53,82.09,50.1
1771,65.59,80.79,50.1
1615,65.12,80.38,50.1
1463,64.62,79.97,50.1
1373,64.12,79.57,50.1
1326,63.62,79.16,50.1
1307,63.14,78.76,50.1
1303,62.65,78.36,50.1
1302,62.17,77.96,50.1
1305,61.69,77.55,50.1
1306,61.21,77.15,50.1
4,48.79,77.88,60.74
4,48.81,77.85,60.7
4,48.74,77.92,60.77
3,48.74,77.95,60.78
4,48.76,77.91,60.74
4,48.82,77.9,60.74
4,48.85,77.92,60.77
4,48.87,77.93,60.76
4,48.88,77.97,60.78
4,48.82,77.94,60.76
3,48.82,77.98,60.78
3,48.77,77.98,60.78
4,48.77,78.01,60.76
4,48.79,77.93,60.74
4,48.85,78,60.78
4,48.85,78.01,60.76
3,48.54,77.93,60.8
3,48.6,77.93,60.8
3,48.43,77.94,60.79
3,48.47,77.92,60.8
4,48.44,77.9,60.79
3,48.45,77.92,60.8
4,48.46,77.89,60.79
3,48.46,77.93,60.8
4,48.48,77.86,60.77
4,48.5,77.87,60.77
4,48.47,77.88,60.77
4,48.49,77.89,60.77
4,48.54,77.84,60.71
4,48.51,77.85,60.74
4,48.47,77.9,60.79
3,48.49,77.93,60.79
4,48.51,77.9,60.78
4,48.41,77.85,60.77
4,48.4,77.87,60.77
4,48.4,77.84,60.77
4,48.39,77.86,60.77
4,48.37,77.84,60.74
4,48.42,77.83,60.74
4,48.37,77.88,60.78
4,48.4,77.91,60.78
4,48.43,77.87,60.77
4,48.44,77.88,60.77
4,48.42,77.88,60.77
4,48.43,77.89,60.77
4,48.34,77.86,60.74
3,48.63,77.95,60.79
4,48.71,77.9,60.77
4,48.69,77.91,60.77
4,48.72,77.91,60.77
4,48.71,77.92,60.77
3,48.71,77.94,60.79
4,48.68,77.87,60.77
4,48.69,77.89,60.77
4,48.67,77.89,60.77
4,48.68,77.9,60.77
4,48.65,77.86,60.74
4,48.7,77.86,60.74
4,48.67,77.84,60.7
4,48.73,77.84,60.71
4,48.65,77.91,60.77
4,48.68,77.92,60.77
3,48.69,77.96,60.78
4,48.73,77.88,60.74
4,48.76,77.85,60.7
4,48.79,77.84,60.67
4,48.57,77.89,60.78
4,48.59,77.87,60.74
4,48.62,77.84,60.7
4,48.6,77.91,60.77
4,48.45,77.85,60.74
4,48.48,77.84,60.71
4,48.54,77.87,60.74
4,48.56,77.85,60.71
4,48.62,77.89,60.74
4,48.94,78.01,60.78
4,48.94,78.01,60.76
4,48.99,77.94,60.79
4,48.96,77.91,60.77
4,48.94,77.93,60.77
4,48.93,77.97,60.78
4,48.9,77.87,60.74
4,48.87,77.85,60.7
4,48.84,77.87,60.7
4,48.87,77.9,60.74
4,48.93,77.89,60.74
4,48.9,77.92,60.74
6,49.34,77.85,60.84
4,49.04,77.94,60.79
4,49.1,77.94,60.79
4,49.04,77.88,60.78
5,49.07,77.92,60.8
4,49.01,77.91,60.77
4,49.01,77.86,60.74
4,48.92,77.85,60.7
4,48.98,77.84,60.7
4,48.95,77.86,60.7
4,48.98,77.89,60.74
4,49.15,77.89,60.82
4,49.12,77.91,60.8
5,49.15,77.87,60.83
5,49.12,77.85,60.82
4,49.23,77.86,60.84
5,49.17,77.82,60.83
5,49.28,77.82,60.83
4,49.06,77.85,60.74
4,49.09,77.88,60.78
4,49.06,77.82,60.71
4,49.09,77.83,60.74
5,49.12,77.85,60.78
4,49.03,77.83,60.7
4,49.24,77.9,60.81
5,49.17,77.83,60.76
6,49.39,77.82,60.82
6,49.45,77.84,60.84
3,48.27,78.01,60.78
3,48.27,78.01,60.76
3,48.24,77.92,60.77
3,48.27,77.94,60.76
3,48.27,77.97,60.78
3,48.21,77.97,60.78
3,48.24,77.99,60.78
3,48.24,78.01,60.76
4,48.35,77.91,60.77
4,48.32,77.93,60.76
3,48.32,77.97,60.78
3,48.38,77.96,60.78
4,48.38,77.93,60.77
3,48.35,78.01,60.76
3,48.35,77.99,60.78
3,48.35,78.01,60.75
4,48.29,77.86,60.74
4,48.31,77.84,60.71
4,48.26,77.89,60.74
4,48.32,77.89,60.74
4,48.29,77.92,60.74
3,48.19,78,60.78
3,48.19,78.01,60.76
3,48.24,78.01,60.75
3,48.16,77.94,60.76
3,48.16,77.98,60.78
3,48.13,77.93,60.77
3,48.13,77.97,60.78
3,48.14,78.01,60.76
3,48.13,78,60.78
3,48.1,77.94,60.76
3,48.1,77.99,60.78
3,48.1,78.01,60.76
4,48.26,77.84,60.71
4,48.23,77.87,60.7
3,48.21,77.9,60.74
4,48.2,77.85,60.7
3,48.18,77.87,60.74
3,48.18,77.93,60.74
3,48.15,77.9,60.74
3,48.02,77.93,60.77
3,48.02,77.97,60.78
3,47.99,77.99,60.78
3,47.99,78.01,60.76
3,47.99,78.01,60.75
3,48.05,77.99,60.78
3,48.05,78.01,60.76
3,48.05,78.01,60.75
3,48.02,78.01,60.77
3,48.02,78.01,60.76
3,48.02,78.02,60.75
4,48.18,77.84,60.68
3,48.15,77.85,60.7
3,48.12,77.88,60.7
3,48.1,77.91,60.74
3,48.07,77.94,60.74
3,48.09,77.86,60.7
3,48.07,77.88,60.74
3,48.04,77.91,60.74
3,48.07,77.85,60.67
3,48.04,77.86,60.7
3,48.01,77.85,60.71
3,47.98,77.86,60.7
3,47.96,77.89,60.74
3,48.01,77.89,60.7
3,47.99,77.92,60.74
3,47.93,77.92,60.74
2,47.91,77.94,60.77
2,47.91,77.98,60.78
2,47.94,78,60.78
3,47.96,77.95,60.74
3,47.94,78.01,60.76
3,47.97,77.98,60.74
3,47.97,78.02,60.75
6,46.08,77.95,60.86
6,46.08,77.96,60.84
5,45.96,77.96,60.86
5,45.96,77.97,60.84
6,46.02,77.93,60.86
6,46.02,77.97,60.84
5,45.95,77.83,60.86
6,45.98,77.86,60.86
6,45.96,77.91,60.86
5,45.92,77.88,60.86
7,46.01,77.85,60.82
5,45.89,77.91,60.86
5,45.91,77.96,60.84
5,45.87,77.91,60.84
5,45.87,77.96,60.83
5,45.89,77.84,60.86
5,45.91,77.82,60.86
5,45.87,77.84,60.84
7,46.07,77.87,60.82
7,46.12,77.84,60.76
6,45.89,78.33,60.75
6,45.88,78.33,60.72
6,46.46,77.88,60.82
5,46.51,77.85,60.76
6,46.3,77.93,60.86
6,46.3,77.95,60.83
6,46.35,77.89,60.82
6,46.4,77.85,60.76
6,46.41,77.92,60.81
6,46.41,77.98,60.8
6,46.41,78,60.76
7,46.13,77.91,60.81
7,46.13,77.97,60.82
7,46.24,77.9,60.82
7,46.18,77.86,60.76
6,46.29,77.86,60.76
7,46.19,77.93,60.81
7,46.19,77.98,60.8
5,46.69,77.99,60.79
5,46.79,77.87,60.69
5,46.74,77.92,60.76
5,46.68,78.01,60.76
5,46.75,77.98,60.74
5,46.75,78.03,60.75
5,46.52,77.91,60.81
5,46.52,77.97,60.8
5,46.57,77.88,60.76
5,46.62,77.85,60.7
6,46.48,78,60.76
6,46.47,77.99,60.79
5,46.58,77.99,60.79
5,46.58,78,60.76
4,47.09,78,60.76
4,47.09,77.99,60.78
4,47.02,78.01,60.75
4,47.02,77.94,60.75
5,46.63,77.92,60.76
5,46.68,77.87,60.69
5,46.81,78.02,60.75
5,46.86,78,60.75
5,46.86,78,60.77
5,46.8,77.95,60.75
5,46.79,77.99,60.73
4,46.97,78.05,60.75
4,46.97,77.97,60.74
4,46.91,78.02,60.75
4,46.91,77.95,60.75
5,46.97,77.99,60.73
4,46.96,77.9,60.68
5,46.85,77.91,60.68
5,46.9,77.87,60.61
4,47.24,77.89,60.81
4,47.24,77.95,60.79
4,47.18,77.88,60.76
4,47.12,77.85,60.69
4,47.35,77.88,60.82
4,47.35,77.95,60.8
4,47.23,77.85,60.7
4,47.29,77.87,60.76
4,47.19,77.99,60.78
4,47.19,78,60.76
4,47.13,77.93,60.75
4,47.07,77.89,60.68
5,47.01,77.86,60.62
3,47.54,77.89,60.81
3,47.57,77.94,60.8
3,47.54,77.92,60.81
4,47.57,77.87,60.78
3,47.6,77.9,60.78
3,47.65,77.84,60.74
4,47.59,77.84,60.74
3,47.62,77.87,60.74
3,47.67,77.82,60.75
3,47.62,77.83,60.75
4,47.48,77.85,60.78
4,47.46,77.88,60.81
4,47.51,77.88,60.78
4,47.49,77.89,60.81
3,47.46,77.95,60.8
4,47.4,77.86,60.76
4,47.35,77.84,60.69
4,47.45,77.84,60.7
4,47.56,77.83,60.7
4,47.54,77.85,60.74
4,47.51,77.88,60.74
4,47.48,77.85,60.74
4,47.51,77.83,60.74
4,47.41,77.98,60.78
4,47.41,78,60.76
2,47.71,77.96,60.79
2,47.77,77.95,60.79
3,47.69,77.98,60.78
3,47.66,78,60.77
3,47.66,78.01,60.76
3,47.64,77.96,60.76
3,47.63,78,60.76
3,47.63,78,60.77
3,47.61,77.94,60.77
3,47.6,77.99,60.78
3,47.63,77.92,60.78
3,47.66,77.94,60.77
2,47.8,77.97,60.78
3,47.82,77.93,60.77
3,47.85,77.94,60.77
2,47.85,77.99,60.78
3,47.76,77.88,60.74
3,47.74,77.91,60.78
3,47.79,77.91,60.74
3,47.77,77.93,60.77
3,47.71,77.94,60.77
3,47.7,77.84,60.71
3,47.73,77.86,60.7
3,47.71,77.89,60.74
3,47.68,77.86,60.74
3,47.65,77.89,60.74
3,47.68,77.92,60.74
3,47.7,77.85,60.67
3,47.88,77.93,60.74
3,47.85,77.9,60.74
3,47.95,77.85,60.67
3,47.93,77.87,60.7
3,47.9,77.9,60.7
3,47.87,77.87,60.7
3,47.87,77.84,60.67
3,47.9,77.85,60.7
3,47.76,77.85,60.67
3,47.82,77.84,60.67
3,47.79,77.85,60.7
3,47.82,77.88,60.7
3,47.73,77.86,60.67
3,47.84,77.85,60.67
4,48.87,77.81,60.7
4,48.37,77.8,60.74
4,48.43,77.8,60.74
4,48.48,77.81,60.71
4,48.51,77.81,60.7
4,48.56,77.81,60.7
4,48.62,77.81,60.7
4,48.67,77.81,60.7
4,48.73,77.81,60.7
4,48.78,77.81,60.67
4,48.76,77.81,60.7
4,48.82,77.81,60.66
4,48.92,77.81,60.7
4,48.97,77.81,60.7
4,49.03,77.8,60.7
5,49.09,77.8,60.74
4,49.06,77.8,60.71
5,49.17,77.8,60.76
7,49.5,77.81,60.86
6,49.45,77.79,60.85
5,49.28,77.8,60.76
6,49.39,77.79,60.84
9,49.73,77.8,60.86
15,50.01,77.82,60.85
3,47.98,77.81,60.7
3,48.04,77.81,60.7
3,48.01,77.81,60.7
3,48.14,77.81,60.7
3,48.07,77.81,60.67
3,48.1,77.81,60.7
4,48.18,77.81,60.67
4,48.21,77.81,60.7
4,48.26,77.81,60.7
4,48.31,77.81,60.7
4,47.28,77.81,60.75
4,47.23,77.81,60.69
4,47.12,77.81,60.68
3,47.67,77.8,60.74
3,47.62,77.8,60.74
3,47.59,77.8,60.74
3,47.65,77.8,60.74
3,47.7,77.81,60.7
4,47.35,77.81,60.69
4,47.45,77.81,60.69
4,47.51,77.8,60.74
4,47.56,77.81,60.69
3,47.87,77.81,60.67
3,47.9,77.81,60.7
3,47.95,77.82,60.67
3,47.7,77.81,60.67
3,47.82,77.81,60.67
3,47.79,77.81,60.7
3,47.76,77.81,60.67
3,47.73,77.82,60.66
3,47.84,77.81,60.66
5,47.01,77.82,60.62
5,46.9,77.82,60.61
5,46.8,77.82,60.61
5,46.4,77.81,60.77
5,46.51,77.81,60.77
4,46.68,77.82,60.67
5,46.62,77.81,60.7
6,46.19,77.81,60.77
6,46.29,77.81,60.77
5,45.94,77.81,60.84
7,46,77.81,60.77
5,45.91,77.81,60.84
5,45.88,77.81,60.84
9,46.12,77.81,60.7
7,46.07,77.81,60.77
28,50.5,77.82,60.85
427,58.99,66.67,50.3
550,59.12,68.34,50.3
267,43.53,70.71,49.51
531,43.53,73.52,46.61
189,43.67,69.82,50.3
185,43.53,70.25,50.15
186,44.92,69.25,50.3
175,44.46,69.73,50.3
215,45.85,69.17,50.3
237,46.26,68.68,50.3
246,46.66,68.18,50.3
243,47.06,67.65,50.3
231,48.38,67.42,50.3
226,50.15,67.27,50.3
249,51.9,67.16,50.3
308,53.67,66.98,50.3
293,55.44,66.87,50.3
298,57.17,66.75,50.3
541,61.04,70.04,50.3
511,61.19,71.82,50.3
482,61.35,73.59,50.3
486,60.98,74.51,50.3
1053,60.58,74.99,50.3
1353,60.17,75.47,50.3
541,60.08,69.2,50.3
1397,61.14,76.27,50.3
1383,60.66,75.87,50.3
1383,59.77,75.95,50.3
2313,65.28,85.78,50.2
2256,65.86,85.5,50.3
2176,65.78,84.04,50.3
2020,65.71,82.16,50.3
1881,65.78,80.83,50.3
1762,65.27,80.41,50.3
1636,64.72,79.99,50.3
1561,64.18,79.58,50.3
1507,63.67,79.17,50.3
1485,63.17,78.77,50.3
1471,62.68,78.36,50.3
1461,62.19,77.96,50.3
1453,61.7,77.55,50.3
1446,61.22,77.15,50.3
821,44.18,75.09,45.02
875,43.97,75.59,45.02
797,43.94,74.68,45.02
824,43.73,75.63,45.65
775,43.73,75.11,45.65
727,43.73,74.7,45.65
689,43.53,75.18,46.6
1254,61.13,76.27,49.84
1253,60.65,75.87,49.84
1218,59.77,75.95,49.84
2313,65.13,85.58,50.01
2236,65.54,85.21,49.84
2083,65.49,83.87,49.84
1835,65.42,82.06,49.84
1653,65.48,80.77,49.84
1456,65.03,80.37,49.84
1322,64.55,79.96,49.84
1253,64.08,79.56,49.84
1225,63.6,79.16,49.84
1212,63.12,78.76,49.84
1220,61.68,77.55,49.84
1226,61.2,77.15,49.84
599,60.22,71.03,49.08
1131,59.29,75.54,49.4
1051,59.29,75.54,48.77
1120,59.69,75.07,49.4
543,60.38,72.79,49.08
560,60.49,74.11,49.4
810,60.09,74.59,49.4
597,60.49,74.11,48.77
777,60.09,74.59,48.77
1011,59.69,75.07,48.77
497,58.98,66.95,49.84
559,59.11,68.46,49.84
150,43.95,69.84,49.84
173,43.72,70.24,49.99
121,44.98,69.25,49.84
114,44.58,69.73,49.84
227,45.87,69.18,49.84
281,46.27,68.7,49.84
307,46.67,68.22,49.84
311,47.07,67.74,49.84
277,48.39,67.59,49.84
251,50.15,67.49,49.84
264,51.9,67.38,49.84
320,53.67,67.22,49.84
303,55.44,67.12,49.84
345,57.17,67.02,49.84
569,60.07,69.26,49.84
640,58.15,67.61,49.08
793,57.31,68.18,48.15
834,57.79,68.58,48.15
848,56.91,68.65,48.15
883,56.51,69.13,47.52
852,57.39,69.06,48.15
903,56.99,69.53,47.52
928,56.59,70.01,47.52
900,56.18,70.49,46.9
898,56.11,69.61,47.52
842,55.7,70.09,46.9
581,58.31,69.42,49.08
694,57.47,69.94,48.15
628,57.94,70.34,48.15
687,57.54,70.82,48.15
772,57.06,70.42,48.15
604,50.89,75.37,42.32
622,51.3,75.36,41.88
584,50.73,75.36,43.13
614,51.07,74.05,42.5
617,51.06,74.04,42.29
611,50.9,74.47,42.32
634,51.21,74.47,41.89
594,50.73,74.4,43.13
607,50.93,74.43,42.63
588,50.73,74.95,43.13
605,50.93,74.96,42.61
614,51.07,74.99,42.27
644,52.35,74.4,43.13
647,52.15,74.39,42.62
658,51.94,74.42,42.27
652,51.68,74.88,41.89
653,52.15,74.85,42.54
667,52.18,74.85,42.33
681,52.18,75.73,42.32
665,52.15,75.75,42.62
690,52.35,75.75,43.13
651,51.97,75.29,42.27
654,52.15,75.23,42.62
678,52.35,75.2,43.13
363,53.45,72.07,45.39
376,53.24,72.08,45.25
357,53.33,71.63,45.56
369,53.41,71.64,45.74
445,53.61,71.66,45.86
380,53.59,72.16,45.58
924,56.66,70.89,47.52
813,55.8,70.97,46.43
594,54.42,70.65,46.45
750,55.31,70.57,46.45
880,55.78,70.97,46.9
813,55.3,70.57,46.9
841,56.24,71.38,46.41
839,56.75,71.77,46.27
899,56.26,71.37,46.9
891,56.74,71.77,46.9
730,55.35,71.46,46.19
555,54.07,71.15,46.18
679,54.9,71.07,46.21
754,55.75,72.3,46.15
530,53.84,71.65,45.99
647,54.96,71.96,46.01
608,54.55,71.57,46.01
625,55.16,74.54,46
655,55.06,73.25,46
357,43.73,70.7,48.78
358,43.53,71.58,48.81
270,43.73,70.7,49.44
752,46.35,74.47,44.97
734,46.32,73.59,44.94
765,46.06,74.95,44.91
812,45.63,74.91,44.63
767,46.2,74.04,44.77
801,45.75,74.06,44.49
824,45.36,74.53,44.47
702,46.58,74,45.28
652,46.78,73.1,45.4
685,46.57,73.11,45.27
612,46.91,73.1,45.59
690,46.78,74.84,45.4
724,46.59,74.89,45.29
648,46.91,74.77,45.6
791,44.89,73.25,44.4
795,45.31,73.66,44.45
649,44,71.56,46.27
659,44.32,71.97,45.65
712,44.81,72.37,45.02
781,45.26,72.78,44.44
736,46.01,73.16,44.85
770,45.55,73.19,44.57
700,44.37,72.85,45.02
585,43.73,72.45,46.27
628,44.03,72.44,45.65
410,43.73,71.58,48.15
410,43.53,72.45,48.17
602,44,71.56,46.9
498,43.73,71.58,47.52
510,43.53,72.45,47.53
565,43.73,72.45,46.9
774,45.05,75.02,45.02
622,43.92,73.8,45.65
750,44.12,74.21,45.02
767,44.57,74.61,45.02
731,44.97,74.14,45.02
603,44.07,73.35,45.65
718,44.49,73.73,45.02
527,43.73,73.52,46.61
585,43.53,74.23,46.38
671,43.73,74.21,45.65
772,45.52,75.42,45.02
698,46.42,75.33,45.4
672,46.61,75.35,45.54
721,46.11,75.31,45.27
643,46.72,75.32,45.72
631,46.92,75.27,45.85
603,46.96,75.26,45.99
429,56.39,67.81,49.08
434,55.55,68.33,48.15
659,56.03,68.73,48.15
686,55.63,69.21,48.15
704,55.23,69.69,47.52
458,55.15,68.81,48.15
454,54.75,69.29,47.52
615,54.42,70.65,46.9
677,54.82,70.17,47.52
434,53.94,70.24,46.9
442,54.35,69.77,47.52
320,54.63,67.97,49.08
336,54.27,68.89,48.15
327,53.79,68.48,48.15
334,53.47,69.84,47.52
333,53.87,69.36,48.15
330,52.99,69.44,47.52
326,53.39,68.96,48.15
337,52.51,69.04,48.15
353,52.03,68.64,48.15
336,52.87,68.12,49.08
328,52.11,69.52,48.15
350,51.23,69.6,47.52
337,51.63,69.12,48.15
311,50.75,69.19,48.15
311,50.27,68.79,48.15
284,51.11,68.27,49.08
307,50.34,69.67,48.15
347,49.46,69.75,47.52
313,49.87,69.27,48.15
388,48.66,70.71,46.9
360,49.06,70.23,47.52
336,48.99,69.35,48.15
345,48.51,68.95,48.15
290,49.35,68.43,49.08
367,46.75,69.1,48.77
327,47.59,68.58,49.08
322,46.75,69.1,49.4
390,48.18,70.3,47.52
343,48.58,69.83,48.15
370,47.22,69.5,48.15
391,47.7,69.9,47.52
352,48.1,69.42,48.15
359,45.46,69.66,48.77
370,46.34,69.58,48.77
231,45.46,69.66,49.4
307,46.34,69.58,49.4
399,45.94,70.06,48.15
383,46.82,69.98,48.15
323,44.22,70.21,48.77
345,45.06,70.13,48.77
206,44.22,70.21,49.4
214,45.06,70.13,49.4
350,43.97,70.68,48.77
257,43.97,70.68,49.4
562,50.42,75.42,44.46
418,53.45,71.23,45.99
382,53.27,70.73,46.17
466,53.53,71.21,46.13
433,53.56,70.72,46.41
527,53.69,72.11,45.99
346,52.66,70.8,46.27
415,53.54,70.72,46.9
372,53.41,72.55,45.38
627,51.99,72.18,43.14
572,51.8,71.76,43.78
576,51.47,72.24,43.78
586,50.93,72.72,43.78
595,50.73,73.58,43.72
633,51.58,73.99,42.52
602,51.2,72.7,43.14
635,51.54,73.11,42.53
625,51.84,72.63,43.14
599,52.15,72.57,43.78
607,52.35,73.54,43.73
579,50.62,73.6,44.2
599,50.93,73.6,43.14
619,51.22,73.6,42.52
623,52.15,73.52,43.14
647,51.88,73.53,42.53
587,52.47,73.52,44.21
472,52.94,72.57,44.84
356,53.04,71.2,45.73
376,53.05,71.72,45.33
384,52.26,71.28,45.65
502,51.85,71.76,44.41
545,52.35,72.6,44.38
423,52.26,71.28,45.02
407,52.79,71.66,44.98
380,52.8,71.22,45.26
694,45.97,72.72,45.16
673,46.38,72.69,45.36
646,46.59,72.69,45.54
627,46.71,72.68,45.68
667,46.6,70.87,46.15
677,46.38,71.32,45.74
713,45.94,71.8,45.15
671,46.58,71.79,45.54
691,46.38,71.85,45.35
649,44.74,71.49,46.27
666,45.22,71.9,45.65
714,45.68,72.29,45.03
663,45.14,71.01,46.27
689,45.62,71.42,45.65
653,46.62,72.21,45.55
673,46.43,72.23,45.42
651,46.77,71.49,45.99
632,46.72,72.22,45.72
617,46.92,72.25,45.84
403,44.66,70.61,48.15
404,45.54,70.54,48.15
463,47.3,70.38,47.52
490,46.42,70.46,47.52
477,44.66,70.61,47.52
490,45.54,70.54,47.52
407,44.27,71.09,48.15
498,44.27,71.09,47.52
608,44.74,71.49,46.9
606,46.9,70.86,46.9
606,45.14,71.01,46.9
609,46.02,70.94,46.9
647,46.9,70.86,46.41
662,46.02,70.94,46.27
648,46.86,71.36,46.13
629,47.08,71.75,46.14
610,47.01,72.24,45.99
409,47.57,72.17,46
485,47.78,70.78,47.52
338,49.94,70.15,47.52
358,50.42,70.55,46.9
335,50.82,70.07,47.52
339,51.7,70,47.52
329,52.58,69.92,47.52
355,51.3,70.48,46.9
341,52.18,70.4,46.9
332,53.06,70.32,47.52
337,52.66,70.8,46.9
348,49.54,70.63,47.52
405,49.63,71.08,45.98
411,49.67,71.58,45.74
413,49.49,72.43,45.6
409,49.48,71.62,45.86
485,50.12,72.78,44.88
548,50.71,72.74,44.41
511,51.06,71.84,44.46
447,51.38,71.36,45.02
518,51.47,72.24,44.4
439,50.21,71.9,45.09
443,50.59,71.44,45.09
405,49.87,71.53,45.82
412,49.8,71.92,45.54
409,49.68,71.95,45.69
421,49.98,71.92,45.4
414,50.04,71.48,45.61
419,49.65,72.81,45.39
412,49.49,72.84,45.54
412,49.95,72.37,45.44
407,49.78,72.4,45.55
389,50.06,71.03,46.24
381,50.9,70.95,46.27
366,51.78,70.88,46.27
412,50.51,71.43,45.66
406,51.38,71.36,45.65
604,47.38,71.26,46.9
503,48.26,71.19,46.9
374,49.14,71.11,46.9
357,50.02,71.03,46.9
380,49.8,71.05,46.46
623,47.37,71.27,46.43
452,48.26,71.19,46.46
385,49.15,71.11,46.43
391,49.44,71.53,46.13
476,47.88,71.68,46.2
391,48.7,71.6,46.19
386,47.97,72.56,46
390,49.07,72.02,45.99
389,48.31,72.1,46.01
381,49.35,72.42,45.99
440,49.58,75.43,45.41
673,55.76,74.04,45.99
811,56.55,72.26,46.19
830,57.22,72.18,46.27
751,57.14,73.09,45.47
805,57.7,72.58,46.27
765,56.31,73.1,45.99
772,56.63,73.11,45.83
770,56.16,73.13,46.13
860,57.14,71.3,47.52
848,57.22,72.18,46.9
807,57.7,72.58,46.9
759,58.1,72.1,46.9
810,57.62,71.7,46.9
575,59.27,70.22,49.08
630,58.46,71.18,47.83
545,60.22,71.03,49.84
1204,59.29,75.54,49.84
502,60.38,72.79,49.84
525,60.49,74.11,49.84
827,60.09,74.59,49.84
1202,59.69,75.07,49.84
497,58.15,67.53,50.1
528,58.31,69.4,50.1
160,44.12,70.21,50.1
183,43.86,70.69,50.1
149,45.45,69.65,50.1
143,45.04,70.13,50.1
215,46.34,69.58,50.1
250,46.74,69.09,50.1
264,47.59,68.56,50.1
246,49.35,68.39,50.1
231,51.09,68.23,50.1
253,52.85,68.07,50.1
267,54.63,67.91,50.1
313,56.39,67.75,50.1
529,60.23,71.02,50.1
491,60.38,72.79,50.1
505,60.5,74.11,50.1
834,60.09,74.59,50.1
1258,59.69,75.07,50.1
1260,59.29,75.54,50.1
520,59.27,70.21,50.1
599,54.49,79.08,42.29
723,54.29,78.88,42.29
724,52.31,75.69,41.73
739,52.37,76.17,41.94
777,52.5,76.61,42.1
635,51.75,75.76,41.89
600,50.97,75.84,41.85
715,52.24,76.16,41.27
630,51.86,76.64,40.82
549,51.44,77.11,40.61
557,51.04,77.6,40.44
596,51.36,76.24,41.27
583,50.59,76.32,41.21
562,50.94,76.71,40.8
528,50.57,77.2,40.54
559,50.19,76.81,40.71
538,49.98,77.25,40.48
752,52.38,76.62,42.35
691,52.2,76.1,42.29
565,50.26,76.81,41.18
542,49.98,77.26,40.71
552,50.25,77.18,41.42
496,49.91,77.64,40.73
600,50.93,75.36,42.62
595,51.14,75.83,42.59
598,51.09,75.82,42.26
594,50.88,75.83,42.29
582,50.62,76.35,41.8
586,50.73,75.84,42.63
582,50.71,76.26,42.36
568,50.56,76.72,42.05
767,54.28,79.05,41.61
748,54.28,79.07,41.68
793,54.17,79,41.68
832,54.07,78.84,41.73
808,54.08,78.86,41.86
756,54.18,79.04,41.81
846,53.96,78.83,41.71
825,53.95,78.85,41.85
804,53.97,78.87,41.98
694,54.27,79.07,41.99
787,54.08,78.88,42
770,54.08,78.88,42.15
665,54.28,79.08,42.14
946,53.94,78.93,41.17
936,53.81,78.87,41.25
971,53.93,78.9,41.03
948,53.71,78.84,41.2
920,53.66,78.71,41.3
977,53.81,78.85,41
960,53.72,78.78,41.08
932,54.04,79,41.19
909,54.16,79.1,41.19
968,54.04,79,41.04
957,54.16,79.1,41.04
918,53.93,78.99,41.28
911,53.83,78.92,41.37
903,53.75,78.76,41.43
881,53.77,78.79,41.57
879,53.84,78.97,41.5
909,53.66,78.74,41.41
857,54.16,79.1,41.35
806,54.17,79.11,41.5
893,54.05,79.04,41.33
890,53.95,78.94,41.42
844,54.05,79.08,41.47
857,53.95,78.98,41.53
1007,53.82,79.02,40.88
1035,53.82,79.02,40.72
1057,53.72,79.08,40.64
1005,53.7,78.91,40.88
1030,53.7,78.92,40.72
1057,53.61,79.01,40.63
1004,53.94,79.12,40.88
994,54.06,79.22,40.88
1036,53.94,79.12,40.72
1031,54.07,79.22,40.73
1062,53.85,79.23,40.6
1056,53.97,79.33,40.61
1068,53.73,79.16,40.59
1075,53.61,79.03,40.55
1106,53.76,79.34,40.45
1102,53.87,79.44,40.45
1110,53.64,79.23,40.45
1112,53.52,79.13,40.44
925,53.55,78.68,41.26
957,53.58,78.8,41.15
965,53.6,78.75,41.05
914,53.54,78.71,41.38
890,53.63,78.77,41.56
967,53.48,78.71,41.02
938,53.44,78.62,41.09
927,53.43,78.65,41.23
1000,53.59,78.82,40.88
1022,53.58,78.81,40.72
1054,53.5,78.92,40.61
1006,53.2,78.51,40.56
954,53.3,78.52,40.85
1046,53.37,78.82,40.6
993,53.15,78.52,40.68
985,53.22,78.53,40.7
980,53.16,78.53,40.79
1017,53.34,78.64,40.57
996,53.46,78.74,40.87
1012,53.46,78.72,40.72
987,53.36,78.61,40.76
1074,53.49,78.93,40.53
1008,53.24,78.48,40.48
1073,53.27,78.91,40.55
1066,53.37,78.83,40.52
1036,53.35,78.64,40.49
1111,53.4,79.04,40.44
1110,53.29,78.97,40.43
1079,53.17,78.72,40.42
924,53.05,78.39,41.15
929,53.09,78.52,41.19
966,53.09,78.49,40.9
1045,52.89,78.56,40.52
1104,52.7,78.78,40.43
905,52.93,78.42,41.43
800,52.56,77.02,41.98
938,52.99,78.3,41.01
903,52.99,78.04,41.13
877,52.91,77.43,41.25
931,53.05,77.85,40.79
885,52.85,78.24,41.5
898,52.95,78.2,41.27
909,52.95,76.98,40.67
917,53.04,77.39,40.79
933,53.04,78.07,40.85
971,53.01,78.33,40.76
956,53.02,77.86,40.58
987,53.07,78.3,40.58
1020,52.93,78.51,40.59
931,52.81,77.43,40.51
993,52.88,78.09,40.49
1019,52.65,78.35,40.52
1079,52.46,78.58,40.43
964,52.39,77.92,40.43
807,52.58,76.54,41.14
820,52.63,77.02,41.46
453,50.12,77.67,40.42
399,49.83,78.11,40.61
791,52.35,77.04,40.8
712,51.91,77.52,40.6
828,51.51,78,40.45
576,50.73,75.84,43.13
673,52.15,76.15,42.61
702,52.35,76.16,43.14
735,52.35,76.63,42.64
521,50.02,75.96,45.01
803,44.26,75.97,45.65
876,44.72,76.37,45.02
936,45.19,76.77,44.42
898,45.71,77.18,44.44
832,46.14,77.15,44.69
585,56.27,76.15,45.41
633,46.92,75.65,45.86
719,44.64,75.49,45.65
816,45.12,75.9,45.02
888,45.45,76.27,44.49
821,45.94,76.34,44.75
809,46.27,76.68,44.86
749,46.55,76.2,45.24
751,46.24,76.24,45.17
642,46.72,75.71,45.74
672,46.91,76.1,45.58
673,46.64,75.73,45.56
714,46.76,76.16,45.39
758,45.88,75.82,45.11
714,46.37,75.81,45.34
541,47.13,75.67,45.99
424,49.49,75.42,45.59
629,55.57,74.94,46
596,54.82,75.02,46.01
408,53.59,75.51,45.59
418,53.5,75.56,45.41
647,55.73,79.23,42.44
625,55.4,79.32,42.29
613,55.51,79.24,42.44
638,55.62,79.31,42.44
589,55.61,79.08,42.68
536,55.18,78.88,42.68
598,55.29,79.25,42.29
569,55.28,79.08,42.44
566,55.06,79.26,42.29
550,55.08,79.08,42.44
588,55.18,79.33,42.29
573,54.74,79.38,41.66
642,54.96,79.36,41.66
567,54.74,79.38,41.82
612,54.96,79.36,41.82
674,54.86,79.48,41.5
4875,54.86,79.48,41.35
751,54.64,79.5,41.5
8044,54.64,79.5,41.35
590,54.96,79.36,41.97
573,54.96,79.36,42.13
558,54.74,79.38,41.97
550,54.74,79.38,42.13
692,55.08,79.46,41.66
740,55.3,79.44,41.66
786,55.42,79.54,41.66
653,55.08,79.46,41.82
704,55.3,79.44,41.82
747,55.42,79.54,41.82
798,54.98,79.58,41.35
833,55.2,79.56,41.35
894,55.1,79.68,41.19
891,55.32,79.66,41.35
962,55.22,79.78,41.19
719,54.98,79.58,41.5
791,55.2,79.56,41.5
846,55.32,79.66,41.5
624,55.08,79.46,41.97
672,55.3,79.44,41.97
712,55.42,79.54,41.97
600,55.08,79.46,42.13
642,55.3,79.44,42.13
679,55.42,79.54,42.13
16521,54.76,79.6,41.19
11255,54.76,79.6,41.04
7862,54.88,79.7,41.04
11100,54.88,79.7,41.19
5605,54.66,79.72,40.88
1190,54.66,79.71,40.74
1981,54.78,79.81,40.76
6714,54.78,79.82,40.88
1644,54.37,80.19,40.46
2638,54.57,79.95,40.63
2773,55,79.8,41.04
1009,55.12,79.9,41.04
5241,54.9,79.92,40.88
1872,55.02,80.02,40.87
1936,54.9,79.9,40.77
2980,54.61,80.39,40.46
3642,54.81,80.15,40.66
626,54.4,79.3,41.66
611,54.4,79.3,41.82
703,54.28,79.2,41.66
675,54.28,79.2,41.81
567,54.52,79.4,41.66
564,54.52,79.4,41.82
647,54.29,79.22,41.97
598,54.4,79.3,41.97
559,54.52,79.4,41.97
851,54.18,79.32,41.19
920,54.18,79.32,41.04
768,54.3,79.42,41.19
882,54.3,79.42,41.04
701,54.3,79.42,41.35
654,54.3,79.42,41.5
782,54.18,79.32,41.35
732,54.18,79.32,41.5
989,54.42,79.52,41.19
788,54.42,79.52,41.04
6668,54.54,79.62,41.04
9285,54.54,79.62,41.19
618,54.42,79.52,41.35
580,54.42,79.52,41.5
970,54.08,79.44,40.88
1008,54.09,79.43,40.75
1000,54.21,79.53,40.75
955,54.2,79.54,40.88
952,54.32,79.63,40.75
874,54.32,79.64,40.88
982,54.44,79.74,40.75
967,54.44,79.74,40.88
988,54.22,79.76,40.62
1124,54.34,79.86,40.63
1030,53.98,79.55,40.63
1021,54.1,79.66,40.62
1291,54.13,79.99,40.46
1074,53.89,79.78,40.45
586,54.4,79.3,42.13
626,54.29,79.23,42.13
706,54.29,78.88,42.45
650,54.5,78.88,42.68
571,54.5,79.23,42.29
587,54.49,79.08,42.44
554,54.52,79.4,42.13
548,54.84,79.27,42.29
550,54.62,79.28,42.29
549,54.73,79.22,42.29
545,54.95,79.22,42.44
546,54.84,79.08,42.44
540,54.94,79.09,42.63
553,54.72,79.08,42.44
566,54.62,79.08,42.44
603,54.76,78.88,42.68
557,55.61,79.08,42.99
515,55.59,78.88,43.3
525,55.17,78.88,42.99
578,56.33,76.54,45.38
584,56.54,76.65,45.24
612,56.86,76.69,45.13
628,56.71,76.19,45.34
559,56.17,76.18,45.6
559,56.17,76.51,45.54
571,56.5,77.12,45.28
560,56.29,77.03,45.39
1103,61.13,76.27,48.77
1181,61.13,76.27,49.4
1084,60.65,75.87,48.77
1061,59.77,75.95,48.77
1177,60.65,75.87,49.4
1139,59.77,75.95,49.4
1096,58.89,76.02,49.4
1155,63.04,77.88,49.4
1211,62.64,78.36,49.84
1107,63.04,77.88,48.77
1111,62.56,77.48,48.77
1161,62.56,77.48,49.4
1214,62.16,77.95,49.84
1121,61.68,77.55,49.4
1112,63.6,79.16,49.4
1051,63.6,79.16,48.77
1106,63.12,78.76,49.4
1047,63.12,78.76,48.77
2405,64.49,85.78,49.29
2336,65.51,85.58,49.17
1182,64.55,79.96,49.4
1118,64.55,79.96,48.77
1126,64.08,79.56,49.4
1064,64.08,79.56,48.77
2236,65.53,85.22,49.08
1404,65.34,80.33,49.09
2008,65.48,83.88,49.08
1669,65.43,82.09,49.09
1130,61.2,77.15,49.4
657,55.52,79.42,42.29
694,55.85,79.4,42.36
761,56.09,79.59,42.36
1014,56.33,79.8,41.74
1128,56.13,80.03,41.43
933,56.33,79.8,42.05
2561,55.33,80.99,40.46
1177,55.53,80.75,40.66
1213,55.73,80.51,40.87
1190,55.93,80.27,41.11
2003,55.57,81.19,40.46
1171,55.77,80.95,40.66
836,55.54,79.64,41.66
891,55.66,79.74,41.66
847,55.66,79.74,41.82
793,55.54,79.64,41.82
961,55.45,79.87,41.43
756,55.65,79.63,42.05
938,55.89,79.83,41.74
1064,55.69,80.07,41.43
854,55.89,79.83,42.05
4529,54.65,80.83,40.46
5315,54.85,80.59,40.66
4795,55.05,80.35,40.87
1028,55.25,80.11,41.11
1130,55.49,80.31,41.11
4571,54.89,81.03,40.46
3382,55.09,80.79,40.66
1657,55.29,80.55,40.87
2179,55.83,81.62,40.46
1152,56.23,81.14,40.66
1187,55.97,80.71,40.87
646,55.85,79.4,42.68
662,56.06,79.26,42.67
668,58.48,76.5,45.02
644,57.61,76.58,45.02
616,57.5,77.08,44.57
630,58.1,76.98,44.41
612,57.85,77.45,43.79
692,56.5,79.22,42.67
607,57.04,77.04,44.89
606,57.47,77.47,44.29
607,56.04,79.08,42.99
639,56.46,79.05,42.99
574,56.75,77.5,44.94
585,57.14,77.85,44.37
565,56,78.88,43.29
611,56.42,78.86,43.29
703,56.09,79.59,42.68
590,56.22,78.88,43.34
700,56.29,79.37,42.68
671,58.96,76.91,45.03
657,57.2,78.97,42.99
636,58.55,77.38,44.42
615,58.19,77.86,43.78
637,57.87,78.36,43.11
624,57.47,78.57,43.3
608,57.53,78.2,43.75
592,57.23,78.16,44.18
609,57.29,78.46,43.71
642,56.85,78.97,42.99
625,57.14,78.83,43.3
625,57.36,78.69,43.3
622,56.75,78.79,43.29
607,57.08,78.62,43.72
739,59.36,76.42,46.27
697,58.98,76.9,45.63
698,58.48,76.5,45.65
900,61.13,76.27,47.52
819,60.72,76.75,46.9
1009,61.13,76.27,48.15
972,60.65,75.87,48.15
859,60.65,75.87,47.52
793,60.25,76.35,46.9
733,59.76,76.82,46.21
754,59.96,76.83,46.44
711,59.75,77.29,45.83
698,59.42,77.31,45.64
872,59.77,75.95,47.52
796,59.36,76.42,46.9
1317,56.3,82.02,40.46
1495,59.58,85.34,40.45
1366,60.57,85.49,40.65
1341,61.41,85.58,41.4
1294,62.38,85.32,41.52
1422,62.01,84.94,40.82
1280,60.44,84.44,40.46
1413,61.27,85.12,40.65
1336,61.29,83.37,40.66
1202,59.51,83.23,40.46
2430,57.3,84.76,40.45
1213,58.94,81.79,40.46
1212,59.35,81.31,40.66
1232,59.75,80.83,40.87
1223,60.15,80.35,41.27
1212,59.42,82.19,40.46
1207,59.83,81.71,40.66
1218,60.23,81.23,40.87
1202,60.63,80.75,41.27
1292,62.14,82.84,41.27
1282,62.25,84.16,41.56
1115,62.14,82.84,41.9
1225,60.34,82.56,40.66
1326,61.44,83.19,40.84
1218,60.71,81.63,40.87
1193,61.11,81.15,41.27
1238,61.19,82.03,40.87
1200,61.59,81.55,41.27
1236,61.66,82.43,41.27
1100,61.11,81.15,41.9
1094,61.59,81.55,41.9
1087,61.66,82.43,41.9
1058,62.08,77.07,48.15
984,62.08,77.07,47.52
942,61.6,76.67,47.52
1037,61.6,76.67,48.15
1057,61.68,77.55,48.77
1062,61.2,77.15,48.77
781,60.9,77.43,46
801,61.02,77.65,45.88
812,61.2,77.16,46.42
777,60.83,77.3,46.13
855,61.68,77.44,46.42
860,61.7,77.7,46.29
832,61.26,77.97,45.94
899,61.68,77.55,46.9
866,61.6,78.02,46.36
856,61.2,77.15,46.9
730,59.99,77.26,46.08
710,59.85,77.5,45.79
726,60.13,77.37,45.96
764,60.31,77.23,46.4
751,60.32,77.56,46.14
726,60.16,77.4,45.96
674,60.1,78.62,44.93
729,60.56,78.73,44.87
702,60.24,78.33,45.34
755,60.6,77.71,45.91
741,60.45,78.05,45.67
680,59.98,78.37,45.19
694,60.21,78.55,45.21
674,59.75,78.55,45.16
665,59.77,78.49,44.86
761,60.63,78.6,45.26
811,60.91,78.72,45.55
798,60.9,78.41,45.75
758,60.57,78.47,45.41
658,59.57,78.36,44.66
668,59.53,78.18,45
657,59.62,78.53,44.62
661,59.02,77.78,45.03
699,59.65,77.72,45.66
714,59.99,77.79,45.8
686,59.77,78.08,45.34
698,59.93,78.12,45.49
1120,56.71,81.54,40.66
1143,57.18,81.94,40.46
1130,57.66,82.35,40.46
1185,56.17,80.47,41.11
1163,56.37,80.24,41.43
1211,56.37,80.24,41.11
1210,56.63,80.66,40.87
1183,57.11,81.06,40.66
1185,57.59,81.46,40.46
1163,58.06,81.87,40.46
817,56.53,79.56,42.36
1100,56.57,80,41.74
1029,56.57,80,42.05
1084,56.77,79.76,41.74
1010,56.77,79.76,42.05
1215,57.03,80.18,41.27
1229,57.51,80.58,40.87
1205,57.99,80.98,40.66
1181,58.47,81.38,40.66
772,56.73,79.32,42.36
740,56.95,79.12,42.36
727,56.73,79.33,42.67
705,56.95,79.14,42.67
772,57.37,79.03,42.36
727,57.55,78.85,42.37
727,57.37,79.04,42.68
706,57.64,78.72,42.34
698,57.59,78.82,42.68
985,58.78,78.67,42.61
1188,58.81,78.66,42.31
883,58.25,78.77,42.52
1130,59.04,78.89,42.51
1132,59.7,78.94,42.52
1036,56.97,79.52,41.74
974,57.17,79.28,41.74
962,56.97,79.52,42.05
903,57.17,79.28,42.05
1099,57.83,79.22,41.9
1247,58.71,79.14,41.9
1253,59.57,79.15,41.88
1237,57.43,79.7,41.27
1301,58.31,79.62,41.27
1309,59.19,79.54,41.27
1300,57.91,80.1,40.87
1304,58.79,80.02,40.87
1266,58.39,80.5,40.66
1114,60.1,79.05,42.63
1136,60.45,79.26,42.49
1217,60.07,79.49,41.89
1256,59.67,79.95,41.27
1257,59.27,80.43,40.87
1232,58.87,80.9,40.66
680,57.37,79.04,42.99
664,57.59,78.82,42.99
623,58.95,78.55,43.75
621,58.57,78.28,43.78
713,58.78,78.67,43.14
707,58.25,78.74,43.13
813,59.03,78.9,43.15
919,59.66,78.96,43.14
635,59.17,78.75,43.75
658,59.78,78.77,43.73
703,60.15,78.86,43.64
789,60.44,79.07,43.78
952,60.11,79.06,43.14
1007,60.49,79.28,43.14
641,59.85,78.71,44.29
668,60.41,79.02,44.37
634,59.16,78.47,44.39
633,59.29,78.71,44.29
626,58.63,78.27,44.41
1344,62.38,85.32,42.83
1050,63.04,77.88,47.52
992,62.64,78.36,46.9
1080,63.04,77.88,48.15
1020,62.56,77.48,47.52
947,62.16,77.95,46.9
1072,62.56,77.48,48.15
1113,60.63,80.75,41.9
1080,61.03,80.27,42.52
1130,60.15,80.35,41.9
1089,60.55,79.87,42.52
1002,60.55,79.87,43.15
958,60.96,79.44,43.77
1021,61.03,80.27,43.15
1006,61.43,79.79,43.77
840,60.96,78.99,44.87
897,61.33,79.17,45.09
860,60.96,79.44,44.4
957,61.43,79.79,44.4
949,61.84,79.36,45.03
940,62.23,78.83,46.25
921,61.84,79.32,45.65
839,61.23,78.7,45.95
890,61.77,78.45,46.28
864,61.34,79.02,45.7
1010,63.19,79.64,46.9
1044,63.6,79.16,47.52
1038,63.6,79.16,48.15
1033,63.12,78.76,47.52
990,62.72,79.24,46.9
1033,63.12,78.76,48.15
1031,61.11,81.15,42.52
1017,61.59,81.55,42.52
988,61.11,81.15,43.15
990,61.51,80.67,43.77
976,61.59,81.55,43.15
987,61.99,81.07,43.77
961,61.51,80.67,44.4
964,61.91,80.19,45.02
972,61.99,81.07,44.4
985,62.39,80.6,45.02
967,62.39,80.6,45.65
984,62.79,80.12,46.27
939,61.91,80.19,45.65
957,62.31,79.72,46.27
1058,64.06,84.44,45.02
1419,64.16,85.27,45.33
967,62.26,84.16,42.83
1191,63.22,84.9,44.08
1035,64.15,80.44,46.9
1095,64.55,79.96,47.52
1096,64.55,79.96,48.15
1018,63.67,80.04,46.9
1056,64.08,79.56,47.52
1052,64.08,79.56,48.15
963,62.11,82.4,42.83
969,62.47,81.48,43.77
944,62.95,81.88,43.77
938,62.95,81.88,44.4
964,63.35,81.4,45.02
960,62.47,81.48,44.4
982,62.87,81,45.02
972,62.87,81,45.65
992,63.27,80.52,46.27
959,63.35,81.4,45.65
995,63.75,80.92,46.27
888,63.06,83.2,44.08
942,63.58,84.04,45.02
911,63.98,83.56,45.02
919,63.9,82.68,45.02
912,63.43,82.28,45.02
1051,64.06,84.44,45.65
931,63.58,84.04,45.65
906,63.98,83.56,45.65
1021,64.46,83.96,45.65
1553,65.14,84.44,46.58
2186,65.53,85.22,47.84
920,63.9,82.68,45.65
905,63.43,82.28,45.65
974,64.31,82.2,45.65
940,63.83,81.8,45.65
1113,64.71,81.28,46.6
1301,65.34,80.31,47.83
1160,64.85,83.04,46.58
1810,65.48,83.87,47.83
1487,65.43,82.11,47.83
973,59.77,75.95,48.15
629,56.48,75.75,45.55
639,56.67,75.78,45.4
627,56.36,75.73,45.72
613,56.16,75.69,45.85
631,55.94,75.32,45.99
1013,58.89,76.02,48.77
646,57.22,76.16,45.1
663,57.62,74.84,44.51
645,57.65,75.69,44.5
662,56.91,74.86,45.07
658,56.48,74.84,45.54
659,56.36,74.85,45.72
652,56.16,74.84,45.85
718,56.31,74.06,46
722,56.65,74.03,45.77
664,56.31,75.35,46
670,56.52,75.36,45.83
688,57.97,75.66,45.33
747,58.89,76.02,46.27
799,58.89,76.02,46.9
665,56.09,74.87,45.99
861,59.29,75.54,47.52
956,59.29,75.54,48.15
797,59.69,75.07,47.52
894,59.69,75.07,48.15
772,58.77,74.7,46.58
733,57.82,73.9,45.34
614,59.42,71.98,47.83
725,58.62,72.94,46.58
632,59.57,73.74,47.83
1099,46.32,78.55,41.51
1393,45.37,78.53,40.84
1391,45.84,78.94,40.63
1426,46.34,79.31,40.45
1255,45.71,78.06,41.24
1219,46.17,78.38,41.19
1128,46.47,78.55,41.23
1200,46.99,78.54,40.67
1299,46.16,78.44,40.76
1244,46.48,78.61,40.8
1330,46.22,78.46,40.55
1355,46.81,78.82,40.43
1202,47.65,78.58,40.68
1288,47.64,78.74,40.42
869,43.99,76.44,45.65
803,43.53,76.46,46.91
866,43.53,76.46,46.27
927,43.73,76.45,45.02
930,43.53,77.33,45.02
934,44.31,76.85,45.02
886,43.73,76.46,45.65
905,43.53,77.34,45.65
1563,43.52,83.57,44.4
1599,43.52,83.61,43.77
1368,43.53,79.58,44.39
1182,43.53,78.68,44.39
1514,43.53,79.58,43.77
1424,43.53,78.69,43.77
1031,43.73,77.33,44.4
1089,43.53,78.14,44.4
1042,44.02,77.32,44.4
997,44.81,77.25,44.4
891,45.95,77.96,44.34
1179,43.73,77.34,43.77
1334,43.53,78.14,43.77
1158,44.02,77.32,43.77
1079,44.84,77.25,43.78
994,45.46,76.85,43.77
934,45.61,77.62,44.27
972,45.69,77.59,43.72
1590,43.53,80.52,43.14
1614,43.53,80.51,42.5
1619,43.73,80.52,41.88
1608,43.53,81.34,43.14
1622,43.53,82.21,43.14
1628,43.53,83,43.13
1624,43.7,83.6,43.15
1631,43.53,81.34,42.51
1642,43.73,81.34,41.88
1641,43.53,82.21,42.51
1645,43.53,83.01,42.5
1654,43.73,83.55,42.51
1662,43.73,82.22,41.88
1675,43.73,83.03,41.88
1576,43.53,79.99,43.14
1543,43.53,79.09,43.14
1504,43.73,78.69,43.14
1555,43.73,79.58,43.14
1449,43.73,78.14,43.15
1297,44.36,77.73,43.14
1146,45.18,77.65,43.13
1081,45.48,77.62,43.13
1026,45.75,78.24,43.13
1519,43.73,78.15,42.52
1510,44.06,78.23,41.9
1095,46.06,78.44,41.83
1389,44.36,77.73,42.52
1216,45.18,77.62,42.52
1136,45.47,77.63,42.62
1159,45.5,77.65,42.33
1093,45.78,78.25,42.36
1069,45.74,78.22,42.64
1366,44.9,78.13,41.91
1224,45.57,78.06,41.76
1167,45.73,78.36,42.04
1074,46.24,78.6,41.95
1573,43.53,79.09,42.51
1548,43.73,78.69,42.52
1601,43.53,79.99,42.5
1580,43.73,79.58,42.51
1545,43.91,78.67,41.9
1575,43.73,79.09,41.88
1571,43.94,79.56,41.9
1604,43.73,79.99,41.88
1590,43.96,80.48,41.27
1617,43.99,81.32,41.27
1646,44.01,82.2,41.27
1669,44.05,83.11,41.27
1578,44.25,80.85,40.87
1601,44.3,81.74,40.87
1620,44.35,82.62,40.87
1624,44.46,83.5,40.87
1571,44.67,81.26,40.66
1587,44.73,82.14,40.66
1604,44.89,83.89,40.66
1605,44.81,83.01,40.66
1560,45.12,81.66,40.46
1565,45.18,82.54,40.46
1556,45.26,83.41,40.46
1535,44.11,79.09,41.27
1555,44.17,79.97,41.27
1515,44.55,79.5,40.87
1541,44.63,80.38,40.87
1513,45.01,79.9,40.66
1540,45.09,80.78,40.66
1520,45.49,80.3,40.46
1538,45.55,81.18,40.46
1172,46.03,78.56,41.51
1347,45.36,78.54,41.28
1485,44.47,78.61,41.27
1465,44.95,79.01,40.87
1463,45.43,79.42,40.66
1482,45.91,79.81,40.46
2244,65.51,85.58,47.88
2322,64.48,85.78,47.94
1853,57.85,84.86,40.6
1454,60.58,85.58,41.4
1788,61.41,85.58,42.79
1975,62.4,85.58,44.07
1969,63.24,85.58,45.33
1876,64.32,85.58,46.62
3503,57.77,85.15,40.58
1783,58.31,84.52,40.45
1433,59,84.98,40.45
2067,59.42,85.78,41.25
2071,60.5,85.78,42.72
2279,61.38,85.78,44.03
2319,62.4,85.78,45.33
2252,63.27,85.78,46.62
3813,57.27,85.14,40.58
3891,56.88,85.04,40.45
1683,56.87,84.33,40.46
2564,56.43,83.87,40.46
1305,60.73,76.75,50.1
1297,60.25,76.35,50.1
1282,59.37,76.42,50.1
2198,65.04,84.84,50.1
1961,64.94,83.09,50.1
1679,64.75,81.31,50.1
1480,64.2,80.45,50.1
1393,63.7,80.05,50.1
1342,63.22,79.64,50.1
1321,62.73,79.24,50.1
1316,62.25,78.84,50.1
1316,61.77,78.43,50.1
1317,61.29,78.03,50.1
1317,60.8,77.63,50.1
1256,58.89,76.02,50.1
133,43.39,82.43,49.37
4,48.91,77.99,60.78
4,48.9,78.01,60.76
4,48.91,78.01,60.75
3,48.71,77.99,60.78
4,48.71,78.01,60.76
3,48.74,78,60.78
4,48.74,78.01,60.76
4,48.79,77.88,60.7
4,48.81,77.85,60.67
4,48.76,77.91,60.7
4,48.74,77.94,60.74
4,48.82,77.9,60.7
4,48.85,77.93,60.74
4,48.88,77.95,60.74
4,48.8,78.01,60.76
4,48.8,78,60.78
4,48.82,77.96,60.74
4,48.77,78.01,60.75
4,48.77,77.96,60.74
4,48.79,77.93,60.7
4,48.85,77.97,60.74
4,48.85,78.01,60.75
4,48.54,77.91,60.77
3,48.54,77.95,60.79
3,48.58,78.01,60.78
4,48.58,78.01,60.76
3,48.57,77.97,60.78
4,48.43,77.92,60.77
3,48.43,77.95,60.79
4,48.46,77.89,60.77
4,48.47,77.9,60.77
4,48.45,77.91,60.77
4,48.46,77.92,60.77
4,48.51,77.85,60.7
4,48.48,77.88,60.74
4,48.49,77.92,60.77
3,48.49,77.95,60.79
4,48.51,77.9,60.74
4,48.4,77.86,60.74
4,48.37,77.84,60.71
4,48.43,77.84,60.71
4,48.37,77.89,60.74
4,48.4,77.91,60.74
4,48.43,77.88,60.74
4,48.34,77.86,60.7
4,48.63,77.93,60.76
3,48.63,77.97,60.78
4,48.66,78.01,60.76
3,48.66,77.99,60.78
4,48.66,78.01,60.75
3,48.6,77.99,60.78
4,48.6,78.01,60.76
4,48.6,78.01,60.75
4,48.63,78.01,60.78
4,48.63,78.01,60.76
4,48.63,78.02,60.75
4,48.71,77.91,60.74
4,48.68,77.89,60.74
4,48.65,77.86,60.7
4,48.68,77.84,60.67
4,48.73,77.84,60.67
4,48.7,77.86,60.7
4,48.65,77.92,60.74
4,48.68,77.94,60.74
4,48.73,77.88,60.7
4,48.76,77.86,60.67
4,48.57,77.9,60.74
4,48.62,77.85,60.67
4,48.59,77.87,60.7
4,48.6,77.92,60.74
4,48.45,77.85,60.7
4,48.48,77.84,60.67
4,48.54,77.87,60.7
4,48.56,77.85,60.67
4,48.62,77.89,60.7
3,48.38,78.01,60.76
3,48.38,78,60.78
3,48.38,78.01,60.75
3,48.41,78.01,60.76
3,48.41,77.98,60.78
3,48.46,77.98,60.78
3,48.47,78.01,60.76
3,48.44,78.01,60.76
3,48.44,78,60.78
4,48.94,78.02,60.75
4,48.94,77.98,60.74
4,48.96,77.99,60.78
4,48.96,78.01,60.76
4,48.99,77.93,60.77
4,48.99,77.97,60.79
4,48.96,77.92,60.74
4,48.93,77.95,60.74
4,48.9,77.87,60.7
4,48.87,77.85,60.67
4,48.84,77.87,60.67
4,48.87,77.9,60.7
4,48.93,77.89,60.7
4,48.9,77.92,60.7
5,49.28,77.83,60.77
6,49.34,77.83,60.82
5,49.34,77.89,60.82
4,49.04,77.92,60.77
4,49.04,77.96,60.79
4,49.1,77.92,60.77
4,49.1,77.96,60.79
4,49.04,77.88,60.74
4,49.07,77.9,60.77
4,49.01,77.91,60.74
4,49.01,77.86,60.7
4,48.93,77.85,60.67
4,48.98,77.84,60.67
4,48.95,77.86,60.67
4,48.98,77.89,60.7
4,49.18,77.94,60.8
5,49.15,77.87,60.78
4,49.12,77.9,60.77
5,49.15,77.86,60.81
5,49.23,77.84,60.82
4,49.06,77.85,60.7
4,49.09,77.88,60.74
4,49.09,77.83,60.71
4,49.12,77.85,60.74
4,49.12,77.9,60.74
4,49.15,77.87,60.74
4,49.09,77.84,60.67
4,49.06,77.85,60.67
4,49.03,77.84,60.67
5,49.29,77.94,60.8
5,49.23,77.87,60.76
4,49.17,77.84,60.69
7,49.49,77.82,60.82
7,49.52,77.87,60.83
6,49.39,77.83,60.78
6,49.46,77.83,60.82
6,49.44,77.89,60.82
8,49.73,77.86,60.83
8,49.73,77.81,60.82
12,49.95,77.85,60.84
23,50.11,77.81,60.85
20,50.06,77.8,60.85
21,50.06,77.83,60.84
11,50,77.82,60.82
22,50.1,77.82,60.82
3,48.3,77.99,60.78
3,48.3,78.01,60.76
3,48.3,78.01,60.75
3,48.33,78.01,60.76
3,48.33,78.01,60.78
3,48.33,78.02,60.75
3,48.27,77.98,60.74
3,48.27,78.02,60.75
3,48.24,77.92,60.74
3,48.27,77.95,60.74
3,48.21,77.95,60.74
3,48.24,77.97,60.74
4,48.25,77.99,60.73
4,48.35,77.92,60.74
4,48.32,77.94,60.74
4,48.38,77.94,60.74
4,48.35,77.99,60.73
4,48.35,77.97,60.74
4,48.29,77.87,60.7
4,48.31,77.85,60.67
4,48.26,77.89,60.7
4,48.32,77.89,60.7
4,48.29,77.92,60.7
3,48.08,78,60.77
3,48.08,78.01,60.76
3,48.08,78.01,60.75
3,48.19,77.97,60.74
3,48.19,78.02,60.75
3,48.22,78.03,60.75
3,48.16,77.96,60.74
3,48.13,77.93,60.74
3,48.13,78.02,60.75
3,48.13,77.98,60.74
3,48.1,77.96,60.74
3,48.1,78.01,60.75
4,48.26,77.85,60.67
4,48.23,77.87,60.66
4,48.21,77.9,60.7
4,48.2,77.85,60.67
4,48.18,77.87,60.7
4,48.18,77.93,60.7
3,48.15,77.9,60.7
3,48.02,77.94,60.74
3,47.99,77.99,60.73
3,47.99,77.97,60.74
3,48.05,77.98,60.73
3,48.05,77.97,60.74
3,48.02,78.03,60.75
3,48.02,77.98,60.74
3,48.02,77.99,60.73
4,48.15,77.86,60.67
4,48.12,77.88,60.66
3,48.1,77.91,60.7
3,48.07,77.94,60.7
4,48.09,77.86,60.67
3,48.07,77.88,60.7
3,48.04,77.91,60.7
3,48.04,77.86,60.66
3,48.01,77.85,60.67
3,47.98,77.87,60.67
3,47.96,77.89,60.7
3,48.01,77.89,60.66
3,47.99,77.92,60.7
3,47.93,77.92,60.7
3,47.91,77.95,60.74
2,47.88,78,60.78
3,47.96,77.95,60.7
3,47.94,77.97,60.74
3,47.94,77.99,60.73
3,47.94,78.01,60.75
3,47.88,78.01,60.76
3,47.97,77.99,60.73
3,47.97,78.03,60.75
7,46.21,78.19,60.74
7,46.27,78.24,60.74
7,46.16,78.25,60.74
7,46.11,78.31,60.73
6,45.99,78.32,60.75
6,45.88,78.38,60.7
6,45.93,78.37,60.75
7,46.22,78.28,60.74
7,46.15,78.36,60.74
7,46.08,77.94,60.81
7,46.08,77.99,60.79
7,46.03,78.01,60.76
7,46.14,78.01,60.77
7,45.97,77.94,60.81
6,45.96,78,60.79
7,46.02,77.92,60.82
6,46.02,77.98,60.81
6,45.96,77.85,60.82
7,45.99,77.87,60.82
7,45.96,77.9,60.82
6,45.93,77.88,60.82
7,46.01,77.85,60.76
6,45.92,77.91,60.82
7,45.93,77.93,60.81
5,45.89,78,60.79
5,45.87,77.94,60.78
6,45.93,77.84,60.82
6,45.91,77.85,60.82
4,45.87,77.84,60.78
7,46.07,77.87,60.76
8,46.12,77.85,60.7
7,45.93,78.33,60.7
6,45.92,78.26,60.75
7,45.88,78.26,60.71
7,45.9,78.06,60.75
6,45.87,78.05,60.7
6,46.39,78.32,60.74
6,46.33,78.29,60.74
6,46.5,78.31,60.74
5,45.92,78.49,60.75
6,45.88,78.5,60.71
7,46.06,78.37,60.74
6,46,78.43,60.74
7,45.88,78.64,60.73
6,46.46,77.89,60.76
6,46.51,77.86,60.69
6,46.3,77.93,60.81
6,46.3,77.98,60.79
6,46.4,77.86,60.68
6,46.35,77.89,60.76
6,46.36,78.01,60.76
6,46.35,78,60.78
6,46.41,78.01,60.75
6,46.41,77.94,60.76
7,46.24,78,60.78
7,46.13,77.91,60.76
7,46.24,77.9,60.76
8,46.18,77.86,60.68
7,46.29,77.86,60.68
7,46.19,77.95,60.76
6,46.44,78.28,60.74
6,46.55,78.27,60.74
5,46.8,77.88,60.61
5,46.74,77.92,60.68
5,46.69,77.96,60.75
5,46.7,78,60.73
5,46.69,78.02,60.75
5,46.75,78,60.73
5,46.75,78.06,60.75
6,46.52,77.93,60.76
5,46.57,77.88,60.69
6,46.47,78.03,60.75
6,46.47,77.97,60.75
5,46.58,77.96,60.75
5,46.58,78.03,60.75
6,46.53,78.06,60.75
4,47.08,78.03,60.75
4,47.08,77.97,60.74
4,47.02,77.95,60.69
4,47.03,78.07,60.75
4,47.14,78.06,60.75
4,47.09,78.12,60.75
5,46.63,77.93,60.69
5,46.68,77.89,60.61
5,46.86,78.04,60.75
5,46.86,77.97,60.74
5,46.8,77.97,60.69
4,46.92,78.08,60.75
5,46.81,78.09,60.75
5,46.87,78.14,60.75
5,46.97,78.01,60.69
5,46.91,77.96,60.69
5,46.96,77.9,60.61
6,46.9,77.89,60.55
5,46.85,77.91,60.61
4,47.3,77.99,60.78
4,47.3,78,60.76
4,47.24,77.92,60.76
5,47.12,77.86,60.63
4,47.18,77.88,60.68
4,47.35,77.92,60.76
4,47.29,77.87,60.69
4,47.19,77.96,60.74
4,47.19,78.03,60.75
4,47.13,77.94,60.68
5,47.07,77.89,60.61
3,47.58,78,60.76
3,47.58,78,60.77
3,47.54,77.9,60.78
3,47.57,77.92,60.77
3,47.52,77.97,60.78
4,47.51,78,60.76
4,47.57,77.87,60.74
4,47.6,77.9,60.74
4,47.54,77.9,60.74
4,47.57,77.93,60.74
4,47.62,77.86,60.69
4,47.46,77.91,60.76
5,47.35,77.86,60.63
4,47.4,77.86,60.68
4,47.51,77.86,60.69
4,47.41,77.95,60.74
4,47.41,78.02,60.75
3,47.74,77.99,60.78
3,47.69,77.96,60.76
3,47.69,78,60.77
3,47.66,77.98,60.74
3,47.73,78.01,60.76
3,47.65,78.02,60.75
3,47.69,78.01,60.76
3,47.63,77.92,60.74
3,47.66,77.95,60.74
3,47.6,77.95,60.74
3,47.63,77.97,60.74
3,47.8,77.95,60.76
3,47.8,77.99,60.78
3,47.8,78.01,60.76
3,47.82,77.93,60.74
3,47.85,77.96,60.74
3,47.83,78,60.77
3,47.83,78.01,60.76
3,47.77,78.01,60.76
3,47.77,78,60.77
3,47.76,77.88,60.7
3,47.74,77.91,60.74
3,47.79,77.91,60.7
3,47.77,77.94,60.74
3,47.71,77.94,60.74
3,47.68,77.89,60.69
3,47.88,77.93,60.7
3,47.85,77.9,60.7
3,47.93,77.87,60.67
3,47.9,77.9,60.66
3,47.87,77.87,60.66
3,47.9,77.85,60.67
4,47.73,77.87,60.63
3,47.84,77.86,60.62
3,47.82,77.88,60.66
3,47.76,77.88,60.66
3,47.79,77.91,60.66
3,47.79,77.86,60.67
27,50.45,77.85,60.84
30,50.56,77.85,60.84
28,50.5,77.82,60.82
4,48.87,77.82,60.67
4,48.37,77.81,60.7
4,48.42,77.81,60.71
4,48.34,77.81,60.7
4,48.48,77.81,60.67
4,48.45,77.81,60.7
4,48.51,77.81,60.66
4,48.56,77.82,60.67
4,48.62,77.81,60.67
4,48.67,77.81,60.67
4,48.73,77.81,60.67
4,48.76,77.81,60.66
4,48.82,77.82,60.63
4,48.93,77.81,60.67
4,48.95,77.81,60.66
4,48.98,77.81,60.67
4,49.03,77.81,60.67
4,49.07,77.81,60.66
4,49.09,77.81,60.67
4,49.09,77.8,60.7
4,49.17,77.81,60.69
8,49.67,77.83,60.85
7,49.56,77.84,60.84
7,49.49,77.8,60.84
5,49.28,77.81,60.69
6,49.35,77.8,60.75
6,49.39,77.8,60.77
9,49.78,77.83,60.85
8,49.72,77.79,60.84
10,49.9,77.82,60.85
26,50.39,77.83,60.85
14,50,77.79,60.84
22,50.1,77.8,60.84
22,50.29,77.83,60.85
3,47.98,77.82,60.66
3,48.04,77.82,60.66
3,48.01,77.82,60.67
4,48.15,77.82,60.66
4,48.09,77.82,60.66
4,48.12,77.82,60.66
4,48.2,77.81,60.66
4,48.23,77.82,60.66
4,48.26,77.82,60.67
4,48.31,77.82,60.67
4,47.28,77.82,60.68
4,47.19,77.81,60.67
5,47.12,77.82,60.62
3,47.63,77.81,60.68
5,47.35,77.82,60.62
4,47.41,77.81,60.67
4,47.51,77.81,60.68
3,47.9,77.81,60.66
3,47.93,77.82,60.66
3,47.68,77.82,60.66
3,47.73,77.83,60.62
3,47.79,77.81,60.66
3,47.84,77.82,60.62
6,47.07,77.83,60.59
6,46.97,77.83,60.59
7,46.89,77.83,60.54
7,46.8,77.83,60.54
5,46.74,77.83,60.59
6,46.4,77.81,60.69
5,46.5,77.81,60.69
5,46.58,77.82,60.67
5,46.67,77.83,60.6
8,46.18,77.81,60.68
6,46.29,77.81,60.69
6,45.95,77.81,60.77
9,46.01,77.81,60.69
5,45.9,77.81,60.78
9,46.07,77.81,60.68
8,45.89,78.27,60.65
8,45.88,78.31,60.62
7,45.89,78.38,60.64
8,45.89,78.5,60.61
28,50.5,77.79,60.84
454,58.16,67.41,50.3
522,58.31,69.36,50.3
275,43.53,71.58,49.53
198,43.53,70.69,50.09
442,43.53,73.58,47.87
182,43.99,70.21,50.3
192,43.69,70.69,50.3
174,45.43,69.65,50.3
167,45,70.13,50.3
211,46.33,69.57,50.3
233,46.74,69.08,50.3
242,47.58,68.53,50.3
231,49.35,68.32,50.3
224,51.09,68.14,50.3
250,52.85,67.99,50.3
256,54.63,67.82,50.3
282,56.39,67.64,50.3
511,60.23,71.01,50.3
480,60.38,72.78,50.3
482,60.5,74.11,50.3
831,60.1,74.59,50.3
1316,59.69,75.06,50.3
1346,59.29,75.54,50.3
506,59.27,70.19,50.3
1434,60.73,76.75,50.3
1413,60.25,76.35,50.3
1423,59.37,76.42,50.3
2336,64.48,85.78,50.14
2230,65.19,85,50.3
2062,65.07,83.17,50.3
1843,64.88,81.34,50.3
1685,64.28,80.47,50.3
1621,63.75,80.06,50.3
1572,63.25,79.65,50.3
1549,62.76,79.24,50.3
1533,62.27,78.84,50.3
1521,61.78,78.44,50.3
1512,61.3,78.03,50.3
1502,60.81,77.63,50.3
1379,58.89,76.02,50.3
791,43.97,75.6,45.65
719,44.18,75.09,45.65
704,43.94,74.68,45.65
659,43.73,75.18,46.6
515,43.53,75.14,47.87
1229,60.72,76.75,49.84
1226,60.25,76.35,49.84
1201,59.36,76.42,49.84
2339,64.37,85.58,49.96
2148,64.95,84.74,49.84
1840,64.85,83.04,49.84
1507,64.67,81.28,49.84
1309,64.15,80.44,49.84
1235,63.67,80.04,49.84
1211,63.19,79.64,49.84
1196,62.72,79.24,49.84
1207,61.28,78.03,49.84
1213,60.8,77.63,49.84
1186,58.89,76.02,49.84
534,59.42,71.98,49.08
1117,58.81,75.14,49.4
1035,58.81,75.14,48.77
1059,59.21,74.66,49.4
611,59.57,73.74,49.08
950,59.21,74.66,48.77
1089,58.41,75.62,49.4
543,58.15,67.61,49.84
537,58.31,69.42,49.84
202,43.73,70.7,49.94
152,44.21,70.21,49.85
195,43.97,70.68,49.84
158,45.46,69.66,49.84
146,45.06,70.13,49.84
242,46.34,69.58,49.84
274,46.75,69.1,49.84
283,47.59,68.58,49.84
260,49.35,68.43,49.84
242,51.1,68.27,49.84
264,52.86,68.12,49.84
283,54.63,67.97,49.84
348,56.39,67.81,49.84
531,59.27,70.22,49.84
770,57.35,68.62,49.08
885,56.51,69.13,48.15
879,56.99,69.53,48.15
915,56.59,70.01,48.15
944,56.18,70.49,47.52
908,56.11,69.61,48.15
899,55.7,70.09,47.52
586,57.5,70.38,49.08
820,57.14,71.3,48.15
904,56.66,70.89,48.15
608,51.32,75.36,42.51
588,50.93,75.36,43.14
575,50.73,75.36,43.73
585,50.73,74.57,43.73
596,50.93,74.4,43.14
619,51.24,74.48,42.5
593,50.93,74.95,43.14
609,51.12,74.94,42.59
625,52.35,74.41,43.73
623,52.15,74.4,43.14
637,51.86,74.39,42.61
628,51.65,74.86,42.53
620,51.74,75.76,42.52
645,52.15,75.75,43.14
643,52.54,76.16,44.29
671,52.35,75.75,43.73
637,51.93,75.26,42.59
583,51.14,75.83,43.14
556,50.56,75.83,44.28
640,52.15,75.2,43.14
659,52.35,75.2,43.72
577,52.65,75.69,44.44
592,52.55,74.34,44.32
503,53.06,75.17,44.99
469,53.23,75.21,45.24
420,53.59,75.13,45.57
443,53.44,75.21,45.39
556,54.07,75.09,46
377,53.11,72.08,45.41
372,53.3,72.06,45.55
366,53.25,71.62,45.83
413,53.46,73.37,45.4
476,53.12,73.43,45.08
432,53.46,71.63,46
402,53.41,72.14,45.72
479,53.61,72.21,45.85
396,53.59,73.38,45.58
464,53.47,74.7,45.4
486,53.26,74.75,45.28
426,53.59,74.64,45.6
944,55.78,70.97,47.52
881,55.3,70.57,47.52
955,56.26,71.37,47.52
919,56.74,71.77,47.52
923,56.74,71.77,48.15
976,56.26,71.37,48.15
773,55.39,71.46,46.44
551,54.01,71.13,46.43
711,54.9,71.05,46.46
842,55.38,71.45,46.9
569,54.02,71.12,46.9
770,54.9,71.05,46.9
840,55.9,72.29,46.73
518,53.73,71.62,46.14
694,54.97,71.94,46.2
639,54.52,71.54,46.2
661,55.19,74.56,46.19
696,55.08,73.25,46.18
599,54.4,74.19,46
585,54.28,72.46,46
527,53.64,75.13,45.99
356,43.73,71.58,48.79
333,43.53,72.45,48.82
287,43.73,71.58,49.45
718,46.55,74.45,45.25
686,46.75,74.44,45.39
648,46.9,74.41,45.54
729,46.2,74.47,45.1
697,46.54,73.57,45.23
665,46.75,73.57,45.39
629,46.9,73.54,45.54
715,46.17,73.59,45.07
737,45.83,74.93,45.09
746,46.04,74.04,44.89
788,45.58,74.07,44.58
739,45.43,74.54,45.03
669,46.78,73.97,45.4
671,46.45,74,45.45
629,46.91,73.96,45.6
663,46.44,73.11,45.43
643,46.62,73.1,45.55
620,46.72,73.1,45.73
607,46.92,73.08,45.86
682,46.46,74.89,45.46
666,46.62,74.86,45.55
636,46.73,74.8,45.74
624,46.92,74.77,45.86
581,47.09,74.84,45.99
706,44.89,73.25,45.02
714,45.36,73.66,45.02
618,44.32,71.97,46.27
639,44.81,72.37,45.65
709,45.3,72.78,45.02
705,45.73,73.18,45.05
583,44.03,72.44,46.27
612,44.37,72.86,45.65
409,44,71.56,48.15
425,43.73,72.45,48.15
513,44,71.56,47.52
593,44.32,71.97,46.9
522,43.73,72.45,47.52
566,44.03,72.44,46.9
489,47.42,75.22,46
457,43.73,73.58,47.84
657,45.05,75.02,45.65
570,43.73,74.23,46.38
522,44.05,73.44,46.6
655,44.57,74.61,45.65
645,44.12,74.21,45.65
626,44.97,74.14,45.65
618,44.49,73.73,45.65
652,45.52,75.42,45.65
630,46.31,75.33,45.72
607,46.77,75.31,45.99
583,46.83,75.3,46.13
493,55.59,68.77,49.08
684,55.23,69.69,48.15
454,54.75,69.29,48.15
630,54.42,70.65,47.52
655,54.82,70.17,48.15
421,53.94,70.24,47.52
435,54.35,69.77,48.15
326,53.47,69.84,48.15
322,52.99,69.44,48.15
308,53.83,68.92,49.08
321,53.06,70.32,48.15
318,52.58,69.92,48.15
315,51.7,70,48.15
313,51.23,69.6,48.15
286,52.07,69.08,49.08
306,50.82,70.07,48.15
320,49.94,70.15,48.15
328,49.46,69.75,48.15
276,50.31,69.23,49.08
383,48.66,70.71,47.52
336,49.06,70.23,48.15
330,49.54,70.63,48.15
345,47.22,69.5,48.77
308,47.22,69.5,49.4
360,48.18,70.3,48.15
360,47.7,69.9,48.15
302,48.55,69.39,49.08
362,45.94,70.06,48.77
348,46.82,69.98,48.77
284,45.94,70.06,49.4
306,46.82,69.98,49.4
406,46.42,70.46,48.15
389,47.3,70.38,48.15
409,47.78,70.78,48.15
355,45.54,70.54,48.77
345,44.66,70.61,48.77
246,44.66,70.61,49.4
274,45.54,70.54,49.4
348,44.27,71.09,48.77
273,44.27,71.09,49.4
552,50.6,75.42,44.56
571,50.54,74.55,44.3
530,50.14,75.39,44.84
401,53.54,70.72,47.52
373,53.07,71.2,46.24
426,53.32,71.21,46.45
511,53.56,72.1,46.12
351,52.26,71.28,46.27
393,53.14,71.2,46.9
384,53.27,72.55,45.54
578,51.21,72.71,43.83
587,50.93,73.58,43.77
564,50.81,73.6,44.27
609,51.55,73.98,43.16
604,51.23,73.58,43.15
613,51.54,73.12,43.14
618,51.88,73.53,43.15
572,52.28,73.52,44.28
599,52.15,73.54,43.77
583,51.84,72.61,43.83
395,51.86,71.76,45.65
442,51.88,71.76,45.01
525,52.01,72.61,44.48
456,52.78,72.57,44.97
406,52.61,71.65,45.14
372,52.73,71.68,45.65
506,49.89,75.45,45.18
442,49.63,74.94,45.39
491,49.85,75.01,45.24
415,49.49,74.55,45.63
422,49.49,74.92,45.57
647,46.42,71.34,46.22
624,45.22,71.9,46.27
650,45.71,72.3,45.64
633,46.15,72.7,45.67
649,45.62,71.42,46.27
666,46.1,71.82,45.66
636,46.43,72.23,45.77
619,46.77,72.23,45.98
412,45.14,71.01,48.15
426,46.02,70.94,48.15
529,46.9,70.86,47.52
516,45.14,71.01,47.52
528,46.02,70.94,47.52
423,44.74,71.49,48.15
532,44.74,71.49,47.52
595,45.22,71.9,46.9
609,46.5,71.34,46.9
609,45.62,71.42,46.9
636,46.65,71.35,46.44
602,46.98,71.74,46.9
625,46.98,71.74,46.41
609,46.89,72.22,46.13
527,47.5,72.15,46.17
532,47.36,73.07,45.99
523,47.34,74.36,45.99
467,47.77,74.76,46
550,47.38,71.26,47.52
488,48.26,71.19,47.52
333,50.42,70.55,47.52
308,51.3,70.48,48.15
349,50.9,70.95,46.9
331,51.3,70.48,47.52
327,52.18,70.4,47.52
340,51.78,70.88,46.9
330,52.66,70.8,47.52
336,52.26,71.28,46.9
373,49.14,71.11,47.52
338,50.02,71.03,47.52
427,49.63,73.73,45.39
399,49.67,72.41,45.74
397,49.63,71.59,46
412,49.49,73.68,45.58
390,49.48,72.42,45.86
480,49.97,73.72,45.08
528,51.02,72.73,44.5
468,50.27,72.78,45.01
449,50.99,71.83,45.03
453,51.46,72.24,45.02
432,50.36,71.89,45.21
387,49.85,71.53,46.17
403,50.16,71.91,45.7
397,49.68,72.83,45.68
404,49.8,72.81,45.54
391,49.91,72.38,45.8
347,50.5,71.43,46.9
378,50.5,71.43,46.27
367,51.38,71.36,46.27
405,50.98,71.83,45.65
403,51.46,72.24,45.65
579,47.86,71.66,46.9
452,48.74,71.59,46.9
361,49.62,71.51,46.9
377,49.59,71.51,46.41
560,47.85,71.67,46.44
401,48.75,71.59,46.44
447,47.95,72.55,46.19
383,49.16,72,46.15
415,48.32,72.08,46.19
373,49.47,72.4,46.13
381,48.72,72.91,46
504,49.85,75.92,45.24
461,49.64,75.83,45.39
454,49.75,75.46,45.56
711,55.85,74.05,46.15
854,56.59,73.09,46.85
825,57.04,73.1,46.44
531,58.46,71.18,49.08
745,57.66,72.14,47.83
499,59.42,71.98,49.84
1186,58.81,75.14,49.84
587,59.57,73.74,49.84
1139,59.21,74.66,49.84
620,57.35,68.58,50.1
507,57.51,70.37,50.1
164,44.61,70.61,50.1
193,44.19,71.09,50.1
175,45.93,70.06,50.1
170,45.53,70.54,50.1
226,46.82,69.98,50.1
245,47.22,69.5,50.1
251,48.54,69.37,50.1
238,50.31,69.21,50.1
226,52.06,69.06,50.1
236,53.83,68.9,50.1
299,55.59,68.74,50.1
489,59.42,71.98,50.1
576,59.57,73.74,50.1
1195,59.21,74.66,50.1
1236,58.81,75.14,50.1
489,58.46,71.17,50.1
752,54.07,78.88,42.3
645,54.28,79.08,42.29
678,52.12,76.13,41.85
729,52.31,76.62,42.05
595,51.37,76.24,41.89
584,50.77,76.33,41.72
632,51.86,76.64,41.28
738,50.62,78.07,40.44
554,51.44,77.12,40.83
555,51.05,77.6,40.6
566,50.98,76.72,41.26
565,50.36,76.81,41.1
537,50.55,77.19,40.77
547,49.99,77.26,40.61
487,50.26,77.61,40.51
766,52.39,77.03,42.35
638,51.96,76.17,42.58
651,52,76.13,42.26
700,52.19,76.63,42.31
550,50.39,77.2,41.4
495,50.03,77.68,40.82
555,50.46,77.15,41.86
516,50.15,77.62,41.22
590,50.93,75.84,42.61
589,51.38,76.24,42.52
584,50.9,76.26,42.33
569,50.74,76.73,42.01
579,50.73,76.25,42.64
568,50.7,76.69,42.34
870,53.64,78.79,41.69
859,53.77,78.81,41.71
839,53.75,78.83,41.86
759,54.18,79.13,41.65
801,54.06,79.03,41.7
725,54.18,79.16,41.78
765,54.07,79.06,41.84
822,53.94,79.02,41.68
790,53.94,79.05,41.82
828,53.87,78.85,41.88
803,53.74,78.87,42.15
820,53.74,78.85,42.01
807,53.88,78.87,42.01
761,53.95,79.07,41.96
736,54.07,79.08,41.99
790,53.89,78.88,42.15
711,54.07,79.08,42.14
944,53.82,79.02,41.19
976,53.82,79.01,41.04
958,53.7,78.95,41.16
941,53.64,78.87,41.26
979,53.71,78.92,41.03
927,53.94,79.12,41.19
898,54.06,79.22,41.19
967,53.94,79.12,41.04
949,54.06,79.22,41.04
908,53.83,79.05,41.33
911,53.73,78.94,41.4
871,53.83,79.09,41.47
877,53.75,78.98,41.54
922,53.63,78.91,41.37
843,54.06,79.22,41.35
795,54.06,79.22,41.5
884,53.94,79.12,41.35
839,53.94,79.14,41.5
1012,53.72,79.14,40.88
1040,53.73,79.13,40.73
1016,53.6,79.04,40.88
1041,53.6,79.03,40.73
1002,53.84,79.24,40.88
987,53.96,79.34,40.88
1032,53.85,79.23,40.75
1021,53.97,79.33,40.75
1057,53.75,79.35,40.63
1048,53.87,79.45,40.63
1066,53.63,79.25,40.61
1074,53.51,79.15,40.59
1106,53.66,79.57,40.45
1117,53.42,79.37,40.45
966,53.57,78.89,41.13
949,53.51,78.83,41.23
980,53.57,78.85,41.02
910,53.48,78.71,41.43
933,53.5,78.88,41.35
894,53.6,78.95,41.52
895,53.49,78.74,41.56
914,53.38,78.68,41.4
898,53.36,78.71,41.55
980,53.46,78.78,41
962,53.4,78.72,41.08
932,53.25,78.57,41.15
953,53.38,78.78,41.21
1057,53.26,78.9,40.63
1014,53.48,78.94,40.88
1038,53.48,78.94,40.72
1009,53.36,78.83,40.88
1031,53.36,78.84,40.72
1004,53.35,78.66,40.73
978,53.23,78.59,40.86
1011,53.08,78.61,40.71
1036,53.17,78.7,40.6
1077,53.39,79.05,40.58
1078,53.27,78.99,40.57
1061,53.14,78.75,40.52
1120,53.19,79.17,40.45
1116,52.95,78.98,40.44
1189,48.45,78.59,40.66
1246,48.46,78.7,40.42
921,53.03,78.52,41.31
946,52.94,78.47,41.14
955,52.98,78.62,41.17
1013,52.93,78.71,40.87
1001,52.89,78.54,40.79
1074,52.7,78.78,40.56
1130,52.5,79.02,40.45
1114,52.26,78.82,40.44
904,52.99,78.54,41.49
929,52.81,78.51,41.39
895,52.9,78.48,41.53
869,52.74,78.28,41.74
763,52.38,77.03,41.93
806,52.51,77.47,42.09
947,52.92,78.33,40.99
914,52.89,78.08,41.11
861,52.81,77.82,41.49
874,52.79,77.45,41.23
934,52.96,77.87,40.76
905,52.73,78.31,41.46
915,52.84,78.25,41.24
909,52.76,77.45,40.75
947,52.85,78.1,40.8
973,52.87,78.1,40.59
997,52.69,78.31,40.6
978,52.65,78.35,40.79
1048,52.45,78.59,40.55
929,52.37,77.92,40.55
1026,51.98,78.4,40.44
762,52.32,77.04,41.27
1001,49.87,78.35,40.78
507,49.96,78.14,40.73
408,49.88,78.13,40.43
703,51.93,77.52,40.82
1171,49.31,78.55,40.66
1173,49.76,78.51,40.75
785,51.51,78,40.62
1209,49.29,78.67,40.42
995,50.19,78.52,40.43
1016,51.11,78.48,40.45
735,54.07,78.88,42.45
539,50.44,76.36,44.44
550,50.7,76.26,44.09
566,50.73,75.84,43.73
580,50.93,75.84,43.14
568,50.73,76.25,43.13
620,51.95,76.17,43.14
577,51.38,76.24,43.15
652,52.15,76.16,43.14
689,52.16,76.63,42.61
681,52.35,76.16,43.73
717,52.35,76.63,43.15
749,52.35,77.03,42.64
529,50.19,76.3,44.78
512,50.16,75.96,45.15
450,53.06,76.09,45.01
671,52.42,76.63,44.14
627,52.67,76.58,44.47
693,44.26,75.97,46.27
777,44.72,76.37,45.65
899,45.51,77.19,44.54
846,45.22,76.78,45.01
815,45.98,77.15,44.81
793,46.29,77.55,44.88
603,56.43,76.2,45.55
623,56.11,75.72,45.99
634,46.92,76.11,45.85
604,46.77,75.71,46
602,44.64,75.49,46.27
698,45.12,75.9,45.65
758,46.51,76.73,45.18
796,45.59,76.3,45.02
782,46.12,76.67,45
619,46.56,75.76,45.83
726,46.13,76.24,45.27
702,46.42,76.2,45.4
644,46.73,76.18,45.72
666,46.91,76.5,45.61
675,46.61,76.2,45.54
723,46.69,76.64,45.36
706,46.87,76.51,45.42
646,45.99,75.82,45.65
540,47.02,75.72,46.15
581,46.98,76.11,45.99
451,47.48,76.05,46
433,49.67,75.47,45.74
411,49.48,75.44,45.86
433,49.49,75.8,45.58
663,55.64,74.96,46.17
599,55.23,75.41,46.01
627,54.81,75.04,46.2
565,54.47,75.48,46.01
463,53.61,75.52,45.86
524,53.79,75.54,45.99
392,53.45,76.02,45.39
402,53.59,75.97,45.58
437,53.41,75.57,45.74
432,53.33,75.61,45.56
411,53.23,76.08,45.24
543,54.74,79.38,42.29
617,55.3,79.44,42.29
649,55.42,79.54,42.29
603,55.4,79.32,42.44
631,55.52,79.42,42.44
602,55.62,79.27,42.68
623,55.42,79.54,42.44
595,55.3,79.44,42.44
580,55.29,79.25,42.44
541,55.18,79.08,42.69
559,54.96,79.36,42.29
553,55.06,79.26,42.44
580,55.08,79.46,42.29
570,55.18,79.33,42.44
564,54.64,79.5,41.66
612,54.86,79.48,41.66
553,54.64,79.5,41.82
595,54.86,79.48,41.82
1022,54.76,79.6,41.5
6717,54.76,79.6,41.35
622,54.54,79.62,41.5
4390,54.54,79.62,41.35
578,54.86,79.48,41.97
563,54.86,79.48,42.13
550,54.64,79.5,41.97
544,54.64,79.5,42.13
667,54.98,79.58,41.66
742,55.2,79.56,41.66
795,55.32,79.66,41.66
634,54.98,79.58,41.82
698,55.2,79.56,41.82
747,55.32,79.66,41.82
694,54.88,79.7,41.5
2248,54.88,79.7,41.35
856,55.1,79.68,41.35
4247,55,79.8,41.19
905,55.22,79.78,41.35
1002,55.12,79.9,41.19
771,55.1,79.68,41.5
828,55.22,79.78,41.5
610,54.98,79.58,41.97
662,55.2,79.56,41.97
705,55.32,79.66,41.97
588,54.98,79.58,42.13
632,55.2,79.56,42.13
670,55.32,79.66,42.13
1642,54.17,80.43,40.46
14820,54.66,79.72,41.19
12406,54.66,79.72,41.04
12558,54.78,79.82,41.04
14072,54.78,79.82,41.19
2617,54.37,80.19,40.65
5887,54.57,79.94,40.85
3323,54.41,80.63,40.46
9159,54.9,79.92,41.04
4128,55.02,80.02,41.04
9968,54.9,79.92,41.19
3842,55.02,80.02,41.19
5312,54.61,80.39,40.66
7303,54.81,80.15,40.87
627,54.3,79.42,41.66
609,54.3,79.42,41.82
696,54.18,79.32,41.66
671,54.18,79.31,41.82
568,54.42,79.52,41.66
562,54.42,79.52,41.82
649,54.18,79.31,41.97
596,54.3,79.42,41.97
629,54.18,79.32,42.13
583,54.3,79.42,42.13
556,54.42,79.52,41.97
550,54.42,79.52,42.13
839,54.08,79.44,41.19
908,54.08,79.44,41.04
781,54.2,79.54,41.19
874,54.2,79.54,41.04
699,54.2,79.54,41.35
655,54.2,79.54,41.5
769,54.08,79.44,41.35
721,54.08,79.44,41.5
673,54.32,79.64,41.19
745,54.32,79.64,41.04
2896,54.44,79.74,41.04
3987,54.44,79.74,41.19
618,54.32,79.64,41.35
584,54.32,79.64,41.5
965,53.98,79.56,40.88
998,53.99,79.55,40.77
986,54.11,79.65,40.76
945,54.1,79.66,40.88
900,54.23,79.75,40.76
848,54.22,79.76,40.88
931,54.35,79.85,40.77
824,54.34,79.86,40.88
1043,54.13,79.99,40.65
1013,53.89,79.79,40.64
1485,53.93,80.23,40.46
1093,53.69,80.02,40.46
575,54.4,79.3,42.29
608,54.29,79.24,42.29
626,54.28,79.08,42.44
681,54.29,78.88,42.68
618,54.5,78.88,42.99
562,54.5,79.23,42.44
568,54.49,79.08,42.67
547,54.52,79.4,42.29
535,54.74,79.38,42.44
540,54.84,79.27,42.44
539,54.94,79.21,42.61
542,54.62,79.28,42.44
542,54.73,79.23,42.44
539,54.76,79.08,42.69
577,54.77,78.88,42.99
566,55.62,79.27,42.99
530,55.61,79.08,43.3
522,55.17,79.08,42.99
494,55.59,78.88,43.6
508,55.17,78.88,43.3
592,56.47,76.58,45.53
625,57,76.67,45.24
606,56.67,76.65,45.4
662,57.12,76.18,45.65
598,56.34,76.27,45.74
592,56.16,76.21,45.87
578,56.33,76.61,45.67
535,56.16,76.92,45.6
556,56.54,77.53,45.23
583,56.63,77.11,45.45
668,57.6,76.58,45.65
563,56.43,77.09,45.52
532,56.35,77.45,45.37
1066,60.72,76.75,48.77
1137,60.72,76.75,49.4
1066,60.25,76.35,48.77
1014,59.36,76.42,48.77
1141,60.25,76.35,49.4
1100,59.36,76.42,49.4
1065,58.48,76.5,49.4
1107,62.64,78.36,49.4
1195,62.24,78.84,49.84
1048,62.64,78.36,48.77
1051,62.16,77.95,48.77
1112,62.16,77.95,49.4
1200,61.76,78.43,49.84
1076,61.28,78.03,49.4
1066,63.19,79.64,49.4
994,63.19,79.64,48.77
1060,62.72,79.24,49.4
990,62.72,79.24,48.77
2438,63.29,85.78,49.29
2350,64.39,85.58,49.16
1118,64.15,80.44,49.4
1037,64.15,80.44,48.77
1074,63.67,80.04,49.4
1001,63.67,80.04,48.77
2007,64.94,84.73,49.08
1567,64.85,83.04,49.08
1241,64.71,81.28,49.07
1086,60.8,77.63,49.4
849,56.33,79.8,42.36
688,55.65,79.63,42.36
767,55.89,79.83,42.36
1046,56.13,80.03,41.74
1129,55.93,80.27,41.43
1141,56.17,80.47,41.43
960,56.13,80.03,42.05
4028,55.13,81.23,40.46
1470,55.33,80.99,40.66
1139,55.53,80.75,40.87
1170,55.73,80.51,41.11
3211,55.37,81.43,40.46
1205,55.57,81.19,40.66
1155,55.77,80.95,40.87
845,55.45,79.87,41.74
935,55.25,80.11,41.43
744,55.45,79.87,42.05
959,55.69,80.07,41.74
1059,55.49,80.31,41.43
850,55.69,80.07,42.05
4828,54.45,81.07,40.46
6593,54.65,80.83,40.66
7670,54.85,80.59,40.87
5398,55.05,80.35,41.11
1663,55.29,80.55,41.11
5513,54.69,81.27,40.46
5889,54.89,81.03,40.66
4855,55.09,80.79,40.87
3204,55.9,82.51,40.46
3704,55.97,83.42,40.46
4345,55.42,82.1,40.46
1280,55.83,81.62,40.66
1139,56.23,81.14,40.87
1152,55.97,80.71,41.11
632,55.65,79.63,42.68
601,55.85,79.4,42.99
620,56.06,79.26,42.99
649,58.08,76.98,45.02
620,57.28,77.06,45.08
614,57.75,77.46,44.45
659,56.5,79.22,42.99
584,56.9,77.52,45.07
595,57.32,77.89,44.46
571,56.02,79.08,43.3
619,56.48,79.05,43.29
576,56.89,77.87,44.73
530,55.99,78.88,43.6
570,56.41,78.85,43.74
692,55.89,79.83,42.68
559,56.22,78.88,43.54
771,56.33,79.8,42.68
648,56.09,79.59,42.99
592,56.26,79.08,43.35
755,56.53,79.56,42.68
658,56.29,79.38,42.99
655,58.57,77.38,45.01
681,56.73,79.33,42.99
666,56.95,79.14,42.99
634,57.2,78.96,43.3
649,57.37,79.04,43.3
643,57.56,78.85,43.3
620,58.17,77.86,44.4
613,57.83,78.35,43.77
640,57.66,78.71,43.3
598,57.41,78.24,44.25
609,57.46,78.58,43.74
585,57.08,78.41,44.31
625,56.85,78.97,43.3
608,57.22,78.76,43.75
594,56.74,78.77,43.73
583,56.95,78.59,44.24
735,58.96,76.9,46.27
680,58.56,77.38,45.65
738,58.48,76.5,46.27
675,58.08,76.98,45.65
523,56.49,77.97,45.24
913,60.72,76.75,47.52
812,60.32,77.23,46.9
1002,60.72,76.75,48.15
989,60.25,76.35,48.15
890,60.25,76.35,47.52
799,59.84,76.83,46.9
735,59.44,77.31,46.27
685,59.05,77.78,45.64
874,59.36,76.42,47.52
784,58.96,76.9,46.9
2246,56.37,82.92,40.46
1121,56.3,82.02,40.66
1083,56.78,82.43,40.46
1092,57.25,82.84,40.46
1225,56.84,83.34,40.46
1358,59.7,85.18,40.64
1328,60.61,85.37,41.49
1221,57.75,83.72,40.46
1149,58.58,82.71,40.46
1165,59.53,83.84,40.46
1308,60.49,84.36,40.65
1278,61.45,84.99,41.5
1179,59.52,83.21,40.66
1561,57.37,84.63,40.63
1171,58.95,81.79,40.66
1182,59.35,81.31,40.87
1175,59.75,80.83,41.27
1180,59.42,82.19,40.66
1180,59.83,81.71,40.87
1161,60.23,81.23,41.27
1205,60.34,82.45,40.85
1163,60.71,81.63,41.27
1187,61.19,82.03,41.27
1068,60.71,81.63,41.9
1070,61.19,82.03,41.9
1218,61.29,83.36,41.54
1221,58.87,84.32,40.45
1408,57.92,84.78,40.83
1020,61.68,77.55,48.15
970,61.68,77.55,47.52
941,61.2,77.15,47.52
1013,61.2,77.15,48.15
994,61.28,78.03,48.77
1000,60.8,77.63,48.77
798,60.8,77.49,46.43
791,60.79,77.74,46.24
836,61.24,78.04,46.31
875,61.28,78.03,46.9
838,60.8,77.63,46.9
740,59.78,77.56,46.27
746,59.99,77.79,46.27
663,59.87,78.61,44.71
676,60,78.77,45.04
729,60.5,78.9,44.97
742,60.34,78.13,45.85
710,60.14,78.43,45.5
688,59.87,78.47,45.34
701,60.12,78.68,45.35
676,59.65,78.63,45.26
665,59.64,78.61,44.97
804,60.9,78.84,45.74
790,60.79,78.56,45.89
759,60.57,78.74,45.4
752,60.5,78.6,45.57
669,59.37,78.24,45.15
653,59.49,78.65,44.71
655,59.42,78.47,44.76
642,58.65,78.26,45.01
693,59.5,78.19,45.65
1092,56.71,81.54,40.87
1105,57.18,81.94,40.66
1098,57.66,82.34,40.66
1101,56.37,80.24,41.74
1034,56.37,80.24,42.05
1158,56.63,80.66,41.27
1157,57.11,81.06,40.87
1145,57.59,81.46,40.66
1128,58.06,81.86,40.66
944,56.57,80,42.36
852,56.57,80,42.68
925,56.77,79.76,42.36
838,56.77,79.76,42.68
1114,57.03,80.18,41.9
1181,57.51,80.58,41.27
1177,57.99,80.98,40.87
1153,58.47,81.38,40.87
883,56.97,79.52,42.36
830,57.17,79.28,42.36
806,56.97,79.52,42.68
765,57.17,79.28,42.68
950,57.83,79.22,42.52
1109,58.71,79.14,42.52
1099,59.55,79.19,42.51
1127,57.43,79.7,41.9
1204,58.31,79.62,41.9
1195,59.19,79.54,41.9
1244,57.91,80.1,41.27
1243,58.79,80.02,41.27
1235,58.39,80.5,40.87
1091,60.07,79.49,42.52
1157,59.67,79.95,41.9
1200,59.27,80.43,41.27
1201,58.87,80.9,40.87
729,56.97,79.52,42.99
702,57.17,79.28,42.99
752,57.83,79.22,43.15
627,58.78,78.67,43.77
628,58.24,78.74,43.77
854,58.72,79.14,43.15
917,59.54,79.2,43.15
642,59.04,78.9,43.78
658,59.69,78.95,43.76
713,60.09,79.05,43.66
829,60.45,79.27,43.8
952,60.07,79.49,43.15
638,59.75,78.88,44.35
683,60.42,79.23,44.41
629,59.02,78.75,44.44
613,58.24,78.74,44.4
1655,62.38,85.32,44.09
1271,61.45,84.99,42.83
1017,62.64,78.36,47.52
958,62.24,78.84,46.9
1029,62.64,78.36,48.15
996,62.16,77.95,47.52
917,61.76,78.43,46.9
1025,62.16,77.95,48.15
1075,60.23,81.23,41.9
1042,60.63,80.75,42.52
1088,59.75,80.83,41.9
1047,60.15,80.35,42.52
960,60.15,80.35,43.15
896,60.55,79.87,43.77
985,60.63,80.75,43.15
967,61.03,80.27,43.77
781,60.55,79.87,44.4
839,60.96,79.4,45.03
910,61.03,80.27,44.4
917,61.43,79.79,45.02
886,61.43,79.79,45.65
911,61.84,79.31,46.27
856,61.33,78.88,46.33
865,61.42,79.07,46.09
819,60.95,79.39,45.65
969,62.79,80.12,46.9
997,63.19,79.64,47.52
984,63.19,79.64,48.15
986,62.72,79.24,47.52
948,62.31,79.72,46.9
978,62.72,79.24,48.15
998,60.71,81.63,42.52
987,61.19,82.03,42.52
954,60.71,81.63,43.15
957,61.11,81.15,43.77
946,61.19,82.03,43.15
956,61.59,81.55,43.77
924,61.11,81.15,44.4
931,61.51,80.67,45.02
941,61.59,81.55,44.4
955,61.99,81.07,45.02
934,61.99,81.07,45.65
949,62.39,80.6,46.27
901,61.51,80.67,45.65
919,61.91,80.19,46.27
920,61.3,83.35,42.83
1389,64.21,85.27,46.6
953,62.26,84.16,44.08
1256,63.21,84.89,45.33
984,63.75,80.92,46.9
1030,64.15,80.44,47.52
1026,64.15,80.44,48.15
977,63.27,80.52,46.9
1006,63.67,80.04,47.52
994,63.67,80.04,48.15
913,62.11,82.4,44.08
935,62.95,81.88,45.02
952,62.47,81.48,45.02
940,62.47,81.48,45.65
957,62.87,81,46.27
928,62.95,81.88,45.65
951,63.35,81.4,46.27
878,63.06,83.2,45.33
966,64.02,84,46.58
1633,64.94,84.73,47.83
924,63.87,82.24,46.58
1275,64.85,83.04,47.83
1156,64.74,81.28,47.83
949,59.36,76.42,48.15
785,58.48,76.5,46.9
964,58.48,76.5,48.77
584,44.26,75.97,46.9
662,56.74,75.78,45.73
645,56.31,75.75,45.99
662,56.05,75.36,46.15
598,55.64,75.78,46
868,58.89,76.02,47.52
941,58.89,76.02,48.15
1008,58.41,75.62,48.77
967,58.01,76.1,48.77
755,56.61,74.03,46.22
686,56.47,75.36,46.14
705,56.65,74.83,45.84
697,57.22,74.87,45.45
691,56.31,74.87,45.99
699,56.21,74.89,46.12
772,57.97,75.66,46.58
1002,57.93,75.22,48.77
820,57.81,73.9,46.58
859,58.77,74.7,47.83
650,58.62,72.94,47.83
357,43.53,76.44,48.89
1167,46.17,78.69,41.5
1358,45.84,78.92,40.84
1374,46.31,79.34,40.63
1422,46.8,79.73,40.45
1256,46.02,78.47,41.12
1188,46.33,78.68,41.24
1108,46.84,78.65,41.28
1277,46.32,78.77,40.84
1226,46.89,78.65,40.73
1303,46.76,78.89,40.55
1349,47.23,79.21,40.44
1108,47.61,78.72,41.16
1209,47.61,78.71,40.74
1170,48.08,78.63,40.76
1256,47.61,78.84,40.53
1284,48.08,79.08,40.43
1042,46.74,78.75,41.9
787,43.99,76.44,46.27
858,44.31,76.85,45.65
136,43.39,82.43,48.73
579,43.51,82.35,48.74
488,43.53,76.45,48.2
672,43.53,76.45,47.55
753,43.73,76.46,46.9
865,43.53,77.33,46.9
835,43.73,76.46,46.27
888,43.53,77.34,46.27
1353,43.52,82.55,45.59
890,43.53,79.57,45.64
897,43.53,78.68,45.65
1070,43.53,79.57,45.02
962,43.53,78.68,45.02
955,43.73,77.33,45.02
942,43.53,78.14,45.02
817,46.19,77.95,44.7
965,44.02,77.32,45.02
912,44.8,77.26,45.02
911,43.73,77.34,45.65
902,43.53,78.14,45.65
905,44.02,77.32,45.65
1490,43.53,80.51,44.39
1553,43.53,80.51,43.77
1542,43.53,81.32,44.38
1558,43.53,82.19,44.38
1561,43.53,82.99,44.39
1567,43.7,83.62,44.39
1573,43.53,81.33,43.76
1586,43.53,82.21,43.76
1595,43.53,82.99,43.77
1594,43.68,83.66,43.78
1443,43.53,79.98,44.39
1268,43.53,79.09,44.39
1341,43.73,79.58,44.39
1169,43.73,78.68,44.39
1537,43.53,79.99,43.77
1470,43.53,79.09,43.77
1497,43.73,79.58,43.77
1384,43.73,78.69,43.77
1095,43.73,78.14,44.4
1060,44.36,77.74,44.4
964,45.27,77.66,44.43
902,45.78,78.02,44.43
917,45.88,78.29,44.17
1293,43.73,78.14,43.77
1174,44.36,77.74,43.77
1062,45.2,77.66,43.79
1016,45.49,77.62,43.77
979,45.76,78.24,43.71
1583,43.73,80.52,43.14
1608,43.73,80.52,42.51
1600,43.96,80.48,41.9
1601,43.73,81.34,43.14
1614,43.73,82.22,43.14
1618,43.87,83.61,43.19
1622,43.73,83.01,43.14
1627,43.73,81.34,42.52
1630,43.99,81.32,41.9
1643,43.73,82.22,42.52
1654,43.91,83.55,42.52
1651,43.73,83.02,42.51
1659,44.01,82.2,41.9
1688,44.05,83.11,41.9
1569,43.73,79.99,43.14
1477,43.91,78.67,43.15
1530,43.73,79.09,43.14
1538,43.94,79.56,43.15
1403,44.06,78.23,43.15
1237,44.9,78.11,43.13
1098,45.56,78.34,43.13
995,46.05,78.65,43.13
1480,44.06,78.23,42.52
1477,44.47,78.61,41.9
1168,45.89,78.57,41.81
1314,44.89,78.11,42.52
1169,45.6,78.35,42.34
1150,45.55,78.33,42.62
1045,46.1,78.64,42.53
1291,45.35,78.53,41.9
1135,46.1,78.75,41.93
1529,43.91,78.67,42.52
1564,43.73,79.09,42.52
1564,43.94,79.56,42.52
1593,43.73,79.99,42.51
1540,44.11,79.09,41.9
1563,44.17,79.97,41.9
1580,44.25,80.85,41.27
1616,44.3,81.74,41.27
1657,44.35,82.62,41.27
1687,44.46,83.5,41.27
1569,44.7,81.26,40.87
1597,44.78,82.14,40.87
1632,44.86,83.02,40.87
1646,44.93,83.9,40.87
1561,45.16,81.66,40.66
1600,45.23,82.54,40.66
1637,45.31,83.42,40.66
1548,45.62,82.06,40.46
1569,45.76,83.81,40.46
1575,45.69,82.94,40.46
1507,44.55,79.5,41.27
1531,44.63,80.38,41.27
1497,45.03,79.9,40.87
1529,45.11,80.78,40.87
1502,45.5,80.3,40.66
1528,45.57,81.18,40.66
1511,45.98,80.7,40.46
1525,46.04,81.58,40.46
1444,44.95,79.02,41.27
1307,45.73,78.8,41.24
1440,45.43,79.42,40.87
1449,45.91,79.82,40.66
1474,46.39,80.21,40.46
675,43.99,76.44,46.9
2165,64.38,85.58,47.87
2403,63.28,85.78,47.93
2157,57.88,84.99,40.73
1477,58.4,84.42,40.61
1351,59.12,84.86,40.62
2206,59.56,85.58,41.4
2065,60.58,85.58,42.79
2155,61.42,85.58,44.06
2134,62.41,85.58,45.33
1989,63.24,85.58,46.6
3268,58.29,85.15,40.54
3801,57.77,85.15,41.05
3993,57.77,85.15,41.72
3178,58.62,85.49,41.24
2438,59.42,85.78,42.7
2443,60.51,85.78,44.03
2463,61.38,85.78,45.33
2392,62.41,85.78,46.62
1766,57.01,84.78,40.85
2364,57.36,84.97,40.74
2673,56.96,84.88,40.63
1263,56.91,84.23,40.65
1425,56.45,83.81,40.66
4107,57.27,85.14,41.03
4125,56.89,85.14,40.57
4018,56.44,84.86,40.46
4271,56,84.48,40.46
4181,57.27,85.14,41.7
1313,60.32,77.23,50.1
1302,59.84,76.83,50.1
1293,58.96,76.9,50.1
2279,64.28,85.38,50.1
2067,64.08,84.07,50.1
1732,63.92,82.27,50.1
1518,63.79,80.93,50.1
1434,63.3,80.53,50.1
1376,62.81,80.12,50.1
1350,62.33,79.72,50.1
1345,61.84,79.32,50.1
1345,61.36,78.91,50.1
1345,60.88,78.51,50.1
1342,60.4,78.11,50.1
1231,58.41,75.62,50.1
1266,58.48,76.5,50.1
414,43.53,77.31,48.88
121,43.39,82.43,50.04
90,43.39,82.57,49.39
544,43.51,82.34,49.39
714,43.53,78.62,49.58
4,48.91,77.97,60.74
4,48.91,77.99,60.73
4,48.88,78.03,60.75
4,48.69,78,60.78
4,48.69,78.01,60.76
4,48.69,78.01,60.75
4,48.71,78.01,60.75
4,48.71,77.96,60.74
4,48.74,77.98,60.74
4,48.74,78.02,60.75
4,48.79,77.88,60.66
4,48.82,77.86,60.64
4,48.76,77.91,60.66
4,48.74,77.94,60.7
4,48.82,77.9,60.66
4,48.85,77.93,60.7
4,48.88,77.95,60.7
4,48.8,78.02,60.75
4,48.8,77.97,60.74
4,48.82,77.96,60.7
4,48.79,77.93,60.66
4,48.77,77.96,60.7
4,48.85,77.98,60.71
4,48.83,78.03,60.75
4,48.77,78.04,60.75
4,48.8,78.06,60.75
4,48.58,78.02,60.75
4,48.54,77.93,60.74
3,48.52,77.97,60.78
3,48.49,78,60.78
3,48.5,78.01,60.76
3,48.55,77.99,60.78
3,48.55,78.01,60.76
4,48.58,77.98,60.74
4,48.57,77.95,60.74
4,48.55,78.01,60.75
4,48.43,77.94,60.74
4,48.51,77.85,60.67
4,48.48,77.88,60.7
4,48.46,77.91,60.74
4,48.51,77.9,60.7
4,48.49,77.93,60.74
4,48.4,77.86,60.7
4,48.37,77.85,60.67
4,48.43,77.84,60.67
4,48.37,77.89,60.7
4,48.4,77.91,60.7
4,48.43,77.88,60.7
4,48.34,77.87,60.67
4,48.63,77.95,60.74
4,48.66,77.99,60.73
4,48.66,77.97,60.74
4,48.6,77.97,60.74
4,48.6,77.99,60.73
4,48.63,78.03,60.75
4,48.63,77.98,60.74
4,48.63,77.99,60.73
4,48.71,77.91,60.7
4,48.68,77.89,60.7
4,48.65,77.86,60.67
4,48.7,77.86,60.67
4,48.65,77.92,60.7
4,48.68,77.94,60.7
4,48.73,77.88,60.66
4,48.76,77.87,60.63
4,48.57,77.9,60.7
4,48.59,77.87,60.66
4,48.6,77.92,60.7
4,48.45,77.85,60.67
4,48.56,77.86,60.64
4,48.54,77.87,60.66
4,48.62,77.89,60.66
3,48.41,78.01,60.75
4,48.38,77.99,60.73
3,48.38,78.02,60.75
4,48.38,77.98,60.74
4,48.41,77.96,60.74
3,48.44,78.02,60.75
4,48.44,77.98,60.74
4,48.46,77.96,60.74
3,48.41,78.04,60.75
4,48.91,78.05,60.75
4,48.94,78.03,60.75
4,48.94,77.99,60.73
4,49.07,77.99,60.78
4,48.96,78.01,60.75
4,49.06,78,60.76
4,49.01,78,60.76
4,49.02,77.99,60.78
4,48.96,77.97,60.74
4,48.99,77.94,60.74
4,48.96,77.92,60.7
4,48.93,77.95,60.7
4,48.9,77.87,60.67
4,48.84,77.88,60.63
4,48.87,77.9,60.66
4,48.93,77.89,60.66
4,48.9,77.92,60.66
5,49.28,77.84,60.69
6,49.34,77.86,60.76
6,49.4,77.92,60.8
4,49.13,77.99,60.78
4,49.14,78,60.76
4,49.04,77.88,60.7
4,49.07,77.91,60.74
4,49.01,77.91,60.7
4,49.04,77.94,60.74
4,49.1,77.93,60.74
4,49.07,78.01,60.75
4,48.96,77.87,60.62
4,48.98,77.89,60.66
4,49.01,77.91,60.66
4,49.01,77.86,60.66
4,49.04,77.88,60.66
4,49.24,77.98,60.78
4,49.24,78,60.76
4,49.18,77.92,60.75
4,49.06,77.86,60.62
4,49.12,77.88,60.68
5,49.35,77.98,60.78
5,49.34,78,60.76
5,49.29,77.91,60.75
4,49.17,77.86,60.63
5,49.23,77.87,60.68
8,49.62,77.87,60.83
8,49.67,77.83,60.82
7,49.56,77.84,60.81
7,49.5,77.82,60.77
7,49.51,77.86,60.81
8,49.51,77.92,60.8
6,49.45,77.85,60.76
8,49.73,77.85,60.81
10,49.73,77.9,60.81
9,49.84,77.85,60.84
7,49.73,77.81,60.78
8,49.78,77.82,60.82
9,49.9,77.82,60.82
9,49.95,77.84,60.82
16,49.95,77.89,60.82
23,50.17,77.84,60.84
23,50.06,77.87,60.82
16,50.06,77.83,60.82
12,50,77.83,60.77
27,50.34,77.85,60.83
24,50.39,77.83,60.81
21,50.23,77.86,60.83
20,50.11,77.83,60.79
22,50.18,77.84,60.81
21,50.29,77.83,60.81
4,48.3,77.97,60.74
4,48.3,77.99,60.73
3,48.33,78.03,60.75
4,48.33,77.98,60.74
4,48.33,77.99,60.73
4,48.27,77.99,60.73
3,48.27,78.03,60.75
3,48.3,78.05,60.75
4,48.24,77.92,60.7
4,48.27,77.95,60.7
4,48.21,77.96,60.7
4,48.24,77.98,60.71
4,48.35,77.92,60.7
4,48.32,77.95,60.7
4,48.38,77.94,60.7
4,48.35,77.97,60.7
4,48.29,77.87,60.67
4,48.26,77.89,60.66
4,48.32,77.89,60.66
4,48.29,77.92,60.66
3,48.25,78.05,60.75
3,48.36,78.04,60.75
3,48.39,78.06,60.75
3,48.28,78.07,60.75
3,48.33,78.07,60.75
3,48.36,78.09,60.75
3,48.08,78.03,60.75
3,48.08,77.98,60.74
3,48.08,77.99,60.73
3,48,78.05,60.75
3,48.05,78.04,60.75
3,48.08,78.07,60.75
3,48.11,78.04,60.75
3,48.16,78.03,60.75
3,48.19,78.06,60.75
3,48.19,77.98,60.71
4,48.22,78.01,60.71
3,48.16,77.96,60.7
3,48.13,77.93,60.7
3,48.13,77.99,60.71
3,48.1,77.96,60.7
4,48.23,77.88,60.63
4,48.21,77.9,60.66
4,48.18,77.88,60.67
4,48.18,77.93,60.66
4,48.15,77.9,60.66
3,48.02,77.94,60.7
3,47.99,77.97,60.7
3,48.05,77.97,60.7
3,48.02,78,60.71
4,48.12,77.88,60.62
4,48.1,77.91,60.66
3,48.07,77.94,60.66
3,48.07,77.88,60.66
3,48.04,77.91,60.66
4,48.01,77.88,60.61
3,47.96,77.89,60.66
3,47.99,77.92,60.66
3,47.93,77.92,60.66
3,47.96,77.95,60.66
3,47.91,77.95,60.7
3,47.88,77.97,60.74
3,47.94,77.98,60.71
3,47.91,78.03,60.75
3,47.88,78.02,60.75
3,47.97,78,60.71
3,47.97,78.07,60.75
3,47.94,78.05,60.75
6,46.9,77.88,60.53
7,46.8,77.88,60.53
6,45.91,78.68,60.75
6,46.1,78.46,60.74
7,46.26,78.13,60.74
7,46.2,78.08,60.75
7,46.15,78.14,60.74
8,46.21,78.2,60.68
7,46.32,78.18,60.74
6,46.38,78.23,60.74
7,46.26,78.25,60.68
7,46.1,78.2,60.74
8,46.17,78.26,60.68
8,46.13,78.3,60.68
7,46.05,78.26,60.74
8,46,78.32,60.68
7,45.96,78.37,60.68
7,46.22,78.32,60.74
8,46.22,78.28,60.68
7,46.19,78.35,60.74
8,46.16,78.36,60.67
7,46.08,78.03,60.75
8,46.08,77.96,60.75
7,46.02,78.05,60.75
8,46.03,77.99,60.73
7,46.14,78.05,60.75
8,46.14,77.99,60.74
7,46.09,78.09,60.75
7,45.95,78.03,60.75
8,45.97,77.97,60.75
8,46.02,77.92,60.76
7,45.96,77.88,60.76
9,46.01,77.85,60.69
7,45.93,77.94,60.76
5,45.88,77.93,60.69
6,45.92,77.85,60.76
5,45.88,77.84,60.7
9,46.07,77.87,60.69
7,45.96,78.1,60.75
7,46.03,78.15,60.75
6,45.98,78.21,60.75
8,45.95,78.27,60.68
6,45.92,78.17,60.74
7,45.88,78.19,60.71
6,45.88,78.14,60.7
6,45.89,78.13,60.74
7,45.88,78.17,60.69
8,45.93,78.04,60.68
9,45.88,78.05,60.61
7,46.44,78.3,60.68
6,46.39,78.36,60.74
7,46.39,78.32,60.67
7,46.33,78.3,60.68
6,46.28,78.35,60.74
6,46.23,78.41,60.74
5,46.61,78.32,60.73
6,46.5,78.35,60.74
6,46.5,78.32,60.68
6,46.45,78.39,60.74
5,46,78.59,60.74
7,45.96,78.49,60.68
8,46.06,78.37,60.67
7,46.01,78.42,60.68
9,45.95,78.26,60.61
10,45.95,78.31,60.59
9,45.95,78.38,60.6
10,45.95,78.49,60.55
7,45.94,78.67,60.68
8,45.88,78.68,60.65
6,46.46,77.89,60.68
6,46.51,77.86,60.62
7,46.4,77.86,60.62
7,46.35,77.89,60.68
7,46.3,77.95,60.76
6,46.36,78.04,60.75
7,46.35,77.98,60.75
7,46.41,77.95,60.69
7,46.31,78.08,60.75
7,46.25,78.04,60.75
7,46.24,77.98,60.74
6,46.42,78.07,60.75
6,46.48,78.12,60.75
6,46.37,78.12,60.75
6,46.43,78.17,60.75
9,46.13,77.91,60.68
8,46.24,77.9,60.68
9,46.18,77.87,60.61
8,46.29,77.87,60.61
8,46.19,77.96,60.68
5,46.77,78.25,60.74
5,46.67,78.35,60.73
6,46.54,78.16,60.75
5,46.6,78.21,60.74
6,46.49,78.22,60.74
6,46.55,78.29,60.69
5,46.76,78.15,60.75
5,46.71,78.2,60.74
5,46.82,78.2,60.74
5,46.66,78.26,60.73
6,46.8,77.89,60.55
5,46.74,77.92,60.61
5,46.69,77.98,60.69
5,46.64,78.06,60.75
5,46.59,78.11,60.75
5,46.75,78.03,60.69
5,46.7,78.1,60.75
5,46.65,78.15,60.75
6,46.52,77.94,60.69
6,46.57,77.89,60.61
6,46.47,78,60.69
6,46.58,77.99,60.69
6,46.53,78.04,60.69
4,47.2,78.11,60.75
4,47.15,78.17,60.75
4,46.98,78.13,60.75
4,47.04,78.18,60.75
4,46.93,78.18,60.75
4,46.99,78.23,60.75
4,47.08,78,60.69
5,47.02,77.95,60.61
5,47.03,78.06,60.69
4,47.14,78.05,60.69
5,47.09,78.11,60.68
6,46.63,77.93,60.61
6,46.68,77.91,60.55
6,46.8,77.97,60.61
5,46.86,78.02,60.69
5,46.92,78.07,60.68
5,46.81,78.08,60.68
5,46.87,78.13,60.68
5,46.97,78.01,60.61
5,46.91,77.96,60.61
6,46.96,77.91,60.53
6,46.85,77.92,60.53
4,47.3,77.96,60.75
4,47.3,78.02,60.75
4,47.24,77.93,60.68
5,47.18,77.89,60.61
4,47.35,77.92,60.69
5,47.29,77.89,60.61
4,47.36,78.05,60.75
4,47.25,78.06,60.75
4,47.31,78.1,60.75
4,47.19,77.99,60.69
5,47.13,77.94,60.61
6,47.07,77.91,60.54
4,47.58,78.04,60.75
4,47.58,77.97,60.74
4,47.47,78.05,60.75
4,47.53,78.09,60.75
4,47.52,78.02,60.75
4,47.52,77.95,60.75
4,47.62,77.87,60.62
4,47.57,77.9,60.68
4,47.46,77.91,60.68
5,47.4,77.88,60.61
5,47.51,77.87,60.62
4,47.41,77.97,60.69
3,47.74,78.01,60.75
3,47.69,78.01,60.75
3,47.72,78.02,60.75
3,47.69,78.04,60.75
3,47.74,77.97,60.74
4,47.65,77.99,60.73
3,47.69,77.97,60.74
4,47.63,77.95,60.69
3,47.82,77.93,60.7
3,47.8,77.96,60.74
3,47.85,77.96,60.7
3,47.83,77.97,60.74
3,47.8,78.03,60.75
3,47.77,77.98,60.74
3,47.74,77.94,60.69
4,47.68,77.9,60.61
3,47.88,77.93,60.66
3,47.85,77.96,60.66
3,47.85,77.9,60.66
3,47.82,77.93,60.66
3,47.9,77.89,60.61
4,47.79,77.89,60.61
3,47.75,78.07,60.75
4,47.26,78.16,60.75
4,47.21,78.21,60.75
4,47.11,78.33,60.73
27,50.45,77.84,60.81
29,50.45,77.9,60.81
30,50.61,77.79,60.84
32,50.61,77.82,60.85
30,50.56,77.83,60.82
31,50.56,77.89,60.82
29,50.5,77.83,60.77
32,50.51,77.94,60.8
4,48.9,77.82,60.66
4,48.85,77.82,60.62
4,48.37,77.82,60.67
4,48.43,77.81,60.67
4,48.4,77.81,60.7
4,48.34,77.82,60.66
4,48.45,77.81,60.66
4,48.54,77.82,60.66
4,48.51,77.82,60.63
4,48.6,77.82,60.66
4,48.56,77.82,60.63
4,48.65,77.82,60.66
4,48.7,77.82,60.66
4,48.76,77.82,60.63
4,48.79,77.82,60.62
4,48.84,77.83,60.59
4,48.96,77.82,60.62
4,49.01,77.81,60.66
4,49.06,77.82,60.62
4,49.12,77.81,60.67
4,49.17,77.82,60.62
4,49.23,77.81,60.67
4,49.28,77.82,60.63
8,49.66,77.8,60.84
8,49.57,77.8,60.84
7,49.5,77.8,60.77
6,49.36,77.81,60.68
6,49.44,77.8,60.75
7,49.73,77.8,60.78
9,49.79,77.79,60.84
11,49.89,77.79,60.84
24,50.39,77.8,60.84
13,50,77.8,60.77
18,50.1,77.8,60.79
22,50.19,77.8,60.84
20,50.28,77.8,60.84
4,48.01,77.82,60.61
4,48.12,77.83,60.62
4,48.23,77.83,60.62
4,48.29,77.82,60.66
5,47.29,77.83,60.6
5,47.19,77.83,60.6
4,47.62,77.82,60.61
5,47.4,77.82,60.6
5,47.51,77.82,60.61
3,47.9,77.83,60.6
4,47.68,77.83,60.6
4,47.79,77.83,60.6
6,47.07,77.83,60.53
7,46.96,77.83,60.53
7,46.85,77.82,60.52
7,46.74,77.83,60.53
6,46.4,77.82,60.61
5,46.5,77.82,60.62
6,46.68,77.83,60.54
5,46.58,77.83,60.6
9,46.18,77.82,60.61
7,46.29,77.82,60.61
7,45.95,77.81,60.69
10,46.01,77.82,60.62
5,45.9,77.81,60.69
10,46.07,77.82,60.61
9,45.89,78.22,60.62
10,45.88,78.31,60.55
9,45.88,78.38,60.56
10,45.88,78.42,60.53
12,45.88,78.48,60.48
9,45.89,78.61,60.57
28,50.5,77.8,60.77
581,57.35,68.51,50.3
497,57.51,70.35,50.3
261,43.53,72.45,49.55
211,43.53,71.56,50.11
281,43.53,73.58,49.24
178,44.54,70.61,50.3
193,44.06,71.09,50.3
180,45.92,70.05,50.3
175,45.5,70.53,50.3
215,46.82,69.97,50.3
231,47.22,69.48,50.3
238,48.54,69.35,50.3
227,50.31,69.17,50.3
218,52.06,69.02,50.3
229,53.83,68.86,50.3
265,55.59,68.69,50.3
479,59.42,71.98,50.3
558,59.58,73.74,50.3
1250,59.21,74.66,50.3
1307,58.81,75.14,50.3
480,58.46,71.16,50.3
1486,60.33,77.23,50.3
1461,59.85,76.83,50.3
1475,58.96,76.9,50.3
2361,63.3,85.78,50.15
2299,64.39,85.56,50.3
2156,64.17,84.17,50.3
1927,64,82.31,50.3
1743,63.86,80.95,50.3
1694,63.34,80.54,50.3
1645,62.84,80.13,50.3
1620,62.35,79.73,50.3
1603,61.86,79.32,50.3
1590,61.37,78.92,50.3
1581,60.89,78.51,50.3
1570,60.41,78.11,50.3
1333,58.41,75.62,50.3
1425,58.48,76.5,50.3
585,44.1,75.13,46.59
509,43.73,75.14,47.85
299,43.53,75.13,49.25
1215,60.32,77.23,49.84
1211,59.84,76.83,49.84
1193,58.96,76.9,49.84
2369,63.26,85.58,49.96
2241,64.23,85.27,49.84
1945,64.03,84,49.84
1518,63.87,82.24,49.84
1314,63.75,80.92,49.84
1231,63.27,80.52,49.84
1202,62.79,80.12,49.84
1181,62.31,79.72,49.84
1201,60.88,78.51,49.84
1208,60.4,78.11,49.84
1169,58.41,75.62,49.84
1178,58.48,76.5,49.84
596,58.62,72.94,49.08
1100,58.33,74.74,49.4
1022,58.33,74.74,48.77
997,58.73,74.26,49.4
910,58.73,74.26,48.77
1081,57.93,75.22,49.4
969,57.53,75.7,48.77
1063,58.01,76.1,49.4
660,57.35,68.62,49.84
519,57.5,70.38,49.84
229,43.73,71.56,49.95
179,44.66,70.61,49.84
214,44.27,71.09,49.84
207,45.94,70.06,49.84
200,45.54,70.54,49.84
254,46.82,69.98,49.84
267,47.22,69.5,49.84
264,48.55,69.39,49.84
248,50.31,69.23,49.84
237,52.06,69.08,49.84
250,53.83,68.92,49.84
341,55.59,68.77,49.84
498,58.46,71.18,49.84
851,56.55,69.57,49.08
954,56.18,70.49,48.15
920,55.7,70.09,48.15
966,55.78,70.97,48.15
909,55.3,70.57,48.15
851,56.7,71.33,49.08
594,51.32,75.36,43.15
575,50.93,75.36,43.77
570,50.67,75.37,44.12
583,50.93,74.57,43.78
596,51.12,74.94,43.14
601,51.23,74.49,43.17
615,51.86,74.39,43.13
603,52.15,74.4,43.77
607,51.63,74.86,43.14
573,52.79,76.15,44.64
605,51.74,75.76,43.15
595,52.35,76.16,44.38
626,52.15,75.75,43.77
646,52.4,75.74,44.11
622,51.93,75.24,43.14
570,51.14,75.83,43.79
551,50.75,75.83,44.36
545,50.3,75.85,44.62
620,52.15,75.2,43.77
562,52.48,75.71,44.54
484,52.92,75.7,44.81
614,52.52,75.28,44.26
437,53.19,75.67,45.18
527,52.97,74.37,44.88
576,52.36,74.34,44.39
500,52.91,75.19,45.13
466,53.6,75.13,45.85
465,53.1,75.22,45.4
437,53.41,75.17,45.72
443,53.29,75.23,45.54
456,53.44,74.32,45.39
424,53.59,74.27,45.54
568,53.98,75.12,46.17
551,53.76,74.71,45.99
377,53.1,72.06,45.76
424,53.3,71.62,46.14
454,52.98,73.43,45.23
413,53.3,73.37,45.55
471,53.45,72.2,45.99
427,53.41,73.39,45.73
477,53.61,73.4,45.85
471,53.14,74.75,45.45
448,53.31,74.71,45.55
441,53.41,74.67,45.74
475,53.61,74.65,45.86
927,55.38,71.45,47.52
580,54.02,71.12,47.52
842,54.9,71.05,47.52
981,55.9,72.29,47.83
519,53.62,71.6,46.9
501,53.62,71.6,46.41
729,54.98,71.93,46.44
662,54.49,71.53,46.45
794,54.98,71.93,46.9
716,54.5,71.53,46.9
685,55.22,74.57,46.44
734,55.21,74.57,46.9
764,55.1,73.25,46.74
624,54.34,74.21,46.17
567,53.85,73.41,45.99
610,54.21,72.45,46.17
510,53.5,75.16,46.12
347,44,71.56,48.77
340,43.73,72.45,48.79
285,44,71.56,49.4
274,43.73,72.45,49.45
709,46.05,74.48,45.22
684,46.42,74.45,45.41
660,46.6,74.45,45.54
638,46.72,74.44,45.69
694,46.01,73.6,45.19
673,46.4,73.57,45.38
648,46.6,73.57,45.54
626,46.71,73.55,45.68
634,45.91,74.94,45.66
631,45.45,74.54,45.65
717,45.78,74.06,45.07
640,46.35,74.01,45.62
652,46.62,73.98,45.55
626,46.73,73.97,45.74
613,46.92,73.97,45.86
617,46.46,73.11,45.79
602,46.77,73.08,46
619,46.52,74.85,45.81
604,46.77,74.79,46
573,46.97,74.86,46.13
588,47.06,73.97,45.99
614,44.89,73.25,45.65
619,45.37,73.66,45.65
590,44.81,72.37,46.27
632,45.29,72.78,45.65
629,45.77,73.18,45.64
559,44.37,72.85,46.27
428,44.32,71.97,48.15
436,44.03,72.44,48.15
535,44.32,71.97,47.52
568,44.81,72.37,46.9
532,44.03,72.44,47.52
538,44.37,72.85,46.9
510,47.34,75.25,46.17
448,47.82,75.61,46.01
300,43.73,73.58,49.14
472,44.05,73.48,47.83
549,45.05,75.02,46.27
527,44.64,75.49,46.9
526,44.57,74.17,46.57
548,45.52,75.42,46.27
535,46.6,75.35,46.46
553,46.35,75.34,46.24
598,54.42,70.65,48.15
401,53.94,70.24,48.15
471,54.79,69.73,49.08
545,54.02,71.12,48.15
378,53.54,70.72,48.15
315,52.66,70.8,48.15
312,52.18,70.4,48.15
282,53.02,69.88,49.08
314,50.42,70.55,48.15
272,51.26,70.04,49.08
324,50.02,71.03,48.15
365,48.66,70.71,48.15
364,49.14,71.11,48.15
292,49.5,70.19,49.08
429,48.26,71.19,48.15
350,46.42,70.46,48.77
300,46.42,70.46,49.4
432,46.9,70.86,48.15
309,47.74,70.34,49.08
461,47.38,71.26,48.15
351,46.02,70.94,48.77
348,45.14,71.01,48.77
294,46.02,70.94,49.4
276,45.14,71.01,49.4
343,44.74,71.49,48.77
279,44.74,71.49,49.4
550,50.78,75.41,44.62
561,50.73,74.55,44.38
520,50.3,75.39,44.97
520,50.16,74.48,44.82
382,53.14,71.2,47.52
356,51.86,71.76,46.27
396,53.08,72.56,45.83
360,52.74,71.68,46.27
468,53.22,72.08,46.9
475,53.36,72.09,46.43
369,52.74,71.68,46.9
568,51.55,73.56,44.11
430,52.3,72.59,45.37
494,50.03,75.45,45.34
443,49.79,74.95,45.55
479,49.98,75,45.41
396,49.67,74.57,45.78
418,49.68,74.96,45.72
401,49.48,74.81,45.86
394,49.42,75,45.99
426,48.17,75.15,46.01
441,45.62,71.42,48.15
454,46.5,71.34,48.15
549,46.5,71.34,47.52
545,45.62,71.42,47.52
452,45.22,71.9,48.15
595,45.99,72.25,46.46
549,45.22,71.9,47.52
478,46.98,71.74,48.15
556,46.98,71.74,47.52
578,46.44,72.26,46.87
579,47.46,72.14,46.9
575,47.45,72.14,46.42
556,47.27,73.06,46.15
431,48.08,73.86,46
546,47.25,74.38,46.15
513,47.72,74.78,46.18
550,47.86,71.66,47.52
441,48.74,71.59,48.15
476,48.74,71.59,47.52
311,50.9,70.95,48.15
328,50.9,70.95,47.52
312,52.26,71.28,48.15
307,51.78,70.88,48.15
335,51.86,71.76,46.9
338,51.38,71.36,46.9
323,51.78,70.88,47.52
327,52.26,71.28,47.52
318,50.5,71.43,48.15
360,49.62,71.51,47.52
330,50.5,71.43,47.52
410,49.78,73.74,45.55
391,49.67,73.68,45.73
394,49.48,73.62,45.86
380,49.63,72.4,46
460,50.11,73.72,45.22
350,50.1,71.91,46.9
369,49.88,72.38,46.19
372,50.11,71.91,46.28
337,51.46,72.24,46.9
337,50.98,71.83,46.9
430,50.72,72.76,45.39
388,49.99,72.79,45.84
365,50.98,71.83,46.27
360,51.46,72.24,46.27
545,48.34,72.07,46.9
558,47.93,72.54,46.9
529,47.93,72.54,46.44
374,49.7,72.39,46.9
408,49.22,71.99,46.9
366,49.63,72.39,46.42
379,49.23,71.99,46.41
480,48.34,72.07,46.44
401,48.78,72.91,46.17
378,49.25,73.66,45.99
406,48.58,75.54,46.01
398,49.27,75.45,45.99
424,48.23,75.99,46.01
506,49.81,76.37,45.29
473,49.61,76.32,45.4
415,49.44,75.85,45.99
447,49.84,75.49,45.84
492,49.98,75.92,45.4
468,49.79,75.86,45.54
776,56.03,74.05,46.74
936,56.86,73.1,47.83
635,57.66,72.14,49.08
569,58.62,72.94,49.84
1168,58.33,74.74,49.84
1065,58.73,74.26,49.84
723,56.55,69.56,50.1
793,56.7,71.33,50.1
212,43.89,71.55,50.1
186,45.11,71.01,50.1
205,44.69,71.49,50.1
205,46.42,70.46,50.1
203,46.01,70.94,50.1
240,47.74,70.34,50.1
244,49.5,70.18,50.1
234,51.26,70.02,50.1
220,53.02,69.87,50.1
265,54.79,69.71,50.1
559,58.62,72.94,50.1
1111,58.73,74.26,50.1
1214,58.33,74.74,50.1
574,57.66,72.13,50.1
783,53.75,78.88,42.3
772,53.89,78.88,42.3
688,54.07,79.08,42.29
627,51.85,76.64,41.89
568,51.03,76.72,41.86
566,51.44,77.12,41.27
721,50.69,78.08,40.57
550,51.02,77.59,40.82
541,50.62,77.2,41.22
490,50.21,77.68,40.72
782,52.38,77.49,42.35
722,52.2,77.04,42.3
612,51.8,76.65,42.52
569,51.12,76.7,42.27
551,50.63,77.17,41.81
511,50.26,77.65,41.21
533,50.57,77.51,42.07
517,50.23,77.96,41.44
567,51.17,76.73,42.59
581,50.93,76.25,42.62
567,50.89,76.71,42.31
562,50.73,76.73,42.64
528,50.7,77.48,42.35
865,53.57,78.79,41.74
864,53.61,78.98,41.65
844,53.75,79.01,41.68
815,53.73,79.03,41.83
849,53.58,78.81,41.86
755,54.06,79.22,41.66
722,54.06,79.23,41.81
795,53.94,79.16,41.65
760,53.94,79.19,41.8
796,53.85,79.05,41.86
763,53.72,79.06,42.13
805,53.66,78.86,42.18
788,53.71,79.05,41.98
829,53.57,78.83,42.01
731,53.95,79.2,41.93
767,53.87,79.07,41.99
695,54.06,79.24,41.97
742,53.88,79.08,42.14
670,54.07,79.24,42.13
942,53.72,79.13,41.19
978,53.72,79.14,41.04
955,53.6,79.04,41.19
986,53.6,79.04,41.04
920,53.84,79.24,41.19
887,53.96,79.34,41.19
963,53.84,79.24,41.04
939,53.96,79.34,41.04
904,53.72,79.14,41.35
864,53.72,79.15,41.5
924,53.6,79.06,41.34
885,53.59,79.09,41.5
831,53.96,79.34,41.35
783,53.96,79.34,41.5
874,53.84,79.24,41.35
830,53.84,79.24,41.51
1012,53.62,79.26,40.88
1038,53.62,79.25,40.75
1020,53.5,79.16,40.88
1046,53.51,79.15,40.74
999,53.74,79.36,40.88
982,53.86,79.46,40.88
1025,53.74,79.35,40.77
1012,53.87,79.46,40.77
1046,53.65,79.58,40.64
1066,53.42,79.38,40.63
1106,53.45,79.82,40.46
1124,53.22,79.62,40.46
872,53.46,78.76,41.71
855,53.43,78.78,41.86
813,53.54,78.84,42.16
836,53.44,78.8,42.01
908,53.22,78.64,41.45
878,53.33,78.73,41.69
963,53.48,78.95,41.18
987,53.48,78.94,41.03
939,53.48,78.99,41.31
927,53.44,78.88,41.4
904,53.44,78.92,41.52
935,53.33,78.83,41.37
913,53.3,78.86,41.52
985,53.36,78.84,41.03
967,53.35,78.87,41.17
958,53.17,78.67,41.14
900,53.1,78.61,41.52
1023,53.38,79.06,40.88
1048,53.39,79.05,40.73
1023,53.26,78.95,40.88
1046,53.27,78.95,40.72
1018,53.14,78.76,40.8
1078,53.18,79.18,40.62
1081,52.94,78.99,40.59
1132,52.98,79.42,40.46
1132,52.74,79.21,40.46
1088,48.46,78.74,41.15
1185,48.46,78.73,40.72
1166,48.84,78.61,40.76
1222,48.48,78.8,40.51
1238,48.91,79.03,40.43
868,52.89,78.58,41.81
842,52.87,78.64,42.07
855,52.74,78.52,41.92
949,52.92,78.63,41.27
980,52.91,78.69,41.08
965,52.83,78.53,41.08
1037,52.69,78.78,40.8
1091,52.5,79.03,40.61
1078,52.26,78.83,40.59
1146,52.3,79.26,40.46
1142,52.06,79.07,40.45
930,52.88,78.65,41.46
946,52.73,78.56,41.34
924,52.77,78.57,41.49
861,52.74,78.42,41.84
882,52.6,78.36,41.7
829,52.59,77.87,41.95
837,52.62,78.39,42.07
705,52.16,77.05,41.85
776,52.33,77.49,42.05
869,52.63,77.47,41.13
923,52.79,78.11,41.05
868,52.67,77.86,41.45
924,52.6,78.38,41.39
942,52.65,78.34,41.11
1015,52.46,78.58,40.79
907,52.42,77.92,40.78
988,51.98,78.4,40.6
1125,51.59,78.88,40.45
712,51.93,77.52,41.28
958,50.12,78.33,41.31
1055,49.97,78.55,41.35
1075,49.34,78.67,41.17
1035,49.98,78.39,40.84
451,49.99,78.15,40.6
770,51.52,77.99,40.84
1167,49.32,78.65,40.73
1155,49.85,78.58,40.83
1197,49.29,78.77,40.51
1053,50.31,78.6,40.54
982,51.12,78.48,40.63
1210,49.78,78.99,40.43
1158,50.71,78.95,40.44
755,53.88,78.88,42.45
710,54.07,78.88,42.69
666,54.07,79.08,42.44
765,53.75,78.88,42.46
534,50.61,76.36,44.54
548,50.89,76.26,44.16
567,50.93,75.84,43.77
557,50.73,76.25,43.73
532,50.59,76.7,44.23
570,50.93,76.25,43.14
551,50.73,76.76,43.14
604,51.96,76.17,43.79
564,51.38,76.24,43.78
558,51.17,76.74,43.14
597,51.79,76.65,43.14
631,52.15,76.16,43.77
671,52.15,76.64,43.15
710,52.16,77.04,42.61
694,52.35,76.64,43.73
729,52.35,77.03,43.15
764,52.35,77.51,42.65
513,50.06,76.79,44.95
507,50.3,75.94,45.26
521,50.34,76.3,44.91
462,52.92,76.1,45.15
487,52.93,76.55,44.83
513,50.47,77.17,44.4
533,50.77,76.34,44.62
625,52.23,76.63,44.21
579,52.49,76.58,44.57
637,52.55,77.02,44.31
665,44.72,76.37,46.27
731,45.2,76.78,45.65
739,46.52,77.55,45.19
801,45.67,77.17,45.03
763,46.14,77.56,45.02
626,56.51,76.28,45.83
653,56.24,75.77,46.13
597,55.98,76.15,45.99
739,46.56,77.1,45.25
628,46.92,76.5,45.87
567,46.6,75.75,46.15
602,46.77,76.18,45.99
585,45.12,75.9,46.27
670,45.6,76.3,45.65
758,45.94,76.66,45.15
712,46.38,76.72,45.34
627,46.37,76.22,45.74
639,46.75,76.6,45.74
661,46.92,76.93,45.59
674,46.54,76.66,45.52
670,46.69,76.6,45.56
706,46.77,77,45.39
701,46.69,77.53,45.36
545,46,75.82,46.27
519,46.88,75.74,46.41
564,46.86,76.17,46.13
469,47.41,76.11,46.19
520,47.17,76.49,45.99
426,47.89,76.42,46.01
415,49.62,75.49,46
448,49.67,75.87,45.72
422,49.48,75.83,45.85
441,49.48,76.3,45.6
687,55.7,74.97,46.43
630,55.26,75.44,46.2
571,54.88,75.86,46.01
647,54.81,75.05,46.45
589,54.43,75.51,46.2
534,54.13,75.92,46
458,53.6,75.98,45.85
475,53.46,75.56,46
522,53.68,75.58,46.15
498,53.66,75.97,45.99
411,53.6,76.37,45.6
387,53.5,76.4,45.41
451,53.24,75.62,45.83
426,53.29,76.06,45.55
434,53.41,76.05,45.72
435,53.1,76.08,45.4
397,53.18,76.61,45.17
551,54.86,79.48,42.29
537,54.64,79.5,42.29
570,54.98,79.58,42.29
607,55.2,79.56,42.29
639,55.32,79.66,42.29
613,55.32,79.66,42.44
586,55.2,79.56,42.44
582,55.41,79.43,42.68
547,54.96,79.36,42.44
563,55.08,79.46,42.44
546,55.17,79.29,42.68
555,54.98,79.58,42.44
540,54.86,79.48,42.44
611,54.18,79.32,42.29
572,54.3,79.42,42.29
543,54.42,79.52,42.29
552,54.54,79.62,41.66
591,54.76,79.6,41.66
541,54.54,79.62,41.82
573,54.76,79.6,41.82
956,54.66,79.72,41.5
6146,54.66,79.72,41.35
713,54.78,79.82,41.5
3334,54.78,79.82,41.35
577,54.44,79.74,41.5
1524,54.44,79.74,41.35
564,54.76,79.6,41.97
553,54.76,79.6,42.13
542,54.54,79.62,41.97
537,54.54,79.62,42.13
608,54.88,79.7,41.82
637,54.88,79.7,41.66
719,55.1,79.68,41.66
779,55.22,79.78,41.66
676,55.1,79.68,41.82
728,55.22,79.78,41.82
909,55.01,79.91,41.43
594,54.88,79.7,41.97
576,54.88,79.7,42.13
647,55.1,79.68,41.97
690,55.22,79.78,41.97
619,55.1,79.68,42.13
656,55.22,79.78,42.13
2110,53.97,80.67,40.46
1409,54.17,80.43,40.66
4878,54.37,80.19,40.87
10013,54.57,79.95,41.11
3272,54.21,80.87,40.46
4871,54.41,80.63,40.66
8291,54.61,80.39,40.87
9677,54.81,80.15,41.11
625,54.2,79.54,41.66
605,54.2,79.54,41.82
686,54.08,79.44,41.66
659,54.08,79.44,41.82
569,54.32,79.64,41.66
559,54.32,79.64,41.82
638,54.08,79.44,41.97
591,54.2,79.54,41.97
620,54.08,79.44,42.13
578,54.2,79.54,42.13
553,54.32,79.64,41.97
546,54.32,79.64,42.13
835,53.98,79.56,41.19
902,53.98,79.56,41.04
777,54.1,79.66,41.19
862,54.1,79.66,41.04
699,54.1,79.66,41.35
655,54.1,79.66,41.5
761,53.98,79.56,41.35
712,53.98,79.56,41.5
648,54.22,79.76,41.19
730,54.22,79.76,41.04
731,54.34,79.86,41.04
820,54.34,79.86,41.19
603,54.22,79.76,41.35
584,54.22,79.76,41.5
583,54.34,79.86,41.5
628,54.34,79.86,41.35
953,53.89,79.79,40.86
826,54.13,79.98,40.86
1118,53.93,80.23,40.66
1007,53.69,80.03,40.65
1785,53.73,80.47,40.46
1124,53.49,80.26,40.46
585,54.5,78.88,43.3
561,54.3,79.42,42.44
594,54.18,79.32,42.44
564,54.4,79.3,42.44
592,54.29,79.24,42.44
599,54.29,79.08,42.68
645,54.3,78.88,42.99
549,54.5,79.23,42.67
543,54.5,79.08,42.99
536,54.42,79.52,42.44
530,54.64,79.5,42.44
540,54.52,79.4,42.44
528,54.73,79.31,42.68
522,54.76,79.08,43
549,54.77,78.88,43.3
549,55.41,79.43,42.99
524,55.18,79.29,43
535,55.62,79.27,43.3
506,55.6,79.08,43.61
503,55.17,79.08,43.3
476,55.58,78.88,43.9
488,55.16,78.88,43.6
691,57.12,76.18,46.27
615,56.62,76.64,45.82
627,56.88,76.67,45.65
578,56.02,76.95,45.98
619,56.3,76.28,46
567,56.16,76.92,45.88
553,56.3,77.04,45.72
524,55.88,77.27,45.63
593,56.72,77.11,45.65
561,56.67,77.54,45.39
699,57.6,76.58,46.27
628,57.21,77.06,45.66
488,56.16,77.85,45.41
573,56.5,77.12,45.79
541,56.48,77.49,45.51
1007,60.32,77.23,48.77
1094,60.32,77.23,49.4
1012,59.84,76.83,48.77
960,58.96,76.9,48.77
1099,59.84,76.83,49.4
1065,58.96,76.9,49.4
1038,58.08,76.98,49.4
2464,62.42,85.78,49.31
1184,61.84,79.31,49.84
1061,62.24,78.84,49.4
988,62.24,78.84,48.77
990,61.76,78.43,48.77
1066,61.76,78.43,49.4
1191,61.36,78.91,49.84
1034,60.88,78.51,49.4
1023,62.79,80.12,49.4
942,62.79,80.12,48.77
1014,62.31,79.72,49.4
936,62.31,79.72,48.77
2375,63.25,85.58,49.16
2118,64.25,85.27,49.08
1064,63.75,80.92,49.4
978,63.75,80.92,48.77
1030,63.27,80.52,49.4
951,63.27,80.52,48.77
1603,64.02,84,49.08
1102,63.87,82.24,49.08
1046,60.4,78.11,49.4
860,56.13,80.03,42.36
668,55.45,79.87,42.36
747,55.69,80.07,42.36
612,55.45,79.87,42.68
1049,55.93,80.27,41.74
1108,55.73,80.51,41.43
1082,56.17,80.47,41.74
1111,55.97,80.71,41.43
954,55.93,80.27,42.05
1014,56.17,80.47,42.05
5290,54.95,81.7,40.46
3785,55.13,81.23,40.66
1840,55.33,80.99,40.87
1105,55.53,80.75,41.11
1597,55.37,81.43,40.66
1060,55.57,81.19,40.87
1121,55.77,80.95,41.11
801,55.25,80.11,41.74
827,55.05,80.35,41.43
708,55.25,80.11,42.05
933,55.49,80.31,41.74
986,55.29,80.55,41.43
807,55.49,80.31,42.05
4533,54.25,81.31,40.46
6344,54.45,81.07,40.66
8054,54.65,80.83,40.87
7417,54.85,80.59,41.11
4239,55.09,80.79,41.11
5771,54.49,81.51,40.46
6954,54.69,81.27,40.66
6979,54.89,81.03,40.87
4594,55.5,83,40.46
1560,55.9,82.5,40.66
4642,55.56,83.96,40.46
1843,55.98,83.39,40.66
5296,55.02,82.59,40.46
3252,55.42,82.1,40.66
1069,55.83,81.61,40.87
1090,56.23,81.14,41.27
737,57.6,76.58,46.9
586,55.65,79.63,42.99
562,55.85,79.4,43.3
579,56.05,79.26,43.3
624,57.69,77.46,45.03
593,57.05,77.52,45.2
601,57.49,77.92,44.56
630,56.51,79.22,43.3
585,57.04,77.92,44.84
539,56.02,79.08,43.61
580,56.47,79.04,43.77
552,56.71,78.27,44.87
512,56,78.88,43.89
550,56.41,78.76,44.32
669,55.69,80.07,42.68
570,55.45,79.87,42.99
765,56.13,80.03,42.68
632,55.89,79.83,42.99
566,56.26,79.08,43.56
702,56.33,79.8,42.99
757,56.57,80,42.99
599,56.09,79.59,43.3
698,56.53,79.56,42.99
614,56.29,79.37,43.3
750,56.77,79.76,42.99
632,58.16,77.86,45.02
565,56.78,78.54,44.6
571,56.88,78.42,44.58
644,56.73,79.33,43.3
676,56.97,79.52,43.3
637,56.95,79.14,43.3
658,57.17,79.28,43.3
605,57.77,78.34,44.41
614,57.42,78.96,43.77
614,57.66,78.72,43.77
589,57.24,78.52,44.39
602,56.83,78.95,43.75
577,56.72,78.7,44.2
585,57.09,78.73,44.3
711,58.56,77.38,46.27
649,58.16,77.86,45.65
706,58.08,76.98,46.27
637,57.68,77.46,45.65
511,56.48,78.21,45.18
527,56.62,78,45.4
484,56.35,78.29,45.29
491,56.41,78.46,45.19
891,60.32,77.23,47.52
793,59.92,77.71,46.9
956,60.32,77.23,48.15
954,59.84,76.83,48.15
881,59.84,76.83,47.52
785,59.44,77.31,46.9
716,59.04,77.78,46.27
659,58.64,78.26,45.65
840,58.96,76.9,47.52
748,58.56,77.38,46.9
1476,56.38,82.91,40.66
1051,56.3,82.02,40.87
1054,56.78,82.42,40.66
1078,57.26,82.83,40.66
1090,56.46,83.78,40.87
1096,56.85,83.31,40.66
1696,59.77,85.08,41.48
1893,60.61,85.37,42.83
1170,57.78,83.67,40.65
1123,58.59,82.69,40.66
1160,59.52,83.05,40.82
1187,59.56,83.79,40.65
1196,60.5,84.31,41.49
1250,57.42,84.57,40.85
1149,56.94,84.18,40.87
1143,58.95,81.78,40.87
1132,59.35,81.31,41.27
1155,59.42,82.19,40.87
1131,59.83,81.71,41.27
1128,60.34,82.56,41.56
1204,58.94,84.24,40.62
1403,58.33,84.49,40.79
1519,57.92,84.78,41.27
1843,57.92,84.78,41.9
2153,59.18,84.78,41.46
962,61.28,78.03,48.15
927,61.28,78.03,47.52
907,60.8,77.63,47.52
959,60.8,77.63,48.15
936,60.88,78.51,48.77
942,60.4,78.11,48.77
768,60.4,78.11,46.27
807,60.87,78.51,46.28
838,60.88,78.51,46.9
810,60.4,78.11,46.9
724,59.52,78.19,46.27
661,59.76,78.75,44.81
678,59.96,78.9,45.17
728,60.44,79.14,45.06
717,60,78.57,45.78
691,59.71,78.6,45.54
666,59.49,78.78,45.22
705,60.01,78.86,45.53
754,60.47,79.02,45.67
649,59.11,78.66,45.02
616,58.24,78.74,45.02
670,59.12,78.66,45.65
1039,56.71,81.54,41.27
1072,57.19,81.94,40.87
1071,57.66,82.34,40.87
947,56.37,80.24,42.36
848,56.37,80.24,42.68
1067,56.63,80.66,41.9
1110,57.11,81.06,41.27
1117,57.59,81.46,40.87
1100,58.07,81.86,40.87
987,57.03,80.18,42.52
1093,57.51,80.58,41.9
1130,57.99,80.98,41.27
1105,58.47,81.38,41.27
987,57.43,79.7,42.52
1082,58.31,79.62,42.52
1057,59.19,79.54,42.52
1150,57.91,80.1,41.9
1138,58.79,80.02,41.9
1183,58.39,80.5,41.27
1048,59.67,79.95,42.52
1108,59.27,80.43,41.9
1150,58.87,80.9,41.27
788,57.43,79.7,43.15
893,58.31,79.62,43.15
643,57.83,79.22,43.77
906,59.19,79.54,43.15
664,58.72,79.14,43.77
666,59.55,79.2,43.78
915,59.67,79.95,43.15
763,60.07,79.5,43.77
634,59.57,79.15,44.41
661,60.07,79.49,44.4
622,58.72,79.14,44.4
602,57.83,79.22,44.4
801,57.03,80.18,43.15
1805,62.39,85.32,45.33
1571,61.45,84.99,44.08
1301,60.5,84.31,42.83
970,62.24,78.84,47.52
914,61.84,79.31,46.9
971,62.24,78.84,48.15
949,61.76,78.43,47.52
875,61.36,78.91,46.9
966,61.76,78.43,48.15
1050,59.35,81.31,41.9
1051,59.83,81.71,41.9
1007,60.23,81.23,42.52
1009,59.75,80.83,42.52
924,59.75,80.83,43.15
840,60.15,80.35,43.77
949,60.23,81.23,43.15
925,60.63,80.75,43.77
730,60.15,80.35,44.4
770,60.55,79.87,45.02
856,60.63,80.75,44.4
869,61.03,80.27,45.02
840,61.03,80.27,45.65
870,61.43,79.79,46.27
768,60.55,79.87,45.65
818,60.95,79.39,46.27
927,62.39,80.6,46.9
950,62.79,80.12,47.52
933,62.79,80.12,48.15
902,61.91,80.19,46.9
936,62.31,79.72,47.52
924,62.31,79.72,48.15
923,60.34,82.55,42.83
922,60.71,81.63,43.77
926,61.19,82.03,43.77
882,60.71,81.63,44.4
889,61.11,81.15,45.02
907,61.19,82.03,44.4
922,61.59,81.55,45.02
897,61.59,81.55,45.65
910,61.99,81.07,46.27
855,61.11,81.15,45.65
875,61.51,80.67,46.27
871,61.3,83.35,44.08
1704,64.25,85.27,47.83
967,62.26,84.16,45.33
1242,63.21,84.89,46.58
936,62.87,81,46.9
935,63.35,81.4,46.9
976,63.75,80.92,47.52
968,63.75,80.92,48.15
959,63.27,80.52,47.52
945,63.27,80.52,48.15
895,62.11,82.4,45.33
922,62.47,81.48,46.27
898,62.47,81.48,46.9
917,62.95,81.88,46.27
898,62.95,81.88,46.9
865,63.06,83.2,46.58
1086,64.02,84,47.83
926,63.87,82.24,47.83
898,58.96,76.9,48.15
840,58.48,76.5,47.52
743,58.08,76.98,46.9
899,58.48,76.5,48.15
916,58.08,76.98,48.77
925,57.6,76.58,48.77
513,44.26,75.97,47.52
567,44.72,76.37,46.9
684,56.7,75.78,46.24
733,57.12,76.18,46.9
687,56.17,75.37,46.41
629,55.71,75.82,46.18
572,55.3,76.23,46.01
521,45.12,75.9,46.9
733,55.69,74.97,46.9
693,54.81,75.05,46.9
993,57.45,74.82,48.77
784,56.68,74.85,46.89
901,57.81,73.9,47.83
767,57.14,74.86,46.48
885,57.97,75.66,47.83
284,43.53,76.43,49.61
390,43.73,76.45,48.81
1291,45.92,79.04,41.3
1337,46.33,79.33,40.84
1364,46.79,79.75,40.63
1416,47.27,80.13,40.46
1234,46.25,78.78,41.15
1157,46.75,78.8,41.29
1070,47.32,78.75,41.39
1262,46.73,78.92,40.78
1295,47.2,79.26,40.58
1348,47.69,79.61,40.45
1064,48.08,78.77,41.32
1128,47.58,78.88,41.18
1217,47.57,78.92,40.75
1173,48.07,78.77,40.81
1240,48.07,79.16,40.56
1291,48.54,79.56,40.44
990,46.75,78.82,42.42
1008,47.33,78.84,41.92
1083,46.65,78.93,41.89
769,44.31,76.85,46.27
812,44.8,77.26,45.65
719,46.58,77.96,45.24
580,43.51,82.35,47.43
100,43.39,82.43,47.42
577,43.51,82.35,48.08
83,43.39,82.57,48.76
120,43.39,82.43,48.08
778,43.53,78.65,48.86
723,43.53,79.52,48.85
686,43.53,80.43,48.83
625,43.52,81.92,48.77
500,43.64,82.48,48.76
657,43.53,81.19,48.81
484,43.73,76.45,48.17
677,43.53,77.32,48.2
707,43.53,78.11,48.87
626,43.73,76.46,47.53
816,43.53,77.33,47.54
27,43.39,82.43,46.74
426,43.51,82.36,46.76
21,43.39,82.43,46.17
788,43.42,82.64,45.94
1000,43.51,82.56,45.85
262,43.51,82.36,46.14
845,43.53,78.68,46.9
844,43.53,79.56,46.58
873,43.53,78.68,46.27
831,43.73,77.34,46.9
859,43.53,78.14,46.9
767,44.02,77.32,46.9
872,43.73,77.34,46.27
880,43.53,78.14,46.27
842,44.02,77.32,46.27
953,43.53,80.49,45.63
1286,43.53,80.5,45.01
1447,43.53,81.3,45
1527,43.53,82.16,44.97
1545,43.53,82.98,44.98
1120,43.53,81.29,45.6
1353,43.53,82.07,45.53
1511,43.52,82.98,45.49
1382,43.68,82.63,45.68
895,43.53,79.97,45.64
893,43.53,79.09,45.64
933,43.73,79.58,45.64
927,43.73,78.68,45.65
1165,43.53,79.98,45.01
996,43.53,79.09,45.02
1090,43.73,79.58,45.02
1000,43.73,78.68,45.02
776,46.39,78.3,44.87
975,43.73,78.14,45.02
801,46.04,78,44.81
970,44.36,77.74,45.02
867,45.28,77.66,45.02
919,43.73,78.14,45.65
888,44.36,77.74,45.65
1481,43.73,80.51,44.39
1549,43.73,80.52,43.77
1541,43.73,81.33,44.39
1561,43.73,82.2,44.39
1571,43.87,83.62,44.37
1566,43.73,83.01,44.39
1571,43.73,81.34,43.77
1582,43.73,82.21,43.77
1592,43.85,83.65,43.77
1590,43.73,83.01,43.77
1422,43.73,79.99,44.39
1243,43.73,79.09,44.39
1314,43.94,79.56,44.4
1164,43.91,78.67,44.4
1529,43.73,79.99,43.77
1353,43.91,78.67,43.77
1442,43.73,79.09,43.77
1472,43.94,79.56,43.77
1111,44.06,78.23,44.4
1049,44.89,78.13,44.39
918,45.59,78.07,44.54
877,46.06,78.45,44.37
953,45.71,78.39,44.24
879,46.19,78.61,44.24
1264,44.06,78.23,43.77
1142,44.91,78.13,43.78
1035,45.57,78.34,43.75
947,46.06,78.64,43.71
1570,43.96,80.48,43.15
1592,43.96,80.48,42.52
1589,44.25,80.85,41.9
1587,43.99,81.32,43.15
1598,44.01,82.2,43.15
1610,44.05,83.11,43.15
1613,43.99,81.32,42.52
1625,44.3,81.74,41.9
1632,44.01,82.2,42.52
1649,44.05,83.11,42.52
1662,44.35,82.62,41.9
1698,44.46,83.5,41.9
1486,44.11,79.09,43.15
1535,44.17,79.97,43.15
1380,44.47,78.61,43.15
1197,45.27,78.54,43.14
1195,45.41,78.86,43.17
1055,45.91,78.8,43.14
946,46.58,78.83,43.14
1446,44.47,78.61,42.52
1416,44.95,79.02,41.9
1256,45.65,78.78,41.76
1262,45.27,78.55,42.51
1256,45.41,78.88,42.61
1106,45.96,78.8,42.52
990,46.53,78.81,42.63
1222,45.84,79.03,41.9
1528,44.11,79.09,42.52
1557,44.17,79.97,42.52
1506,44.55,79.5,41.9
1529,44.63,80.38,41.9
1566,44.7,81.26,41.27
1617,44.78,82.14,41.27
1680,44.86,83.02,41.27
1712,44.93,83.9,41.27
1560,45.18,81.66,40.87
1621,45.26,82.54,40.87
1681,45.34,83.42,40.87
1565,45.64,82.06,40.66
1690,45.8,83.82,40.66
1655,45.72,82.94,40.66
1570,46.11,82.46,40.46
1684,46.19,83.34,40.46
1473,45.03,79.9,41.27
1505,45.11,80.78,41.27
1481,45.51,80.3,40.87
1515,45.58,81.18,40.87
1488,45.98,80.7,40.66
1522,46.06,81.58,40.66
1530,46.53,81.98,40.46
1499,46.46,81.1,40.46
1399,45.43,79.42,41.27
1419,45.91,79.82,40.87
1433,46.39,80.22,40.66
1465,46.87,80.62,40.46
556,43.99,76.44,47.52
667,44.31,76.85,46.9
482,43.99,76.44,48.15
2233,63.25,85.58,47.87
2496,62.41,85.78,47.94
1955,58.41,85.01,40.68
2455,57.88,84.99,41.19
2833,57.88,84.99,41.83
2785,58.79,85.32,41.38
2606,59.56,85.58,42.78
2415,60.58,85.58,44.06
2319,61.42,85.58,45.33
2183,62.41,85.58,46.6
3970,57.77,85.15,42.39
3692,58.38,85.15,41.33
3864,57.77,85.15,43.06
3465,58.62,85.49,42.71
2704,59.42,85.78,44.02
2617,60.51,85.78,45.33
2534,61.38,85.78,46.62
1775,57.01,84.78,41.27
2767,57.36,84.97,41.18
1739,56.55,84.61,40.86
2865,56.98,84.96,40.74
2679,56.5,84.7,40.65
2619,56.03,84.37,40.66
4296,56.89,85.14,41.02
4466,56.32,85.13,40.56
5116,55.57,84.91,40.46
2940,57.36,84.98,41.82
4263,56.89,85.14,41.69
4098,57.27,85.14,42.38
1335,59.92,77.71,50.1
1318,59.44,77.31,50.1
1316,58.56,77.38,50.1
2232,63.24,84.99,50.1
1892,63.09,83.24,50.1
1562,62.94,81.45,50.1
1431,62.41,80.6,50.1
1398,61.92,80.2,50.1
1393,61.44,79.8,50.1
1392,60.96,79.39,50.1
1389,60.48,78.99,50.1
1382,60,78.59,50.1
1206,57.93,75.22,50.1
1240,58.01,76.1,50.1
1285,58.08,76.98,50.1
300,43.53,77.31,49.61
421,43.73,77.33,48.81
365,43.53,78.1,49.59
275,43.53,78.6,50.13
729,43.53,79.49,49.57
659,43.53,80.38,49.54
604,43.52,81.16,49.51
553,43.51,81.91,49.46
87,43.39,82.57,50.04
494,43.51,82.34,50.04
513,43.64,82.47,49.39
714,43.53,79.02,49.58
642,43.73,78.66,49.47
4,48.86,78.05,60.75
4,48.91,77.98,60.71
4,48.88,78.01,60.71
4,48.83,78.08,60.75
4,48.69,78.03,60.75
4,48.69,77.98,60.74
4,48.69,77.99,60.73
4,48.71,77.97,60.7
4,48.66,78.04,60.75
4,48.74,77.99,60.71
4,48.72,78.04,60.75
4,48.84,77.88,60.6
4,48.79,77.88,60.63
4,48.76,77.91,60.63
4,48.74,77.94,60.66
4,48.69,78.07,60.75
4,48.82,77.9,60.62
4,48.85,77.93,60.66
4,48.88,77.95,60.66
4,48.79,77.93,60.63
4,48.82,77.96,60.66
4,48.77,77.96,60.66
4,48.8,77.99,60.71
4,48.85,77.98,60.66
4,48.83,78.01,60.71
4,48.77,78.02,60.71
4,48.75,78.06,60.75
4,48.78,78.08,60.75
4,48.8,78.04,60.71
4,48.58,77.99,60.73
4,48.58,78.03,60.75
4,48.55,78.05,60.75
4,48.61,78.05,60.75
4,48.58,78.07,60.75
3,48.47,78.03,60.75
3,48.44,78.06,60.75
3,48.5,78.06,60.75
3,48.47,78.08,60.75
4,48.54,77.93,60.7
4,48.52,77.95,60.74
4,48.49,77.97,60.74
4,48.5,78.02,60.75
4,48.55,77.97,60.74
4,48.56,77.99,60.73
4,48.57,77.95,60.7
4,48.52,78.03,60.75
4,48.51,77.86,60.63
4,48.43,77.94,60.7
4,48.48,77.87,60.66
4,48.46,77.91,60.7
4,48.51,77.9,60.66
4,48.49,77.93,60.7
4,48.46,77.96,60.7
4,48.37,77.89,60.67
4,48.4,77.91,60.66
4,48.43,77.88,60.66
4,48.35,77.88,60.63
4,48.4,77.86,60.67
3,48.53,78.08,60.75
4,48.63,77.95,60.7
4,48.66,77.97,60.7
4,48.6,77.98,60.7
4,48.63,78,60.71
4,48.71,77.91,60.66
4,48.68,77.89,60.66
4,48.65,77.87,60.63
4,48.71,77.87,60.63
4,48.65,77.92,60.66
4,48.68,77.94,60.66
4,48.76,77.87,60.6
4,48.73,77.88,60.63
4,48.57,77.9,60.66
4,48.59,77.87,60.63
4,48.6,77.92,60.66
4,48.45,77.86,60.63
4,48.54,77.88,60.63
4,48.62,77.89,60.63
4,48.41,77.97,60.7
4,48.38,78,60.71
4,48.44,77.99,60.71
4,48.41,78.02,60.71
4,48.89,78.08,60.75
4,48.86,78.1,60.75
4,48.94,78,60.71
4,48.91,78.03,60.71
4,48.97,78.07,60.75
4,48.99,77.94,60.7
4,48.96,77.97,60.7
4,49.02,78.03,60.75
4,49.02,77.96,60.74
4,49.07,77.96,60.74
4,48.96,77.92,60.66
4,48.93,77.95,60.66
4,48.99,77.94,60.66
4,48.96,77.97,60.66
4,48.9,77.9,60.61
5,49.29,77.85,60.63
7,49.46,77.97,60.79
5,49.34,77.86,60.68
6,49.4,77.9,60.75
6,49.46,78,60.76
6,49.41,78,60.78
5,49.41,78,60.76
4,49.13,78.02,60.75
4,49.13,77.96,60.74
4,49.07,77.94,60.68
4,49.01,77.89,60.61
4,49.24,77.96,60.74
4,49.24,78.02,60.75
4,49.18,77.93,60.68
4,49.12,77.89,60.61
5,49.35,78.02,60.75
5,49.35,77.95,60.74
5,49.29,77.92,60.68
4,49.23,77.88,60.61
11,49.68,77.95,60.79
9,49.57,77.96,60.79
8,49.57,78,60.76
10,49.64,78.01,60.76
10,49.63,77.99,60.78
8,49.62,77.85,60.81
10,49.62,77.91,60.81
8,49.67,77.84,60.76
7,49.56,77.85,60.76
6,49.5,77.83,60.7
7,49.51,77.89,60.76
6,49.46,77.86,60.69
15,49.9,77.94,60.8
12,49.79,77.94,60.8
8,49.73,77.87,60.76
14,49.85,77.98,60.78
13,49.85,78,60.76
8,49.84,77.84,60.81
10,49.84,77.9,60.81
7,49.78,77.83,60.77
7,49.89,77.83,60.77
21,50.01,77.92,60.8
10,49.95,77.86,60.76
25,50.12,77.91,60.81
14,50,77.84,60.7
16,50.06,77.85,60.77
22,50.34,77.85,60.81
30,50.34,77.91,60.81
25,50.39,77.84,60.77
23,50.23,77.85,60.81
28,50.23,77.91,60.81
22,50.17,77.85,60.76
23,50.28,77.85,60.76
29,50.3,78.01,60.77
29,50.29,77.95,60.8
23,50.07,77.97,60.79
22,50.07,78.01,60.77
3,48.44,78.31,60.74
3,47.71,78.23,60.74
3,48.33,78.31,60.73
3,48.22,78.08,60.75
3,48.25,78.1,60.75
3,48.21,78.24,60.73
3,48.42,78.09,60.75
3,48.45,78.11,60.75
3,48.5,78.1,60.75
3,48.39,78.11,60.75
3,48.42,78.14,60.75
3,48.38,78.28,60.73
4,48.3,77.98,60.7
4,48.33,78,60.71
4,48.27,78.01,60.71
4,48.3,78.03,60.71
4,48.24,77.92,60.66
4,48.27,77.95,60.66
4,48.21,77.95,60.66
4,48.24,77.98,60.66
4,48.35,77.92,60.66
4,48.32,77.95,60.66
4,48.38,77.94,60.66
4,48.35,77.97,60.66
4,48.29,77.9,60.61
4,48.25,78.03,60.71
4,48.36,78.03,60.71
4,48.39,78.05,60.71
4,48.28,78.06,60.71
4,48.33,78.06,60.71
4,48.36,78.08,60.71
3,48.31,78.12,60.75
3,48.08,77.99,60.71
3,48,78.03,60.71
3,48.05,78.02,60.71
3,48.03,78.1,60.75
3,48.08,78.05,60.7
3,48.11,78.02,60.71
3,48.16,78.01,60.71
3,48.19,78.04,60.7
3,48.14,78.09,60.75
3,48.09,78.14,60.75
4,48.19,77.98,60.66
4,48.22,78.01,60.66
4,48.16,78.01,60.66
4,48.19,78.04,60.66
4,48.16,77.96,60.66
4,48.13,77.93,60.66
4,48.13,77.99,60.66
3,48.1,77.96,60.66
4,48.18,77.91,60.61
3,48.02,77.94,60.66
3,47.99,77.97,60.66
3,48.05,77.97,60.66
3,48.02,78,60.66
4,48.07,77.91,60.61
4,48.01,77.9,60.55
4,47.96,77.92,60.61
3,47.91,77.95,60.66
3,47.94,77.98,60.66
3,47.88,77.98,60.66
3,47.91,78.01,60.66
3,47.88,77.98,60.71
3,47.91,78.01,60.71
3,47.86,78.06,60.75
3,47.81,78.11,60.75
3,47.97,78,60.66
3,48,78.03,60.66
3,47.94,78.03,60.66
3,47.97,78.06,60.66
3,47.97,78.06,60.7
3,47.94,78.03,60.71
3,47.92,78.1,60.75
3,47.87,78.16,60.75
4,47.38,78.25,60.73
6,47.07,77.89,60.52
7,46.96,77.88,60.51
7,46.85,77.88,60.51
7,46.74,77.89,60.51
6,46.68,77.89,60.53
6,45.96,78.69,60.69
6,45.97,78.8,60.75
7,45.97,78.66,60.66
7,46.12,78.48,60.68
6,46.17,78.48,60.74
8,46.26,78.12,60.67
8,46.2,78.07,60.68
8,46.15,78.13,60.67
8,46.21,78.18,60.66
7,46.32,78.17,60.67
7,46.38,78.22,60.67
8,46.28,78.23,60.66
7,46.34,78.27,60.66
8,46.1,78.19,60.67
8,46.16,78.24,60.66
8,46.1,78.3,60.66
8,46.05,78.25,60.67
9,46,78.32,60.61
9,45.97,78.38,60.61
8,46.22,78.32,60.68
8,46.22,78.27,60.65
8,46.14,78.36,60.65
8,46.19,78.35,60.67
9,46.08,77.98,60.68
9,46.03,78.03,60.68
8,46.14,78.02,60.68
9,46.09,78.08,60.68
9,45.97,77.99,60.68
9,45.88,77.99,60.6
9,46.02,77.92,60.68
10,46.01,77.86,60.63
9,45.96,77.88,60.68
8,45.93,77.94,60.69
8,45.88,77.92,60.61
8,45.92,77.85,60.69
8,45.88,77.84,60.61
10,46.07,77.88,60.61
9,45.98,78.09,60.68
9,46.04,78.14,60.68
9,45.97,78.26,60.63
8,45.99,78.2,60.68
9,45.89,78.15,60.62
8,45.95,78.17,60.68
9,45.94,78.16,60.66
8,45.93,78.13,60.67
10,45.94,78.05,60.61
11,45.89,78.05,60.54
7,46.44,78.27,60.66
6,46.34,78.45,60.74
7,46.39,78.31,60.65
7,46.39,78.36,60.67
7,46.28,78.35,60.67
7,46.23,78.41,60.67
6,46.6,78.33,60.68
5,46.56,78.43,60.74
6,46.5,78.3,60.66
6,46.5,78.35,60.67
7,46.45,78.39,60.66
6,46.04,78.61,60.68
5,46.11,78.69,60.74
7,46.01,78.57,60.66
9,45.98,78.49,60.59
9,46.06,78.37,60.61
8,46.09,78.46,60.66
9,46.01,78.42,60.61
10,45.95,78.23,60.59
11,45.95,78.31,60.53
11,45.95,78.38,60.54
11,45.95,78.42,60.52
12,45.96,78.48,60.47
10,45.96,78.61,60.53
8,45.95,78.69,60.6
8,45.88,78.82,60.63
6,45.96,79.03,60.74
7,46.46,77.89,60.61
8,46.41,77.88,60.55
8,46.35,77.9,60.61
7,46.3,77.96,60.69
7,46.41,77.95,60.61
7,46.36,78.01,60.69
7,46.31,78.06,60.68
8,46.25,78.01,60.68
7,46.42,78.06,60.68
6,46.48,78.11,60.68
7,46.37,78.12,60.68
7,46.43,78.17,60.68
10,46.13,77.91,60.61
10,46.18,77.88,60.55
9,46.29,77.88,60.55
9,46.24,77.9,60.61
9,46.19,77.97,60.61
4,47,78.36,60.74
5,46.88,78.24,60.74
4,46.94,78.29,60.74
5,46.72,78.31,60.73
5,46.77,78.27,60.69
5,46.83,78.3,60.74
5,46.89,78.35,60.73
5,46.67,78.38,60.74
6,46.67,78.35,60.67
6,46.54,78.16,60.68
6,46.6,78.2,60.68
6,46.49,78.21,60.68
6,46.55,78.26,60.67
5,46.76,78.14,60.68
6,46.71,78.2,60.68
5,46.82,78.19,60.68
5,46.77,78.24,60.67
6,46.66,78.25,60.67
6,46.61,78.3,60.66
6,46.74,77.93,60.53
6,46.69,77.98,60.61
6,46.64,78.04,60.69
6,46.59,78.1,60.68
6,46.75,78.03,60.61
6,46.7,78.09,60.68
6,46.65,78.15,60.68
7,46.52,77.93,60.61
6,46.58,77.9,60.55
7,46.47,78,60.61
6,46.58,77.99,60.61
7,46.53,78.05,60.61
4,47.1,78.22,60.75
4,47.05,78.28,60.74
4,47.2,78.1,60.69
4,47.15,78.16,60.68
5,46.98,78.12,60.68
5,47.04,78.17,60.68
5,46.93,78.18,60.68
5,46.99,78.23,60.68
5,47.08,78,60.61
6,47.02,77.95,60.53
5,47.03,78.06,60.61
5,47.14,78.05,60.61
5,47.09,78.11,60.61
7,46.63,77.93,60.53
6,46.8,77.97,60.53
5,46.86,78.02,60.61
5,46.92,78.07,60.61
6,46.81,78.08,60.61
5,46.87,78.13,60.61
6,46.97,78.01,60.53
7,46.96,77.93,60.47
6,46.91,77.96,60.53
7,46.85,77.94,60.46
4,47.42,78.09,60.75
4,47.48,78.14,60.74
4,47.37,78.15,60.75
4,47.43,78.2,60.74
4,47.3,77.98,60.69
5,47.24,77.93,60.61
6,47.18,77.9,60.55
5,47.29,77.9,60.55
5,47.35,77.92,60.61
4,47.36,78.03,60.69
4,47.25,78.04,60.69
4,47.31,78.09,60.69
5,47.19,77.99,60.61
6,47.13,77.94,60.53
6,47.07,77.93,60.47
3,47.64,78.08,60.75
4,47.59,78.13,60.75
3,47.7,78.13,60.75
3,47.65,78.18,60.74
4,47.58,78.01,60.69
4,47.47,78.02,60.68
4,47.53,78.07,60.68
4,47.52,77.96,60.68
4,47.57,77.9,60.61
5,47.4,77.89,60.55
5,47.52,77.9,60.55
5,47.46,77.91,60.61
5,47.41,77.97,60.61
4,47.69,78,60.69
4,47.63,77.95,60.61
3,47.8,77.99,60.69
4,47.74,77.94,60.61
5,47.68,77.92,60.54
4,47.9,77.9,60.55
4,47.85,77.93,60.61
4,47.79,77.91,60.54
3,47.75,78.05,60.69
4,47.26,78.15,60.68
4,47.32,78.21,60.74
4,47.33,78.31,60.74
4,47.16,78.27,60.74
4,47.21,78.21,60.68
4,47.27,78.26,60.74
4,47.11,78.35,60.68
4,47.22,78.34,60.74
31,50.4,77.94,60.8
28,50.45,77.87,60.76
31,50.46,77.98,60.79
31,50.46,78.01,60.77
30,50.35,77.99,60.79
30,50.35,78.01,60.77
30,50.61,77.8,60.78
31,50.61,77.82,60.83
32,50.67,77.8,60.83
32,50.67,77.85,60.84
32,50.72,77.81,60.86
32,50.57,77.98,60.79
32,50.56,78.01,60.77
32,50.62,77.92,60.81
29,50.5,77.85,60.7
30,50.56,77.86,60.76
30,50.51,77.92,60.75
32,50.72,77.8,60.84
4,48.9,77.83,60.6
4,48.4,77.82,60.66
4,48.34,77.83,60.62
4,48.45,77.82,60.63
4,48.49,77.82,60.62
4,48.54,77.82,60.62
4,48.59,77.82,60.62
4,48.65,77.82,60.63
4,48.7,77.82,60.63
4,48.62,77.83,60.62
4,48.73,77.82,60.62
4,48.76,77.83,60.6
4,48.82,77.83,60.58
4,48.79,77.83,60.59
4,48.76,77.83,60.57
4,49.01,77.83,60.59
4,49.12,77.82,60.6
4,49.23,77.82,60.6
5,49.34,77.82,60.6
7,49.66,77.8,60.77
6,49.5,77.81,60.7
7,49.57,77.8,60.77
6,49.44,77.81,60.68
7,49.78,77.8,60.76
7,49.89,77.8,60.77
10,49.95,77.8,60.75
22,50.39,77.8,60.77
15,50,77.81,60.7
15,50.07,77.8,60.75
19,50.17,77.81,60.77
20,50.28,77.8,60.77
4,47.96,77.83,60.59
4,48.01,77.83,60.54
4,48.08,77.83,60.59
4,48.18,77.83,60.59
4,48.29,77.83,60.6
6,47.29,77.83,60.54
6,47.18,77.83,60.54
5,47.58,77.83,60.59
6,47.4,77.83,60.54
5,47.52,77.83,60.54
5,47.46,77.83,60.59
4,47.9,77.83,60.54
5,47.68,77.83,60.53
5,47.79,77.83,60.54
7,47.02,77.83,60.51
7,47.07,77.82,60.46
7,47.14,77.83,60.51
8,46.96,77.82,60.46
8,46.85,77.82,60.46
8,46.74,77.82,60.46
6,46.35,77.82,60.59
7,46.41,77.83,60.54
5,46.47,77.82,60.59
6,46.63,77.83,60.52
5,46.58,77.83,60.54
10,46.18,77.82,60.54
9,46.29,77.83,60.54
10,45.96,77.81,60.61
9,45.9,77.81,60.61
11,46.06,77.83,60.53
13,45.89,78.03,60.44
11,45.89,78.09,60.52
11,45.89,78.15,60.54
11,45.89,78.22,60.54
13,45.88,78.36,60.42
12,45.89,78.59,60.43
14,45.89,78.48,60.37
25,50.45,77.8,60.75
30,50.57,77.81,60.75
29,50.5,77.81,60.7
690,56.55,69.53,50.3
789,56.7,71.32,50.3
215,43.53,72.43,50.12
203,43.72,71.54,50.3
215,43.53,73.54,50.13
184,45.07,71.01,50.3
197,44.62,71.49,50.3
193,46.41,70.46,50.3
191,46,70.94,50.3
227,47.74,70.33,50.3
231,49.5,70.16,50.3
223,51.26,70.01,50.3
213,53.02,69.85,50.3
242,54.79,69.69,50.3
544,58.62,72.94,50.3
1154,58.73,74.26,50.3
1269,58.33,74.74,50.3
562,57.66,72.13,50.3
1551,59.92,77.71,50.3
1519,59.44,77.31,50.3
1537,58.56,77.38,50.3
2384,62.42,85.78,50.15
2273,63.29,85.14,50.3
2060,63.13,83.3,50.3
1823,62.98,81.48,50.3
1724,62.43,80.62,50.3
1696,61.94,80.21,50.3
1677,61.45,79.8,50.3
1665,60.97,79.4,50.3
1658,60.48,78.99,50.3
1647,60,78.59,50.3
1291,57.93,75.22,50.3
1377,58.01,76.1,50.3
1481,58.08,76.98,50.3
324,43.73,75.14,49.15
499,44.1,75.1,47.83
486,44.26,75.97,48.15
218,43.53,75.11,50.14
223,43.53,76.42,50.14
1210,59.92,77.71,49.84
1205,59.44,77.31,49.84
1192,58.56,77.38,49.84
2387,62.41,85.58,49.96
2169,63.21,84.89,49.84
1683,63.06,83.2,49.84
1311,62.91,81.44,49.84
1201,62.39,80.6,49.84
1169,61.91,80.19,49.84
1200,60.48,78.99,49.84
1208,60,78.59,49.84
1153,57.93,75.22,49.84
1164,58.01,76.1,49.84
1178,58.08,76.98,49.84
984,57.81,73.9,49.08
1070,57.45,74.82,49.4
974,57.05,75.3,48.77
1062,57.53,75.7,49.4
935,57.12,76.18,48.77
1043,57.6,76.58,49.4
761,56.55,69.57,49.84
800,56.7,71.33,49.84
237,44,71.55,49.84
234,43.73,72.43,49.95
230,43.73,73.55,49.95
238,43.73,75.12,49.96
214,45.14,71.01,49.84
229,44.74,71.49,49.84
241,46.42,70.46,49.84
239,46.02,70.94,49.84
259,47.74,70.34,49.84
256,49.5,70.19,49.84
244,51.26,70.04,49.84
232,53.02,69.88,49.84
301,54.79,69.73,49.84
587,57.66,72.14,49.84
970,55.38,71.45,48.15
868,54.9,71.05,48.15
924,55.74,70.53,49.08
1092,55.9,72.29,49.08
579,51.32,75.36,43.78
565,50.87,75.37,44.19
584,51.26,74.53,43.84
593,51.9,74.42,43.83
589,51.66,74.88,43.78
526,52.62,76.15,44.75
563,52.13,76.12,44.51
589,51.74,75.76,43.78
598,52.2,75.74,44.18
553,52.29,75.73,44.62
603,51.93,75.24,43.79
548,50.99,75.83,44.48
537,50.47,75.85,44.73
547,51.4,76.2,44.45
500,52.76,75.69,44.93
586,52.33,75.31,44.33
530,52.78,75.25,44.61
455,53.06,75.68,45.34
497,52.74,75.2,45.24
560,52.07,74.41,44.5
512,52.8,74.4,44.99
481,53.45,75.17,45.98
460,52.95,75.2,45.7
442,53.29,74.32,45.54
437,53.4,74.29,45.68
577,53.92,75.12,46.42
541,53.64,74.73,46.13
416,53.13,72.08,46.22
432,52.93,73.43,45.65
486,53.46,73.4,45.99
453,53.19,74.71,45.81
486,53.46,74.67,46
621,53.93,75.13,46.9
940,55.21,74.57,48.15
829,55.21,74.57,47.52
529,53.62,71.6,47.52
924,55.09,73.25,47.83
882,54.98,71.93,47.52
784,54.5,71.53,47.52
928,54.98,71.93,48.15
808,54.5,71.53,48.15
674,54.28,74.21,46.74
559,53.74,73.41,46.14
653,54.13,72.44,46.73
505,53.27,75.19,46.46
339,44.32,71.97,48.77
335,44.03,72.44,48.77
279,44.32,71.97,49.4
274,44.03,72.44,49.4
577,46.5,73.1,46.21
539,45.45,74.54,46.27
567,46.56,74.84,46.17
626,46.26,74.46,45.7
545,45.93,74.94,46.27
627,45.84,74.06,45.65
612,46.51,73.99,45.83
627,46.2,73.58,45.69
599,46.77,73.98,46
543,46.83,74.86,46.41
581,46.94,73.98,46.13
457,44.81,72.37,48.15
458,44.37,72.85,48.15
539,44.81,72.37,47.52
544,45.33,73.22,46.58
525,44.37,72.85,47.52
512,47.27,75.26,46.43
471,47.78,75.65,46.21
302,44.05,73.48,49.08
510,46,75.82,46.9
484,44.6,74.17,47.83
484,44.64,75.49,48.15
505,44.64,75.49,47.52
505,45.05,75.02,46.9
506,45.45,74.54,46.9
510,45.52,75.42,46.9
513,45.93,74.94,46.9
515,46.4,75.34,46.9
506,46.88,75.74,46.9
481,53.62,71.6,48.15
354,53.14,71.2,48.15
391,53.98,70.68,49.08
270,52.22,70.84,49.08
361,49.62,71.51,48.15
289,50.46,70.99,49.08
317,48.7,71.15,49.08
483,47.86,71.66,48.15
323,46.94,71.3,49.08
347,45.62,71.42,48.77
284,45.62,71.42,49.4
345,45.22,71.9,48.77
277,45.22,71.9,49.4
517,50.58,75.44,45.09
557,51.09,74.57,44.48
506,50.32,74.48,44.94
484,53.22,72.08,47.52
364,52.74,71.68,47.52
440,53.22,72.08,48.15
339,52.74,71.68,48.15
468,51.56,73.57,45.32
381,52.38,72.6,46.58
480,50.44,75.46,45.63
452,50.03,75.01,45.74
396,49.8,74.59,45.89
390,49.63,74.82,45.99
395,48.85,74.65,46
395,49.54,75.03,46.12
458,48.17,75.17,46.21
506,46.13,72.26,47.83
498,47.46,72.14,48.15
554,47.46,72.14,47.52
554,47.1,73.06,46.73
541,47.19,74.38,46.41
529,47.68,74.78,46.44
483,48.06,73.86,46.18
496,48.34,72.07,48.15
508,47.93,72.54,48.15
543,48.34,72.07,47.52
550,47.93,72.54,47.52
438,49.22,71.99,48.15
447,49.22,71.99,47.52
404,49.7,72.39,47.52
347,50.1,71.91,48.15
407,49.7,72.39,48.15
346,50.1,71.91,47.52
316,51.42,71.8,47.83
390,49.93,73.74,45.83
426,50.3,73.71,45.55
373,49.63,73.63,45.99
461,48.86,72.91,46.74
354,50.61,72.75,46.58
381,49.36,73.66,46.14
428,48.62,75.57,46.2
405,49.39,75.49,46.15
396,48.99,75.91,46
441,48.24,76.04,46.21
401,48.65,76.35,46.01
499,49.85,76.81,45.24
491,49.94,76.37,45.46
482,49.65,76.73,45.38
451,49.48,76.65,45.54
474,49.76,76.37,45.54
418,49.31,76.27,45.99
421,49.57,75.91,46.12
424,49.81,75.5,46.15
472,50.09,75.92,45.72
916,56.05,74.05,47.83
1010,56.86,73.1,49.08
997,56.97,74.42,48.77
1065,57.81,73.9,49.84
793,55.74,70.52,50.1
1178,55.9,72.29,50.1
225,43.92,72.41,50.1
220,44.25,71.97,50.1
221,43.95,73.45,50.1
210,45.6,71.42,50.1
217,45.19,71.9,50.1
231,46.93,71.3,50.1
245,48.7,71.14,50.1
245,50.46,70.99,50.1
232,52.22,70.83,50.1
235,53.98,70.68,50.1
1099,57.81,73.9,50.1
1089,56.86,73.09,50.1
1140,57.45,74.82,49.84
1190,57.45,74.82,50.1
787,53.66,78.87,42.31
735,53.73,79.08,42.29
770,53.66,78.88,42.46
718,53.87,79.08,42.29
649,54.07,79.24,42.29
794,53.54,78.86,42.31
778,53.53,78.87,42.46
814,52.52,78.47,42.36
800,52.48,78.47,42.51
800,52.4,77.87,42.34
784,52.36,77.87,42.57
566,51.45,77.13,41.92
549,50.8,77.18,41.73
570,51.04,77.6,41.27
511,50.37,77.65,41.11
698,50.6,78.07,40.79
669,51.99,77.07,42.57
677,52.03,77.06,42.27
749,52.2,77.51,42.31
569,51.46,77.11,42.54
537,50.74,77.55,42.03
639,50.37,78.01,41.42
579,50.47,77.99,41.96
562,50.93,76.75,42.62
541,50.89,77.52,42.31
532,50.72,77.5,42.64
855,53.59,79.11,41.62
859,53.54,78.98,41.71
825,53.72,79.16,41.66
789,53.72,79.18,41.81
833,53.55,79.01,41.84
743,53.96,79.34,41.66
712,53.96,79.34,41.82
790,53.84,79.24,41.66
756,53.84,79.24,41.82
733,53.72,79.2,42.12
768,53.64,79.06,42.17
759,53.71,79.19,41.97
806,53.54,79.02,41.99
729,53.84,79.25,41.97
688,53.96,79.33,41.97
704,53.84,79.25,42.13
667,53.96,79.33,42.13
939,53.62,79.26,41.19
976,53.62,79.26,41.04
955,53.5,79.16,41.19
989,53.5,79.16,41.04
912,53.74,79.36,41.19
878,53.86,79.46,41.19
957,53.74,79.36,41.04
930,53.86,79.46,41.04
896,53.62,79.26,41.35
855,53.62,79.26,41.5
919,53.5,79.15,41.35
883,53.5,79.16,41.5
820,53.86,79.46,41.35
772,53.86,79.46,41.5
864,53.74,79.36,41.35
818,53.74,79.36,41.5
1023,53.41,79.38,40.85
991,53.65,79.58,40.86
1038,53.45,79.82,40.65
1064,53.21,79.62,40.65
1110,53.25,80.06,40.46
1130,53.01,79.86,40.46
873,53.41,78.95,41.68
860,53.29,78.75,41.85
847,53.39,78.97,41.83
784,53.5,79.04,42.14
829,53.3,78.79,42.11
820,53.39,79,41.98
869,53.12,78.68,41.8
931,53.14,78.77,41.42
885,53.28,78.9,41.66
836,53.06,78.73,42.1
966,53.38,79.05,41.19
994,53.38,79.06,41.04
996,53.26,78.95,41.04
971,53.27,78.95,41.19
935,53.39,79.05,41.35
902,53.38,79.07,41.5
946,53.26,78.96,41.34
917,53.25,78.99,41.49
982,53.11,78.8,41.09
923,53.01,78.74,41.49
1040,53.18,79.18,40.84
1045,52.94,78.97,40.82
1079,52.97,79.42,40.65
1086,52.74,79.22,40.64
1145,52.78,79.66,40.46
1146,52.54,79.46,40.46
981,48.08,78.86,41.91
1053,48.87,78.76,41.31
1099,48.48,78.91,41.17
1186,48.49,78.91,40.72
1159,48.88,78.75,40.81
1206,48.94,79.1,40.54
1243,49.4,79.48,40.44
886,52.77,78.71,41.77
831,52.78,78.62,42.17
851,52.74,78.8,42.03
875,52.59,78.64,41.87
833,52.67,78.54,42.15
829,52.6,78.48,42.18
993,52.7,78.78,41.12
1059,52.49,79.01,40.83
1046,52.26,78.82,40.82
1099,52.29,79.26,40.65
1101,52.05,79.07,40.63
1161,52.09,79.5,40.46
1160,51.85,79.3,40.46
953,52.69,78.79,41.42
880,52.59,78.51,41.79
892,52.5,78.39,41.65
826,52.43,77.91,41.91
820,52.53,78.23,42.17
854,52.46,78.5,42.03
695,51.92,77.52,41.9
867,50.52,78.3,42.17
962,50.32,78.37,41.75
977,52.46,78.58,41.11
944,52.45,78.58,41.42
878,52.38,77.92,41.26
965,52.01,78.4,40.82
1181,51.19,79.36,40.46
1084,51.59,78.88,40.64
962,50.08,78.62,41.84
781,51.52,78,41.27
1004,50.24,78.41,41.3
1028,49.63,78.66,41.41
1051,50.09,78.66,41.33
1078,49.4,78.81,41.18
1007,50.24,78.51,40.74
964,51.1,78.47,40.84
1165,49.4,78.81,40.73
1141,50.08,78.77,40.81
1182,49.82,79.07,40.55
1213,50.29,79.43,40.45
1126,50.73,78.96,40.61
674,54.06,78.88,42.99
695,53.87,79.08,42.45
731,53.87,78.88,42.68
629,54.07,79.24,42.44
635,54.06,79.08,42.68
711,53.73,79.08,42.45
747,53.62,78.88,42.69
785,52.48,78.47,42.71
558,50.93,76.25,43.77
531,50.78,76.7,44.31
542,50.73,76.76,43.73
553,50.93,76.77,43.14
525,50.72,77.53,43.14
666,51.98,77.07,43.14
548,51.17,76.74,43.79
585,51.79,76.64,43.78
568,51.46,77.12,43.15
647,52.15,76.64,43.77
700,52.15,77.05,43.15
738,52.16,77.54,42.62
702,52.35,77.04,43.74
737,52.35,77.52,43.15
505,50.21,77.2,44.75
506,50.21,76.79,45.09
514,50.57,76.32,45.09
467,52.79,76.1,45.26
467,52.78,76.55,44.96
532,52.83,77.06,44.69
509,50.59,77.57,44.21
514,50.65,77.18,44.49
530,51.04,76.72,44.47
562,51.84,76.6,44.45
554,52.36,76.59,44.65
614,52.36,77.02,44.4
609,52.47,77.52,44.19
617,45.2,76.78,46.27
674,45.69,77.17,45.64
743,45.97,77.58,45.16
683,46.38,77.56,45.35
686,56.46,75.77,46.45
643,56.5,76.29,46.16
625,56.1,76.21,46.14
572,55.73,76.59,46
683,46.43,77.09,45.41
597,46.78,76.58,46
620,46.93,76.97,45.88
561,45.6,76.3,46.27
550,46.4,76.22,46.22
596,47,76.94,45.98
642,46.07,76.69,45.66
617,46.61,76.66,45.84
631,46.77,77.05,45.71
638,47.2,77.27,45.64
663,46.63,77.05,45.52
646,46.56,77.55,45.52
661,47.18,77.47,45.52
668,46.87,77.86,45.4
522,46.63,76.23,46.44
477,47.35,76.15,46.44
522,47.06,76.57,46.14
440,47.86,76.5,46.2
490,47.54,76.86,45.99
401,48.3,76.77,46
406,49.07,76.71,45.99
431,49.63,75.89,45.99
456,49.65,76.39,45.73
434,49.47,76.32,45.87
450,49.47,76.98,45.59
448,49.38,77.27,45.6
476,49.62,77.19,45.39
458,49.48,77.45,45.43
490,49.82,77.27,45.27
652,55.29,75.45,46.45
601,54.88,75.9,46.21
546,54.54,76.3,46.01
466,53.61,76.36,45.87
607,54.4,75.52,46.45
551,54.05,75.97,46.18
512,53.83,76.36,45.99
480,53.26,75.61,46.17
472,53.45,76.04,45.99
524,53.54,75.6,46.41
495,53.53,76.03,46.13
438,53.42,76.46,45.74
420,53.6,76.77,45.58
422,53.34,76.46,45.55
398,53.45,76.85,45.39
396,53.24,76.96,45.25
444,53.03,76.09,45.73
417,53.05,76.61,45.33
543,54.76,79.6,42.29
531,54.54,79.62,42.29
525,54.54,79.62,42.44
560,54.88,79.7,42.29
596,55.1,79.68,42.29
627,55.22,79.78,42.29
602,55.22,79.78,42.44
576,55.1,79.68,42.44
566,55.21,79.67,42.68
546,54.88,79.7,42.44
533,54.76,79.6,42.44
533,54.97,79.46,42.69
603,54.08,79.44,42.29
567,54.2,79.54,42.29
539,54.32,79.64,42.29
550,54.44,79.74,41.66
581,54.66,79.72,41.66
528,54.44,79.74,41.82
546,54.66,79.72,41.82
576,54.78,79.82,41.82
616,54.78,79.82,41.66
2710,54.57,79.95,41.43
548,54.66,79.72,41.97
541,54.66,79.72,42.13
575,54.78,79.82,41.97
561,54.78,79.82,42.13
536,54.44,79.74,41.97
531,54.44,79.74,42.13
671,55.01,79.91,41.74
1055,54.81,80.15,41.43
626,55.01,79.91,42.05
2282,53.77,80.91,40.46
1007,53.97,80.67,40.66
2278,54.17,80.43,40.87
5658,54.37,80.19,41.11
2917,54.01,81.11,40.46
3566,54.21,80.87,40.66
6904,54.41,80.63,40.87
8518,54.61,80.39,41.11
624,54.1,79.66,41.66
601,54.1,79.66,41.82
677,53.98,79.56,41.66
649,53.98,79.56,41.82
569,54.22,79.76,41.66
548,54.34,79.86,41.66
556,54.22,79.76,41.82
526,54.34,79.86,41.82
627,53.98,79.56,41.97
586,54.1,79.66,41.97
609,53.98,79.56,42.13
572,54.1,79.66,42.13
549,54.22,79.76,41.97
531,54.34,79.86,41.97
541,54.22,79.76,42.13
525,54.34,79.86,42.13
840,53.89,79.79,41.11
703,53.89,79.79,41.43
678,54.13,79.99,41.11
606,54.13,79.99,41.43
932,53.69,80.02,40.86
855,53.93,80.23,40.87
1236,53.73,80.47,40.66
1019,53.49,80.27,40.66
1768,53.53,80.71,40.46
1128,53.29,80.5,40.46
514,54.97,79.46,43
536,55.21,79.67,42.99
547,54.5,78.88,43.61
609,54.3,78.88,43.3
520,54.5,79.08,43.3
556,54.2,79.54,42.44
587,54.08,79.44,42.44
557,54.29,79.33,42.68
566,54.3,79.08,42.99
527,54.5,79.23,42.99
532,54.32,79.64,42.44
522,54.53,79.51,42.68
512,54.72,79.31,43
505,54.77,79.08,43.3
515,54.77,78.88,43.61
522,55.41,79.43,43.3
505,55.18,79.29,43.3
510,55.62,79.27,43.61
488,55.6,79.08,43.92
486,55.17,79.08,43.61
462,55.57,78.87,44.33
465,55.16,78.88,43.9
644,56.75,76.66,46.28
597,56.14,77.06,46.12
574,55.81,77.17,45.98
586,56.29,77.03,46.01
556,55.77,77.27,45.85
538,56,77.43,45.77
514,55.77,77.5,45.56
605,56.52,77.1,46.16
648,57.2,77.06,46.27
580,56.91,77.54,45.65
509,55.87,78.28,45.46
560,56.61,77.51,45.81
510,56.27,77.95,45.56
498,55.9,78.56,45.3
948,59.92,77.71,48.77
1056,59.92,77.71,49.4
955,59.44,77.31,48.77
908,58.56,77.38,48.77
1063,59.44,77.31,49.4
1034,58.56,77.38,49.4
1015,57.68,77.46,49.4
2497,61.36,85.78,49.32
2417,62.41,85.58,49.17
1178,61.43,79.79,49.84
1015,61.84,79.31,49.4
932,61.84,79.31,48.77
932,61.36,78.91,48.77
1189,60.95,79.39,49.84
1021,61.36,78.91,49.4
995,60.48,78.99,49.4
985,62.39,80.6,49.4
895,62.39,80.6,48.77
970,61.91,80.19,49.4
886,61.91,80.19,48.77
1943,63.21,84.89,49.08
1235,63.06,83.2,49.08
956,62.91,81.44,49.08
1009,60,78.59,49.4
840,55.93,80.27,42.36
924,56.17,80.47,42.36
639,55.25,80.11,42.36
709,55.49,80.31,42.36
589,55.25,80.11,42.68
5553,54.54,82.18,40.46
1022,55.73,80.51,41.74
1067,55.53,80.75,41.43
1052,55.97,80.71,41.74
1076,55.77,80.95,41.43
914,55.73,80.51,42.05
982,55.97,80.71,42.05
5522,54.95,81.69,40.66
4264,55.13,81.23,40.87
1509,55.33,80.99,41.11
1431,55.37,81.43,40.87
1015,55.57,81.19,41.11
724,55.05,80.35,41.74
772,54.85,80.59,41.43
658,55.05,80.35,42.05
852,55.29,80.55,41.74
874,55.09,80.79,41.43
746,55.29,80.55,42.05
4861,54.07,81.77,40.46
4837,54.25,81.31,40.66
7226,54.45,81.07,40.87
6985,54.65,80.83,41.11
5671,54.89,81.03,41.11
6789,54.49,81.51,40.66
7496,54.69,81.27,40.87
5207,55.09,83.51,40.46
3025,55.5,82.98,40.66
1047,55.9,82.49,40.87
5140,55.15,84.54,40.46
2814,55.57,83.89,40.66
1129,55.98,83.38,40.87
1821,57.01,84.78,41.9
1539,56.05,84.29,40.87
5465,54.62,83.09,40.46
4814,55.02,82.58,40.66
2530,55.42,82.09,40.87
979,55.83,81.61,41.27
1001,56.23,81.14,41.9
786,57.6,76.58,47.52
686,57.2,77.06,46.9
536,55.45,79.87,43.3
549,55.65,79.63,43.3
530,55.85,79.4,43.61
545,56.05,79.26,43.62
594,57.32,77.94,45.05
580,56.51,79.21,43.79
551,56.84,78.36,45
518,56.04,79.07,43.91
539,56.49,78.94,44.38
518,55.98,78.85,44.31
505,56.34,78.63,44.83
641,55.49,80.31,42.68
551,55.25,80.11,42.99
738,55.93,80.27,42.68
612,55.69,80.07,42.99
817,56.17,80.47,42.68
568,55.69,80.07,43.3
687,56.13,80.03,42.99
746,56.37,80.24,42.99
584,55.89,79.83,43.3
646,56.33,79.8,43.3
687,56.57,80,43.3
558,56.09,79.59,43.61
650,56.53,79.56,43.3
685,56.77,79.76,43.3
577,56.29,79.37,43.61
604,57.75,78.34,45.01
564,56.92,78.68,44.69
573,57.03,78.53,44.68
612,56.96,79.33,43.77
577,56.83,78.87,44.25
589,57.4,78.87,44.42
669,58.16,77.86,46.27
604,57.76,78.34,45.65
658,57.68,77.46,46.27
586,57.28,77.94,45.64
538,56.73,78.01,45.61
512,56.6,78.3,45.33
502,56.46,78.38,45.45
491,56.26,78.43,45.29
501,56.53,78.59,45.33
486,56.17,78.56,45.2
848,59.92,77.71,47.52
760,59.52,78.19,46.9
896,59.92,77.71,48.15
897,59.44,77.31,48.15
842,59.44,77.31,47.52
752,59.04,77.78,46.9
680,58.64,78.26,46.27
622,58.24,78.74,45.65
788,58.56,77.38,47.52
697,58.16,77.86,46.9
1108,56.38,82.9,40.87
994,56.3,82.02,41.27
1030,56.78,82.42,40.87
1062,57.26,82.82,40.87
1028,56.46,83.78,41.27
1072,56.86,83.3,40.87
2156,59.76,85.08,42.83
2273,60.61,85.37,44.08
1108,56.94,84.18,41.27
1224,57.42,84.56,41.27
1151,57.7,83.69,40.85
1093,58.95,81.78,41.27
1110,59.42,82.19,41.27
1107,58.58,82.59,40.85
1100,59.55,83.51,41.51
1034,59.42,82.19,41.9
1017,58.95,81.78,41.9
1259,57.42,84.56,41.9
1085,56.94,84.18,41.9
1799,57.92,84.78,42.52
1447,58.67,84.33,41.49
1949,57.92,84.78,43.14
2263,59.18,84.79,42.83
900,60.88,78.51,48.15
874,60.88,78.51,47.52
858,60.4,78.11,47.52
897,60.4,78.11,48.15
883,60.48,78.99,48.77
888,60,78.59,48.77
742,60,78.59,46.27
772,60.48,78.99,46.27
796,60.48,78.99,46.9
774,60,78.59,46.9
692,59.12,78.66,46.27
658,59.59,79.09,45.02
687,60.07,79.47,45.02
684,59.6,79.07,45.65
713,60.07,79.47,45.65
627,58.72,79.14,45.02
586,57.83,79.22,45.02
637,58.72,79.14,45.65
972,56.71,81.54,41.9
1010,57.19,81.94,41.27
1014,57.66,82.34,41.27
954,56.63,80.66,42.52
1031,57.11,81.06,41.9
1061,57.59,81.46,41.27
1035,58.07,81.86,41.27
999,57.51,80.58,42.52
1046,57.99,80.98,41.9
1026,58.47,81.38,41.9
1044,57.91,80.1,42.52
1018,58.79,80.02,42.52
1089,58.39,80.5,41.9
1011,59.27,80.43,42.52
1065,58.87,80.9,41.9
904,57.91,80.1,43.15
656,57.43,79.7,43.77
896,58.79,80.02,43.15
692,58.31,79.62,43.77
687,59.19,79.54,43.77
890,59.27,80.43,43.15
737,59.67,79.95,43.77
629,59.19,79.54,44.4
651,59.67,79.95,44.4
616,58.31,79.62,44.4
588,57.43,79.7,44.4
776,56.63,80.66,43.15
657,57.03,80.18,43.77
880,57.51,80.58,43.15
1818,62.39,85.32,46.58
1649,61.45,84.99,45.33
1338,60.5,84.31,44.08
961,59.54,83.51,42.83
865,61.43,79.79,46.9
917,61.84,79.31,47.52
914,61.84,79.31,48.15
895,61.36,78.91,47.52
827,60.95,79.39,46.9
906,61.36,78.91,48.15
924,59.39,81.75,42.83
800,59.75,80.83,43.77
882,60.23,81.23,43.77
697,59.75,80.83,44.4
714,60.15,80.35,45.02
800,60.23,81.23,44.4
810,60.63,80.75,45.02
786,60.63,80.75,45.65
823,61.03,80.27,46.27
719,60.15,80.35,45.65
772,60.55,79.87,46.27
883,61.99,81.07,46.9
902,62.39,80.6,47.52
886,62.39,80.6,48.15
853,61.51,80.67,46.9
885,61.91,80.19,47.52
873,61.91,80.19,48.15
853,60.34,82.55,44.08
838,60.71,81.63,45.02
882,61.19,82.03,45.02
853,61.19,82.03,45.65
868,61.59,81.55,46.27
803,60.71,81.63,45.65
826,61.11,81.15,46.27
832,61.3,83.35,45.33
953,62.26,84.16,46.58
1465,63.21,84.89,47.83
856,62.11,82.4,46.58
868,63.06,83.2,47.83
889,62.91,81.44,47.83
837,58.56,77.38,48.15
786,58.08,76.98,47.52
690,57.68,77.46,46.9
840,58.08,76.98,48.15
873,57.68,77.46,48.77
845,57.6,76.58,48.15
889,57.2,77.06,48.77
511,44.72,76.37,47.52
539,45.2,76.78,46.9
730,56.65,75.78,46.9
787,57.12,76.18,47.52
685,56.72,76.66,46.9
731,56.17,75.37,46.9
649,55.78,75.85,46.43
604,55.34,76.29,46.2
554,54.95,76.66,46
506,45.12,75.9,47.52
513,45.6,76.3,46.9
502,46.48,76.22,46.9
821,55.69,74.97,47.52
790,54.81,75.05,47.52
696,55.29,75.45,46.9
651,54.41,75.53,46.9
563,53.53,75.6,46.9
852,57.12,76.18,48.15
889,57.01,74.86,47.83
490,45.12,75.9,48.15
923,55.69,74.97,48.15
913,54.81,75.05,48.15
231,43.53,77.28,50.14
314,43.73,76.45,49.48
414,43.99,76.44,48.77
1264,46.31,79.34,41.27
1320,46.8,79.73,40.85
1351,47.27,80.14,40.65
1411,47.75,80.53,40.46
1201,46.67,79,41.22
1101,47.27,78.93,41.39
1252,47.19,79.25,40.81
1285,47.68,79.65,40.61
1350,48.15,80.03,40.45
1149,47.57,79.03,41.12
1080,48.07,78.95,41.33
1198,48.08,79.17,40.79
1232,48.55,79.59,40.6
1296,49.02,79.96,40.45
947,47.28,78.87,42.54
1016,46.68,79.01,42.41
1103,46.65,79.12,41.87
1027,47.29,79.03,41.91
860,46.82,78.85,43.83
898,47.25,78.88,43.14
773,46.48,78.55,44.79
805,46.77,78.78,44.33
707,44.8,77.26,46.27
749,45.28,77.66,45.65
708,46.6,78.24,45.18
652,46.46,77.99,45.4
664,46.74,78.28,45.3
815,43.53,78.67,47.54
778,43.53,80.46,47.52
738,43.53,81.22,47.49
661,43.52,81.95,47.46
328,43.65,82.48,47.49
51,43.39,82.57,47.49
792,43.53,78.66,48.19
779,43.53,79.55,47.86
733,43.53,80.44,48.17
709,43.53,81.2,48.15
662,43.52,81.93,48.11
446,43.65,82.48,48.12
67,43.39,82.57,48.12
745,43.53,79.05,48.86
730,43.73,78.67,48.8
703,43.53,79.92,48.84
667,43.73,79.56,48.8
646,43.73,80.48,48.79
266,43.81,82.63,48.77
612,43.68,82.04,48.77
631,43.71,81.28,48.78
628,43.73,77.33,48.16
816,43.53,78.12,48.19
656,43.73,78.13,48.81
766,43.73,77.34,47.53
841,43.53,78.13,47.54
666,44.02,77.32,47.52
801,43.53,80.47,46.88
739,43.53,81.23,46.85
26,43.39,82.57,46.83
189,43.65,82.49,46.84
628,43.52,81.96,46.8
808,43.53,80.48,46.25
1337,43.51,82.99,45.85
110,43.39,82.57,46.29
804,43.45,82.75,46.07
1229,43.49,83,45.94
1092,43.65,82.67,45.97
428,43.65,82.48,46.25
619,43.52,81.98,46.15
750,43.53,81.26,46.22
826,43.53,79.96,46.89
840,43.53,79.08,46.9
828,43.73,78.68,46.9
836,43.53,79.97,46.26
859,43.73,79.57,46.58
868,43.53,79.09,46.27
879,43.73,78.68,46.27
834,43.73,78.14,46.9
721,44.36,77.74,46.9
875,43.73,78.14,46.27
803,44.36,77.74,46.27
1008,43.73,80.51,45.64
1287,43.73,80.51,45.02
1447,43.73,81.32,45.01
1530,43.73,82.19,45
1551,43.73,83.01,45
1172,43.73,81.32,45.63
1371,43.71,82.14,45.59
1397,43.82,82.67,45.8
1519,43.7,83.03,45.56
944,43.73,79.98,45.64
930,43.73,79.09,45.64
965,43.94,79.56,45.65
938,43.91,78.67,45.65
1171,43.73,79.98,45.02
1030,43.73,79.09,45.02
1101,43.94,79.56,45.02
1018,43.91,78.67,45.02
832,46.21,78.45,44.58
744,46.25,78.4,45
1004,44.06,78.23,45.02
956,44.87,78.14,45.02
804,45.74,78.06,45.03
816,46.34,78.55,44.6
931,44.06,78.23,45.65
849,44.87,78.14,45.65
658,46.69,78.48,45.2
1466,43.96,80.48,44.39
1540,43.96,80.48,43.77
1537,43.99,81.32,44.4
1557,44.01,82.2,44.4
1568,44.05,83.11,44.4
1563,43.99,81.32,43.77
1572,44.01,82.2,43.77
1584,44.05,83.11,43.77
1368,44.17,79.97,44.4
1220,44.11,79.09,44.4
1487,44.17,79.97,43.77
1385,44.11,79.09,43.77
1138,44.47,78.61,44.4
1078,45.4,78.89,44.2
1013,45.35,78.53,44.42
895,45.91,78.57,44.46
901,46.06,78.75,44.31
848,46.49,78.74,44.19
1269,44.47,78.61,43.77
1119,45.27,78.53,43.77
1131,45.4,78.86,43.77
993,45.92,78.79,43.75
902,46.54,78.81,43.7
1557,44.25,80.85,43.15
1579,44.25,80.85,42.52
1561,44.7,81.26,41.9
1569,44.3,81.74,43.15
1575,44.35,82.62,43.15
1593,44.46,83.5,43.15
1599,44.3,81.74,42.52
1601,44.78,82.14,41.9
1610,44.35,82.62,42.52
1635,44.46,83.5,42.52
1656,44.86,83.02,41.9
1709,44.93,83.9,41.9
1498,44.63,80.38,43.15
1457,44.55,79.5,43.15
1323,44.95,79.02,43.15
1125,45.75,79.04,43.15
968,46.5,79.02,43.14
1378,44.95,79.02,42.52
1341,45.43,79.42,41.9
1176,45.78,79.04,42.5
1022,46.44,78.99,42.62
1163,46.31,79.36,41.88
1493,44.55,79.5,42.52
1518,44.63,80.38,42.52
1449,45.03,79.9,41.9
1478,45.11,80.78,41.9
1552,45.18,81.66,41.27
1626,45.26,82.54,41.27
1707,45.34,83.42,41.27
1567,45.66,82.06,40.87
1723,45.82,83.82,40.87
1671,45.74,82.94,40.87
1600,46.13,82.46,40.66
1725,46.21,83.34,40.66
1745,46.68,83.74,40.46
1698,46.61,82.86,40.46
1437,45.51,80.3,41.27
1478,45.58,81.18,41.27
1462,45.99,80.7,40.87
1506,46.06,81.58,40.87
1531,46.54,81.98,40.66
1476,46.46,81.1,40.66
1618,47.02,82.38,40.46
1492,46.94,81.5,40.46
1356,45.91,79.82,41.27
1395,46.39,80.22,40.87
1419,46.87,80.62,40.66
1457,47.35,81.02,40.46
532,44.02,77.32,48.15
562,44.31,76.85,47.52
613,44.8,77.26,46.9
483,44.31,76.85,48.15
2339,62.41,85.58,47.87
2590,61.37,85.78,47.95
2882,57.88,84.99,42.47
2672,58.5,85.01,41.44
2844,57.88,84.99,43.11
3146,58.79,85.32,42.78
2782,59.56,85.58,44.06
2554,60.58,85.58,45.33
2366,61.42,85.58,46.6
3953,57.28,85.14,43.06
3709,57.78,85.15,43.71
3800,58.37,85.15,42.73
3424,58.62,85.49,44.02
2796,59.42,85.78,45.32
2664,60.51,85.78,46.61
1555,56.54,84.61,41.27
2997,56.98,84.96,41.18
3318,56.39,84.94,40.75
4118,55.61,84.74,40.66
4511,56.32,85.13,41
4945,55.57,85.13,40.56
5263,54.74,84.94,40.46
2981,56.98,84.96,41.82
2895,57.37,84.98,42.47
4353,56.33,85.13,41.69
4142,56.9,85.14,42.38
3986,56.9,85.14,43.05
1370,59.52,78.19,50.1
1347,59.04,77.78,50.1
1349,58.16,77.86,50.1
2342,62.39,85.43,50.1
2097,62.27,84.22,50.1
1713,62.12,82.42,50.1
1500,62,81.08,50.1
1463,61.52,80.68,50.1
1456,61.04,80.28,50.1
1457,60.56,79.87,50.1
1449,60.08,79.47,50.1
1439,59.6,79.07,50.1
1219,57.53,75.7,50.1
1260,57.6,76.58,50.1
1315,57.68,77.46,50.1
333,43.73,77.33,49.48
432,44.02,77.32,48.77
455,43.51,81.61,50.14
618,43.53,79.46,50.13
253,43.6,78.58,50.3
242,43.53,78.06,50.14
366,43.73,78.12,49.47
279,43.53,78.99,50.13
324,43.73,78.65,49.95
694,43.53,79.88,49.56
660,43.73,79.54,49.46
682,43.52,80.35,50.11
557,43.51,81.13,50.1
485,43.51,81.79,49.94
599,43.71,80.46,49.45
574,43.69,81.27,49.43
461,43.51,82.03,50.1
553,43.66,82.04,49.41
430,43.81,82.63,49.39
481,43.64,82.47,50.04
646,43.73,79.06,49.47
567,43.91,78.67,49.4
3,48.83,78.34,60.73
3,48.49,78.27,60.73
3,48.55,78.3,60.73
3,48.66,78.29,60.73
3,48.77,78.3,60.74
4,48.86,78.04,60.71
4,48.91,77.98,60.66
4,48.94,78,60.66
4,48.88,78.01,60.66
4,48.91,78.03,60.66
4,48.83,78.07,60.71
4,48.81,78.13,60.75
4,48.64,78.07,60.75
4,48.71,77.97,60.66
4,48.69,78,60.71
4,48.66,78.03,60.71
4,48.74,77.99,60.66
4,48.72,78.02,60.71
4,48.82,77.9,60.59
4,48.79,77.89,60.59
4,48.76,77.91,60.59
4,48.74,77.94,60.63
4,48.79,77.93,60.59
4,48.67,78.09,60.75
4,48.69,78.05,60.71
4,48.72,78.09,60.75
4,48.75,78.11,60.75
4,48.85,77.95,60.61
4,48.77,77.96,60.63
4,48.8,77.99,60.66
4,48.83,78.01,60.66
4,48.77,78.02,60.66
4,48.75,78.05,60.71
4,48.78,78.07,60.71
4,48.8,78.04,60.66
3,48.61,78.1,60.75
3,48.64,78.12,60.75
3,48.56,78.1,60.75
3,48.53,78.13,60.75
3,48.71,78.25,60.73
3,48.6,78.26,60.73
4,48.58,78.01,60.71
4,48.55,78.04,60.71
4,48.61,78.03,60.71
4,48.58,78.06,60.71
4,48.47,78.01,60.71
4,48.44,78.05,60.71
4,48.5,78.04,60.71
4,48.47,78.07,60.71
4,48.54,77.93,60.66
4,48.52,77.96,60.7
4,48.49,77.99,60.71
4,48.57,77.95,60.66
4,48.55,77.98,60.71
4,48.52,78.01,60.71
4,48.43,77.94,60.66
4,48.48,77.88,60.63
4,48.46,77.91,60.66
4,48.51,77.9,60.62
4,48.49,77.93,60.66
4,48.46,77.96,60.66
4,48.4,77.9,60.61
4,48.53,78.07,60.71
4,48.63,77.95,60.66
4,48.66,77.97,60.66
4,48.6,77.98,60.66
4,48.63,78,60.66
4,48.71,77.91,60.63
4,48.65,77.88,60.6
4,48.71,77.88,60.6
4,48.68,77.89,60.63
4,48.65,77.92,60.63
4,48.68,77.94,60.63
4,48.73,77.89,60.59
4,48.59,77.88,60.6
4,48.57,77.9,60.63
4,48.6,77.92,60.63
4,48.54,77.88,60.59
4,48.48,77.88,60.59
4,48.51,77.9,60.59
4,48.62,77.9,60.59
4,48.41,77.97,60.66
4,48.38,78,60.66
4,48.44,77.99,60.66
4,48.41,78.02,60.66
4,48.89,78.06,60.71
4,48.86,78.09,60.71
4,48.92,78.13,60.75
3,48.87,78.18,60.75
4,49.19,78.05,60.75
4,49.04,78.22,60.74
4,49.08,78.07,60.75
4,48.97,78.05,60.68
4,49.03,78.12,60.75
4,49.02,77.99,60.68
4,48.96,77.94,60.61
4,48.9,77.92,60.54
8,49.52,78,60.76
8,49.52,78,60.78
5,49.34,77.87,60.61
6,49.4,77.9,60.68
6,49.46,77.95,60.74
6,49.46,78.01,60.75
6,49.41,77.97,60.74
5,49.41,78.04,60.75
4,49.3,78.05,60.75
4,49.13,77.98,60.68
4,49.07,77.93,60.61
4,49.01,77.91,60.54
4,49.24,77.98,60.68
4,49.12,77.9,60.55
4,49.18,77.93,60.61
5,49.35,77.97,60.68
4,49.23,77.9,60.55
4,49.29,77.92,60.61
12,49.74,77.99,60.78
12,49.74,78.01,60.76
8,49.68,77.93,60.75
8,49.57,78.01,60.75
8,49.57,77.94,60.75
9,49.63,78.03,60.75
8,49.63,77.97,60.74
8,49.62,77.88,60.76
7,49.67,77.85,60.69
6,49.56,77.85,60.69
6,49.51,77.9,60.68
5,49.45,77.87,60.62
17,49.96,77.98,60.79
16,49.95,78.01,60.76
18,50.02,78.01,60.77
19,50.02,78,60.78
10,49.9,77.92,60.75
8,49.79,77.92,60.75
7,49.73,77.88,60.69
10,49.85,77.96,60.74
13,49.85,78.02,60.75
7,49.84,77.87,60.76
7,49.78,77.85,60.7
7,49.89,77.84,60.69
27,50.18,77.96,60.79
26,50.18,78,60.76
14,50.01,77.91,60.75
11,49.95,77.87,60.69
22,50.12,77.89,60.76
18,50.06,77.86,60.69
27,50.34,77.88,60.76
27,50.39,77.85,60.69
26,50.23,77.88,60.76
23,50.17,77.86,60.69
26,50.28,77.86,60.69
28,50.25,78.01,60.77
28,50.24,77.99,60.79
28,50.29,77.93,60.75
25,50.13,78,60.78
25,50.13,78,60.76
23,50.07,78.02,60.75
19,50.07,77.95,60.75
3,48.44,78.31,60.68
3,48.44,78.34,60.74
3,48.5,78.37,60.74
3,48.56,78.43,60.74
3,48.51,78.47,60.74
3,48.62,78.46,60.74
4,48.01,77.88,60.53
3,47.76,78.17,60.74
3,47.66,78.29,60.74
3,47.82,78.22,60.74
3,47.94,78.31,60.73
4,47.71,78.24,60.69
3,47.77,78.28,60.74
3,47.72,78.32,60.74
3,47.89,78.35,60.74
3,48.32,78.23,60.73
3,48.38,78.29,60.68
3,48.27,78.28,60.73
3,48.33,78.35,60.74
3,48.33,78.32,60.67
3,48.16,78.3,60.74
3,48.22,78.06,60.7
3,48.25,78.09,60.7
3,48.2,78.13,60.75
3,48.15,78.19,60.74
3,48.26,78.18,60.74
3,48.21,78.25,60.68
3,48.11,78.35,60.73
3,48.06,78.39,60.73
3,48,78.36,60.73
4,48.42,78.08,60.71
4,48.45,78.1,60.71
4,48.5,78.1,60.71
3,48.48,78.16,60.75
4,48.39,78.11,60.71
3,48.42,78.13,60.7
3,48.37,78.17,60.75
3,48.43,78.22,60.74
4,48.3,77.98,60.66
4,48.33,78,60.66
4,48.27,78,60.66
4,48.3,78.03,60.66
4,48.24,77.95,60.61
4,48.29,77.92,60.55
4,48.35,77.94,60.61
4,48.25,78.03,60.66
4,48.28,78.06,60.66
4,48.22,78.06,60.66
4,48.25,78.09,60.66
4,48.36,78.03,60.66
4,48.39,78.05,60.66
4,48.33,78.06,60.66
4,48.36,78.08,60.66
4,48.31,78.11,60.68
3,47.98,78.15,60.75
3,47.93,78.21,60.75
3,48.04,78.2,60.75
3,47.99,78.26,60.74
3,48.08,77.99,60.66
3,48.05,78.02,60.66
3,48.11,78.02,60.66
3,48.08,78.05,60.66
3,48.03,78.08,60.68
3,48.14,78.07,60.68
3,48.09,78.13,60.68
4,48.19,78.01,60.61
4,48.13,77.96,60.61
4,48.18,77.93,60.54
4,48.02,77.97,60.61
4,48.07,77.92,60.53
4,47.96,77.93,60.53
4,47.91,77.98,60.61
3,47.86,78.04,60.69
3,47.81,78.1,60.68
4,47.97,78.03,60.61
3,47.92,78.09,60.68
3,47.87,78.15,60.68
4,47.38,78.27,60.68
4,47.47,78.32,60.73
3,47.61,78.34,60.74
6,47.29,77.89,60.53
6,47.18,77.89,60.52
5,47.4,77.88,60.53
5,47.52,77.89,60.53
4,47.9,77.89,60.53
5,47.68,77.89,60.52
5,47.79,77.89,60.52
6,47.02,77.89,60.51
7,47.07,77.9,60.46
6,47.14,77.89,60.51
7,46.96,77.9,60.46
7,46.85,77.89,60.45
8,46.74,77.9,60.46
8,46.41,77.88,60.53
7,46.63,77.89,60.51
6,46.58,77.88,60.53
10,46.18,77.87,60.53
5,46.68,78.54,60.73
6,46.08,78.91,60.74
8,45.99,78.69,60.6
7,46.02,78.8,60.67
12,45.89,78.82,60.45
7,46.18,78.48,60.67
6,46.46,78.56,60.73
6,46.24,78.57,60.74
6,46.58,78.62,60.73
5,46.25,78.79,60.74
5,46.8,78.64,60.73
8,46.26,78.13,60.61
9,46.2,78.08,60.61
9,46.15,78.14,60.61
9,46.21,78.19,60.61
8,46.32,78.18,60.61
7,46.38,78.23,60.61
8,46.27,78.24,60.61
8,46.33,78.29,60.61
9,46.1,78.2,60.61
9,46.16,78.25,60.61
9,46.11,78.31,60.61
9,46.05,78.26,60.61
10,46.06,78.37,60.53
11,46.01,78.32,60.53
11,45.99,78.38,60.54
11,46.01,78.42,60.53
8,46.22,78.3,60.61
8,46.17,78.36,60.61
10,46.08,77.98,60.61
10,46.03,78.03,60.61
9,46.14,78.03,60.61
10,46.09,78.09,60.61
10,45.97,77.98,60.61
12,45.89,77.99,60.53
10,46.02,77.92,60.61
10,45.96,77.88,60.61
10,45.93,77.93,60.61
12,45.88,77.92,60.53
10,45.92,77.85,60.61
12,45.88,77.84,60.53
11,46.07,77.89,60.53
10,45.98,78.1,60.61
10,46.04,78.14,60.61
10,45.99,78.2,60.61
10,45.95,78.15,60.61
11,45.95,78.04,60.54
7,46.44,78.28,60.61
8,46.28,78.34,60.61
8,46.23,78.4,60.6
7,46.39,78.33,60.6
7,46.35,78.46,60.65
7,46.5,78.33,60.61
7,46.45,78.38,60.6
6,46.56,78.44,60.65
7,46.14,78.69,60.66
12,46,78.48,60.47
8,46.03,78.59,60.57
9,46.12,78.47,60.57
14,45.95,78.04,60.41
12,45.94,78.1,60.51
12,45.94,78.15,60.52
11,45.95,78.23,60.53
13,45.97,78.36,60.41
12,45.98,78.59,60.41
14,45.98,78.48,60.36
6,46.25,79.01,60.73
6,46.33,79.11,60.73
6,46.08,79.14,60.74
9,45.96,78.82,60.58
8,46.04,79.03,60.64
7,45.88,79.03,60.66
12,45.89,79.03,60.48
8,46.46,77.9,60.53
8,46.35,77.91,60.53
8,46.3,77.96,60.61
8,46.41,77.95,60.53
8,46.36,78.01,60.61
8,46.31,78.07,60.61
9,46.25,78.02,60.61
7,46.42,78.06,60.61
7,46.48,78.11,60.61
8,46.37,78.12,60.61
7,46.43,78.17,60.61
11,46.13,77.92,60.53
10,46.19,77.96,60.53
10,46.24,77.91,60.53
4,47,78.37,60.68
4,47.01,78.43,60.74
5,46.88,78.24,60.67
5,46.94,78.28,60.67
5,46.73,78.32,60.68
5,46.82,78.31,60.68
5,46.88,78.36,60.68
5,46.78,78.41,60.74
6,46.67,78.34,60.65
6,46.67,78.38,60.67
5,46.89,78.34,60.66
5,46.84,78.29,60.66
6,46.71,78.29,60.66
4,46.9,78.52,60.74
7,46.54,78.16,60.61
6,46.6,78.21,60.61
7,46.49,78.22,60.61
7,46.55,78.27,60.61
6,46.76,78.14,60.61
6,46.71,78.2,60.61
5,46.82,78.19,60.61
6,46.77,78.25,60.61
6,46.66,78.26,60.61
6,46.61,78.32,60.61
7,46.74,77.94,60.47
7,46.69,77.98,60.53
6,46.64,78.04,60.61
6,46.59,78.1,60.61
6,46.75,78.03,60.53
6,46.7,78.09,60.61
6,46.65,78.15,60.61
7,46.52,77.93,60.53
8,46.47,78,60.53
7,46.58,77.98,60.53
8,46.53,78.05,60.53
4,47.12,78.5,60.74
4,47.02,78.62,60.73
4,47.1,78.22,60.68
4,47.05,78.27,60.67
5,47.2,78.1,60.61
5,47.15,78.16,60.61
5,46.98,78.12,60.61
5,47.04,78.17,60.61
5,46.93,78.18,60.61
5,46.99,78.23,60.61
6,47.08,78,60.53
6,47.02,77.96,60.45
5,47.03,78.06,60.53
5,47.14,78.05,60.53
5,47.09,78.11,60.53
8,46.63,77.95,60.46
7,46.8,77.97,60.45
6,46.86,78.02,60.53
6,46.92,78.07,60.53
6,46.81,78.08,60.53
6,46.87,78.13,60.53
6,46.97,78.01,60.45
8,46.86,77.96,60.39
7,46.91,77.96,60.45
4,47.54,78.19,60.74
4,47.6,78.24,60.74
4,47.49,78.25,60.73
4,47.55,78.3,60.73
4,47.42,78.08,60.68
4,47.48,78.13,60.68
4,47.37,78.14,60.68
4,47.43,78.18,60.67
5,47.3,77.98,60.61
6,47.24,77.93,60.53
5,47.35,77.93,60.53
5,47.36,78.03,60.61
5,47.25,78.04,60.61
4,47.31,78.09,60.61
5,47.19,77.99,60.53
6,47.13,77.95,60.45
4,47.64,78.06,60.69
4,47.59,78.12,60.68
4,47.7,78.11,60.68
4,47.65,78.17,60.68
4,47.58,78.01,60.61
4,47.47,78.02,60.61
4,47.53,78.07,60.61
4,47.52,77.96,60.61
5,47.57,77.92,60.53
5,47.46,77.92,60.53
5,47.41,77.97,60.53
4,47.69,78,60.61
5,47.63,77.95,60.53
4,47.8,77.99,60.61
5,47.68,77.94,60.47
4,47.74,77.94,60.53
5,47.8,77.93,60.48
4,47.85,77.93,60.53
4,47.75,78.05,60.61
4,47.26,78.15,60.61
4,47.32,78.2,60.68
4,47.34,78.32,60.68
4,47.43,78.39,60.74
4,47.21,78.21,60.61
4,47.32,78.3,60.66
4,47.16,78.27,60.67
4,47.27,78.26,60.67
4,47.11,78.32,60.66
4,47.22,78.35,60.68
4,47.23,78.41,60.74
4,47.34,78.48,60.74
29,50.4,77.92,60.75
28,50.45,77.88,60.69
30,50.46,77.96,60.74
31,50.46,78.02,60.75
29,50.35,77.96,60.74
30,50.35,78.03,60.75
31,50.41,78.06,60.75
31,50.61,77.83,60.78
30,50.67,77.81,60.76
31,50.68,77.84,60.82
32,50.73,77.88,60.83
32,50.72,77.82,60.83
33,50.78,77.84,60.85
32,50.68,77.97,60.79
32,50.68,78.01,60.77
32,50.63,78,60.79
32,50.63,78.01,60.77
32,50.57,78.02,60.75
31,50.57,77.96,60.75
31,50.62,77.91,60.75
30,50.56,77.87,60.69
30,50.51,77.92,60.69
32,50.83,77.81,60.86
32,50.78,77.8,60.83
30,50.72,77.8,60.78
4,48.9,77.83,60.53
4,48.4,77.83,60.6
4,48.48,77.83,60.59
4,48.51,77.83,60.58
4,48.59,77.83,60.59
4,48.54,77.83,60.59
4,48.68,77.83,60.62
4,48.65,77.83,60.59
4,48.7,77.83,60.6
4,48.62,77.84,60.58
4,48.73,77.83,60.59
4,48.79,77.83,60.53
4,49.01,77.83,60.53
4,49.12,77.83,60.54
4,49.23,77.83,60.54
4,49.29,77.83,60.58
4,49.34,77.83,60.54
5,49.4,77.82,60.59
7,49.66,77.81,60.69
6,49.57,77.81,60.68
5,49.45,77.82,60.61
6,49.78,77.81,60.69
6,49.89,77.81,60.69
7,49.73,77.82,60.67
13,49.96,77.81,60.68
26,50.39,77.81,60.69
17,50.07,77.81,60.68
19,50.17,77.81,60.69
25,50.28,77.81,60.69
4,47.96,77.83,60.52
4,48.07,77.83,60.53
4,48.18,77.83,60.53
4,48.29,77.83,60.54
6,47.35,77.83,60.52
6,47.24,77.83,60.51
5,47.57,77.83,60.53
6,47.46,77.83,60.53
5,47.85,77.83,60.51
5,47.63,77.83,60.51
5,47.68,77.82,60.46
5,47.74,77.83,60.52
5,47.8,77.82,60.48
8,47.02,77.82,60.45
7,47.13,77.82,60.45
8,46.92,77.82,60.44
8,46.69,77.82,60.44
9,46.85,77.82,60.39
9,46.79,77.82,60.43
8,46.35,77.83,60.52
6,46.47,77.83,60.53
5,46.53,77.83,60.51
8,46.63,77.82,60.45
11,46.13,77.83,60.51
10,46.24,77.83,60.51
12,45.97,77.81,60.53
12,45.9,77.81,60.53
13,46.06,77.83,60.43
14,45.89,77.92,60.41
14,45.89,78.15,60.41
16,45.89,78.34,60.26
13,45.89,78.7,60.4
15,45.9,78.59,60.29
16,45.89,78.49,60.25
28,50.46,77.81,60.68
29,50.56,77.82,60.68
28,50.68,77.82,60.69
760,55.74,70.51,50.3
1200,55.9,72.29,50.3
212,43.76,72.41,50.3
208,44.13,71.97,50.3
215,43.78,73.45,50.3
197,45.58,71.42,50.3
205,45.15,71.89,50.3
213,46.93,71.3,50.3
229,48.7,71.14,50.3
230,50.46,70.98,50.3
220,52.22,70.82,50.3
220,53.98,70.67,50.3
1135,57.81,73.9,50.3
1113,56.86,73.09,50.3
1625,59.52,78.19,50.3
1587,59.04,77.79,50.3
1605,58.16,77.86,50.3
2461,60.46,85.78,50.15
2416,61.35,85.78,50.15
2355,62.39,85.62,50.3
2198,62.28,84.33,50.3
1966,62.14,82.46,50.3
1798,62.02,81.1,50.3
1775,61.53,80.69,50.3
1752,61.04,80.28,50.3
1742,60.56,79.88,50.3
1739,60.08,79.47,50.3
1729,59.6,79.07,50.3
1259,57.45,74.82,50.3
1335,57.53,75.7,50.3
1430,57.6,76.58,50.3
1546,57.68,77.46,50.3
343,44.1,75.1,49.08
407,44.26,75.97,48.77
488,44.72,76.37,48.15
251,43.73,76.43,49.96
229,43.99,75.08,50.1
242,43.88,76.42,50.1
218,43.82,75.07,50.3
225,43.7,76.4,50.3
235,43.73,77.26,50.3
249,43.77,78.14,50.3
1212,59.52,78.19,49.84
1205,59.04,77.78,49.84
1197,58.16,77.86,49.84
2418,61.41,85.58,49.96
2322,62.39,85.32,49.84
1958,62.26,84.16,49.84
1419,62.11,82.4,49.84
1215,61.99,81.07,49.84
1168,61.51,80.67,49.84
1201,60.07,79.47,49.84
1212,59.6,79.07,49.84
1152,57.53,75.7,49.84
1167,57.6,76.58,49.84
1184,57.68,77.46,49.84
1069,56.97,74.42,49.4
989,56.57,74.89,48.77
1063,57.05,75.3,49.4
953,56.65,75.78,48.77
1050,57.12,76.18,49.4
911,56.72,76.66,48.77
1027,57.2,77.06,49.4
832,55.74,70.53,49.84
1154,55.9,72.29,49.84
240,44.32,71.97,49.84
242,44.03,72.43,49.84
234,44.05,73.47,49.84
254,44.1,75.09,49.84
238,45.62,71.42,49.84
238,45.22,71.9,49.84
256,46.94,71.3,49.84
262,48.7,71.15,49.84
258,50.46,70.99,49.84
242,52.22,70.84,49.84
261,53.98,70.68,49.84
1065,56.86,73.1,49.84
857,54.94,71.49,49.08
1070,55.09,73.25,49.08
1055,55.21,74.57,48.77
505,52.3,76.1,45.04
559,51.73,75.72,44.43
523,51.37,76.15,45.01
502,52.5,75.66,45.12
564,52.03,75.3,44.48
551,52.59,75.31,44.7
524,50.91,75.83,45.01
560,51.31,75.35,44.39
564,51.67,74.9,44.42
466,52.25,76.09,45.63
495,51.43,76.13,45.57
465,52.62,75.67,45.67
483,52.39,74.38,45.38
452,53.1,74.34,45.84
471,53.01,75.21,46.24
535,53.48,74.73,46.41
483,53.23,74.71,46.16
460,52.98,73.41,46.3
568,53.45,74.72,46.9
705,53.93,75.13,47.52
791,53.93,75.13,48.15
554,53.43,73.4,46.77
834,54.29,74.21,47.83
755,54.14,72.45,47.83
509,53.05,75.2,46.9
493,50.93,75.87,45.61
343,44.81,72.37,48.77
342,44.37,72.85,48.77
269,44.81,72.37,49.4
263,44.37,72.85,49.4
523,46.81,74.86,46.9
492,45.33,73.22,47.83
548,46.08,74.02,46.43
532,46.53,74.02,46.84
531,47.21,74.38,46.9
533,47.69,74.78,46.9
520,47.28,75.26,46.9
484,47.76,75.66,46.45
492,47.36,76.14,46.9
327,44.6,74.17,49.08
328,44.64,75.49,49.4
401,44.64,75.49,48.77
509,46,75.82,47.52
500,45.49,74.98,47.83
516,46.4,75.34,47.52
515,46.88,75.74,47.52
419,45.12,75.9,48.77
328,53.18,71.64,49.08
282,51.42,71.8,49.08
325,49.66,71.95,49.08
346,47.9,72.1,49.08
326,46.13,72.26,49.08
487,50.84,74.56,45.36
385,51.57,73.56,46.58
368,52.38,72.6,47.83
432,50.43,75.45,46.25
410,49.99,75,46.23
474,48.17,75.19,46.45
414,48.93,74.67,46.17
405,49.76,75.03,46.44
521,47.09,73.06,47.83
533,48.05,73.87,46.75
497,48.85,72.91,47.83
339,50.61,72.75,47.83
392,49.68,73.7,46.78
365,50.14,73.72,46.34
440,48.65,75.59,46.45
410,49.52,75.51,46.41
405,49.07,75.96,46.18
450,48.24,76.07,46.46
410,48.69,76.42,46.2
479,50.03,76.36,45.61
489,49.98,76.81,45.4
477,49.79,76.77,45.53
465,49.64,76.75,45.66
463,49.85,76.42,45.81
424,49.43,76.34,46.14
422,49.81,75.91,46.46
439,50.05,75.91,46.24
485,50.5,76.31,45.66
1073,56.05,74.05,49.08
1179,55.21,74.57,49.4
1033,55.69,74.97,48.77
1047,54.81,75.05,48.77
1131,56.97,74.42,49.84
620,54.94,71.48,50.1
1175,55.09,73.25,50.1
225,44.3,72.84,50.1
223,44.77,72.37,50.1
226,44.52,74.17,50.1
239,44.56,75.49,50.1
229,46.12,72.26,50.1
245,47.89,72.1,50.1
253,49.66,71.95,50.1
249,51.42,71.79,50.1
231,53.18,71.64,50.1
1173,56.97,74.42,50.1
1239,56.05,74.05,50.1
1343,55.21,74.57,50.1
1147,57.05,75.3,49.84
1206,57.05,75.3,50.1
704,53.73,79.21,42.28
744,53.64,79.07,42.3
720,53.64,79.08,42.45
680,53.84,79.25,42.29
646,53.96,79.33,42.29
757,53.51,79.05,42.3
733,53.5,79.07,42.45
796,53.31,78.82,42.4
805,53.02,78.76,42.4
915,48.08,78.88,42.53
810,52.78,78.67,42.41
784,52.76,78.68,42.7
810,52.6,78.56,42.42
786,52.57,78.57,42.7
785,52.42,78.16,42.65
808,52.46,78.22,42.37
826,52.34,78.59,42.33
807,52.3,78.6,42.48
794,52.21,77.91,42.3
776,52.16,77.91,42.53
562,51.1,77.6,41.9
753,50.66,78.08,41.25
561,51.15,77.61,42.3
695,51.87,77.52,42.54
571,51.2,77.57,42.59
677,50.64,78.06,41.92
805,50.61,78.26,42.36
573,50.92,77.54,42.61
788,50.66,78.2,42.65
816,53.62,79.25,41.66
783,53.62,79.25,41.82
812,53.5,79.17,41.82
845,53.5,79.16,41.66
731,53.86,79.46,41.66
699,53.86,79.46,41.82
776,53.74,79.36,41.66
743,53.74,79.36,41.82
753,53.62,79.26,41.97
780,53.5,79.18,41.97
727,53.62,79.26,42.13
714,53.74,79.36,41.97
674,53.86,79.46,41.97
690,53.74,79.36,42.13
652,53.86,79.46,42.13
961,53.41,79.39,41.11
911,53.65,79.59,41.11
877,53.41,79.39,41.43
806,53.65,79.59,41.43
1017,53.21,79.62,40.86
979,53.45,79.82,40.86
1036,53.25,80.06,40.66
1063,53.01,79.86,40.66
1124,53.05,80.3,40.46
1136,52.81,80.1,40.46
833,53.37,79.11,41.81
867,53.37,79.09,41.65
860,53.23,78.93,41.82
754,53.49,79.19,42.12
804,53.37,79.13,41.96
814,53.24,78.98,42.08
890,53.24,79.01,41.63
944,53.12,78.88,41.38
879,53.03,78.84,41.76
833,52.97,78.91,42.07
987,53.17,79.18,41.11
921,53.17,79.18,41.43
997,52.93,78.98,41.12
945,52.93,78.98,41.42
1041,52.97,79.42,40.86
1054,52.73,79.21,40.86
1084,52.77,79.66,40.66
1093,52.53,79.46,40.66
1161,52.57,79.9,40.46
1163,52.33,79.7,40.46
981,48.08,79.06,41.9
962,48.9,78.85,41.91
1112,48.49,79.05,41.11
1059,48.91,78.93,41.32
1167,48.95,79.12,40.78
1192,49.42,79.51,40.6
1251,49.89,79.89,40.45
900,52.67,78.83,41.7
840,52.65,78.76,42.13
856,52.68,78.92,41.98
899,52.5,78.74,41.74
848,52.51,78.67,42.11
845,52.43,78.6,42.14
1015,52.49,79.02,41.11
965,52.49,79.02,41.43
1007,52.25,78.82,41.11
967,52.25,78.82,41.43
1068,52.29,79.26,40.86
1072,52.06,79.05,40.85
1107,52.09,79.5,40.66
1111,51.85,79.3,40.66
1185,51.67,79.76,40.46
822,52.23,77.96,41.82
896,52.42,78.58,41.71
866,52.33,78.56,41.97
833,52.37,78.31,42.12
743,51.54,78.01,41.92
904,50.69,78.4,42.13
946,50.41,78.45,42
984,50.47,78.48,41.72
1214,50.79,79.83,40.46
931,52,78.4,41.27
1132,51.19,79.36,40.65
1063,51.61,78.87,40.85
934,50.27,78.58,42.05
949,49.65,78.75,41.93
947,50.21,78.77,41.81
954,51.12,78.48,41.27
1035,50.41,78.52,41.18
1091,49.43,78.92,41.11
1030,49.72,78.81,41.4
1064,50.21,78.81,41.22
1148,49.83,79.02,40.77
1164,50.31,79.44,40.61
1107,50.69,78.95,40.83
635,54.06,78.88,43.3
694,53.87,78.88,42.99
595,54.06,79.08,42.99
627,53.96,79.33,42.44
658,53.84,79.25,42.44
664,53.86,79.08,42.67
601,54.06,79.24,42.68
681,53.73,79.21,42.44
857,48.07,78.88,43.14
691,53.6,79.07,42.68
767,53.29,78.84,42.7
712,53.62,78.88,42.99
777,53,78.78,42.7
754,52.76,78.68,43
789,52.3,78.59,42.69
755,52.48,78.48,43.05
759,52.57,78.57,43
544,50.93,76.77,43.77
515,50.72,77.54,43.73
576,50.92,77.57,43.14
731,50.65,78.22,43.14
629,51.98,77.06,43.79
697,51.84,77.51,43.15
554,51.45,77.12,43.78
581,51.18,77.58,43.14
665,52.15,77.05,43.78
722,52.16,77.55,43.15
703,52.36,77.54,43.73
747,52.42,78.17,43.15
488,50.07,77.62,44.92
494,50.44,78,44.36
501,50.35,76.78,45.21
501,50.36,77.21,44.88
511,50.98,76.72,45.03
509,51.87,76.6,45.01
465,52.58,76.54,45.11
518,52.67,77.07,44.81
425,52.96,77.43,44.87
515,50.82,77.18,44.58
518,50.78,77.59,44.29
542,51.45,77.12,44.41
583,52.15,77.02,44.51
609,52.28,77.53,44.26
446,52.6,77.86,44.34
497,54.5,78.88,43.91
476,54.77,78.88,43.91
567,45.68,77.18,46.27
627,46.11,77.57,45.64
581,46.43,77.57,45.82
629,47.23,78.56,45.32
646,56.23,76.26,46.41
601,55.81,76.68,46.16
563,55.37,76.98,45.99
554,55.39,77.27,45.88
564,46.64,76.65,46.12
619,46.3,77.1,45.69
585,46.79,77.08,46
611,47.28,77.27,45.87
542,46.08,76.7,46.27
571,46.88,77.06,46.12
586,47.2,77.14,45.98
603,46.53,77.12,45.8
605,47.09,77.43,45.78
630,47.6,77.29,45.69
616,47.09,77.6,45.67
606,46.77,77.94,45.56
607,47.5,77.7,45.63
603,47.23,78.21,45.48
504,46.96,76.63,46.41
448,47.84,76.55,46.44
601,47.87,77.27,45.86
587,47.94,77.46,45.77
493,47.48,76.97,46.15
411,48.31,76.88,46.18
502,47.96,77.1,45.99
394,48.72,77.07,45.99
416,48.72,77.27,45.84
493,48.71,77.4,45.69
444,49.13,77.28,45.63
465,49.13,77.61,45.55
412,49.15,76.81,46.15
429,49.34,77.05,45.98
443,49.62,76.4,46
445,49.47,76.98,45.87
437,49.37,77.26,45.87
459,49.62,77.1,45.71
450,49.51,77.41,45.72
471,49.75,77.24,45.53
457,49.6,77.53,45.57
467,49.68,77.66,45.37
479,49.86,77.64,45.2
480,49.95,77.26,45.44
621,54.88,75.93,46.46
574,54.5,76.37,46.2
527,54.19,76.72,46
474,53.61,76.8,45.87
474,53.46,76.44,46
563,53.99,76.01,46.43
516,53.72,76.43,46.14
502,53.68,76.79,45.98
469,53.06,76.08,46.23
501,53.31,76.1,46.45
445,53.26,76.51,45.83
440,53.45,76.88,45.71
429,53.61,77.15,45.6
446,53.81,77.27,45.62
427,53.31,76.91,45.53
407,53.55,77.21,45.41
416,53.36,77.38,45.36
441,53.86,77.41,45.51
402,53.19,77.42,45.18
419,53.11,76.96,45.41
486,50.96,76.72,45.65
472,51.86,76.54,45.59
437,52.72,76.57,45.64
534,54.66,79.72,42.29
549,54.78,79.82,42.29
526,54.44,79.74,42.29
537,54.78,79.82,42.44
526,54.66,79.72,42.44
520,54.44,79.74,42.44
580,55.01,79.91,42.36
547,55.01,79.91,42.68
521,54.77,79.71,42.68
593,53.98,79.56,42.29
560,54.1,79.66,42.29
549,54.1,79.66,42.44
578,53.98,79.56,42.44
534,54.22,79.76,42.29
521,54.34,79.86,42.29
515,54.34,79.86,42.44
527,54.22,79.76,42.44
568,54.57,79.95,41.74
1795,54.37,80.19,41.43
533,54.57,79.95,42.05
623,54.81,80.15,41.74
866,54.61,80.39,41.43
583,54.81,80.15,42.05
2319,53.59,81.37,40.46
1101,53.77,80.91,40.66
765,53.97,80.67,40.87
2171,54.17,80.43,41.11
1850,54.01,81.11,40.66
4499,54.21,80.87,40.87
6005,54.41,80.63,41.11
628,53.89,79.79,41.74
549,54.13,79.99,41.74
586,53.89,79.79,42.05
530,54.13,79.99,42.05
829,53.69,80.03,41.11
704,53.69,80.03,41.43
734,53.93,80.23,41.11
621,53.93,80.23,41.43
935,53.49,80.27,40.87
933,53.73,80.47,40.87
1212,53.53,80.71,40.66
1041,53.29,80.51,40.66
1222,53.11,80.97,40.46
504,54.77,79.71,42.99
497,54.97,79.45,43.3
522,55.01,79.91,42.99
512,55.21,79.67,43.3
571,54.3,78.88,43.61
498,54.5,79.08,43.61
536,54.3,79.08,43.3
506,54.5,79.23,43.3
549,54.09,79.55,42.68
532,54.29,79.33,42.99
513,54.33,79.75,42.68
506,54.53,79.51,42.99
496,54.73,79.31,43.3
486,54.77,79.08,43.61
521,54.31,78.88,43.91
500,55.41,79.43,43.61
487,55.18,79.29,43.61
491,55.62,79.27,43.93
463,55.59,79.06,44.38
470,55.17,79.08,43.92
459,55.54,78.78,44.89
445,55.16,78.87,44.32
613,56.29,77.13,46.41
589,55.9,77.3,46.12
544,56.04,77.65,45.84
568,55.87,77.42,45.99
532,55.86,77.63,45.71
522,55.43,77.87,45.65
522,55.25,78.45,45.61
511,55.04,78.59,45.48
599,56.8,77.52,46.27
519,55.5,78.45,45.53
526,55.95,78.39,45.62
533,56.42,77.98,45.78
498,55.5,78.63,45.3
506,55.97,78.7,45.44
894,59.52,78.19,48.77
1021,59.52,78.19,49.4
901,59.04,77.78,48.77
861,58.16,77.86,48.77
1029,59.04,77.78,49.4
1005,58.16,77.86,49.4
992,57.28,77.94,49.4
2524,60.46,85.78,49.32
2454,60.56,85.58,49.96
2471,61.41,85.58,49.17
2260,62.39,85.32,49.08
1184,61.03,80.27,49.84
971,61.43,79.79,49.4
880,61.43,79.79,48.77
879,60.95,79.39,48.77
1200,60.55,79.87,49.84
977,60.95,79.39,49.4
958,60.07,79.47,49.4
953,61.99,81.07,49.4
861,61.99,81.07,48.77
934,61.51,80.67,49.4
846,61.51,80.67,48.77
1582,62.26,84.16,49.08
973,62.11,82.4,49.08
974,59.6,79.07,49.4
794,55.73,80.51,42.36
880,55.97,80.71,42.36
601,55.05,80.35,42.36
665,55.29,80.55,42.36
609,55.29,80.55,42.68
563,55.05,80.35,42.68
5330,54.14,82.67,40.46
5800,54.54,82.17,40.66
963,55.53,80.75,41.74
981,55.33,80.99,41.43
1009,55.77,80.95,41.74
997,55.57,81.19,41.43
847,55.53,80.75,42.05
925,55.77,80.95,42.05
5354,54.95,81.69,40.87
3301,55.13,81.23,41.11
903,55.13,81.23,41.43
1233,55.37,81.43,41.11
901,55.37,81.43,41.43
4226,53.67,82.26,40.46
645,54.85,80.59,41.74
702,54.65,80.83,41.43
602,54.85,80.59,42.05
749,55.09,80.79,41.74
807,54.89,81.03,41.43
685,55.09,80.79,42.05
4531,54.07,81.77,40.66
4980,54.25,81.31,40.87
5494,54.45,81.07,41.11
5646,54.69,81.27,41.11
6929,54.49,81.51,40.87
1802,57.01,84.78,42.52
892,56.23,81.14,42.52
5329,54.7,84.04,40.46
4317,55.1,83.47,40.66
2015,55.5,82.97,40.87
948,55.9,82.49,41.27
4196,55.17,84.42,40.66
1480,55.58,83.85,40.87
980,55.98,83.38,41.27
1396,56.54,84.61,41.9
2743,55.63,84.64,40.87
1370,56.06,84.29,41.27
5341,54.22,83.6,40.46
5235,54.62,83.06,40.66
3866,55.02,82.57,40.87
1494,55.42,82.09,41.27
926,55.83,81.61,41.9
734,57.2,77.06,47.52
640,56.8,77.54,46.9
533,55.05,80.35,42.99
523,55.25,80.11,43.3
510,55.45,79.87,43.61
520,55.65,79.63,43.61
527,56.09,79.59,43.93
506,55.85,79.4,43.93
543,56.3,79.37,43.93
520,56.06,79.25,43.93
524,56.53,79.13,44.44
555,57.01,78.46,45.15
492,56.03,79.04,44.36
467,55.95,78.77,44.77
498,56.43,78.78,44.94
772,55.97,80.71,42.68
702,55.73,80.51,42.68
567,55.29,80.55,42.99
590,55.49,80.31,42.99
662,55.93,80.27,42.99
716,56.17,80.47,42.99
552,55.49,80.31,43.3
648,56.17,80.47,43.3
607,55.93,80.27,43.3
534,55.69,80.07,43.61
627,56.13,80.03,43.3
670,56.37,80.24,43.3
546,55.89,79.83,43.61
597,56.55,79.78,43.77
559,56.95,79.3,44.4
568,57.35,78.81,45.01
616,57.76,78.34,46.27
549,57.36,78.82,45.65
604,57.28,77.94,46.27
506,56.36,78.55,45.44
532,56.89,78.42,45.65
512,56.75,78.81,45.58
494,56.26,78.7,45.33
1734,57.01,84.78,43.14
718,56.23,81.14,43.15
798,59.52,78.19,47.52
717,59.12,78.66,46.9
835,59.52,78.19,48.15
835,59.04,77.78,48.15
566,57.03,80.18,44.4
573,57.83,79.22,45.65
792,59.04,77.78,47.52
706,58.64,78.26,46.9
633,58.24,78.74,46.27
732,58.16,77.86,47.52
643,57.76,78.34,46.9
1000,56.38,82.9,41.27
929,56.3,82.02,41.9
986,56.78,82.42,41.27
1019,57.26,82.82,41.27
993,56.46,83.78,41.9
1037,56.86,83.3,41.27
2293,59.76,85.08,44.08
2385,60.61,85.37,45.33
951,56.94,84.18,42.52
1208,57.42,84.56,42.52
1067,58.19,83.19,41.56
1202,57.42,84.56,43.14
1768,57.92,84.78,43.77
1453,58.64,84.35,42.83
2186,59.18,84.79,44.08
841,60.48,78.99,48.15
820,60.48,78.99,47.52
807,60,78.59,47.52
837,60,78.59,48.15
835,60.07,79.47,48.77
839,59.6,79.07,48.77
708,59.6,79.07,46.27
733,60.07,79.47,46.27
751,60.07,79.47,46.9
732,59.6,79.07,46.9
650,58.72,79.14,46.27
637,59.19,79.54,45.02
658,59.67,79.95,45.02
653,59.19,79.54,45.65
676,59.67,79.95,45.65
602,58.31,79.62,45.02
547,57.43,79.7,45.02
597,58.31,79.62,45.65
913,56.71,81.54,42.52
948,57.19,81.94,41.9
955,57.66,82.34,41.9
956,57.11,81.06,42.52
989,57.59,81.46,41.9
966,58.07,81.86,41.9
923,58.43,80.94,42.83
714,57.91,80.1,43.77
708,58.79,80.02,43.77
730,59.27,80.43,43.77
627,58.79,80.02,44.4
645,59.27,80.43,44.4
613,57.91,80.1,44.4
805,56.71,81.54,43.15
632,56.63,80.66,43.77
856,57.11,81.06,43.15
715,57.51,80.58,43.77
604,57.51,80.58,44.4
2006,62.39,85.32,47.83
1635,61.45,84.99,46.58
1269,60.5,84.31,45.33
825,59.54,83.51,44.08
885,58.58,82.7,42.83
815,61.03,80.27,46.9
862,61.43,79.79,47.52
860,61.43,79.79,48.15
779,60.55,79.87,46.9
839,60.95,79.39,47.52
849,60.95,79.39,48.15
763,59.39,81.75,44.08
677,59.75,80.83,45.02
753,60.23,81.23,45.02
733,60.23,81.23,45.65
773,60.63,80.75,46.27
677,59.75,80.83,45.65
725,60.15,80.35,46.27
838,61.59,81.55,46.9
804,61.11,81.15,46.9
854,61.99,81.07,47.52
843,61.99,81.07,48.15
833,61.51,80.67,47.52
826,61.51,80.67,48.15
771,60.34,82.55,45.33
820,61.19,82.03,46.27
791,61.19,82.03,46.9
775,60.71,81.63,46.27
755,60.71,81.63,46.9
786,61.3,83.35,46.58
1052,62.26,84.16,47.83
810,62.11,82.4,47.83
780,58.16,77.86,48.15
731,57.68,77.46,47.52
638,57.28,77.94,46.9
786,57.68,77.46,48.15
836,57.28,77.94,48.77
797,57.2,77.06,48.15
861,56.8,77.54,48.77
504,45.2,76.78,47.52
512,45.68,77.18,46.9
793,56.65,75.78,47.52
687,56.24,76.25,46.9
742,56.72,76.66,47.52
649,56.32,77.13,46.9
806,56.17,75.37,47.52
692,55.77,75.85,46.9
624,55.37,76.33,46.45
585,54.96,76.75,46.19
544,54.6,77.04,45.99
504,45.6,76.3,47.52
503,46.08,76.7,46.9
505,46.48,76.22,47.52
487,46.96,76.62,46.9
460,47.84,76.55,46.9
411,49.12,77.21,45.98
793,55.29,75.45,47.52
746,54.41,75.53,47.52
632,53.53,75.6,47.52
665,54.88,75.93,46.9
607,54,76.01,46.9
512,53.12,76.08,46.9
867,56.65,75.78,48.15
815,56.72,76.66,48.15
891,56.17,75.37,48.15
492,45.6,76.3,48.15
918,55.29,75.45,48.15
867,54.41,75.53,48.15
690,53.53,75.6,48.15
265,43.73,77.31,49.95
257,43.91,77.29,50.1
338,43.99,76.44,49.4
431,44.31,76.85,48.77
1232,46.79,79.74,41.27
1302,47.27,80.13,40.86
1343,47.75,80.54,40.65
1406,48.23,80.94,40.46
1165,47.19,79.28,41.26
1243,47.67,79.65,40.83
1278,48.15,80.06,40.64
1352,48.62,80.45,40.46
1110,48.07,79.25,41.25
1188,48.55,79.56,40.82
1224,49.02,79.99,40.64
1302,49.5,80.37,40.46
1033,46.67,79.17,42.36
949,47.25,79.07,42.53
1048,47.18,79.35,41.89
837,47.28,78.87,43.73
858,46.76,79.05,43.86
884,47.22,79.08,43.14
753,46.36,78.69,44.91
716,46.85,78.65,44.86
761,47.32,78.85,44.31
789,46.7,78.95,44.39
632,45.28,77.66,46.27
650,46.97,78.55,45.22
673,45.76,78.06,45.64
649,46.48,78.33,45.32
608,46.34,78.01,45.61
603,46.63,78.37,45.45
638,46.88,78.43,45.31
807,43.53,79.08,47.54
778,43.73,78.68,47.53
794,43.53,79.95,47.53
776,43.73,80.49,47.52
722,43.72,81.29,47.51
585,43.68,82.05,47.5
64,43.49,82.81,47.52
188,43.81,82.64,47.52
775,43.53,79.07,48.19
749,43.73,78.68,48.16
751,43.73,79.57,47.84
745,43.53,79.94,48.18
717,43.73,80.49,48.15
693,43.72,81.28,48.15
617,43.68,82.05,48.14
43,43.49,82.81,48.15
138,43.81,82.64,48.15
694,43.73,79.08,48.8
672,43.91,78.67,48.77
650,43.73,79.96,48.8
599,43.94,79.56,48.77
616,43.96,80.48,48.77
591,43.97,82.23,48.77
617,43.97,81.32,48.77
768,43.73,78.13,48.16
546,44.06,78.23,48.77
804,43.73,78.14,47.53
640,44.36,77.74,47.52
808,43.73,80.5,46.89
730,43.72,81.29,46.88
269,43.49,82.81,46.89
416,43.81,82.63,46.9
562,43.68,82.06,46.86
855,43.73,80.5,46.26
1355,43.65,83.06,45.98
695,43.5,82.81,46.36
1248,43.6,83.07,46.07
1154,43.81,82.7,46.06
834,43.81,82.61,46.35
741,43.69,82.07,46.22
836,43.73,81.3,46.25
839,43.73,79.98,46.89
834,43.73,79.09,46.9
807,43.91,78.67,46.9
869,43.73,79.98,46.27
884,43.73,79.09,46.27
870,43.94,79.56,46.58
876,43.91,78.67,46.27
787,44.06,78.23,46.9
627,44.87,78.14,46.9
861,44.06,78.23,46.27
732,44.87,78.14,46.27
1034,43.96,80.48,45.65
1275,43.96,80.48,45.02
1451,43.99,81.32,45.02
1534,44.01,82.2,45.02
1557,44.05,83.11,45.02
1215,43.99,81.32,45.65
1419,44,82.22,45.66
1524,44.03,83.1,45.65
1018,44.17,79.97,45.65
971,44.11,79.09,45.65
1177,44.17,79.97,45.02
1066,44.11,79.09,45.02
836,46.07,78.57,44.68
734,46.1,78.5,45.15
1029,44.47,78.61,45.02
913,45.37,78.53,45.01
818,46.21,78.69,44.7
937,44.47,78.61,45.65
793,45.35,78.54,45.65
618,46.58,78.61,45.35
1491,44.25,80.85,44.4
1535,44.25,80.85,43.77
1538,44.3,81.74,44.4
1551,44.35,82.62,44.4
1568,44.46,83.5,44.4
1549,44.3,81.74,43.77
1556,44.35,82.62,43.77
1575,44.46,83.5,43.77
1398,44.63,80.38,44.4
1256,44.55,79.5,44.4
1470,44.63,80.38,43.77
1382,44.55,79.5,43.77
1142,44.95,79.02,44.4
967,45.8,78.99,44.41
852,46.39,78.91,44.25
1244,44.95,79.02,43.77
1060,45.76,79.04,43.77
917,46.46,79,43.73
1514,44.7,81.26,43.15
1540,44.7,81.26,42.52
1516,45.18,81.66,41.9
1520,44.78,82.14,43.15
1530,44.86,83.02,43.15
1588,44.93,83.9,43.15
1553,44.78,82.14,42.52
1566,45.26,82.54,41.9
1564,44.86,83.02,42.52
1631,44.93,83.9,42.52
1660,45.34,83.42,41.9
1426,45.11,80.78,43.15
1394,45.03,79.9,43.15
1248,45.43,79.42,43.15
1025,46.31,79.37,43.15
1291,45.43,79.42,42.52
1264,45.91,79.82,41.9
1084,46.31,79.37,42.52
1103,46.79,79.74,41.9
1447,45.11,80.78,42.52
1423,45.03,79.9,42.52
1375,45.51,80.3,41.9
1411,45.58,81.18,41.9
1545,45.66,82.06,41.27
1732,45.82,83.82,41.27
1636,45.74,82.94,41.27
1590,46.14,82.46,40.87
1706,46.22,83.34,40.87
1758,46.69,83.74,40.66
1655,46.61,82.86,40.66
1792,47.09,83.27,40.46
1398,45.99,80.7,41.27
1456,46.06,81.58,41.27
1509,46.54,81.98,40.87
1443,46.46,81.1,40.87
1564,47.02,82.38,40.66
1472,46.94,81.5,40.66
1751,47.5,82.79,40.46
1514,47.42,81.9,40.46
1311,46.39,80.22,41.27
1373,46.87,80.62,40.87
1410,47.35,81.02,40.66
1453,47.82,81.42,40.46
540,44.36,77.74,48.15
537,44.8,77.26,47.52
549,45.28,77.66,46.9
483,44.8,77.26,48.15
2463,61.41,85.58,47.88
2671,60.49,85.78,47.97
2708,57.37,84.98,43.11
2640,57.88,84.99,43.75
3006,58.49,85.01,42.79
3156,58.79,85.32,44.06
2794,59.56,85.58,45.33
2571,60.58,85.58,46.59
3772,57.28,85.14,43.71
3543,57.78,85.15,44.36
3596,58.37,85.15,44.04
3235,58.62,85.49,45.33
2784,59.42,85.78,46.64
3816,56.91,85.14,43.71
3334,56.39,84.94,41.17
4156,55.61,84.93,40.75
4792,54.75,84.77,40.66
4711,55.58,85.13,41.01
5091,54.88,85.13,40.53
5107,53.84,84.14,40.46
5292,54.31,84.6,40.46
2998,56.39,84.94,41.82
2828,56.98,84.96,42.47
4437,55.58,85.13,41.7
4188,56.33,85.13,42.37
2628,56.98,84.96,43.11
4027,56.34,85.13,43.05
1420,59.12,78.67,50.1
1388,58.64,78.26,50.1
1392,57.76,78.34,50.1
2422,60.55,85.49,50.12
2292,61.44,85.1,50.11
1915,61.3,83.39,50.1
1528,60.63,80.76,50.1
1586,61.15,81.6,50.1
1529,60.15,80.35,50.1
1523,59.67,79.95,50.1
1512,59.19,79.55,50.1
1245,57.12,76.18,50.1
1292,57.2,77.06,50.1
1355,57.28,77.94,50.1
358,44.02,77.32,49.4
436,44.36,77.74,48.77
468,43.65,81.74,50.03
577,43.73,79.53,49.96
279,43.79,78.64,50.1
404,43.51,81.84,50.41
436,43.55,81.6,50.33
752,43.53,79.84,50.12
361,43.63,79.44,50.3
756,43.67,80.31,50.31
555,43.72,81.17,50.32
265,43.83,78.99,50.3
272,43.73,78.1,49.96
271,43.95,78.18,50.1
371,44.06,78.23,49.4
320,43.73,79.05,49.95
328,43.91,78.67,49.84
629,43.73,79.95,49.46
573,43.94,79.56,49.4
628,43.7,80.45,49.96
534,43.67,81.25,49.97
493,43.65,81.91,49.85
529,43.95,80.48,49.4
531,43.95,81.32,49.4
451,43.81,82.63,50.03
553,43.96,82.23,49.39
470,43.64,82.17,50.04
465,43.76,81.83,50
483,44.11,79.09,49.4
454,43.94,79.57,49.85
4,49.33,78.34,60.74
4,48.9,77.89,60.52
4,48.79,77.89,60.52
3,48.99,78.28,60.74
3,48.89,78.37,60.73
3,48.88,78.29,60.73
3,48.82,78.35,60.67
3,48.78,78.4,60.74
3,48.79,78.5,60.74
3,48.76,78.19,60.74
3,48.82,78.24,60.74
3,48.71,78.26,60.68
3,48.54,78.21,60.74
3,48.6,78.27,60.67
3,48.49,78.28,60.68
3,48.55,78.33,60.74
3,48.55,78.3,60.67
3,48.66,78.33,60.74
3,48.66,78.29,60.67
3,48.76,78.31,60.68
3,48.72,78.36,60.74
3,48.61,78.37,60.74
3,48.67,78.42,60.74
4,48.86,78.04,60.66
4,48.89,78.06,60.66
4,48.83,78.07,60.66
4,48.86,78.09,60.66
4,48.91,78,60.61
4,48.81,78.12,60.69
4,48.64,78.06,60.71
4,48.71,77.97,60.63
4,48.69,78,60.66
4,48.66,78.03,60.66
4,48.74,77.99,60.63
4,48.72,78.02,60.66
4,48.69,78.05,60.66
4,48.79,77.92,60.54
4,48.74,77.94,60.59
4,48.71,77.97,60.59
4,48.77,77.96,60.59
4,48.74,77.99,60.59
4,48.85,77.95,60.53
4,48.67,78.08,60.71
4,48.72,78.08,60.71
4,48.75,78.1,60.71
3,48.7,78.14,60.75
4,48.8,78.01,60.61
4,48.75,78.05,60.66
4,48.72,78.08,60.66
4,48.78,78.07,60.66
4,48.75,78.1,60.66
4,48.61,78.09,60.71
4,48.64,78.11,60.7
4,48.56,78.09,60.71
4,48.53,78.12,60.7
3,48.59,78.15,60.75
3,48.65,78.2,60.74
4,48.58,78.01,60.66
4,48.55,78.04,60.66
4,48.61,78.03,60.66
4,48.58,78.06,60.66
4,48.47,78.02,60.66
4,48.44,78.05,60.66
4,48.5,78.04,60.66
4,48.47,78.07,60.66
4,48.54,77.93,60.63
4,48.52,77.96,60.66
4,48.49,77.99,60.66
4,48.57,77.95,60.63
4,48.55,77.98,60.66
4,48.52,78.01,60.66
4,48.4,77.91,60.55
4,48.46,77.93,60.61
4,48.53,78.07,60.66
4,48.5,78.1,60.66
4,48.56,78.09,60.66
4,48.53,78.12,60.66
4,48.63,77.95,60.63
4,48.66,77.97,60.63
4,48.6,77.98,60.63
4,48.63,78,60.63
4,48.74,77.9,60.56
4,48.71,77.91,60.59
4,48.65,77.92,60.59
4,48.68,77.94,60.59
4,48.68,77.89,60.59
4,48.63,77.91,60.55
4,48.6,77.92,60.59
4,48.51,77.91,60.55
4,48.57,77.9,60.59
4,48.54,77.93,60.59
4,48.57,77.95,60.59
4,48.41,77.99,60.61
4,48.92,78.11,60.69
4,48.98,78.17,60.74
4,48.87,78.17,60.68
3,48.93,78.23,60.74
4,49.04,78.23,60.69
4,49.16,78.3,60.74
3,49.05,78.31,60.74
4,49.19,78.03,60.68
4,49.14,78.11,60.75
4,49.25,78.1,60.75
4,49.1,78.27,60.74
4,49.09,78.17,60.74
4,49.21,78.26,60.74
4,49.08,78.04,60.68
4,48.97,78.05,60.61
4,49.03,78.1,60.68
4,49.02,77.99,60.61
4,48.96,77.95,60.53
4,48.91,77.94,60.47
4,49.01,77.89,60.52
4,49.12,77.88,60.53
4,49.23,77.89,60.53
4,49.34,77.88,60.53
15,49.71,78.27,60.73
13,49.65,78.23,60.74
4,49.36,78.09,60.75
4,49.31,78.15,60.75
5,49.38,78.3,60.73
4,49.34,77.9,60.55
7,49.52,77.97,60.74
8,49.52,78.03,60.75
5,49.4,77.91,60.61
6,49.46,77.96,60.68
9,49.58,78.08,60.75
5,49.41,78.02,60.68
7,49.47,78.08,60.75
9,49.53,78.13,60.75
4,49.3,78.03,60.68
4,49.13,77.99,60.61
4,49.01,77.93,60.47
4,49.07,77.94,60.53
4,49.24,77.98,60.61
4,49.18,77.93,60.53
4,49.35,77.97,60.61
4,49.29,77.93,60.53
9,49.74,77.96,60.74
12,49.74,78.02,60.75
11,49.69,78.06,60.75
13,49.8,78.06,60.75
13,49.75,78.11,60.75
8,49.68,77.94,60.68
7,49.57,77.95,60.68
8,49.63,78,60.69
7,49.67,77.87,60.63
7,49.62,77.89,60.69
6,49.56,77.87,60.62
5,49.51,77.9,60.61
5,49.45,77.89,60.55
16,49.96,78.02,60.75
13,49.96,77.95,60.74
16,49.91,78.05,60.75
20,50.02,78.04,60.75
16,50.02,77.98,60.74
20,49.97,78.09,60.75
10,49.9,77.92,60.68
8,49.79,77.93,60.68
7,49.73,77.89,60.61
11,49.85,77.98,60.68
6,49.84,77.87,60.69
7,49.79,77.86,60.63
6,49.9,77.85,60.63
26,50.18,78.01,60.75
25,50.18,77.94,60.75
16,50.01,77.91,60.68
11,49.95,77.87,60.61
19,50.06,77.87,60.62
21,50.12,77.9,60.68
27,50.39,77.86,60.63
27,50.34,77.88,60.68
22,50.17,77.87,60.62
25,50.29,77.87,60.63
25,50.23,77.89,60.68
28,50.24,78.03,60.75
27,50.25,77.97,60.74
27,50.29,77.94,60.68
25,50.13,78.04,60.75
24,50.13,77.97,60.74
20,50.07,77.96,60.68
3,48.44,78.3,60.66
3,48.44,78.34,60.67
3,48.39,78.38,60.74
3,48.5,78.38,60.66
3,48.45,78.43,60.74
3,48.56,78.43,60.65
3,48.51,78.47,60.64
3,48.51,78.5,60.74
3,48.73,78.46,60.74
3,48.62,78.49,60.74
3,48.62,78.46,60.64
3,48.57,78.54,60.73
4,47.96,77.89,60.51
4,48.07,77.89,60.51
4,48.18,77.9,60.52
4,48.29,77.9,60.53
4,47.76,78.16,60.68
4,47.71,78.22,60.67
4,47.67,78.29,60.69
3,47.82,78.21,60.68
3,47.88,78.27,60.74
3,47.94,78.33,60.68
3,47.76,78.28,60.68
3,47.83,78.32,60.73
3,47.72,78.35,60.74
3,47.72,78.32,60.68
3,47.89,78.39,60.74
3,47.89,78.36,60.67
3,47.67,78.39,60.74
3,47.77,78.26,60.66
3,48.32,78.22,60.67
3,48.38,78.26,60.66
3,48.28,78.27,60.65
3,48.26,78.29,60.67
3,48.22,78.35,60.74
3,48.28,78.39,60.74
3,48.33,78.35,60.67
3,48.33,78.3,60.65
3,48.1,78.25,60.74
3,48.05,78.31,60.73
3,48.17,78.3,60.68
3,48.2,78.12,60.68
3,48.15,78.18,60.68
3,48.26,78.17,60.67
3,48.21,78.23,60.66
3,48.12,78.36,60.68
3,48.17,78.4,60.74
3,48.23,78.46,60.74
3,48.06,78.43,60.74
3,48.06,78.4,60.67
3,48.01,78.47,60.74
3,47.99,78.37,60.67
3,47.95,78.42,60.74
4,48.42,78.08,60.66
4,48.45,78.1,60.66
4,48.39,78.11,60.66
4,48.42,78.13,60.66
3,48.48,78.15,60.68
3,48.37,78.16,60.68
3,48.43,78.21,60.67
4,48.3,78,60.61
4,48.24,77.95,60.53
4,48.35,77.95,60.53
4,48.25,78.06,60.61
4,48.36,78.05,60.61
4,48.31,78.11,60.61
3,47.98,78.14,60.68
3,47.93,78.2,60.68
3,48.04,78.19,60.68
3,47.99,78.25,60.67
4,48.08,78.02,60.61
4,48.03,78.08,60.61
4,48.14,78.07,60.61
4,48.09,78.13,60.61
4,48.19,78.01,60.53
4,48.18,77.95,60.47
4,48.13,77.96,60.53
4,48.07,77.94,60.47
4,48.02,77.97,60.53
4,47.96,77.94,60.46
4,47.91,77.98,60.53
4,47.86,78.04,60.61
4,47.81,78.1,60.61
4,47.97,78.03,60.53
4,47.92,78.09,60.61
4,47.87,78.15,60.61
3,47.8,78.63,60.73
3,47.56,78.46,60.74
4,47.38,78.24,60.67
4,47.47,78.33,60.67
3,47.62,78.35,60.68
3,47.68,78.56,60.73
3,47.46,78.58,60.73
4,47.24,78.6,60.73
3,47.58,78.65,60.73
4,47.14,78.68,60.73
6,47.35,77.89,60.51
6,47.24,77.89,60.51
5,47.57,77.89,60.52
5,47.46,77.89,60.51
5,47.86,77.89,60.51
5,47.63,77.89,60.51
5,47.68,77.9,60.46
5,47.74,77.89,60.51
5,47.8,77.89,60.47
7,47.02,77.9,60.44
7,47.13,77.9,60.45
7,46.92,77.9,60.43
8,46.69,77.91,60.43
8,46.85,77.91,60.39
8,46.79,77.9,60.43
8,46.37,77.88,60.51
8,46.45,77.88,60.52
7,46.54,77.89,60.5
8,46.63,77.9,60.45
11,46.15,77.88,60.51
10,46.23,77.88,60.51
6,46.68,78.54,60.62
5,46.92,78.7,60.72
8,46.13,78.91,60.64
9,46.06,78.8,60.55
14,45.99,78.82,60.42
16,45.9,78.82,60.3
7,46.46,78.56,60.62
7,46.25,78.58,60.65
7,46.58,78.62,60.6
6,46.59,78.7,60.72
6,46.36,78.67,60.73
6,46.34,78.9,60.73
8,46.26,78.79,60.63
6,46.8,78.64,60.6
5,46.7,78.76,60.72
9,46.26,78.13,60.53
10,46.2,78.08,60.53
10,46.15,78.14,60.53
10,46.21,78.19,60.53
9,46.32,78.18,60.53
8,46.38,78.23,60.53
9,46.27,78.24,60.53
9,46.33,78.29,60.53
10,46.1,78.2,60.53
10,46.16,78.25,60.53
10,46.11,78.31,60.53
11,46.05,78.26,60.53
13,46.04,78.37,60.42
9,46.22,78.3,60.53
10,46.17,78.36,60.53
9,46.28,78.35,60.53
9,46.23,78.41,60.53
11,46.08,77.98,60.53
11,46.03,78.03,60.53
11,46.14,78.03,60.53
11,46.09,78.09,60.53
12,46.02,77.92,60.53
12,45.94,77.93,60.53
13,46.07,77.89,60.45
12,45.92,77.85,60.53
12,45.96,77.88,60.53
12,45.97,77.98,60.53
11,46.04,78.14,60.53
13,45.96,78.04,60.45
11,45.98,78.09,60.53
11,45.96,78.15,60.54
11,46,78.2,60.53
8,46.44,78.28,60.53
8,46.5,78.33,60.53
8,46.39,78.34,60.53
8,46.45,78.39,60.53
8,46.34,78.45,60.55
7,46.56,78.42,60.55
8,46.46,78.54,60.53
9,46.24,78.57,60.55
9,46.13,78.69,60.55
12,46.06,78.58,60.42
12,46.12,78.47,60.41
14,45.94,77.97,60.38
14,45.96,78.17,60.4
16,45.98,78.35,60.26
14,45.99,78.7,60.39
16,46.01,78.59,60.28
17,46.01,78.49,60.24
6,46.24,79.23,60.73
8,46.27,79.01,60.61
6,46.42,79.11,60.72
7,46.35,79.11,60.59
10,46.09,79.03,60.54
8,46.14,79.14,60.63
6,46.02,79.36,60.73
3,46.02,79.8,60.72
10,45.98,79.03,60.59
12,46,79.03,60.44
14,45.9,79.03,60.32
7,45.9,79.34,60.58
3,45.92,79.79,60.63
9,46.41,77.95,60.45
9,46.3,77.96,60.53
9,46.36,78.01,60.53
9,46.31,78.07,60.53
10,46.25,78.02,60.53
8,46.42,78.06,60.53
8,46.48,78.11,60.53
9,46.37,78.12,60.53
8,46.43,78.17,60.53
12,46.18,77.95,60.42
5,47,78.34,60.66
4,47.01,78.44,60.66
5,46.88,78.24,60.61
5,46.94,78.29,60.61
5,46.89,78.35,60.61
5,46.83,78.3,60.61
6,46.72,78.31,60.61
6,46.67,78.36,60.6
5,46.78,78.42,60.66
5,46.9,78.52,60.64
7,46.54,78.16,60.53
7,46.6,78.21,60.53
8,46.49,78.22,60.53
7,46.55,78.27,60.53
6,46.76,78.14,60.53
6,46.71,78.2,60.53
6,46.82,78.19,60.53
6,46.77,78.25,60.53
7,46.66,78.26,60.53
7,46.61,78.32,60.53
6,46.72,78.31,60.53
7,46.67,78.37,60.53
7,46.69,77.98,60.45
7,46.64,78.04,60.53
7,46.59,78.1,60.53
7,46.75,78.02,60.45
7,46.7,78.09,60.53
7,46.65,78.15,60.53
9,46.53,78,60.42
4,47.12,78.5,60.64
5,47.02,78.62,60.61
5,47.1,78.22,60.61
5,47.05,78.28,60.61
5,47.2,78.1,60.53
5,47.15,78.16,60.53
5,46.98,78.12,60.53
5,47.04,78.17,60.53
6,46.93,78.18,60.53
5,46.99,78.23,60.53
6,47.08,78,60.45
7,47.02,77.97,60.39
6,47.03,78.06,60.45
6,47.14,78.05,60.45
6,47.09,78.11,60.45
8,46.68,77.99,60.38
8,46.81,77.98,60.38
7,46.86,78.02,60.45
6,46.92,78.07,60.45
8,46.75,78.03,60.37
7,46.81,78.08,60.45
6,46.87,78.13,60.45
7,46.97,78.01,60.37
7,46.91,77.98,60.38
4,47.54,78.18,60.68
4,47.6,78.23,60.68
4,47.49,78.24,60.66
4,47.55,78.29,60.67
4,47.42,78.08,60.61
4,47.48,78.13,60.61
4,47.37,78.14,60.61
4,47.43,78.19,60.61
5,47.3,77.98,60.53
6,47.24,77.95,60.46
6,47.35,77.94,60.46
5,47.36,78.03,60.53
5,47.25,78.04,60.53
5,47.31,78.09,60.53
6,47.19,77.99,60.45
7,47.13,77.97,60.39
4,47.64,78.06,60.61
4,47.59,78.12,60.61
4,47.7,78.11,60.61
4,47.65,78.17,60.61
5,47.58,78.01,60.53
5,47.47,78.02,60.53
4,47.53,78.07,60.53
5,47.57,77.94,60.47
5,47.52,77.96,60.53
5,47.46,77.94,60.47
5,47.41,77.97,60.45
4,47.69,78,60.53
5,47.63,77.96,60.45
4,47.8,77.99,60.53
5,47.74,77.96,60.46
4,47.85,77.95,60.46
4,47.75,78.05,60.53
5,47.26,78.15,60.53
4,47.32,78.2,60.61
5,47.21,78.21,60.53
4,47.38,78.25,60.61
4,47.43,78.39,60.67
4,47.33,78.31,60.61
4,47.16,78.27,60.61
4,47.27,78.26,60.61
4,47.11,78.33,60.61
4,47.22,78.32,60.66
4,47.23,78.42,60.66
4,47.34,78.48,60.65
27,50.19,78.08,60.75
24,49.99,78.3,60.73
31,50.37,78.22,60.74
29,50.3,78.06,60.75
31,50.36,78.12,60.75
32,50.52,78.05,60.75
32,50.47,78.11,60.75
28,50.4,77.93,60.68
28,50.45,77.89,60.61
30,50.46,77.98,60.69
28,50.35,77.99,60.69
30,50.41,78.04,60.68
31,50.67,77.86,60.76
32,50.73,77.87,60.81
31,50.72,77.83,60.78
33,50.73,77.93,60.81
31,50.78,77.84,60.82
33,50.84,77.87,60.83
30,50.68,77.87,60.69
32,50.74,78,60.77
32,50.74,78,60.79
32,50.68,78.01,60.75
32,50.68,77.95,60.75
32,50.63,78.04,60.75
32,50.63,77.98,60.75
31,50.57,77.97,60.69
31,50.62,77.91,60.68
29,50.56,77.89,60.63
29,50.51,77.92,60.61
33,50.95,77.84,60.84
30,50.83,77.82,60.83
33,50.95,77.92,60.81
30,51.61,77.83,60.85
31,51.56,77.86,60.83
29,51.73,77.91,60.82
31,51.61,77.83,60.82
29,51.78,77.86,60.84
30,51.72,77.82,60.85
31,51.51,77.83,60.84
31,51.61,77.8,60.84
32,51.33,77.81,60.85
33,51.17,77.84,60.84
29,50.83,77.79,60.84
29,50.96,77.8,60.84
30,50.78,77.8,60.76
28,50.78,77.81,60.69
4,48.85,77.83,60.52
4,48.96,77.83,60.51
4,48.9,77.82,60.46
4,48.4,77.83,60.54
4,48.46,77.83,60.57
4,48.51,77.83,60.54
4,48.57,77.83,60.58
4,48.63,77.83,60.54
4,48.74,77.83,60.55
4,48.71,77.84,60.57
4,48.68,77.83,60.59
4,48.79,77.82,60.46
4,48.74,77.82,60.5
4,49.01,77.82,60.46
4,49.08,77.83,60.51
4,49.18,77.83,60.51
4,49.29,77.83,60.52
5,49.4,77.83,60.53
6,49.66,77.83,60.62
6,49.56,77.82,60.61
5,49.45,77.83,60.54
5,49.51,77.82,60.59
6,49.84,77.81,60.67
6,49.79,77.82,60.62
6,49.9,77.81,60.62
6,49.73,77.83,60.6
10,49.95,77.82,60.6
26,50.34,77.81,60.67
26,50.39,77.82,60.62
16,50.06,77.82,60.62
19,50.17,77.82,60.62
24,50.23,77.81,60.67
23,50.29,77.82,60.62
5,47.96,77.82,60.45
4,48.07,77.82,60.46
4,48.13,77.83,60.52
4,48.18,77.82,60.46
4,48.25,77.83,60.51
4,48.35,77.83,60.51
6,47.35,77.82,60.45
7,47.24,77.82,60.45
7,47.19,77.82,60.43
6,47.57,77.82,60.46
6,47.46,77.82,60.46
6,47.42,77.82,60.43
5,47.85,77.82,60.45
6,47.63,77.82,60.45
5,47.74,77.82,60.45
8,47.02,77.82,60.38
8,47.13,77.82,60.38
9,46.91,77.82,60.37
9,46.98,77.82,60.36
9,46.8,77.82,60.37
10,46.75,77.83,60.36
9,46.68,77.82,60.37
7,46.4,77.83,60.44
7,46.53,77.83,60.4
12,46.18,77.83,60.41
14,45.97,77.82,60.4
16,45.88,77.92,60.26
16,45.89,78.14,60.26
19,45.89,78.33,60.1
17,45.9,78.7,60.25
18,45.9,78.49,60.1
26,50.45,77.83,60.61
27,50.56,77.83,60.62
29,50.62,77.82,60.67
27,50.68,77.83,60.61
26,50.52,77.83,60.59
582,54.94,71.48,50.3
1188,55.09,73.25,50.3
215,44.18,72.84,50.3
212,44.71,72.37,50.3
217,44.4,74.16,50.3
222,44.44,75.49,50.3
214,46.1,72.26,50.3
225,47.89,72.1,50.3
233,49.66,71.94,50.3
234,51.42,71.79,50.3
219,53.18,71.63,50.3
1229,56.97,74.42,50.3
1296,56.05,74.05,50.3
1392,55.21,74.57,50.3
1705,59.12,78.67,50.3
1661,58.64,78.26,50.3
1676,57.76,78.34,50.3
2518,59.39,85.78,50.15
2436,60.46,85.68,50.3
2592,58.63,85.71,50.2
2329,61.41,85.26,50.3
2109,61.3,83.46,50.3
1825,60.64,80.77,50.3
1892,61.16,81.63,50.3
1819,60.15,80.36,50.3
1820,59.67,79.95,50.3
1812,59.19,79.55,50.3
1303,57.05,75.3,50.3
1389,57.12,76.18,50.3
1492,57.2,77.06,50.3
1614,57.28,77.94,50.3
333,44.26,75.97,49.4
427,44.72,76.37,48.77
487,45.2,76.78,48.15
277,43.99,76.43,49.84
272,44.26,75.97,49.84
241,44.16,75.96,50.1
256,44.22,76.84,50.1
223,44,75.95,50.3
232,44.06,76.82,50.3
246,44.12,77.68,50.3
263,44.25,78.54,50.3
1217,59.12,78.66,49.84
1210,58.64,78.26,49.84
1204,57.76,78.34,49.84
2242,61.44,84.99,49.85
1668,61.3,83.35,49.84
1245,61.15,81.59,49.84
1207,59.67,79.95,49.84
1221,59.19,79.54,49.84
1162,57.12,76.18,49.84
1178,57.2,77.06,49.84
1194,57.28,77.94,49.84
1075,56.57,74.89,49.4
984,56.17,75.37,48.77
1063,56.65,75.78,49.4
944,56.24,76.25,48.77
1044,56.72,76.66,49.4
895,56.32,77.13,48.77
1012,56.8,77.54,49.4
344,45.12,75.9,49.4
679,54.94,71.49,49.84
1150,55.09,73.25,49.84
237,44.81,72.37,49.84
236,44.37,72.85,49.84
245,44.6,74.17,49.84
267,44.64,75.49,49.84
250,46.13,72.26,49.84
268,47.9,72.1,49.84
271,49.66,71.95,49.84
259,51.42,71.8,49.84
251,53.18,71.64,49.84
1189,56.05,74.05,49.84
1283,55.21,74.57,49.84
708,54.14,72.45,49.08
975,54.29,74.21,49.08
853,53.93,75.13,48.77
444,52.24,76.15,46.27
453,51.37,76.2,46.26
456,52.63,75.68,46.27
504,51.77,75.25,45.35
445,52.52,74.36,46.59
641,53.45,74.72,47.52
695,53.45,74.72,48.15
618,53.33,73.4,47.83
589,53.05,75.2,48.15
445,52.24,76.16,46.9
564,53.05,75.2,47.52
468,52.65,75.68,46.9
445,50.91,75.85,46.25
321,45.33,73.22,49.08
523,46.81,74.86,47.52
512,46.29,74.02,47.83
531,47.21,74.38,47.52
532,47.69,74.78,47.52
489,48.17,75.19,46.9
528,47.28,75.26,47.52
499,47.76,75.67,46.9
507,47.36,76.14,47.52
363,45.49,74.98,49.08
493,46,75.82,48.15
498,46.4,75.34,48.15
498,46.88,75.74,48.15
493,46.48,76.22,48.15
433,45.6,76.3,48.77
297,52.38,72.6,49.08
311,50.61,72.75,49.08
361,48.85,72.91,49.08
354,47.09,73.06,49.08
397,49.93,75.03,46.9
346,51.57,73.56,47.83
398,50.78,74.54,46.56
402,50.41,75.43,46.9
407,49.81,73.71,47.83
522,48.05,73.87,47.83
440,49.02,74.67,46.74
452,48.64,75.59,46.9
408,49.52,75.51,46.9
410,49.14,75.99,46.43
461,48.24,76.07,46.9
413,48.73,76.47,46.44
445,49.83,76.42,46.16
465,49.93,76.79,45.81
478,50.21,76.8,45.66
423,49.58,76.4,46.41
408,50,75.91,46.9
447,50.48,76.31,46.27
1146,55.69,74.97,49.4
1173,54.81,75.05,49.4
845,53.93,75.13,49.4
1057,55.29,75.45,48.77
994,54.41,75.53,48.77
705,53.53,75.6,48.77
250,45.07,75.89,50.1
1150,56.57,74.89,49.84
457,54.14,72.44,50.1
943,54.29,74.21,50.1
228,45.3,73.22,50.1
241,45.44,74.98,50.1
242,47.09,73.06,50.1
256,48.85,72.91,50.1
262,50.61,72.75,50.1
240,52.38,72.6,50.1
1203,56.57,74.89,50.1
1312,55.69,74.97,50.1
1312,54.81,75.05,50.1
621,53.93,75.13,50.1
1166,56.65,75.78,49.84
1240,56.65,75.78,50.1
974,48.09,79.33,41.89
702,53.62,79.26,42.29
724,53.5,79.2,42.28
702,53.49,79.21,42.44
680,53.62,79.27,42.44
668,53.74,79.36,42.29
632,53.86,79.46,42.29
613,53.86,79.46,42.44
647,53.74,79.36,42.44
766,53.25,79.02,42.38
787,52.93,78.94,42.38
894,48.08,79.08,42.52
891,48.89,78.88,42.53
804,52.66,78.82,42.38
767,52.64,78.84,42.69
815,52.44,78.69,42.39
783,52.41,78.7,42.69
871,49.73,78.81,42.53
776,52.03,77.94,42.47
789,52.05,77.94,42.27
815,52.27,78.3,42.33
827,52.17,78.71,42.33
787,52.23,78.25,42.63
715,50.81,78.1,41.81
736,51.53,77.98,42.53
844,50.79,78.36,42.33
881,50.33,78.63,42.56
811,50.84,78.3,42.62
795,53.41,79.39,41.74
718,53.65,79.59,41.74
733,53.41,79.38,42.05
661,53.65,79.59,42.05
954,53.21,79.62,41.11
901,53.45,79.83,41.11
862,53.21,79.62,41.43
792,53.45,79.83,41.43
1011,53.01,79.86,40.87
971,53.25,80.06,40.87
1042,53.05,80.3,40.66
1064,52.81,80.1,40.66
1152,52.63,80.56,40.46
849,53.17,79.19,41.74
788,53.17,79.21,42.05
882,52.92,79.02,41.72
824,52.9,79.07,42.03
988,52.97,79.42,41.11
912,52.97,79.42,41.43
1008,52.73,79.22,41.11
945,52.73,79.22,41.43
1041,52.77,79.66,40.87
1057,52.53,79.46,40.87
1090,52.57,79.9,40.66
1101,52.33,79.7,40.66
1188,52.15,80.16,40.46
1259,50.38,80.31,40.46
950,48.93,79.04,41.9
1077,48.96,79.2,41.24
1152,49.43,79.49,40.82
1184,49.9,79.91,40.64
895,52.5,79.01,41.74
841,52.5,79.01,42.05
905,52.26,78.82,41.75
858,52.25,78.81,42.06
1025,52.29,79.26,41.11
966,52.29,79.26,41.43
1032,52.05,79.06,41.11
982,52.05,79.06,41.43
1074,52.09,79.5,40.87
1083,51.85,79.3,40.87
1224,51.27,80.24,40.46
1123,51.67,79.76,40.66
853,52,78.41,41.89
886,51.14,78.48,41.91
938,50.57,78.57,41.96
1002,50.59,78.54,41.67
1152,50.79,79.84,40.65
1104,51.18,79.36,40.86
1009,51.59,78.88,41.27
919,50.42,78.72,42.02
932,49.74,78.93,41.91
950,50.29,78.89,41.74
1057,49.84,79.09,41.25
1129,50.31,79.42,40.83
1043,50.71,78.96,41.27
597,54.07,78.88,43.6
654,53.87,78.88,43.3
558,54.06,79.08,43.3
621,53.85,79.08,42.99
566,54.06,79.24,42.99
606,53.85,79.36,42.68
653,53.6,79.25,42.68
795,48.07,78.88,43.75
820,48.07,79.08,43.14
830,48.86,78.88,43.14
805,49.79,78.83,43.14
724,53.24,79.03,42.68
647,53.6,79.08,42.99
673,53.62,78.88,43.3
733,53.29,78.85,43
745,52.99,78.79,43
747,52.92,78.96,42.68
726,52.64,78.85,42.99
723,52.77,78.68,43.29
731,52.58,78.57,43.29
796,52.14,78.72,42.68
743,52.3,78.61,43.04
742,52.41,78.7,42.99
814,50.35,78.65,43.14
539,50.92,77.57,43.77
641,50.65,78.23,43.71
750,50.84,78.31,43.14
550,51.18,77.58,43.79
634,51.84,77.5,43.78
724,51.53,77.98,43.14
672,52.16,77.56,43.77
695,52.42,78.2,43.71
736,52.23,78.25,43.15
652,47.58,78.75,44.97
723,48.08,78.87,44.32
615,50.07,78.63,44.38
485,50.29,78.37,44.47
479,50.19,77.95,44.73
483,50.22,77.65,45.05
501,50.62,78.06,44.44
530,50.57,78.27,44.11
497,50.63,77.2,45.07
507,51.44,77.12,45.02
493,52.32,77.04,45.03
443,52.81,77.44,45
408,52.84,77.83,44.69
523,51.09,77.6,44.45
577,51.91,77.52,44.42
500,52.42,77.9,44.43
631,52.53,78.21,44.17
475,54.5,79.08,43.92
469,54.77,79.08,43.92
548,54.07,78.88,43.9
449,54.67,78.87,44.35
531,46.16,77.58,46.27
561,46.63,77.99,45.8
560,47.17,78.7,45.47
602,47.65,78.61,45.36
618,55.87,76.74,46.41
543,55.13,77.27,45.86
531,54.83,77.27,45.89
587,55.41,77.1,46.15
557,55.02,77.19,45.99
568,55.44,77.43,46.03
518,54.79,77.55,45.81
525,55.07,77.6,45.77
542,46.46,77.1,46.2
571,47.18,77.41,46.01
522,46.67,77.11,46.43
562,47.1,77.26,46.12
572,46.95,77.64,45.85
583,47.52,77.48,45.87
558,47.44,77.82,45.81
551,47.16,78.32,45.65
567,47.67,78.41,45.58
575,47.76,77.82,45.7
477,47.43,77.05,46.41
413,48.32,76.98,46.44
541,48.42,77.68,45.76
561,47.83,77.44,46.01
553,48.37,77.27,45.87
553,47.91,77.59,45.95
562,48.13,77.7,45.81
493,47.95,77.23,46.14
398,48.76,77.19,46.14
465,48.35,77.24,45.98
514,48.8,78.09,45.61
411,49.08,77.27,45.82
487,48.77,77.55,45.86
430,48.78,77.44,45.99
427,49.25,77.45,45.77
445,49.22,77.73,45.72
445,49.52,78.04,45.39
463,49.8,78.07,45.21
411,49.22,76.88,46.41
431,49.46,77.17,46.12
447,49.61,77.09,46
438,49.49,77.4,46
471,50.05,77.25,45.64
458,49.83,77.25,45.8
450,49.67,77.57,45.81
461,49.8,77.67,45.54
471,49.98,77.67,45.36
522,54.59,77.27,45.88
505,54.62,77.37,45.76
482,54.2,77.61,45.63
476,54.22,77.28,45.67
516,53.87,77.08,45.98
592,54.48,76.41,46.45
545,54.13,76.82,46.16
479,53.61,77.14,45.88
497,53.87,77.27,45.85
477,53.3,76.5,46.13
478,53.47,76.9,46
522,53.6,76.49,46.41
499,53.55,76.89,46.12
452,50.96,76.72,46.27
441,51.84,76.62,46.26
453,52.72,76.56,46.27
446,53.2,76.97,45.8
448,53.47,77.28,45.71
468,53.69,77.43,45.75
422,53.26,77.82,45.24
432,53.42,77.31,45.52
438,53.24,77.41,45.52
465,53.75,77.54,45.66
437,53.55,77.71,45.4
475,50.57,77.2,45.65
435,52.97,76.97,45.68
422,53.05,77.43,45.33
470,51.44,77.12,45.65
441,52.34,77.04,45.63
522,54.57,79.95,42.36
551,54.81,80.15,42.36
528,54.81,80.15,42.68
508,54.57,79.95,42.68
557,53.89,79.79,42.36
516,54.13,79.99,42.36
2119,53.19,81.85,40.46
543,54.37,80.19,41.74
958,54.17,80.43,41.43
515,54.37,80.19,42.05
557,54.61,80.39,41.74
682,54.41,80.63,41.43
537,54.61,80.39,42.05
1113,53.59,81.37,40.66
770,53.77,80.91,40.87
659,53.97,80.67,41.11
1840,54.01,81.11,40.87
3065,54.21,80.87,41.11
619,53.69,80.03,41.74
555,53.93,80.23,41.74
571,53.69,80.03,42.05
525,53.93,80.23,42.05
833,53.49,80.27,41.11
711,53.49,80.27,41.43
774,53.73,80.47,41.11
641,53.73,80.47,41.43
952,53.29,80.51,40.87
938,53.53,80.71,40.87
1254,52.71,81.45,40.46
1083,53.11,80.97,40.66
495,54.57,79.95,42.99
490,54.77,79.71,43.3
482,54.97,79.45,43.61
507,54.81,80.15,42.99
501,55.01,79.91,43.3
493,55.21,79.67,43.61
503,54.13,79.99,42.68
533,53.89,79.79,42.68
510,54.3,79.08,43.61
487,54.5,79.23,43.61
524,54.09,79.55,42.99
509,54.29,79.33,43.3
499,54.33,79.75,42.99
491,54.53,79.51,43.3
481,54.73,79.31,43.61
483,54.3,79.08,43.92
466,54.31,78.88,44.25
468,54.73,79.31,43.93
471,54.5,79.23,43.93
478,55.21,79.67,43.93
470,54.97,79.45,43.93
473,55.18,79.28,43.93
483,55.41,79.43,43.93
466,55.62,79.25,44.42
469,55.57,78.95,44.99
456,55.17,79.07,44.35
465,55.15,78.83,44.79
599,55.93,77.47,46.42
576,55.92,77.73,46.21
548,55.49,77.99,45.82
525,55.12,78.31,45.68
521,54.82,78.44,45.71
538,55.3,78.57,45.79
523,55.06,78.74,45.63
495,54.72,78.67,45.3
568,56.39,77.99,46.25
532,55.56,78.57,45.69
531,56.08,78.54,45.8
507,55.55,78.78,45.43
513,56.01,78.82,45.61
844,59.12,78.66,48.77
987,59.12,78.66,49.4
851,58.64,78.26,48.77
818,57.76,78.34,48.77
997,58.64,78.26,49.4
977,57.76,78.34,49.4
968,56.88,78.42,49.4
2577,59.4,85.78,49.33
2545,60.56,85.58,49.17
2500,59.55,85.58,49.96
2416,60.6,85.37,49.86
2557,58.82,85.52,50.02
2091,61.45,84.99,49.08
1222,60.63,80.75,49.84
1236,60.15,80.35,49.84
931,61.03,80.27,49.4
836,61.03,80.27,48.77
832,60.55,79.87,48.77
936,60.55,79.87,49.4
927,59.67,79.95,49.4
1177,61.3,83.35,49.08
858,61.15,81.59,49.08
941,59.19,79.54,49.4
740,55.53,80.75,42.36
819,55.77,80.95,42.36
727,55.77,80.95,42.68
665,55.53,80.75,42.68
564,54.85,80.59,42.36
620,55.09,80.79,42.36
577,55.09,80.79,42.68
537,54.85,80.59,42.68
4894,53.75,83.17,40.46
4930,54.14,82.66,40.66
5101,54.54,82.17,40.87
2868,54.95,81.69,41.27
821,55.35,81.21,41.9
3528,53.27,82.75,40.46
2718,53.66,82.25,40.66
574,54.65,80.83,41.74
617,54.45,81.07,41.43
544,54.65,80.83,42.05
668,54.89,81.03,41.74
724,54.69,81.27,41.43
618,54.89,81.03,42.05
3765,54.06,81.77,40.87
3121,54.25,81.31,41.11
567,54.25,81.31,41.43
4498,54.49,81.51,41.11
675,54.49,81.51,41.43
1275,56.54,84.61,42.52
803,55.83,81.61,42.52
4769,54.7,83.97,40.66
2981,55.1,83.45,40.87
1212,55.5,82.97,41.27
906,55.9,82.49,41.9
2714,55.18,84.34,40.87
1103,55.58,83.85,41.27
933,55.98,83.38,41.9
2082,55.64,84.64,41.27
1288,56.06,84.29,41.9
4821,54.22,83.55,40.66
4074,54.62,83.05,40.87
2067,55.02,82.57,41.27
856,55.42,82.09,41.9
693,56.8,77.54,47.52
615,56.4,78.02,46.9
515,54.85,80.59,42.99
509,55.05,80.35,43.3
535,55.29,80.55,43.3
501,55.25,80.11,43.61
508,55.69,80.07,43.93
490,55.45,79.87,43.93
517,55.89,79.83,43.93
497,55.65,79.63,43.93
487,56.08,79.42,44.4
468,56.01,78.94,44.86
490,56.54,79.01,45.05
545,55.09,80.79,42.99
619,55.75,80.73,43.15
522,55.49,80.31,43.61
567,56.15,80.25,43.77
523,56.55,79.78,44.4
516,56.95,79.29,45.02
506,56.95,79.3,45.65
564,57.36,78.82,46.27
561,56.88,78.42,46.27
519,56.48,78.78,45.79
499,56.44,79.01,45.57
1152,56.54,84.61,43.15
841,56.94,84.18,43.15
1628,57.01,84.78,43.77
1781,57.92,84.78,44.39
659,55.83,81.61,43.15
599,56.23,81.14,43.77
544,56.63,80.66,44.4
666,58.72,79.14,46.9
744,59.12,78.66,47.52
778,59.12,78.66,48.15
778,58.64,78.26,48.15
511,57.03,80.18,45.02
524,57.43,79.7,45.65
578,57.83,79.22,46.27
737,58.64,78.26,47.52
652,58.24,78.74,46.9
679,57.76,78.34,47.52
595,57.36,78.82,46.9
876,56.46,83.78,42.52
865,56.3,82.02,42.52
934,56.38,82.9,41.9
931,56.78,82.42,41.9
965,57.26,82.82,41.9
983,56.86,83.3,41.9
753,56.3,82.02,43.15
2252,59.76,85.08,45.33
2383,60.61,85.37,46.57
1019,57.42,84.56,43.77
922,57.78,83.66,42.83
1337,58.64,84.35,44.08
2015,59.18,84.79,45.33
787,60.07,79.47,48.15
768,60.07,79.47,47.52
754,59.6,79.07,47.52
781,59.6,79.07,48.15
789,59.67,79.95,48.77
792,59.19,79.54,48.77
668,59.19,79.54,46.27
691,59.67,79.95,46.27
704,59.67,79.95,46.9
683,59.19,79.54,46.9
599,58.31,79.62,46.27
616,58.79,80.02,45.02
636,59.27,80.43,45.02
617,58.79,80.02,45.65
641,59.27,80.43,45.65
573,57.91,80.1,45.02
550,57.91,80.1,45.65
667,56.71,81.54,43.77
878,57.63,81.9,42.83
701,57.11,81.06,43.77
682,58.43,80.94,44.08
587,57.11,81.06,44.4
544,57.51,80.58,45.02
1752,61.45,84.99,47.83
1201,60.5,84.31,46.58
723,59.54,83.51,45.33
743,58.58,82.7,44.08
765,60.63,80.75,46.9
731,60.15,80.35,46.9
808,61.03,80.27,47.52
811,61.03,80.27,48.15
785,60.55,79.87,47.52
797,60.55,79.87,48.15
660,59.39,81.75,45.33
722,60.23,81.23,46.27
717,60.23,81.23,46.9
680,59.75,80.83,46.27
683,59.75,80.83,46.9
714,60.34,82.55,46.58
784,61.3,83.35,47.83
771,61.15,81.59,47.83
730,57.76,78.34,48.15
682,57.28,77.94,47.52
601,56.88,78.42,46.9
742,57.28,77.94,48.15
803,56.88,78.42,48.77
762,56.8,77.54,48.15
837,56.4,78.02,48.77
495,45.68,77.18,47.52
493,46.16,77.58,46.9
758,56.24,76.25,47.52
660,55.84,76.73,46.9
714,56.32,77.13,47.52
633,55.92,77.61,46.9
778,55.77,75.85,47.52
667,55.36,76.33,46.9
604,54.96,76.82,46.44
564,54.57,77.16,46.15
530,54.23,77.22,45.98
498,46.08,76.7,47.52
492,46.56,77.1,46.9
496,46.96,76.62,47.52
461,47.44,77.02,46.9
478,47.84,76.55,47.52
421,48.32,76.96,46.9
413,49.21,77.34,46.12
768,54.88,75.93,47.52
692,54,76.01,47.52
560,53.12,76.08,47.52
638,54.48,76.41,46.9
562,53.6,76.49,46.9
478,52.72,76.56,46.9
430,51.84,76.64,46.9
844,56.24,76.25,48.15
794,56.32,77.13,48.15
884,55.77,75.85,48.15
489,46.08,76.7,48.15
486,46.96,76.62,48.15
912,54.88,75.93,48.15
794,54,76.01,48.15
588,53.12,76.08,48.15
294,44.02,77.31,49.84
273,44.27,77.71,50.1
354,44.31,76.85,49.4
441,44.8,77.26,48.77
1201,47.27,80.14,41.27
1290,47.75,80.54,40.86
1339,48.23,80.94,40.66
1419,48.7,81.35,40.46
1142,47.67,79.65,41.28
1232,48.14,80.06,40.86
1275,48.63,80.46,40.66
1358,49.1,80.86,40.46
1091,48.55,79.59,41.27
1179,49.03,79.98,40.85
1225,49.5,80.39,40.66
1312,49.98,80.79,40.46
954,47.19,79.36,42.51
997,47.67,79.65,41.89
865,46.73,79.19,43.93
811,47.24,79.07,43.75
878,47.21,79.36,43.14
743,46.29,78.81,45.06
678,46.76,78.81,44.97
689,47.31,78.77,44.79
794,46.68,79.13,44.45
717,47.29,79.05,44.36
565,45.75,78.06,46.27
593,46.89,78.69,45.37
612,46.22,78.46,45.65
582,46.78,78.55,45.46
776,43.73,79.09,47.53
737,43.91,78.67,47.52
790,43.73,79.97,47.52
787,43.96,80.48,47.52
726,43.97,81.32,47.52
299,43.98,83.09,47.52
505,43.97,82.23,47.52
730,43.73,79.08,48.16
697,43.91,78.67,48.15
718,43.73,79.97,48.16
721,43.94,79.56,47.83
717,43.96,80.48,48.15
695,43.98,81.32,48.14
163,43.98,83.09,48.15
553,43.98,82.23,48.14
582,44.11,79.09,48.77
552,44.17,79.97,48.77
626,44.24,80.85,48.77
630,44.29,81.74,48.77
663,44.06,78.23,48.15
467,44.47,78.61,48.77
725,44.06,78.23,47.52
549,44.87,78.14,47.52
829,43.96,80.48,46.9
766,43.98,81.32,46.9
870,43.98,83.09,46.9
659,43.98,82.23,46.9
891,43.96,80.48,46.27
1365,44.05,83.1,46.23
1100,43.8,83.08,46.43
1068,43.98,82.23,46.27
917,43.98,81.32,46.27
871,44.17,79.97,46.9
817,44.11,79.09,46.9
932,44.17,79.97,46.27
901,44.11,79.09,46.27
728,44.47,78.61,46.9
556,45.35,78.54,46.9
839,44.47,78.61,46.27
663,45.35,78.54,46.27
1138,44.25,80.85,45.65
1359,44.25,80.85,45.02
1500,44.3,81.74,45.02
1565,44.46,83.5,45.02
1546,44.35,82.62,45.02
1355,44.3,81.74,45.65
1553,44.46,83.5,45.65
1506,44.36,82.62,45.64
1113,44.63,80.38,45.65
1020,44.55,79.5,45.65
1261,44.63,80.38,45.02
1121,44.55,79.5,45.02
1042,44.95,79.02,45.02
851,45.77,78.83,45.05
872,45.93,79.07,44.96
941,44.95,79.02,45.65
739,45.83,78.94,45.65
609,46.41,78.8,45.59
1491,44.7,81.26,44.4
1504,44.7,81.26,43.77
1517,44.78,82.14,44.4
1533,44.86,83.02,44.4
1575,44.93,83.9,44.4
1508,44.78,82.14,43.77
1521,44.86,83.02,43.77
1575,44.93,83.9,43.77
1397,45.11,80.78,44.4
1271,45.03,79.9,44.4
1421,45.11,80.78,43.77
1350,45.03,79.9,43.77
1125,45.43,79.42,44.4
894,46.31,79.34,44.4
1196,45.43,79.42,43.77
966,46.31,79.36,43.77
1438,45.18,81.66,43.15
1471,45.18,81.66,42.52
1466,45.66,82.06,41.9
1449,45.26,82.54,43.15
1501,45.34,83.42,43.15
1489,45.26,82.54,42.52
1529,45.74,82.94,41.9
1535,45.34,83.42,42.52
1692,45.82,83.82,41.9
1325,45.58,81.18,43.15
1304,45.51,80.3,43.15
1164,45.91,79.82,43.15
950,46.79,79.7,43.15
1200,45.91,79.82,42.52
1186,46.39,80.22,41.9
1042,47.27,80.14,41.9
1010,46.79,79.72,42.53
1350,45.58,81.18,42.52
1326,45.51,80.3,42.52
1294,45.99,80.7,41.9
1348,46.06,81.58,41.9
1653,46.22,83.34,41.27
1540,46.14,82.46,41.27
1730,46.7,83.74,40.87
1596,46.62,82.86,40.87
1719,47.1,83.27,40.66
1833,48.03,83.63,40.46
1443,46.54,81.98,41.27
1365,46.46,81.1,41.27
1513,47.02,82.38,40.87
1434,46.94,81.5,40.87
1638,47.5,82.79,40.66
1479,47.42,81.91,40.66
1615,47.9,82.31,40.46
1276,46.87,80.62,41.27
1360,47.35,81.03,40.87
1407,47.82,81.43,40.66
1495,48.3,81.83,40.46
488,44.87,78.14,48.15
502,45.28,77.66,47.52
506,45.75,78.06,46.9
475,45.28,77.66,48.15
2592,60.58,85.58,47.89
2743,59.42,85.78,47.96
2678,58.62,85.49,49.29
4289,53.36,83.7,40.46
2658,52.88,83.26,40.46
2487,57.37,84.97,43.75
2511,57.88,84.99,44.38
2903,58.5,85.01,44.07
2984,58.79,85.32,45.33
2715,59.57,85.58,46.61
3594,57.28,85.14,44.36
3651,56.9,85.14,44.35
3352,57.78,85.15,45
3286,58.37,85.15,45.33
2988,58.62,85.49,46.64
3704,56.35,85.13,44.36
2429,56.98,84.96,43.75
3862,56.34,85.13,43.71
3844,54.81,84.64,40.85
3675,55.62,84.93,41.17
4652,54.9,84.93,40.72
4049,53.83,84.06,40.66
4778,54.3,84.47,40.66
4740,54.73,85.13,40.96
4925,53.47,84.82,40.46
3046,55.62,84.93,41.82
2687,56.39,84.95,42.46
4491,54.75,85.13,41.72
4227,55.59,85.13,42.38
2437,56.39,84.94,43.11
4064,55.59,85.13,43.06
1484,58.72,79.14,50.1
1440,58.24,78.74,50.1
1445,57.36,78.82,50.1
2389,59.64,85.2,50.13
2153,60.49,84.36,50.13
1736,60.34,82.57,50.1
1599,60.23,81.24,50.1
1600,59.75,80.83,50.1
1603,59.27,80.43,50.1
1593,58.79,80.03,50.1
1281,56.72,76.66,50.1
1332,56.8,77.54,50.1
1402,56.88,78.42,50.1
369,44.36,77.74,49.4
433,44.87,78.14,48.77
426,43.64,81.98,50.31
442,43.69,81.73,50.19
677,43.72,79.93,49.95
379,43.82,79.52,50.1
630,43.83,80.41,50.13
476,43.85,81.29,50.17
286,44.01,79.05,50.1
419,43.58,81.64,50.43
417,43.92,79.84,50.3
549,44.04,80.69,50.31
375,44.16,81.45,50.32
278,44.35,79.4,50.3
306,44.06,78.22,49.84
290,44.39,78.59,50.1
373,44.47,78.61,49.4
325,44.11,79.09,49.84
490,44.17,79.97,49.4
519,43.93,80.48,49.86
485,43.92,82.02,49.82
477,43.93,81.36,49.9
511,44.23,80.86,49.4
517,44.27,81.74,49.4
461,43.96,82.27,50.05
395,44.55,79.5,49.4
434,44.16,79.98,49.85
4,49.27,78.31,60.74
4,49.32,78.25,60.74
5,49.33,78.34,60.67
4,49.33,78.38,60.74
5,49.38,78.31,60.68
8,49.46,78.35,60.74
4,48.85,77.89,60.51
4,48.96,77.89,60.51
4,48.9,77.9,60.46
4,48.4,77.89,60.53
4,48.51,77.89,60.53
4,48.63,77.9,60.53
4,48.74,77.89,60.55
4,48.79,77.9,60.46
4,48.74,77.89,60.5
3,49,78.29,60.68
3,48.94,78.34,60.73
3,48.89,78.41,60.74
3,48.84,78.33,60.65
3,48.89,78.38,60.67
3,48.88,78.28,60.67
3,48.78,78.41,60.66
3,48.84,78.46,60.74
3,48.79,78.53,60.74
3,48.79,78.5,60.64
3,48.76,78.18,60.68
3,48.82,78.23,60.67
3,48.71,78.24,60.66
3,48.78,78.28,60.66
3,48.54,78.2,60.67
3,48.6,78.24,60.66
3,48.49,78.26,60.66
3,48.55,78.29,60.65
3,48.55,78.33,60.67
3,48.66,78.28,60.65
3,48.66,78.33,60.67
3,48.72,78.36,60.66
3,48.61,78.37,60.66
3,48.67,78.42,60.65
4,48.86,78.06,60.61
4,48.91,78,60.53
4,48.81,78.12,60.61
4,48.79,77.94,60.47
4,48.64,78.06,60.66
4,48.61,78.09,60.66
4,48.67,78.08,60.66
4,48.64,78.11,60.66
4,48.74,77.96,60.53
4,48.69,78.02,60.61
4,48.85,77.97,60.45
4,48.8,78.01,60.53
4,48.75,78.07,60.61
4,48.7,78.13,60.68
4,48.59,78.14,60.68
3,48.65,78.19,60.67
4,48.58,78.03,60.61
4,48.47,78.04,60.61
4,48.52,77.98,60.61
4,48.46,77.94,60.53
4,48.53,78.09,60.61
4,48.63,77.95,60.59
4,48.66,77.97,60.59
4,48.6,77.98,60.59
4,48.63,78,60.59
4,48.68,77.93,60.53
4,48.57,77.94,60.53
4,48.41,77.99,60.53
4,48.92,78.11,60.61
4,48.98,78.16,60.68
3,48.87,78.17,60.61
3,48.93,78.22,60.68
4,49.04,78.21,60.67
4,49.09,78.28,60.68
4,49.16,78.34,60.74
4,49.16,78.31,60.68
3,49.05,78.35,60.74
3,49.05,78.31,60.68
3,48.99,78.27,60.66
3,49.11,78.38,60.74
4,49.19,78.04,60.61
4,49.14,78.1,60.68
4,49.25,78.09,60.68
4,49.2,78.15,60.75
4,49.09,78.15,60.68
4,49.15,78.21,60.74
4,49.26,78.2,60.75
4,49.21,78.28,60.69
4,49.08,78.05,60.61
4,48.97,78.05,60.53
4,49.03,78.11,60.61
4,49.02,77.99,60.53
4,48.96,77.96,60.46
4,49.01,77.9,60.46
4,49.08,77.89,60.51
4,49.18,77.89,60.51
4,49.29,77.89,60.51
4,49.4,77.89,60.51
4,49.46,77.88,60.53
15,49.76,78.22,60.74
18,49.82,78.26,60.73
21,49.88,78.33,60.74
18,49.77,78.32,60.73
14,49.71,78.28,60.68
14,49.64,78.33,60.74
10,49.54,78.29,60.74
11,49.64,78.12,60.75
13,49.7,78.17,60.74
11,49.59,78.18,60.74
11,49.65,78.24,60.69
4,49.36,78.08,60.68
6,49.42,78.14,60.75
4,49.31,78.14,60.68
5,49.37,78.19,60.75
7,49.48,78.18,60.75
6,49.43,78.24,60.74
4,49.4,77.92,60.53
5,49.46,77.96,60.61
6,49.52,78.01,60.68
7,49.58,78.06,60.68
5,49.41,78.02,60.61
6,49.47,78.07,60.68
7,49.53,78.12,60.68
4,49.3,78.03,60.61
4,49.13,77.98,60.53
4,49.07,77.95,60.46
4,49.24,77.98,60.53
4,49.18,77.95,60.46
4,49.29,77.94,60.47
4,49.35,77.97,60.53
22,49.98,78.2,60.75
21,49.93,78.25,60.74
16,49.86,78.1,60.75
16,49.81,78.16,60.75
19,49.92,78.15,60.75
18,49.87,78.2,60.75
9,49.74,77.99,60.69
9,49.69,78.05,60.69
12,49.8,78.04,60.68
12,49.75,78.1,60.68
7,49.68,77.94,60.61
6,49.57,77.95,60.61
7,49.63,78,60.61
5,49.57,77.88,60.56
6,49.62,77.9,60.61
5,49.51,77.91,60.53
24,50.08,78.08,60.75
23,50.03,78.14,60.75
15,49.96,77.97,60.68
15,49.91,78.03,60.69
19,50.02,78.02,60.69
19,49.97,78.08,60.69
10,49.9,77.92,60.61
7,49.73,77.9,60.55
8,49.79,77.93,60.61
11,49.85,77.98,60.61
6,49.84,77.88,60.61
24,50.18,77.95,60.68
12,49.95,77.89,60.55
17,50.01,77.91,60.61
21,50.12,77.9,60.61
26,50.34,77.89,60.61
24,50.23,77.9,60.61
26,50.29,77.94,60.61
26,50.24,78,60.69
20,50.07,77.96,60.6
24,50.13,78.01,60.68
3,48.35,78.51,60.74
3,48.44,78.32,60.61
3,48.39,78.39,60.66
3,48.5,78.37,60.6
3,48.45,78.44,60.65
3,48.56,78.41,60.58
3,48.51,78.46,60.58
3,48.51,78.5,60.63
3,48.47,78.58,60.73
3,48.14,78.7,60.72
3,48.73,78.47,60.64
3,48.68,78.58,60.73
3,48.62,78.45,60.57
3,48.62,78.49,60.63
3,48.57,78.53,60.61
3,48.8,78.65,60.73
3,48.25,78.62,60.73
3,48.6,78.64,60.72
4,47.96,77.9,60.45
4,48.07,77.9,60.46
4,48.13,77.9,60.51
4,48.18,77.9,60.46
4,48.25,77.9,60.51
4,48.35,77.9,60.51
4,47.76,78.16,60.61
4,47.71,78.22,60.61
4,47.65,78.27,60.67
4,47.82,78.21,60.61
3,47.88,78.26,60.67
3,47.94,78.3,60.66
3,47.82,78.33,60.68
3,47.78,78.44,60.74
3,47.72,78.35,60.68
4,47.72,78.3,60.65
3,47.89,78.34,60.65
3,47.89,78.39,60.67
3,47.67,78.4,60.67
4,47.77,78.27,60.61
3,47.84,78.31,60.66
3,48.32,78.22,60.61
3,48.38,78.27,60.61
3,48.27,78.28,60.61
3,48.22,78.35,60.67
3,48.28,78.4,60.65
3,48.33,78.33,60.6
3,48.1,78.24,60.67
3,48.05,78.3,60.67
3,48.15,78.28,60.66
3,48.1,78.34,60.66
4,48.2,78.12,60.61
3,48.15,78.18,60.61
3,48.26,78.17,60.61
3,48.21,78.23,60.61
3,48.12,78.52,60.74
3,48.17,78.41,60.66
3,48.23,78.46,60.65
3,48.02,78.64,60.73
3,48.01,78.35,60.65
3,48.06,78.38,60.65
3,48.06,78.43,60.67
3,47.9,78.54,60.74
3,48.01,78.48,60.65
3,47.95,78.42,60.66
4,48.42,78.1,60.61
4,48.48,78.15,60.61
3,48.37,78.16,60.61
3,48.43,78.21,60.61
4,48.3,78,60.53
4,48.24,77.97,60.46
4,48.35,77.96,60.46
4,48.25,78.06,60.53
4,48.36,78.05,60.53
4,48.31,78.11,60.53
4,47.98,78.14,60.61
3,47.93,78.2,60.61
3,48.04,78.19,60.61
3,47.99,78.25,60.61
4,48.08,78.02,60.53
4,48.03,78.08,60.53
4,48.14,78.07,60.53
4,48.09,78.13,60.53
4,48.19,78.01,60.45
4,48.13,77.97,60.45
4,48.02,77.97,60.45
4,47.96,77.97,60.39
4,47.91,77.98,60.45
4,47.86,78.04,60.53
4,47.81,78.1,60.53
4,47.97,78.03,60.45
4,47.92,78.09,60.53
4,47.87,78.15,60.53
3,47.81,78.7,60.72
3,47.8,78.63,60.6
2,47.92,78.76,60.72
4,47.48,78.31,60.66
4,47.6,78.33,60.66
3,47.56,78.47,60.65
3,47.68,78.57,60.63
4,47.36,78.66,60.73
3,47.46,78.58,60.62
4,47.24,78.6,60.61
3,47.58,78.65,60.6
3,47.59,78.72,60.72
4,47.14,78.68,60.59
4,47.15,78.75,60.72
3,47.7,78.78,60.72
2,47.82,78.88,60.71
2,46.17,79.97,60.71
2,45.92,80.02,60.66
4,47.16,78.94,60.71
4,47.28,79.04,60.7
4,47.18,79.15,60.7
4,47.06,79.05,60.7
4,46.75,79.52,60.7
3,46.49,79.77,60.71
6,47.35,77.9,60.45
6,47.24,77.9,60.45
7,47.19,77.9,60.43
5,47.57,77.9,60.46
6,47.46,77.9,60.46
6,47.42,77.9,60.43
5,47.85,77.9,60.45
5,47.63,77.9,60.44
5,47.74,77.9,60.45
7,47.02,77.91,60.38
7,47.13,77.92,60.38
8,46.91,77.91,60.37
8,46.98,77.92,60.36
8,46.8,77.92,60.37
9,46.75,77.93,60.36
9,46.68,77.92,60.37
10,46.41,77.91,60.41
9,46.53,77.92,60.38
12,46.21,77.9,60.4
7,46.68,78.52,60.53
5,46.93,78.77,60.72
5,46.92,78.7,60.58
6,46.81,78.61,60.51
5,46.82,78.85,60.71
4,47.04,78.84,60.71
5,46.94,78.95,60.7
5,46.72,78.97,60.7
5,46.61,79.09,60.7
5,46.84,79.07,60.7
5,46.73,79.19,60.7
10,46.15,78.91,60.53
14,46.08,78.81,60.42
17,46.03,78.82,60.29
17,45.91,78.92,60.25
8,46.58,78.6,60.52
10,46.34,78.66,60.52
7,46.59,78.69,60.58
8,46.37,78.67,60.61
6,46.48,78.78,60.72
6,46.41,78.89,60.72
8,46.35,78.89,60.6
10,46.25,78.79,60.53
7,46.7,78.76,60.55
6,46.59,78.87,60.71
6,46.49,78.99,60.71
12,46.2,78.13,60.41
10,46.32,78.23,60.41
12,46.11,78.25,60.41
16,46.06,78.35,60.26
11,46.22,78.35,60.41
13,46.08,78.03,60.41
13,45.99,77.93,60.42
13,46.02,78.14,60.41
10,46.44,78.33,60.41
11,46.34,78.45,60.41
9,46.56,78.43,60.41
10,46.46,78.55,60.41
13,46.24,78.57,60.41
16,46.1,78.58,60.29
14,46.14,78.69,60.41
17,46.13,78.47,60.26
16,45.94,77.96,60.24
17,45.96,78.16,60.25
19,45.99,78.33,60.1
18,46.04,78.7,60.24
20,46.03,78.49,60.1
7,46.28,79.23,60.6
5,46.51,79.32,60.71
4,46.21,79.57,60.72
9,46.27,79.01,60.52
8,46.35,79.12,60.5
7,46.43,79.11,60.56
12,46.1,79.03,60.42
9,46.17,79.13,60.52
7,46.28,79.22,60.51
6,46.11,79.35,60.61
2,46.15,79.79,60.55
13,46.03,79.03,60.3
6,46.03,79.34,60.49
3,46.08,79.78,60.49
8,45.91,79.14,60.27
5,45.91,79.59,60.58
4,45.92,79.35,60.27
2,45.93,79.81,60.32
11,46.31,78.01,60.41
10,46.42,78.11,60.41
15,46.17,77.96,60.26
5,47,78.39,60.56
6,46.88,78.24,60.53
5,46.94,78.29,60.53
6,46.83,78.3,60.53
5,46.89,78.35,60.53
6,46.78,78.41,60.56
5,46.91,78.5,60.54
9,46.54,78.21,60.41
7,46.76,78.19,60.41
8,46.66,78.31,60.41
8,46.65,78.09,60.41
11,46.53,78.04,60.28
4,47.12,78.49,60.54
5,47.02,78.59,60.52
5,47.1,78.22,60.53
5,47.05,78.28,60.53
5,47.16,78.27,60.53
5,47.11,78.33,60.53
5,47.2,78.1,60.45
5,47.15,78.16,60.45
6,46.98,78.12,60.45
6,47.04,78.17,60.45
6,46.93,78.18,60.45
6,46.99,78.23,60.45
7,47.03,78.06,60.37
6,47.14,78.05,60.37
6,47.09,78.11,60.37
7,47.08,78,60.37
8,46.96,78.02,60.29
9,46.75,78.03,60.29
7,46.86,78.02,60.37
7,46.92,78.07,60.37
7,46.81,78.08,60.37
7,46.87,78.13,60.37
4,47.54,78.18,60.61
4,47.6,78.23,60.61
4,47.49,78.24,60.61
4,47.55,78.29,60.61
5,47.42,78.08,60.53
4,47.48,78.13,60.53
5,47.37,78.14,60.53
4,47.43,78.19,60.53
6,47.24,77.97,60.39
6,47.35,77.96,60.39
6,47.3,77.98,60.45
5,47.36,78.03,60.45
5,47.25,78.04,60.45
5,47.31,78.09,60.45
6,47.19,78,60.38
4,47.64,78.06,60.53
4,47.59,78.12,60.53
4,47.7,78.11,60.53
4,47.65,78.17,60.53
5,47.58,78.01,60.45
5,47.47,78.02,60.45
5,47.53,78.07,60.45
5,47.52,77.97,60.45
6,47.41,77.99,60.38
5,47.63,77.98,60.39
5,47.69,78,60.45
5,47.74,77.97,60.39
5,47.85,77.97,60.39
4,47.8,77.99,60.45
4,47.75,78.05,60.45
5,47.26,78.15,60.45
4,47.32,78.2,60.53
4,47.38,78.25,60.53
5,47.21,78.21,60.45
4,47.27,78.26,60.53
4,47.33,78.31,60.53
4,47.44,78.35,60.57
4,47.22,78.37,60.56
4,47.34,78.47,60.55
29,50.56,77.88,60.61
28,50.53,77.88,60.59
28,50.21,78.23,60.74
29,50.25,78.12,60.75
30,50.31,78.17,60.74
26,50.19,78.06,60.68
26,50.14,78.13,60.75
25,50.09,78.19,60.74
32,50.43,78.27,60.74
31,50.3,78.28,60.74
24,50.04,78.25,60.74
24,49.99,78.32,60.68
26,50.1,78.31,60.74
31,50.42,78.16,60.74
31,50.37,78.23,60.68
28,50.3,78.05,60.68
30,50.36,78.1,60.68
32,50.48,78.21,60.74
33,50.54,78.28,60.74
32,50.76,78.26,60.74
32,50.65,78.2,60.75
32,50.58,78.09,60.75
32,50.53,78.15,60.75
31,50.52,78.03,60.69
30,50.47,78.09,60.68
27,50.45,77.9,60.55
28,50.4,77.93,60.61
29,50.46,77.98,60.61
28,50.35,77.99,60.61
29,50.41,78.04,60.61
32,50.96,78,60.76
32,50.96,77.99,60.79
32,50.73,77.9,60.76
31,50.78,77.85,60.76
32,50.84,77.86,60.81
32,50.85,78,60.76
32,50.85,77.96,60.8
30,50.68,77.88,60.61
31,50.73,77.9,60.68
32,50.85,78.03,60.75
30,50.78,77.86,60.68
32,50.87,78.18,60.74
32,50.75,78.09,60.75
32,50.74,77.97,60.74
31,50.68,77.96,60.68
31,50.63,78.02,60.69
30,50.57,77.97,60.61
30,50.62,77.92,60.61
30,50.68,77.89,60.55
29,50.51,77.94,60.53
32,51.33,77.83,60.82
31,51.38,77.85,60.83
32,51.19,78,60.77
32,51.19,77.98,60.79
31,50.94,77.83,60.82
33,51.17,77.84,60.82
32,51.07,78,60.76
33,51.07,77.93,60.81
32,51.07,78.02,60.75
32,50.95,77.86,60.73
30,51.67,77.88,60.83
30,51.51,77.96,60.8
30,51.51,78,60.77
31,51.45,77.89,60.82
32,51.56,77.85,60.81
31,51.56,77.91,60.81
32,51.51,77.84,60.81
31,51.68,77.86,60.81
31,51.78,77.86,60.81
30,51.73,77.89,60.8
29,51.73,77.96,60.8
31,51.72,77.83,60.82
31,51.61,77.85,60.77
31,51.83,77.82,60.85
29,51.84,77.9,60.82
29,51.94,77.82,60.85
29,52.05,77.81,60.86
31,51.83,77.83,60.82
31,51.83,77.8,60.84
30,51.94,77.8,60.84
30,52.05,77.8,60.84
31,51.78,77.8,60.83
31,51.72,77.8,60.84
32,51.5,77.8,60.84
32,51.61,77.81,60.77
32,51.4,77.8,60.84
32,51.33,77.8,60.84
33,51.26,77.86,60.83
32,51.16,77.8,60.84
27,50.73,77.82,60.59
29,50.95,77.81,60.72
27,50.79,77.82,60.61
4,48.85,77.82,60.45
4,48.96,77.82,60.45
4,48.46,77.83,60.52
4,48.57,77.83,60.53
4,48.68,77.83,60.53
4,48.74,77.82,60.44
4,49.07,77.82,60.45
4,49.18,77.82,60.45
4,49.29,77.82,60.46
4,49.4,77.82,60.46
6,49.62,77.83,60.6
5,49.56,77.83,60.56
5,49.51,77.83,60.53
6,49.84,77.82,60.6
6,49.73,77.83,60.54
10,49.95,77.83,60.54
13,50.02,77.83,60.59
24,50.34,77.82,60.6
17,50.12,77.83,60.59
21,50.23,77.83,60.6
5,47.91,77.82,60.44
5,47.96,77.82,60.39
5,48.03,77.82,60.43
4,48.13,77.82,60.45
4,48.24,77.82,60.45
4,48.35,77.82,60.45
7,47.35,77.82,60.39
7,47.24,77.82,60.39
7,47.3,77.82,60.44
8,47.19,77.82,60.37
6,47.52,77.82,60.44
7,47.41,77.82,60.37
5,47.85,77.82,60.39
5,47.8,77.82,60.42
6,47.63,77.82,60.38
5,47.74,77.82,60.39
8,47.08,77.82,60.36
10,46.95,77.83,60.28
11,46.75,77.83,60.28
11,46.32,77.83,60.38
12,46.53,77.83,60.26
16,46.15,77.83,60.26
15,45.98,77.82,60.26
17,45.88,77.92,60.1
18,45.89,78.13,60.1
20,45.9,78.34,59.97
20,45.91,78.68,60.11
21,45.91,78.47,59.94
24,50.45,77.83,60.54
27,50.68,77.83,60.54
26,50.61,77.83,60.6
24,50.51,77.83,60.53
2,43.53,78.08,52.45
2,43.53,78.55,53.12
229,44.99,75.89,50.3
409,54.14,72.44,50.3
907,54.29,74.21,50.3
217,45.24,73.22,50.3
224,45.38,74.97,50.3
223,47.07,73.06,50.3
232,48.85,72.91,50.3
241,50.61,72.75,50.3
227,52.38,72.6,50.3
1279,56.57,74.89,50.3
1392,55.69,74.97,50.3
1353,54.81,75.05,50.3
523,53.93,75.13,50.3
1786,58.72,79.15,50.3
1737,58.24,78.74,50.3
1747,57.36,78.82,50.3
2526,58.62,85.42,50.12
2431,59.52,85.36,50.31
2252,60.44,84.47,50.31
2022,60.33,82.61,50.3
1899,60.23,81.25,50.3
1897,59.75,80.84,50.3
1899,59.27,80.44,50.3
1894,58.79,80.03,50.3
1359,56.65,75.78,50.3
1451,56.72,76.66,50.3
1558,56.8,77.54,50.3
1681,56.88,78.42,50.3
350,44.72,76.37,49.4
440,45.2,76.78,48.77
483,45.68,77.18,48.15
291,44.31,76.85,49.84
286,44.72,76.37,49.84
254,44.65,76.37,50.1
273,44.73,77.25,50.1
231,44.54,76.36,50.3
280,44.81,78.95,50.3
244,44.63,77.23,50.3
261,44.71,78.09,50.3
1225,58.72,79.14,49.84
1217,58.24,78.74,49.84
1211,57.36,78.82,49.84
2029,60.48,84.33,49.86
1365,60.34,82.55,49.84
1189,60.23,81.23,49.84
1208,59.75,80.83,49.84
1224,59.27,80.43,49.84
1239,58.79,80.02,49.84
1180,56.72,76.66,49.84
1193,56.8,77.54,49.84
1204,56.88,78.42,49.84
1091,56.17,75.37,49.4
997,55.77,75.85,48.77
1070,56.24,76.25,49.4
947,55.84,76.73,48.77
1040,56.32,77.13,49.4
885,55.92,77.61,48.77
996,56.4,78.02,49.4
280,45.12,75.9,49.84
360,45.6,76.3,49.4
440,46.08,76.7,48.77
522,54.14,72.45,49.84
972,54.29,74.21,49.84
244,45.33,73.22,49.84
266,45.49,74.98,49.84
265,47.09,73.06,49.84
281,48.85,72.91,49.84
278,50.61,72.75,49.84
255,52.38,72.6,49.84
1244,55.69,74.97,49.84
1264,54.81,75.05,49.84
723,53.93,75.13,49.84
555,53.33,73.4,49.08
615,53.45,74.72,49.4
695,53.45,74.72,48.77
480,53.05,75.2,49.4
566,53.05,75.2,48.77
422,51.36,76.24,46.9
476,52.53,74.36,47.83
440,52.24,76.16,48.15
495,52.65,75.68,48.15
448,52.24,76.16,47.52
494,52.65,75.68,47.52
433,51.74,75.31,46.59
412,50.88,75.84,46.9
356,46.29,74.02,49.08
504,46.81,74.86,48.15
509,47.21,74.38,48.15
508,47.69,74.78,48.15
509,48.17,75.19,47.52
504,47.28,75.26,48.15
513,47.76,75.67,47.52
437,46.96,76.62,48.77
490,47.36,76.14,48.15
395,46.44,75.78,49.08
294,51.57,73.56,49.08
351,49.81,73.71,49.08
372,48.05,73.87,49.08
398,49.93,75.03,47.52
360,50.77,74.51,47.83
382,50.41,75.43,47.52
463,49.01,74.67,47.83
472,48.64,75.59,47.52
416,49.52,75.51,47.52
415,49.12,75.99,46.9
479,48.24,76.07,47.52
419,48.72,76.47,46.9
472,47.84,76.55,48.15
420,50.96,76.72,46.9
392,50,75.91,47.52
408,49.6,76.39,46.9
415,50.48,76.31,46.9
444,50.09,76.79,46.27
403,49.2,76.87,46.9
1197,55.29,75.45,49.4
1088,54.41,75.53,49.4
632,53.53,75.6,49.4
1075,54.88,75.93,48.77
881,54,76.01,48.77
570,53.12,76.08,48.77
264,45.57,76.29,50.1
1185,56.17,75.37,49.84
342,53.35,73.4,50.1
363,53.45,74.72,50.1
315,53.05,75.2,50.1
240,46.27,74.02,50.1
262,46.43,75.78,50.1
255,48.05,73.87,50.1
270,49.81,73.71,50.1
253,51.59,73.56,50.1
1253,56.17,75.37,50.1
1394,55.29,75.45,50.1
1117,54.41,75.53,50.1
423,53.53,75.6,50.1
1193,56.24,76.25,49.84
1284,56.24,76.25,50.1
871,48.09,79.34,42.52
934,48.55,79.6,41.89
684,53.41,79.38,42.36
620,53.65,79.59,42.36
735,53.16,79.22,42.36
767,52.91,79.1,42.36
857,48.91,79.08,42.52
869,49.34,78.88,42.64
786,52.49,79.03,42.36
741,52.49,79.04,42.68
809,52.24,78.86,42.36
771,52.24,78.87,42.68
831,49.82,79,42.52
795,51.96,78.4,42.52
833,51.17,78.48,42.5
842,50.48,78.78,42.54
768,53.21,79.62,41.74
696,53.45,79.83,41.74
699,53.21,79.62,42.05
633,53.45,79.83,42.05
945,53.01,79.86,41.11
893,53.25,80.06,41.11
849,53.01,79.86,41.43
785,53.25,80.06,41.43
1007,52.81,80.1,40.87
971,53.05,80.3,40.87
1186,52.23,81.04,40.46
1064,52.63,80.56,40.66
827,52.97,79.42,41.74
758,52.97,79.42,42.05
869,52.73,79.22,41.74
806,52.73,79.22,42.05
984,52.77,79.66,41.11
902,52.77,79.66,41.43
1008,52.53,79.46,41.11
938,52.53,79.46,41.43
1042,52.57,79.9,40.87
1061,52.33,79.7,40.87
1223,51.75,80.64,40.46
1110,52.15,80.16,40.66
1277,50.87,80.72,40.46
1185,50.39,80.32,40.65
934,48.97,79.29,41.89
1060,49.43,79.52,41.27
1142,49.91,79.9,40.85
886,52.29,79.26,41.74
820,52.29,79.26,42.05
910,52.05,79.06,41.74
849,52.05,79.06,42.05
1026,52.09,79.5,41.11
962,52.09,79.5,41.43
1039,51.85,79.3,41.11
984,51.85,79.3,41.43
1149,51.27,80.24,40.66
1086,51.67,79.76,40.87
895,51.6,78.88,41.9
944,50.85,78.77,41.81
1113,50.78,79.83,40.86
1027,51.19,79.36,41.27
914,49.86,79.17,41.88
1041,50.31,79.43,41.27
905,50.68,79.03,41.91
787,48.08,79.34,43.15
617,53.87,78.88,43.6
526,54.06,79.08,43.61
570,53.88,78.88,43.9
578,53.86,79.08,43.3
533,54.06,79.24,43.3
583,53.65,79.59,42.68
568,53.85,79.36,42.99
641,53.41,79.39,42.68
610,53.6,79.25,42.99
745,48.07,79.08,43.76
769,48.89,78.88,43.75
814,49.35,78.88,43.14
780,48.88,79.08,43.14
750,49.74,78.82,43.74
754,49.86,79.02,43.14
633,53.63,78.88,43.6
590,53.64,78.87,43.89
688,53.16,79.23,42.67
601,53.6,79.08,43.3
681,53.23,79.04,42.99
697,53.29,78.85,43.3
712,53,78.79,43.29
722,52.9,79.11,42.67
705,52.91,78.97,42.99
674,52.69,78.63,43.72
696,52.48,79.04,42.99
685,52.64,78.84,43.3
739,52.15,78.72,43
701,52.41,78.7,43.3
722,52.23,78.86,42.99
746,50.35,78.64,43.71
767,50.49,78.8,43.14
649,50.83,78.31,43.75
753,51.17,78.48,43.13
634,51.53,77.99,43.78
663,52.24,78.27,43.75
729,51.93,78.41,43.13
594,47.55,78.92,45.08
646,48.11,78.82,44.85
661,48.08,79.07,44.37
704,48.9,78.86,44.32
579,49.29,78.7,44.98
676,49.67,78.77,44.29
448,50.02,78.32,44.85
445,49.96,78.55,44.75
642,50.29,78.59,44.19
534,50.4,78.46,44.29
584,50.19,78.78,44.46
492,50.44,78.48,44.56
480,50.37,77.67,45.18
479,50.34,78.02,44.84
502,50.8,78.11,44.56
545,50.75,78.36,44.18
497,51.04,77.6,45.02
504,51.93,77.52,45.01
447,52.63,77.46,45.14
431,52.69,77.88,44.81
435,53.04,78.23,44.85
553,51.52,78,44.4
502,52.23,77.93,44.54
602,52.35,78.29,44.24
630,52.71,78.41,44.35
612,52.82,78.59,44.24
494,54.06,79.08,43.92
458,54.67,79.07,44.39
482,53.88,78.85,44.32
467,54.7,78.8,44.88
506,46.64,77.98,46.27
523,47.05,78.43,45.83
530,47.14,78.8,45.61
535,47.62,78.76,45.5
590,48.12,78.68,45.3
603,55.45,77.21,46.41
562,55.16,77.43,46.02
556,54.82,77.43,46.05
579,55.47,77.54,46.2
575,55.04,77.32,46.13
551,54.78,77.66,46
513,54.63,78.05,45.73
555,55.11,77.73,45.96
526,54.95,78.1,45.78
496,54.28,78.37,45.56
492,54.33,78.59,45.39
539,47.33,77.89,45.93
519,47.04,77.67,46.21
507,47.04,77.43,46.42
531,48.27,78.19,45.76
512,47.64,78.53,45.75
535,47.72,77.92,45.89
549,47.98,78.17,45.72
527,48.5,78.4,45.64
563,48.44,78.6,45.45
458,47.92,77.38,46.41
496,47.87,77.65,46.25
398,48.79,77.35,46.4
511,48.45,77.79,45.94
521,48.13,77.78,46.01
524,48.39,77.43,46.02
471,48.36,77.37,46.12
512,49.22,78.57,45.27
487,48.85,78.18,45.79
476,49.24,78.36,45.43
416,48.82,77.63,46.18
413,49.18,77.43,45.97
429,49.38,77.79,45.87
446,49.79,78.31,45.15
437,49.63,78.11,45.55
442,49.67,78.4,45.27
456,49.91,78.14,45.37
421,49.63,77.27,46.41
441,49.87,77.25,46.17
434,49.67,77.58,46.14
460,50.19,77.69,45.66
433,53.24,78.47,45.03
500,54.27,77.27,45.83
501,54.46,77.64,45.72
536,54.59,77.52,45.94
545,54.56,77.43,46.03
469,53.88,78.1,45.48
505,54.13,77.47,45.84
507,54.13,77.74,45.81
446,50.56,77.19,46.27
559,54.07,76.9,46.41
519,53.77,77.2,46.12
480,53.48,77.27,46
503,53.76,77.42,45.99
471,53.11,76.96,46.21
502,53.33,76.97,46.44
441,51.44,77.12,46.27
439,52.32,77.04,46.27
453,53.34,77.37,45.78
450,53.1,77.42,45.83
481,53.65,77.6,45.84
427,53.26,78.13,45.18
438,53.13,77.85,45.41
453,53.43,77.8,45.55
445,53.4,78.18,45.31
467,51.04,77.6,45.65
448,51.92,77.52,45.65
433,52.77,77.44,45.64
507,54.37,80.19,42.36
525,54.61,80.39,42.36
509,54.61,80.39,42.68
497,54.37,80.19,42.68
541,53.69,80.03,42.36
518,53.69,80.03,42.68
508,53.93,80.23,42.36
494,53.93,80.23,42.68
2120,52.79,82.34,40.46
1104,53.19,81.85,40.66
529,54.17,80.43,41.74
587,53.97,80.67,41.43
505,54.17,80.43,42.05
525,54.41,80.63,41.74
569,54.21,80.87,41.43
510,54.41,80.63,42.05
772,53.59,81.37,40.87
646,53.77,80.91,41.11
578,53.77,80.91,41.43
960,54.01,81.11,41.11
560,54.01,81.11,41.43
1150,52.31,81.93,40.46
616,53.49,80.27,41.74
566,53.73,80.47,41.74
562,53.49,80.27,42.05
525,53.73,80.47,42.05
842,53.29,80.51,41.11
723,53.29,80.51,41.43
792,53.53,80.71,41.11
664,53.53,80.71,41.43
1095,52.71,81.45,40.66
957,53.11,80.96,40.87
495,54.61,80.39,42.99
486,54.37,80.19,42.99
483,54.57,79.95,43.3
478,54.77,79.71,43.61
491,54.81,80.15,43.3
485,55.01,79.91,43.61
491,54.13,79.99,42.99
512,53.89,79.79,42.99
502,54.09,79.55,43.3
488,54.29,79.33,43.61
485,54.33,79.75,43.3
478,54.53,79.51,43.61
483,53.93,80.23,42.99
500,53.69,80.03,42.99
468,54.53,79.51,43.93
473,54.29,79.33,43.93
463,54.3,79.07,44.28
461,54.69,79.29,44.42
474,55.01,79.91,43.93
469,54.77,79.71,43.93
473,55.61,79.17,45.07
463,55.19,79.48,44.4
472,55.16,79.02,44.87
572,55.55,78.09,46.25
541,54.83,78.57,45.87
545,55.16,78.4,45.86
542,55.34,78.67,45.88
531,55.11,78.87,45.78
504,54.71,78.83,45.44
558,56,78.48,46.25
535,55.67,78.71,45.84
515,55.6,79.05,45.66
798,58.72,79.14,48.77
953,58.72,79.14,49.4
805,58.24,78.74,48.77
779,57.36,78.82,48.77
964,58.24,78.74,49.4
946,57.36,78.82,49.4
939,56.48,78.9,49.4
2585,59.55,85.58,49.18
2452,60.61,85.37,49.08
2491,58.78,85.26,49.97
2330,59.74,85.07,49.87
1686,60.5,84.31,49.08
898,59.27,80.43,49.4
861,60.34,82.55,49.08
825,60.19,80.79,49.08
909,58.79,80.02,49.4
667,55.35,81.21,42.52
533,54.65,80.83,42.36
581,54.89,81.03,42.36
550,54.89,81.03,42.68
516,54.65,80.83,42.68
3633,53.74,83.14,40.66
3688,54.14,82.65,40.87
2600,54.54,82.17,41.27
680,54.95,81.69,41.9
1523,53.26,82.74,40.66
1676,53.66,82.25,40.87
1760,54.06,81.77,41.27
537,54.47,81.29,41.9
813,55.9,82.49,42.52
840,55.98,83.38,42.52
1073,56.06,84.3,42.52
711,55.42,82.09,42.52
3479,54.7,83.93,40.87
1666,55.1,83.45,41.27
890,55.5,82.97,41.9
1681,55.18,84.34,41.27
1425,55.64,84.64,41.9
1067,55.58,83.85,41.9
3460,54.22,83.53,40.87
2165,54.62,83.05,41.27
873,55.02,82.57,41.9
670,56.4,78.02,47.52
607,56,78.49,46.9
527,54.89,81.03,42.99
501,54.65,80.83,42.99
507,54.89,81.03,43.3
487,54.65,80.83,43.3
520,55.09,80.79,43.3
498,54.85,80.59,43.3
492,55.05,80.35,43.61
511,55.29,80.55,43.61
492,55.29,80.55,43.93
478,55.05,80.35,43.93
500,55.49,80.31,43.93
484,55.25,80.11,43.93
477,55.67,79.85,44.4
471,56.07,79.38,45.02
573,55.35,81.21,43.15
540,55.75,80.73,43.77
505,56.15,80.25,44.4
483,56.55,79.78,45.02
486,56.55,79.78,45.65
529,56.95,79.3,46.27
541,56.48,78.9,46.27
497,56.07,79.37,45.64
703,55.9,82.49,43.15
617,55.42,82.09,43.15
759,55.98,83.38,43.15
1009,56.55,84.6,43.77
869,56.06,84.3,43.15
717,56.94,84.18,43.77
797,56.46,83.78,43.15
992,57.42,84.56,44.39
1568,57.01,84.77,44.39
1620,57.92,84.78,45.02
571,55.83,81.61,43.77
528,56.23,81.14,44.4
569,56.71,81.54,44.4
496,56.63,80.66,45.02
514,57.51,80.58,45.65
613,58.31,79.62,46.9
689,58.72,79.14,47.52
725,58.72,79.14,48.15
725,58.24,78.74,48.15
493,57.03,80.18,45.65
532,57.43,79.7,46.27
600,57.83,79.22,46.9
681,58.24,78.74,47.52
634,57.36,78.82,47.52
562,56.95,79.3,46.9
635,56.3,82.02,43.77
835,56.82,82.86,42.83
2147,59.76,85.08,46.58
2411,60.61,85.37,47.84
716,57.78,83.66,44.08
1169,58.64,84.35,45.33
1830,59.18,84.79,46.58
737,59.67,79.95,48.15
715,59.67,79.95,47.52
701,59.19,79.54,47.52
729,59.19,79.54,48.15
748,59.27,80.43,48.77
749,58.79,80.02,48.77
623,58.79,80.02,46.27
648,59.27,80.43,46.27
656,59.27,80.43,46.9
632,58.79,80.02,46.9
548,57.91,80.1,46.27
679,57.63,81.9,44.08
524,57.11,81.06,45.02
587,58.43,80.94,45.33
1242,60.5,84.31,47.83
618,58.58,82.7,45.33
666,59.54,83.51,46.58
632,59.39,81.75,46.58
694,60.34,82.55,47.83
727,60.19,80.79,47.83
689,57.36,78.82,48.15
646,56.88,78.42,47.52
581,56.48,78.9,46.9
708,56.88,78.42,48.15
772,56.48,78.9,48.77
739,56.4,78.02,48.15
814,56,78.49,48.77
484,46.16,77.58,47.52
476,46.64,77.98,46.9
741,55.84,76.73,47.52
648,55.44,77.21,46.9
704,55.92,77.61,47.52
630,55.53,78.1,46.9
765,55.36,76.33,47.52
652,54.96,76.81,46.9
582,54.56,77.28,46.41
542,54.17,77.35,46.12
489,46.56,77.1,47.52
472,47.04,77.5,46.9
475,47.44,77.02,47.52
432,47.91,77.43,46.9
437,48.32,76.95,47.52
396,48.79,77.37,46.89
405,49.26,77.55,46.43
739,54.48,76.41,47.52
628,53.6,76.49,47.52
502,52.72,76.56,47.52
420,51.84,76.64,47.52
605,54.08,76.89,46.9
520,53.2,76.96,46.9
449,52.32,77.04,46.9
421,51.44,77.12,46.9
840,55.84,76.73,48.15
788,55.92,77.61,48.15
893,55.36,76.33,48.15
481,46.56,77.1,48.15
471,47.44,77.02,48.15
886,54.48,76.41,48.15
693,53.6,76.49,48.15
508,52.72,76.56,48.15
308,44.36,77.73,49.84
292,44.81,78.12,50.1
367,44.8,77.26,49.4
442,45.28,77.66,48.77
1179,47.75,80.55,41.27
1281,48.23,80.95,40.87
1353,48.7,81.35,40.66
1437,49.19,81.75,40.46
1125,48.15,80.07,41.27
1223,48.63,80.47,40.87
1282,49.11,80.87,40.66
1372,49.58,81.27,40.46
1078,49.03,79.99,41.27
1176,49.51,80.39,40.87
1232,49.99,80.79,40.66
1330,50.47,81.2,40.46
889,47.67,79.66,42.52
946,48.15,80.07,41.9
807,47.19,79.36,43.78
810,47.67,79.66,43.15
678,46.67,79.01,45.08
637,47.26,78.95,44.88
718,47.18,79.35,44.4
521,46.23,78.46,46.27
582,46.73,78.99,45.6
539,46.69,78.74,45.79
715,44.11,79.09,47.52
793,44.17,79.97,47.52
809,44.25,80.85,47.52
598,44.38,82.62,47.52
729,44.28,81.74,47.52
637,44.11,79.09,48.15
668,44.17,79.97,48.15
737,44.25,80.85,48.15
541,44.38,82.62,48.15
706,44.29,81.74,48.14
467,44.55,79.5,48.77
531,44.63,80.38,48.77
688,44.78,82.14,48.77
672,44.7,81.26,48.77
556,44.47,78.61,48.15
425,44.95,79.02,48.77
630,44.47,78.61,47.52
495,45.35,78.54,47.52
858,44.25,80.85,46.9
956,44.38,82.62,46.9
817,44.29,81.74,46.9
951,44.25,80.85,46.27
1326,44.38,82.62,46.27
1073,44.29,81.74,46.27
936,44.63,80.38,46.9
830,44.55,79.5,46.9
1011,44.63,80.38,46.27
936,44.55,79.5,46.27
678,44.95,79.02,46.9
519,45.83,78.94,46.9
821,44.95,79.02,46.27
617,45.83,78.94,46.27
1280,44.7,81.26,45.65
1428,44.7,81.26,45.02
1515,44.78,82.14,45.02
1545,44.86,83.02,45.02
1462,44.78,82.14,45.65
1541,44.86,83.02,45.65
1220,45.11,80.78,45.65
1080,45.03,79.9,45.65
1326,45.11,80.78,45.02
1171,45.03,79.9,45.02
1042,45.43,79.42,45.02
809,46.31,79.34,45.02
947,45.43,79.42,45.65
711,46.31,79.34,45.65
1456,45.18,81.66,44.4
1439,45.18,81.66,43.77
1472,45.26,82.54,44.4
1517,45.34,83.42,44.4
1445,45.26,82.54,43.77
1499,45.34,83.42,43.77
1356,45.58,81.18,44.4
1261,45.51,80.3,44.4
1339,45.58,81.18,43.77
1293,45.51,80.3,43.77
1094,45.91,79.82,44.4
845,46.79,79.74,44.4
1135,45.91,79.82,43.77
900,46.79,79.72,43.76
1340,45.66,82.06,43.15
1385,45.66,82.06,42.52
1426,46.14,82.46,41.9
1522,45.82,83.82,43.15
1382,45.74,82.94,43.15
1558,45.82,83.82,42.52
1425,45.74,82.94,42.52
1550,46.22,83.34,41.9
1203,45.99,80.7,43.15
1221,46.06,81.58,43.15
1078,46.39,80.22,43.15
881,47.27,80.14,43.15
991,47.75,80.55,41.9
1108,46.39,80.22,42.52
1123,46.87,80.62,41.9
937,47.27,80.14,42.52
1307,46.54,81.98,41.9
1221,45.99,80.7,42.52
1257,46.06,81.58,42.52
1229,46.46,81.1,41.9
1549,48.83,82.68,40.46
1496,46.62,82.86,41.27
1627,47.1,83.27,40.87
1812,48.02,83.63,40.66
1415,47.02,82.38,41.27
1346,46.94,81.5,41.27
1543,47.5,82.79,40.87
1432,47.42,81.91,40.87
1532,47.9,82.31,40.66
1254,47.35,81.03,41.27
1352,47.82,81.43,40.87
1435,48.3,81.83,40.66
459,45.35,78.54,48.15
481,45.75,78.06,47.52
481,46.23,78.46,46.9
464,45.75,78.06,48.15
2665,59.57,85.58,47.88
2567,58.79,85.32,49.16
2816,58.62,85.49,47.95
2456,58.37,85.15,49.26
2433,57.78,85.14,49.62
2044,52.4,82.83,40.46
1162,51.91,82.42,40.46
3187,52.56,84.22,40.46
2393,53.35,83.64,40.66
1137,52.87,83.22,40.66
4447,51.95,85.14,41.27
2867,51.86,84.85,40.45
2312,57.37,84.97,44.38
2268,56.98,84.95,44.38
2321,57.88,84.99,45.01
2637,58.5,85.01,45.33
2779,58.79,85.32,46.6
3437,57.28,85.14,45
3496,56.91,85.14,45
3181,57.78,85.15,45.65
2932,58.36,85.15,46.64
3548,56.35,85.13,45
2082,56.4,84.94,44.38
3743,55.59,85.13,44.35
2225,56.4,84.94,43.75
3903,55.59,85.13,43.71
2674,54.75,84.67,41.24
2413,53.82,84.01,40.87
3505,54.29,84.35,40.85
3866,54.74,84.93,41.12
4001,53.43,84.66,40.65
4740,53.5,85.13,41.27
4301,54.76,85.13,42.4
3311,54.76,84.93,41.83
2659,55.62,84.93,42.47
4119,54.75,85.13,43.06
2455,55.63,84.93,43.11
1556,58.31,79.62,50.1
1501,57.83,79.22,50.1
1503,56.95,79.3,50.1
2316,59.13,84.79,50.16
1918,59.54,83.53,50.12
1713,59.38,81.76,50.1
1687,58.87,80.91,50.1
1676,58.39,80.51,50.1
1325,56.32,77.13,50.1
1376,56.4,78.02,50.1
1453,56.48,78.9,50.1
376,44.87,78.14,49.4
427,45.35,78.54,48.77
423,43.72,81.78,50.3
404,44.07,79.92,50.11
471,44.16,80.79,50.13
379,44.25,81.57,50.18
297,44.47,79.46,50.1
358,44.07,81.64,50.43
355,44.47,80.25,50.3
279,44.65,81.59,50.33
380,44.58,81.07,50.31
290,44.91,79.81,50.3
321,44.47,78.61,49.84
307,44.9,78.99,50.1
373,44.95,79.02,49.4
323,44.55,79.5,49.84
414,44.63,80.38,49.4
454,44.22,80.86,49.87
425,44.28,81.73,49.89
539,44.7,81.26,49.4
394,44.28,81.98,50.16
554,44.78,82.14,49.4
365,45.03,79.9,49.4
378,44.63,80.38,49.85
4,49.26,78.32,60.68
4,49.23,78.43,60.74
5,49.34,78.53,60.73
4,49.32,78.24,60.67
4,49.28,78.29,60.66
5,49.33,78.33,60.65
5,49.33,78.38,60.67
7,49.44,78.42,60.74
5,49.38,78.29,60.66
7,49.47,78.35,60.67
11,49.57,78.51,60.73
4,49.12,78.55,60.73
4,49.02,78.63,60.73
8,49.46,78.59,60.73
4,49.24,78.61,60.73
14,49.68,78.61,60.73
4,48.85,77.9,60.44
4,48.96,77.9,60.44
4,48.46,77.89,60.51
4,48.57,77.9,60.51
4,48.68,77.89,60.52
4,48.74,77.91,60.44
3,48.95,78.34,60.67
3,49,78.44,60.74
3,48.83,78.34,60.6
3,48.89,78.37,60.65
3,48.89,78.41,60.66
3,48.88,78.28,60.61
3,48.93,78.32,60.66
3,48.74,78.45,60.58
3,48.91,78.57,60.73
3,48.78,78.4,60.59
3,48.84,78.46,60.65
3,48.79,78.49,60.58
3,48.79,78.53,60.63
3,48.76,78.18,60.61
3,48.82,78.23,60.61
3,48.71,78.25,60.61
3,48.77,78.29,60.61
3,48.54,78.2,60.61
3,48.6,78.25,60.61
3,48.49,78.26,60.61
3,48.55,78.31,60.6
3,48.66,78.3,60.6
3,48.72,78.35,60.6
3,48.61,78.36,60.59
3,48.67,78.41,60.59
4,48.86,78.06,60.53
4,48.91,78.01,60.45
4,48.81,78.12,60.53
4,48.74,77.97,60.45
4,48.69,78.02,60.53
4,48.64,78.08,60.61
4,48.85,77.98,60.39
4,48.8,78.01,60.45
4,48.75,78.07,60.53
4,48.7,78.13,60.61
4,48.59,78.14,60.61
3,48.65,78.19,60.61
4,48.58,78.03,60.53
4,48.47,78.04,60.53
4,48.52,77.98,60.53
4,48.46,77.96,60.46
4,48.53,78.09,60.53
4,48.68,77.95,60.47
4,48.63,77.98,60.53
4,48.57,77.95,60.47
4,48.41,77.99,60.45
4,48.92,78.11,60.53
4,48.98,78.16,60.61
3,48.87,78.17,60.53
3,48.93,78.22,60.61
3,49.04,78.22,60.61
4,49.1,78.26,60.66
4,49.16,78.29,60.66
4,49.16,78.34,60.67
3,49.05,78.3,60.65
3,49.05,78.35,60.67
3,48.99,78.28,60.61
4,49.11,78.38,60.66
4,49.19,78.04,60.53
4,49.14,78.1,60.61
4,49.25,78.09,60.61
4,49.2,78.14,60.68
4,49.09,78.16,60.61
4,49.15,78.2,60.67
4,49.26,78.19,60.68
4,49.21,78.25,60.67
4,49.08,78.05,60.53
4,48.97,78.05,60.45
4,49.03,78.11,60.53
4,49.02,78,60.45
4,48.96,77.98,60.39
4,49.07,77.9,60.45
4,49.18,77.9,60.45
4,49.29,77.9,60.46
4,49.4,77.9,60.46
4,49.51,77.89,60.51
7,49.73,77.89,60.53
12,49.95,77.88,60.53
15,49.76,78.2,60.67
18,49.82,78.25,60.67
21,49.88,78.34,60.67
21,49.89,78.4,60.74
18,49.78,78.31,60.65
18,49.76,78.33,60.67
15,49.67,78.4,60.74
14,49.71,78.26,60.66
13,49.64,78.33,60.67
17,49.78,78.49,60.74
9,49.56,78.31,60.68
9,49.64,78.11,60.68
12,49.7,78.15,60.68
9,49.59,78.17,60.68
11,49.65,78.21,60.67
4,49.36,78.08,60.61
5,49.42,78.13,60.68
4,49.31,78.14,60.61
5,49.37,78.18,60.68
6,49.48,78.17,60.68
6,49.43,78.23,60.68
4,49.4,77.94,60.47
5,49.46,77.96,60.53
6,49.52,78.01,60.61
7,49.58,78.06,60.61
4,49.41,78.02,60.53
5,49.47,78.07,60.61
6,49.53,78.12,60.61
4,49.3,78.03,60.53
4,49.07,77.97,60.39
4,49.13,77.98,60.45
4,49.18,77.97,60.39
4,49.24,77.98,60.45
4,49.35,77.97,60.45
22,49.98,78.19,60.68
21,49.93,78.24,60.67
15,49.86,78.09,60.68
16,49.81,78.15,60.68
19,49.92,78.14,60.68
19,49.87,78.2,60.68
9,49.74,77.99,60.61
9,49.69,78.05,60.61
12,49.8,78.04,60.61
12,49.75,78.1,60.61
7,49.68,77.94,60.53
4,49.51,77.93,60.47
5,49.57,77.95,60.53
7,49.63,78,60.53
6,49.62,77.91,60.54
23,50.08,78.07,60.69
22,50.03,78.13,60.68
15,49.96,77.97,60.61
16,49.91,78.03,60.61
20,50.02,78.02,60.61
19,49.97,78.08,60.61
11,49.9,77.92,60.53
12,49.85,77.98,60.53
7,49.84,77.89,60.53
8,49.79,77.93,60.53
23,50.18,77.95,60.6
15,50.01,77.92,60.53
18,50.12,77.92,60.53
25,50.34,77.91,60.54
22,50.23,77.91,60.54
25,50.29,77.94,60.53
26,50.24,78,60.61
19,50.07,77.96,60.53
23,50.13,78.01,60.61
3,48.44,78.32,60.53
3,48.5,78.37,60.53
3,48.39,78.38,60.6
3,48.45,78.42,60.59
3,48.34,78.51,60.62
3,48.39,78.38,60.53
3,48.45,78.43,60.53
3,48.56,78.42,60.53
3,48.51,78.48,60.53
3,48.47,78.58,60.6
3,48.45,78.65,60.72
3,48.15,78.77,60.72
3,48.14,78.7,60.58
3,48.68,78.58,60.6
3,48.62,78.47,60.53
3,48.57,78.53,60.52
3,48.81,78.71,60.72
3,48.8,78.65,60.59
3,48.25,78.62,60.6
3,48.6,78.64,60.58
3,48.36,78.72,60.72
3,48.58,78.72,60.72
3,48.26,78.84,60.71
3,48.7,78.8,60.71
3,48.04,78.86,60.71
3,48.16,78.96,60.71
2,47.94,78.98,60.7
3,48.06,79.08,60.7
3,48.28,79.06,60.7
3,48.18,79.18,60.7
5,47.91,77.9,60.43
5,47.96,77.91,60.38
4,48.03,77.9,60.43
4,48.13,77.91,60.44
4,48.24,77.91,60.45
4,48.35,77.91,60.45
4,47.76,78.16,60.53
4,47.71,78.22,60.53
4,47.66,78.28,60.61
4,47.61,78.34,60.61
4,47.82,78.21,60.53
3,47.88,78.26,60.61
3,47.94,78.31,60.61
4,47.77,78.27,60.53
4,47.72,78.33,60.61
3,47.67,78.39,60.6
3,47.83,78.32,60.61
3,47.89,78.37,60.6
3,47.79,78.45,60.66
3,48.32,78.22,60.53
3,48.38,78.27,60.53
3,48.27,78.28,60.53
3,48.22,78.34,60.6
3,48.28,78.39,60.59
3,48.33,78.33,60.53
3,48.1,78.24,60.61
3,48.05,78.3,60.61
3,48.16,78.29,60.61
3,48.11,78.35,60.61
4,48.2,78.12,60.53
4,48.15,78.18,60.53
4,48.26,78.17,60.53
3,48.21,78.23,60.53
3,48.17,78.4,60.6
3,48.22,78.44,60.58
3,48.12,78.53,60.64
3,48.02,78.64,60.6
3,48,78.36,60.6
3,48.06,78.41,60.6
3,48.01,78.46,60.59
3,47.95,78.42,60.6
3,47.9,78.55,60.63
4,48.42,78.1,60.53
4,48.48,78.15,60.53
4,48.37,78.16,60.53
3,48.43,78.21,60.53
4,48.3,78,60.45
4,48.24,77.99,60.39
4,48.35,77.98,60.39
4,48.25,78.06,60.45
4,48.36,78.05,60.45
4,48.31,78.11,60.45
4,47.98,78.14,60.53
4,47.93,78.2,60.53
4,48.04,78.19,60.53
4,47.99,78.25,60.53
4,48.08,78.02,60.45
4,48.03,78.08,60.45
4,48.14,78.07,60.45
4,48.09,78.13,60.45
4,48.19,78.02,60.37
4,48.13,77.99,60.38
4,48.02,77.99,60.38
4,47.91,77.99,60.38
4,47.86,78.04,60.45
4,47.81,78.1,60.45
4,47.97,78.03,60.37
4,47.92,78.09,60.45
4,47.87,78.15,60.45
3,47.8,78.61,60.52
3,47.81,78.7,60.58
3,47.92,78.76,60.56
3,47.56,78.45,60.55
3,47.68,78.54,60.53
4,47.37,78.74,60.72
4,47.36,78.66,60.59
3,47.47,78.56,60.53
4,47.24,78.58,60.52
3,47.58,78.62,60.52
3,47.59,78.72,60.58
3,47.48,78.8,60.72
4,47.14,78.66,60.5
4,47.15,78.75,60.57
4,47.26,78.82,60.71
4,47.38,78.92,60.71
3,47.7,78.78,60.56
3,47.6,78.89,60.71
4,47.5,79.02,60.7
3,47.82,78.87,60.53
3,47.72,79,60.7
3,47.62,79.12,60.7
3,46.29,79.96,60.52
3,46.2,80.13,60.7
2,46.01,80.29,60.7
2,46.11,80,60.49
2,45.93,80.04,60.37
2,45.93,80.3,60.41
4,47.16,78.94,60.52
4,47.41,79.25,60.7
4,47.28,79.04,60.51
4,46.97,79.28,60.7
4,47.18,79.15,60.5
4,47.06,79.05,60.51
4,47.2,79.41,60.7
4,46.76,79.52,60.51
3,46.99,79.73,60.7
3,46.54,79.76,60.52
3,46.76,79.97,60.7
6,47.35,77.91,60.38
7,47.24,77.92,60.38
6,47.3,77.9,60.44
7,47.19,77.92,60.36
6,47.52,77.9,60.43
6,47.41,77.92,60.37
5,47.85,77.92,60.38
5,47.8,77.91,60.42
5,47.63,77.92,60.38
5,47.74,77.92,60.38
7,47.08,77.92,60.36
9,46.95,77.94,60.28
10,46.75,77.95,60.28
12,46.33,77.91,60.37
11,46.53,77.95,60.26
16,46.18,77.9,60.25
17,46,77.88,60.23
8,46.68,78.53,60.41
5,46.92,78.68,60.49
5,46.93,78.77,60.56
6,46.8,78.63,60.41
6,46.82,78.85,60.53
5,47.04,78.84,60.54
5,46.94,78.95,60.52
6,46.72,78.97,60.51
6,46.62,79.09,60.51
5,46.84,79.07,60.5
5,46.74,79.19,60.5
17,46.12,78.82,60.3
13,46.17,78.91,60.41
16,46.05,78.92,60.24
18,45.92,78.91,60.12
9,46.58,78.65,60.41
12,46.37,78.67,60.42
8,46.48,78.78,60.57
20,45.92,78.8,60.08
10,46.33,78.9,60.51
8,46.42,78.89,60.58
14,46.27,78.79,60.41
7,46.7,78.75,60.4
7,46.6,78.87,60.53
8,46.5,78.99,60.55
15,46.2,78.13,60.25
14,46.32,78.23,60.25
16,46.11,78.25,60.26
20,46.07,78.34,60.11
16,46.22,78.35,60.25
16,46.09,78.03,60.26
16,46,77.94,60.26
16,46.03,78.15,60.26
13,46.44,78.33,60.25
15,46.34,78.45,60.25
11,46.56,78.43,60.25
13,46.46,78.55,60.25
18,46.24,78.57,60.25
18,46.16,78.69,60.26
21,46.15,78.46,60.1
18,45.95,77.95,60.1
19,45.97,78.15,60.1
22,46,78.34,59.97
21,46.07,78.68,60.1
23,46.04,78.48,59.94
5,46.53,79.32,60.54
4,46.29,79.57,60.56
10,46.28,79.01,60.41
6,46.3,79.23,60.41
7,46.4,79.11,60.41
12,46.13,79.03,60.3
8,46.18,79.13,60.41
5,46.18,79.33,60.44
2,46.25,79.77,60.39
6,46.06,79.13,60.24
4,46.07,79.59,60.47
3,46.08,79.34,60.22
2,46.12,79.8,60.23
10,45.92,79.02,60.09
7,45.92,79.13,60.14
5,45.93,79.24,60.11
2,45.93,79.35,59.95
3,45.92,79.58,60.26
2,45.93,79.81,59.91
14,46.3,78.03,60.26
12,46.43,78.11,60.26
18,46.17,77.97,60.1
5,47,78.39,60.41
6,46.88,78.29,60.41
7,46.78,78.41,60.41
6,46.9,78.51,60.41
11,46.54,78.21,60.25
9,46.76,78.19,60.25
9,46.66,78.31,60.25
13,46.53,78.08,60.14
10,46.65,78.1,60.26
4,47.12,78.49,60.41
5,47.02,78.61,60.41
5,47.1,78.27,60.41
6,47.2,78.1,60.37
6,47.15,78.16,60.37
5,47.26,78.15,60.37
5,47.21,78.21,60.37
6,46.98,78.12,60.37
6,47.04,78.17,60.37
6,46.93,78.18,60.37
6,46.99,78.23,60.37
7,47.08,78.07,60.26
8,46.87,78.08,60.26
4,47.54,78.18,60.53
4,47.6,78.23,60.53
4,47.49,78.24,60.53
4,47.55,78.29,60.53
5,47.42,78.08,60.45
5,47.48,78.13,60.45
5,47.37,78.14,60.45
4,47.43,78.19,60.45
7,47.19,78.02,60.3
6,47.36,78.03,60.37
6,47.25,78.04,60.37
5,47.31,78.09,60.37
6,47.3,77.99,60.38
5,47.64,78.06,60.45
4,47.59,78.12,60.45
4,47.7,78.11,60.45
4,47.65,78.17,60.45
6,47.41,78,60.31
5,47.58,78.01,60.37
5,47.47,78.02,60.37
5,47.53,78.07,60.37
5,47.52,77.98,60.38
5,47.75,78.05,60.37
5,47.69,78.01,60.37
5,47.8,78,60.38
5,47.32,78.25,60.41
4,47.44,78.35,60.41
4,47.22,78.37,60.41
4,47.34,78.47,60.41
26,50.45,77.89,60.53
30,50.68,77.88,60.53
29,50.6,77.88,60.59
28,50.52,77.89,60.52
29,50.21,78.26,60.68
28,50.25,78.11,60.68
29,50.31,78.16,60.67
26,50.19,78.06,60.61
25,50.14,78.12,60.68
25,50.09,78.18,60.68
31,50.42,78.27,60.68
32,50.33,78.35,60.74
30,50.29,78.28,60.67
24,50.04,78.23,60.67
24,49.99,78.29,60.66
27,50.11,78.32,60.67
28,50.11,78.38,60.74
22,49.91,78.59,60.73
27,50.01,78.47,60.74
33,50.45,78.43,60.74
32,50.22,78.45,60.74
30,50.02,78.65,60.72
17,49.8,78.67,60.72
30,50.42,78.15,60.68
30,50.37,78.2,60.67
28,50.3,78.05,60.61
29,50.36,78.1,60.61
31,50.48,78.2,60.67
31,50.44,78.25,60.66
31,50.54,78.28,60.68
32,50.55,78.35,60.74
31,50.77,78.33,60.74
31,50.76,78.26,60.69
31,50.67,78.41,60.74
31,50.65,78.23,60.7
31,50.58,78.08,60.69
31,50.53,78.14,60.68
30,50.52,78.03,60.61
30,50.47,78.09,60.61
27,50.4,77.93,60.53
29,50.46,77.98,60.53
27,50.35,77.99,60.53
29,50.41,78.04,60.53
31,50.57,78.53,60.73
31,50.46,78.61,60.73
31,50.99,78.25,60.74
32,50.97,78.07,60.75
32,50.96,77.96,60.73
31,50.73,77.9,60.61
30,50.79,77.87,60.61
31,50.79,77.88,60.55
32,50.85,77.91,60.73
32,50.85,77.97,60.68
31,50.73,77.91,60.53
31,50.87,78.21,60.7
31,50.68,77.96,60.61
31,50.74,78.06,60.68
31,50.63,78.02,60.61
30,50.51,77.96,60.45
30,50.57,77.97,60.53
31,50.68,77.96,60.53
31,50.63,78.02,60.53
30,50.63,77.93,60.53
30,51.4,77.97,60.8
30,51.38,78.01,60.77
30,51.46,77.99,60.79
30,51.46,78.01,60.77
32,51.39,77.85,60.76
32,51.38,77.85,60.81
32,51.27,77.85,60.81
31,51.29,78,60.77
31,51.29,77.95,60.8
30,51.29,78.02,60.75
32,51.16,77.86,60.73
29,51.2,78.26,60.74
31,51.19,78.06,60.75
32,51.18,77.95,60.74
32,51.07,77.91,60.73
32,51.07,77.96,60.67
32,50.95,77.89,60.58
28,51.32,78.31,60.74
30,51.62,77.95,60.8
29,51.62,78,60.77
30,51.57,77.99,60.79
29,51.57,78,60.77
29,51.68,77.98,60.79
29,51.69,78,60.77
29,51.52,78.01,60.75
31,51.51,77.94,60.75
31,51.45,77.89,60.76
31,51.56,77.88,60.76
32,51.5,77.85,60.76
31,51.39,77.86,60.69
28,51.79,77.98,60.8
28,51.79,78,60.77
29,51.84,77.89,60.8
28,51.84,77.95,60.81
31,51.67,77.87,60.76
30,51.78,77.87,60.76
30,51.73,77.92,60.76
31,51.72,77.84,60.77
31,51.61,77.85,60.68
30,52.22,77.83,60.84
29,51.89,77.85,60.84
28,51.9,77.98,60.8
27,51.89,78.01,60.77
30,51.94,77.82,60.82
30,52.05,77.82,60.82
28,52.11,77.83,60.84
29,52,77.84,60.84
30,51.89,77.85,60.81
30,51.83,77.84,60.77
31,52.28,77.85,60.84
27,53.16,77.82,60.85
31,52.33,77.82,60.85
28,52.78,77.81,60.86
30,51.89,77.8,60.84
31,51.83,77.81,60.78
30,52,77.8,60.84
31,51.94,77.8,60.78
31,52.05,77.8,60.79
29,52.12,77.8,60.84
31,52.22,77.8,60.84
32,51.67,77.81,60.76
31,51.78,77.81,60.77
32,51.72,77.81,60.78
32,51.5,77.81,60.78
32,51.6,77.81,60.69
32,51.39,77.81,60.78
33,51.28,77.8,60.84
32,51.39,77.81,60.69
32,51.15,77.81,60.73
29,50.73,77.82,60.52
30,50.94,77.82,60.57
30,50.79,77.82,60.54
4,48.85,77.82,60.38
4,48.96,77.82,60.39
4,48.46,77.82,60.45
4,48.57,77.82,60.46
4,48.68,77.82,60.46
4,48.41,77.82,60.44
4,48.74,77.83,60.38
4,49.07,77.82,60.39
4,49.13,77.82,60.43
4,49.18,77.82,60.39
4,49.25,77.82,60.44
4,49.35,77.82,60.43
4,49.46,77.82,60.44
5,49.62,77.83,60.53
5,49.57,77.83,60.5
5,49.68,77.83,60.52
4,49.51,77.82,60.46
5,49.78,77.83,60.51
9,49.91,77.83,60.51
5,49.84,77.83,60.53
11,50.01,77.83,60.53
12,50.07,77.83,60.52
22,50.34,77.83,60.53
20,50.29,77.83,60.52
15,50.12,77.83,60.53
19,50.23,77.83,60.53
5,47.91,77.82,60.37
5,48.02,77.82,60.37
5,48.13,77.82,60.38
4,48.19,77.83,60.36
4,48.24,77.82,60.38
4,48.35,77.83,60.39
4,48.3,77.82,60.43
7,47.3,77.82,60.37
8,47.19,77.83,60.28
7,47.41,77.83,60.3
6,47.52,77.82,60.38
7,47.47,77.82,60.36
6,47.58,77.83,60.36
6,47.69,77.83,60.36
5,47.8,77.82,60.36
9,47.08,77.83,60.24
11,46.86,77.83,60.22
12,46.65,77.84,60.22
14,46.32,77.83,60.25
14,46.53,77.84,60.13
14,46.43,77.83,60.22
18,46.13,77.82,60.1
17,45.96,77.82,60.1
19,45.88,77.92,59.94
20,45.89,78.12,59.94
21,45.89,78.28,59.91
23,45.91,78.58,59.92
22,45.92,78.67,59.95
24,45.91,78.45,59.78
22,50.41,77.83,60.52
23,50.51,77.82,60.44
24,50.62,77.83,60.53
23,50.57,77.82,60.52
2,43.53,78.55,51.8
2,43.73,78.24,51.85
3,43.53,79.58,52.48
3,43.53,78.55,52.46
2,43.73,78.24,52.49
3,43.53,79.04,53.12
2,43.73,78.63,53.13
237,45.51,76.29,50.3
302,53.35,73.4,50.3
306,53.45,74.72,50.3
277,53.05,75.2,50.3
223,46.25,74.02,50.3
236,46.4,75.78,50.3
231,48.04,73.86,50.3
243,49.81,73.71,50.3
237,51.59,73.56,50.3
1349,56.17,75.37,50.3
1470,55.29,75.45,50.3
1102,54.41,75.53,50.3
357,53.53,75.6,50.3
2459,57.78,85.14,50.13
1863,58.31,79.63,50.3
1810,57.83,79.22,50.3
1813,56.95,79.3,50.3
2413,58.36,85.15,50.12
2391,59.01,84.92,50.32
2141,59.49,83.6,50.31
2003,59.37,81.78,50.3
1975,58.86,80.92,50.3
1970,58.39,80.52,50.3
1421,56.24,76.25,50.3
1514,56.32,77.13,50.3
1622,56.4,78.02,50.3
1745,56.47,78.9,50.3
364,45.2,76.78,49.4
444,45.68,77.18,48.77
474,46.16,77.58,48.15
305,44.8,77.26,49.84
300,45.2,76.78,49.84
269,45.15,76.77,50.1
289,45.23,77.65,50.1
241,45.08,76.76,50.3
298,45.35,79.36,50.3
277,45.25,78.5,50.3
258,45.16,77.63,50.3
2230,57.89,84.97,49.97
1236,58.31,79.62,49.84
1223,57.83,79.22,49.84
1217,56.95,79.3,49.84
2304,58.49,85.01,49.98
1602,59.54,83.52,49.86
1320,59.39,81.74,49.84
1279,58.87,80.9,49.84
1270,58.39,80.5,49.84
1202,56.32,77.13,49.84
1207,56.4,78.02,49.84
1212,56.48,78.9,49.84
1122,55.77,75.85,49.4
1028,55.36,76.33,48.77
1081,55.84,76.73,49.4
958,55.44,77.21,48.77
1034,55.92,77.61,49.4
874,55.52,78.09,48.77
974,56,78.49,49.4
293,45.6,76.3,49.84
371,46.08,76.7,49.4
442,46.56,77.1,48.77
374,46.96,76.62,49.4
434,47.44,77.02,48.77
393,53.34,73.4,49.84
438,53.45,74.72,49.84
365,53.05,75.2,49.84
262,46.29,74.02,49.84
289,46.44,75.78,49.84
279,48.05,73.87,49.84
292,49.81,73.71,49.84
265,51.58,73.56,49.84
1316,55.29,75.45,49.84
1119,54.41,75.53,49.84
499,53.53,75.6,49.84
403,52.53,74.36,49.08
395,52.65,75.68,49.4
461,52.65,75.68,48.77
409,52.24,76.16,48.77
397,51.36,76.24,47.52
405,51.84,76.64,48.15
401,51.73,75.32,47.83
383,50.88,75.84,47.52
380,47.25,74.82,49.08
493,48.17,75.19,48.15
493,47.76,75.67,48.15
431,47.36,76.14,48.77
368,47.36,76.14,49.4
373,49.01,74.67,49.08
319,50.77,74.51,49.08
387,49.93,75.03,48.15
365,50.41,75.43,48.15
462,48.64,75.59,48.15
409,49.52,75.51,48.15
426,49.12,75.99,47.52
427,47.84,76.55,48.77
369,47.84,76.55,49.4
468,48.24,76.07,48.15
433,48.72,76.47,47.52
441,48.32,76.95,48.15
391,50.96,76.72,47.52
416,50.56,77.19,46.9
378,50,75.91,48.15
397,49.6,76.39,47.52
385,50.48,76.31,47.52
412,50.08,76.79,46.9
399,49.2,76.87,47.52
403,49.68,77.27,46.9
1232,54.88,75.93,49.4
908,54,76.01,49.4
486,53.12,76.08,49.4
358,52.24,76.16,49.4
1056,54.48,76.41,48.77
726,53.6,76.49,48.77
481,52.72,76.56,48.77
277,46.06,76.7,50.1
1236,55.77,75.85,49.84
281,46.95,76.62,50.1
277,52.55,74.36,50.1
289,52.65,75.68,50.1
255,47.24,74.82,50.1
276,47.36,76.14,50.1
270,50.78,74.51,50.1
271,49.01,74.67,50.1
285,47.84,76.54,50.1
1321,55.77,75.85,50.1
1432,54.88,75.93,50.1
803,54,76.01,50.1
328,53.12,76.08,50.1
283,52.24,76.16,50.1
1225,55.84,76.73,49.84
1334,55.84,76.73,50.1
815,48.55,79.61,42.52
890,49.03,79.99,41.9
647,53.21,79.62,42.36
607,53.21,79.62,42.68
590,53.45,79.83,42.36
558,53.45,79.83,42.68
703,52.97,79.42,42.36
658,52.97,79.42,42.68
751,52.73,79.22,42.36
704,52.73,79.23,42.68
823,48.95,79.31,42.51
824,49.38,79.07,42.63
757,52.29,79.26,42.36
708,52.29,79.26,42.68
790,52.05,79.06,42.36
743,52.05,79.06,42.68
800,49.87,79.23,42.5
798,50.74,79.03,42.52
795,51.6,78.88,42.53
1211,51.83,81.53,40.46
745,53.01,79.86,41.74
681,53.25,80.06,41.74
671,53.01,79.86,42.05
614,53.25,80.06,42.05
935,52.81,80.1,41.11
888,53.05,80.3,41.11
839,52.81,80.1,41.43
783,53.05,80.3,41.43
1084,52.23,81.04,40.66
992,52.63,80.56,40.87
1256,51.35,81.12,40.46
805,52.77,79.66,41.74
728,52.77,79.66,42.05
850,52.53,79.46,41.74
778,52.53,79.46,42.05
979,52.57,79.9,41.11
894,52.57,79.9,41.43
1006,52.33,79.7,41.11
930,52.33,79.7,41.43
1135,51.75,80.64,40.66
1059,52.15,80.16,40.87
1188,50.87,80.72,40.66
1137,50.39,80.31,40.86
901,49.43,79.53,41.89
1049,49.91,79.91,41.27
870,52.09,79.5,41.74
797,52.09,79.5,42.05
901,51.85,79.3,41.74
834,51.85,79.3,42.05
1101,51.27,80.24,40.87
998,51.67,79.76,41.27
1025,50.79,79.84,41.27
884,50.31,79.43,41.9
872,51.19,79.36,41.9
703,48.08,79.34,43.77
723,48.55,79.61,43.15
542,53.86,79.08,43.61
504,54.06,79.24,43.61
506,53.86,79.08,43.92
550,53.65,79.59,42.99
534,53.85,79.36,43.3
600,53.41,79.39,42.99
567,53.6,79.25,43.3
530,53.45,79.83,42.99
572,53.21,79.62,42.99
708,48.91,79.08,43.77
767,49.35,78.88,43.64
736,48.93,79.32,43.15
759,49.39,79.08,43.14
693,49.82,79,43.76
710,49.9,79.24,43.15
559,53.6,79.08,43.61
521,53.61,79.07,43.91
644,53.18,78.81,43.73
645,53.16,79.24,42.99
636,53.23,79.05,43.3
678,52.89,79.12,42.99
662,52.91,78.97,43.3
619,52.97,79.42,42.99
661,52.73,79.23,42.99
628,52.54,78.77,43.75
664,52.29,79.26,42.99
654,52.49,79.04,43.3
696,52.05,79.06,42.99
679,52.24,78.86,43.3
701,50.49,78.79,43.75
713,50.74,79.04,43.15
650,51.16,78.49,43.78
710,51.59,78.85,43.12
642,51.94,78.43,43.77
562,47.56,79.07,45.19
616,48.09,79.33,44.4
583,48.11,79,44.94
623,48.86,78.79,44.86
641,48.94,79.05,44.37
533,49.61,78.66,44.82
546,49.35,78.86,45.09
627,49.75,78.94,44.36
448,50.15,78.42,44.97
446,50.08,78.68,44.86
569,50.26,78.9,44.55
616,50.43,78.73,44.25
546,50.56,78.58,44.36
490,50.57,78.54,44.64
479,50.66,78.08,45.04
538,51.12,78.48,44.41
495,51.52,78,45.02
586,53,78.54,44.61
615,52.88,78.41,44.58
460,53.38,78.63,44.83
449,52.38,77.92,45.03
435,52.9,78.31,44.98
550,51.99,78.41,44.41
570,52.55,78.53,44.43
550,52.68,78.73,44.31
557,53.24,78.75,44.29
481,54.06,79.24,43.93
466,53.84,79.04,44.37
476,54.69,78.99,44.97
456,53.97,78.76,44.85
483,47.12,78.38,46.26
492,47.48,78.69,45.88
501,47.57,78.96,45.68
528,48.12,78.84,45.44
472,54,78.62,45.23
584,55.07,77.73,46.34
538,54.62,78.15,45.91
552,54.97,78.18,45.98
512,54.24,78.49,45.73
502,54.29,78.73,45.54
491,47.51,77.93,46.29
497,48.29,78.25,45.95
528,48.29,78.38,45.71
509,47.96,78.25,45.91
534,48.15,78.47,45.7
536,48.18,78.51,45.68
498,48.53,78.5,45.82
514,48.45,78.75,45.6
568,48.8,78.65,45.27
445,48.4,77.83,46.32
458,49.6,78.54,45.18
458,48.95,78.3,45.92
495,49.29,78.71,45.42
458,49.3,78.47,45.59
450,49.62,78.47,45.27
445,49.7,78.49,45.19
407,49.29,77.81,46.24
449,50.03,78.19,45.55
430,49.75,78.19,45.77
442,49.89,78.41,45.3
436,49.77,78.5,45.41
435,50.16,77.7,46.24
456,50.63,78.09,45.62
441,53.34,78.42,45.19
438,53.13,78.59,45.17
456,53.56,78.39,45.31
456,53.62,78.55,45.22
527,54.42,77.76,45.9
524,54.19,77.44,45.99
561,54.56,77.59,46.23
512,54,77.78,45.93
483,53.8,78.2,45.65
438,51.04,77.6,46.27
479,53.34,77.37,46.11
528,53.68,77.34,46.4
510,53.69,77.62,46.17
431,51.92,77.52,46.27
456,52.8,77.44,46.27
444,53,77.87,45.64
461,53.3,77.83,45.8
440,53.14,78.2,45.33
454,53.29,78.25,45.47
451,51.52,78,45.65
434,52.41,77.92,45.64
496,54.17,80.43,42.36
505,54.41,80.63,42.36
495,54.41,80.63,42.68
486,54.17,80.43,42.68
528,53.49,80.27,42.36
506,53.49,80.27,42.68
503,53.73,80.47,42.36
488,53.73,80.47,42.68
1266,52.78,82.33,40.66
852,53.18,81.85,40.87
606,53.59,81.37,41.27
507,53.99,80.89,41.9
1018,52.31,81.93,40.66
614,53.29,80.51,41.74
573,53.53,80.71,41.74
556,53.29,80.51,42.05
524,53.53,80.71,42.05
762,53.11,80.96,41.27
948,52.71,81.44,40.87
484,54.41,80.63,42.99
478,54.17,80.43,42.99
475,54.41,80.63,43.3
470,54.17,80.43,43.3
483,54.61,80.39,43.3
476,54.37,80.19,43.3
473,54.57,79.95,43.61
479,54.81,80.15,43.61
470,54.81,80.15,43.93
466,54.57,79.95,43.93
479,54.13,79.99,43.3
494,53.89,79.79,43.3
484,54.09,79.55,43.61
474,54.33,79.75,43.61
466,54.33,79.75,43.93
471,54.09,79.55,43.93
477,53.73,80.47,42.99
473,53.93,80.23,43.3
490,53.49,80.27,42.99
485,53.69,80.03,43.3
462,54.31,79.55,44.39
479,54.71,79.22,45.04
464,54.79,79.93,44.4
476,55.19,79.46,45.02
565,55.15,78.61,46.25
515,54.72,79.11,45.66
555,55.6,78.95,46.26
510,55.19,79.46,45.65
754,58.31,79.62,48.77
919,58.31,79.62,49.4
763,57.83,79.22,48.77
743,56.95,79.3,48.77
931,57.83,79.22,49.4
913,56.95,79.3,49.4
904,56.07,79.37,49.4
2266,59.76,85.08,49.08
2160,59.12,84.94,49.09
2207,59.18,84.76,49.88
1029,59.54,83.51,49.08
877,58.87,80.9,49.4
786,59.39,81.75,49.08
877,58.39,80.5,49.4
592,54.95,81.69,42.52
508,54.47,81.29,42.52
2218,53.74,83.13,40.87
1916,54.14,82.65,41.27
758,54.54,82.17,41.9
873,53.26,82.73,40.87
872,53.66,82.25,41.27
550,54.06,81.77,41.9
772,55.5,82.97,42.52
1162,55.64,84.64,42.52
894,55.58,83.85,42.52
660,55.02,82.57,42.52
1899,54.7,83.93,41.27
949,55.1,83.45,41.9
1300,55.18,84.34,41.9
1924,54.22,83.53,41.27
957,54.62,83.05,41.9
1863,54.76,84.66,41.9
1052,55.64,84.64,43.15
764,55.58,83.85,43.15
662,56,78.49,47.52
606,55.59,78.97,46.9
488,54.47,81.29,43.15
481,54.87,80.81,43.77
472,55.27,80.33,44.4
473,55.67,79.85,45.02
540,54.95,81.69,43.15
517,55.35,81.21,43.77
494,55.75,80.73,44.4
478,56.15,80.25,45.02
482,56.15,80.25,45.65
511,56.55,79.78,46.27
534,56.07,79.37,46.27
495,55.67,79.85,45.65
595,55.02,82.57,43.15
677,55.5,82.97,43.15
612,55.9,82.49,43.77
552,55.42,82.09,43.77
667,55.98,83.38,43.77
929,56.55,84.6,44.39
746,56.06,84.29,43.77
662,56.94,84.18,44.4
707,56.46,83.78,43.77
890,57.42,84.56,45.02
1513,57.01,84.77,45.02
1624,57.92,84.78,45.64
556,56.3,82.02,44.4
517,55.83,81.61,44.4
491,56.23,81.14,45.02
515,56.71,81.54,45.02
482,56.63,80.66,45.65
495,57.11,81.06,45.65
511,57.51,80.58,46.27
563,57.91,80.1,46.9
636,58.31,79.62,47.52
677,58.31,79.62,48.15
680,57.83,79.22,48.15
502,57.03,80.18,46.27
556,57.43,79.7,46.9
631,57.83,79.22,47.52
601,56.95,79.3,47.52
542,56.55,79.78,46.9
661,56.82,82.86,44.08
2045,59.6,85,47.83
600,57.78,83.66,45.33
1046,58.64,84.35,46.58
690,59.27,80.43,48.15
664,59.27,80.43,47.52
648,58.79,80.02,47.52
680,58.79,80.02,48.15
710,58.87,80.9,48.77
709,58.39,80.5,48.77
550,57.63,81.9,45.33
571,58.43,80.94,46.58
568,58.58,82.7,46.58
692,59.54,83.51,47.83
643,59.39,81.75,47.83
655,56.95,79.3,48.15
625,56.48,78.9,47.52
573,56.07,79.37,46.9
681,56.48,78.9,48.15
739,56.07,79.37,48.77
725,56,78.49,48.15
785,55.59,78.97,48.77
470,46.64,77.98,47.52
457,47.11,78.38,46.9
739,55.44,77.21,47.52
642,55.05,77.72,46.89
707,55.52,78.09,47.52
630,55.12,78.6,46.9
758,54.96,76.81,47.52
635,54.56,77.29,46.9
563,54.16,77.54,46.45
473,47.04,77.5,47.52
448,47.52,77.9,46.9
442,47.92,77.43,47.52
404,48.39,77.84,46.9
401,48.8,77.35,47.52
390,49.27,77.76,46.88
406,50.16,77.67,46.9
695,54.08,76.89,47.52
561,53.2,76.96,47.52
456,52.32,77.04,47.52
403,51.44,77.12,47.52
565,53.68,77.37,46.9
481,52.8,77.44,46.9
414,51.04,77.6,46.9
428,51.92,77.52,46.9
851,55.44,77.21,48.15
789,55.52,78.09,48.15
908,54.96,76.81,48.15
468,47.04,77.5,48.15
447,47.92,77.43,48.15
407,48.8,77.35,48.15
820,54.08,76.89,48.15
588,53.2,76.96,48.15
449,52.32,77.04,48.15
383,51.44,77.12,48.15
322,44.87,78.14,49.84
307,45.32,78.52,50.1
376,45.28,77.66,49.4
437,45.75,78.06,48.77
1161,48.23,80.95,41.27
1285,48.7,81.35,40.87
1337,49.18,81.75,40.66
1431,49.67,82.16,40.46
1109,48.63,80.47,41.27
1223,49.11,80.87,40.87
1285,49.58,81.27,40.66
1378,50.07,81.68,40.46
1225,51.43,82.01,40.46
1067,49.51,80.39,41.27
1172,49.99,80.79,40.87
1231,50.47,81.2,40.66
1280,50.95,81.6,40.46
821,48.15,80.07,42.52
902,48.63,80.47,41.9
734,47.67,79.66,43.77
736,48.15,80.07,43.15
618,47.19,79.29,45.04
652,47.67,79.65,44.4
497,46.71,78.86,46.27
539,47.19,79.28,45.65
1412,49.78,83.2,40.46
682,44.55,79.5,47.52
843,44.63,80.38,47.52
872,44.78,82.14,47.52
887,44.7,81.26,47.52
545,44.55,79.5,48.15
698,44.63,80.38,48.15
783,44.78,82.14,48.15
796,44.7,81.26,48.15
416,45.03,79.9,48.77
639,45.11,80.78,48.77
741,45.18,81.66,48.77
479,44.95,79.02,48.15
407,45.43,79.42,48.77
553,44.95,79.02,47.52
466,45.83,78.94,47.52
1062,44.78,82.14,46.9
967,44.7,81.26,46.9
1100,44.7,81.26,46.27
1302,44.78,82.14,46.27
1036,45.11,80.78,46.9
885,45.03,79.9,46.9
1121,45.11,80.78,46.27
996,45.03,79.9,46.27
675,45.43,79.42,46.9
523,46.31,79.34,46.9
825,45.43,79.42,46.27
610,46.31,79.34,46.27
1390,45.18,81.66,45.65
1449,45.18,81.66,45.02
1499,45.26,82.54,45.02
1541,45.34,83.42,45.02
1499,45.26,82.54,45.65
1549,45.34,83.42,45.65
1301,45.58,81.18,45.65
1139,45.51,80.3,45.65
1346,45.58,81.18,45.02
1205,45.51,80.3,45.02
1038,45.91,79.82,45.02
782,46.79,79.74,45.02
967,45.91,79.82,45.65
716,46.79,79.74,45.65
1380,45.66,82.06,44.4
1346,45.66,82.06,43.77
1528,45.82,83.82,44.4
1421,45.74,82.94,44.4
1518,45.82,83.82,43.77
1384,45.74,82.94,43.77
1224,45.99,80.7,44.4
1275,46.06,81.58,44.4
1215,45.99,80.7,43.77
1238,46.06,81.58,43.77
1055,46.39,80.22,44.4
805,47.27,80.14,44.4
1067,46.39,80.22,43.77
842,47.27,80.14,43.77
1371,46.22,83.34,43.15
1409,46.22,83.34,42.52
1255,46.14,82.46,43.15
1350,46.62,82.86,41.9
1317,46.14,82.46,42.52
1135,46.54,81.98,43.15
1110,46.46,81.1,43.15
815,47.75,80.55,43.15
999,46.87,80.62,43.15
1240,47.02,82.38,41.9
948,48.23,80.95,41.9
1074,47.35,81.03,41.9
871,47.75,80.55,42.52
1029,46.87,80.62,42.52
1189,46.54,81.98,42.52
1182,46.94,81.5,41.9
1135,46.46,81.1,42.52
1418,48.82,82.67,40.66
1357,47.1,83.27,41.9
1518,47.1,83.27,41.27
1683,47.86,83.49,40.84
1235,47.5,82.79,41.9
1418,47.5,82.79,41.27
1328,47.42,81.91,41.27
1455,47.9,82.31,40.87
1237,47.82,81.43,41.27
1363,48.3,81.83,40.87
441,45.83,78.94,48.15
464,46.23,78.46,47.52
465,46.71,78.86,46.9
452,46.23,78.46,48.15
2665,58.79,85.32,47.88
2233,58.49,85.01,49.15
2094,57.89,84.97,49.48
2651,58.36,85.15,47.93
2464,57.78,85.14,48.95
2534,57.26,85.13,49.65
1353,51.58,83.37,40.46
1378,52.39,82.81,40.66
971,51.91,82.41,40.66
1430,50.85,84.35,40.45
4106,50.97,85.15,41.27
1886,52.52,84.12,40.65
1259,53.34,83.61,40.87
847,52.86,83.2,40.87
4279,51.95,85.13,42.72
3582,51.86,84.96,41.4
1954,51.78,84.72,40.63
2197,57.36,84.97,45.01
2147,56.98,84.95,45.01
2243,57.88,84.99,45.65
2414,58.48,85.01,46.61
3278,57.28,85.14,45.65
3334,56.91,85.13,45.65
2919,57.77,85.14,46.62
3380,56.35,85.13,45.65
1990,56.41,84.94,45.01
3583,55.59,85.13,45
3789,54.75,85.13,44.35
2178,55.63,84.93,44.38
3957,54.75,85.13,43.71
2295,55.63,84.93,43.75
1512,53.82,84.01,41.27
3014,53.44,84.45,40.83
2264,54.29,84.41,41.25
4269,53.49,85.13,42.73
3909,53.46,84.93,41.41
2877,54.77,84.93,42.48
2534,54.76,84.93,43.11
2215,57.85,84.86,50.14
1630,57.91,80.1,50.1
1567,57.43,79.7,50.1
1559,56.55,79.78,50.1
2100,58.59,84.4,50.15
1868,58.58,82.73,50.11
1766,58.46,81.39,50.1
1750,57.99,80.99,50.1
1368,55.92,77.61,50.1
1419,56,78.49,50.1
1498,56.07,79.38,50.1
380,45.35,78.54,49.4
417,45.83,78.94,48.77
364,44.17,81.78,50.3
361,44.57,80.33,50.11
333,44.72,81.72,50.19
384,44.66,81.18,50.14
308,44.98,79.86,50.1
259,44.65,81.64,50.43
327,45.01,80.64,50.3
351,45.09,81.4,50.32
304,45.43,80.2,50.3
333,44.95,79.02,49.84
322,45.4,79.4,50.1
373,45.43,79.42,49.4
328,45.03,79.9,49.84
476,45.11,80.78,49.4
457,44.78,81.98,49.84
430,44.7,81.27,49.88
609,45.18,81.66,49.4
425,44.78,82.2,50.07
369,45.51,80.3,49.4
374,45.11,80.79,49.86
2,43.73,79.58,53.14
31,50.73,77.88,60.51
31,50.79,77.87,60.53
4,49.22,78.43,60.65
6,49.34,78.53,60.62
4,49.32,78.25,60.61
4,49.27,78.31,60.61
5,49.33,78.35,60.6
5,49.38,78.3,60.61
6,49.45,78.33,60.65
7,49.44,78.43,60.65
11,49.57,78.51,60.63
4,49.12,78.55,60.61
4,49.03,78.7,60.72
4,49.02,78.63,60.59
9,49.46,78.59,60.6
5,49.24,78.61,60.6
8,49.47,78.66,60.72
4,49.25,78.68,60.72
17,49.68,78.61,60.6
12,49.58,78.73,60.72
4,49.14,78.76,60.71
3,48.93,78.78,60.71
3,48.82,78.9,60.71
4,49.04,78.88,60.71
4,48.94,79,60.7
3,48.72,79.02,60.7
5,49.16,78.98,60.7
4,48.84,79.12,60.7
5,49.06,79.1,60.7
3,48.4,79.16,60.7
3,48.62,79.14,60.7
4,48.74,79.24,60.7
3,48.3,79.28,60.7
4,48.85,77.92,60.38
4,48.96,77.92,60.38
4,48.46,77.91,60.45
4,48.57,77.91,60.46
4,48.68,77.9,60.46
4,48.41,77.91,60.43
4,48.74,77.92,60.38
3,48.88,78.28,60.53
3,48.83,78.34,60.53
3,48.94,78.33,60.61
3,48.89,78.39,60.6
3,49.01,78.45,60.65
3,48.94,78.33,60.53
3,48.89,78.39,60.53
3,48.78,78.4,60.53
3,48.73,78.46,60.53
3,48.84,78.45,60.59
3,48.91,78.57,60.62
3,48.84,78.46,60.53
3,48.79,78.51,60.53
3,48.76,78.18,60.53
3,48.82,78.23,60.53
3,48.71,78.24,60.53
3,48.77,78.29,60.53
3,48.54,78.2,60.53
3,48.6,78.25,60.53
3,48.49,78.26,60.53
3,48.55,78.31,60.53
3,48.66,78.3,60.53
3,48.72,78.35,60.53
3,48.61,78.36,60.53
3,48.67,78.41,60.53
4,48.86,78.06,60.45
4,48.91,78.01,60.37
4,48.81,78.12,60.45
4,48.74,77.99,60.38
4,48.69,78.02,60.45
4,48.64,78.08,60.53
4,48.8,78.02,60.37
4,48.75,78.07,60.45
4,48.7,78.13,60.53
4,48.59,78.14,60.53
3,48.65,78.19,60.53
4,48.58,78.03,60.45
4,48.47,78.04,60.45
4,48.52,77.99,60.45
4,48.46,77.98,60.4
4,48.53,78.09,60.45
4,48.63,77.98,60.45
4,48.41,78.01,60.38
4,48.92,78.11,60.45
3,48.98,78.16,60.53
3,48.87,78.17,60.45
3,48.93,78.22,60.53
3,49.04,78.22,60.53
4,49.1,78.27,60.61
4,49.16,78.31,60.61
3,48.99,78.27,60.53
3,49.05,78.32,60.6
4,49.11,78.37,60.6
4,49.19,78.04,60.45
4,49.14,78.1,60.53
4,49.25,78.09,60.53
4,49.2,78.15,60.61
4,49.09,78.16,60.53
4,49.15,78.21,60.61
4,49.26,78.2,60.61
4,49.21,78.26,60.61
4,49.08,78.05,60.45
4,48.97,78.05,60.37
4,49.03,78.11,60.45
4,49.02,78,60.37
4,49.07,77.91,60.38
4,49.13,77.9,60.43
4,49.18,77.92,60.38
4,49.25,77.91,60.43
4,49.35,77.9,60.43
4,49.46,77.9,60.43
5,49.62,77.89,60.52
5,49.57,77.89,60.5
6,49.68,77.89,60.51
4,49.51,77.89,60.46
7,49.77,77.89,60.51
11,49.92,77.88,60.51
13,50.01,77.89,60.51
15,50.07,77.89,60.51
24,50.34,77.88,60.52
22,50.29,77.89,60.51
17,50.12,77.89,60.51
21,50.23,77.89,60.52
15,49.76,78.21,60.61
18,49.82,78.26,60.61
21,49.88,78.31,60.66
23,49.89,78.4,60.66
14,49.71,78.27,60.6
17,49.77,78.32,60.6
13,49.65,78.31,60.64
15,49.67,78.4,60.65
20,49.78,78.49,60.64
8,49.54,78.26,60.66
9,49.64,78.11,60.61
12,49.7,78.16,60.61
8,49.59,78.17,60.61
11,49.65,78.22,60.61
4,49.36,78.08,60.53
5,49.42,78.13,60.61
4,49.31,78.14,60.53
5,49.37,78.19,60.61
6,49.48,78.18,60.61
6,49.43,78.24,60.61
4,49.46,77.96,60.45
5,49.52,78.01,60.53
6,49.58,78.06,60.53
4,49.41,78.01,60.45
5,49.47,78.07,60.53
6,49.53,78.12,60.53
4,49.3,78.02,60.45
4,49.13,78,60.38
4,49.24,77.99,60.38
4,49.19,78.04,60.37
4,49.41,78.02,60.37
4,49.35,77.99,60.38
4,49.46,77.98,60.38
22,49.98,78.19,60.61
21,49.93,78.25,60.61
16,49.86,78.09,60.61
16,49.81,78.15,60.61
19,49.92,78.14,60.61
19,49.87,78.2,60.61
9,49.74,77.99,60.53
9,49.69,78.05,60.53
12,49.8,78.04,60.53
12,49.75,78.1,60.53
6,49.62,77.98,60.43
23,50.08,78.07,60.61
22,50.03,78.13,60.61
15,49.96,77.97,60.53
16,49.91,78.03,60.53
19,50.02,78.02,60.53
19,49.97,78.08,60.53
10,49.85,77.96,60.43
17,50.07,77.96,60.45
25,50.29,77.95,60.45
25,50.24,78,60.53
22,50.18,77.95,60.53
22,50.13,78.01,60.53
25,50.19,78.06,60.53
3,48.44,78.32,60.45
3,48.5,78.37,60.45
3,48.39,78.38,60.45
3,48.45,78.43,60.45
3,48.34,78.48,60.53
3,48.56,78.42,60.45
3,48.51,78.48,60.45
3,48.47,78.56,60.51
3,48.45,78.65,60.57
3,48.23,78.6,60.51
3,48.14,78.68,60.5
3,48.15,78.77,60.56
3,48.62,78.47,60.45
3,48.57,78.53,60.45
3,48.69,78.56,60.51
3,48.8,78.63,60.51
3,48.81,78.71,60.57
3,48.59,78.62,60.49
3,48.36,78.72,60.56
3,48.58,78.72,60.55
3,48.48,78.82,60.71
3,48.26,78.84,60.54
3,48.38,78.94,60.7
3,48.7,78.8,60.54
3,48.6,78.92,60.7
3,48.5,79.04,60.7
3,48.04,78.86,60.54
3,48.16,78.96,60.52
3,47.85,79.21,60.7
2,47.94,78.98,60.52
2,48.06,79.08,60.51
3,48.28,79.06,60.51
3,47.64,79.37,60.7
3,48.18,79.18,60.5
3,48.09,79.41,60.7
3,47.24,79.93,60.7
4,47.48,80.14,60.7
5,47.91,77.92,60.37
4,48.02,77.92,60.37
4,48.13,77.92,60.38
4,48.19,77.93,60.36
4,48.24,77.92,60.38
4,48.35,77.92,60.38
4,48.3,77.91,60.43
4,47.76,78.16,60.45
4,47.71,78.22,60.45
4,47.66,78.28,60.53
4,47.72,78.33,60.53
4,47.61,78.34,60.53
4,47.67,78.39,60.53
4,47.82,78.21,60.45
4,47.77,78.27,60.45
4,47.88,78.26,60.53
3,47.94,78.31,60.53
4,47.83,78.32,60.53
3,47.89,78.37,60.53
3,47.78,78.43,60.55
3,48.32,78.22,60.45
3,48.38,78.27,60.45
3,48.27,78.28,60.45
3,48.33,78.33,60.45
3,48.22,78.34,60.53
3,48.17,78.4,60.53
3,48.28,78.39,60.53
3,48.23,78.45,60.53
3,48.1,78.24,60.53
3,48.05,78.3,60.53
3,48.16,78.29,60.53
3,48.11,78.35,60.53
4,48.2,78.12,60.45
4,48.15,78.18,60.45
4,48.26,78.17,60.45
3,48.21,78.23,60.45
3,48.12,78.51,60.54
3,48.04,78.61,60.52
3,48,78.36,60.53
3,48.06,78.41,60.53
3,47.95,78.42,60.53
3,48.01,78.47,60.53
3,47.9,78.52,60.53
4,48.42,78.1,60.45
4,48.48,78.15,60.45
4,48.37,78.16,60.45
3,48.43,78.21,60.45
4,48.25,78.06,60.37
4,48.36,78.05,60.37
4,48.31,78.11,60.37
4,48.3,78.01,60.38
4,47.98,78.14,60.45
4,47.93,78.2,60.45
4,48.04,78.19,60.45
4,47.99,78.25,60.45
4,48.19,78.03,60.29
4,48.08,78.02,60.37
4,48.03,78.08,60.37
4,48.14,78.07,60.37
4,48.09,78.13,60.37
4,47.97,78.03,60.29
4,47.86,78.04,60.37
4,47.81,78.1,60.37
4,47.92,78.09,60.37
4,47.87,78.15,60.37
3,47.8,78.66,60.42
3,47.92,78.75,60.4
4,47.56,78.46,60.41
3,47.68,78.56,60.41
4,47.36,78.64,60.51
4,47.37,78.74,60.57
3,47.46,78.58,60.41
4,47.24,78.59,60.41
3,47.58,78.67,60.41
3,47.48,78.8,60.55
4,47.14,78.71,60.41
4,47.26,78.82,60.55
4,47.38,78.92,60.53
3,47.7,78.77,60.4
3,47.6,78.89,60.53
3,47.5,79.02,60.51
3,47.82,78.87,60.38
3,47.72,79,60.51
3,47.62,79.12,60.5
3,46.34,79.91,60.38
3,46.32,80.11,60.51
5,47.02,80.18,60.7
3,46.5,80.23,60.7
2,45.93,80.53,60.42
3,46.18,80.26,60.51
2,46.19,80.52,60.7
7,47.26,80.4,60.7
2,46.01,80.85,60.7
2,45.93,80.86,60.44
2,45.93,80.83,59.98
2,46.12,80.02,60.26
2,46.12,80.27,60.28
2,45.93,80.02,59.92
2,45.93,80.28,59.93
4,47.16,78.93,60.38
3,47.41,79.25,60.5
3,47.28,79.03,60.36
4,46.97,79.28,60.5
3,47.18,79.15,60.36
4,47.06,79.05,60.36
3,47.21,79.56,60.7
3,47.2,79.41,60.5
3,46.72,79.5,60.37
3,47,79.72,60.5
3,46.53,79.72,60.38
3,46.79,79.96,60.5
7,47.3,77.92,60.37
7,47.19,77.95,60.28
6,47.41,77.93,60.3
6,47.52,77.92,60.37
6,47.47,77.92,60.36
6,47.58,77.93,60.36
5,47.69,77.92,60.36
5,47.8,77.92,60.36
8,47.08,77.96,60.24
9,46.86,77.96,60.22
11,46.65,77.96,60.22
14,46.33,77.93,60.25
13,46.53,77.99,60.13
13,46.43,77.95,60.22
18,46.16,77.9,60.1
18,46,77.88,60.1
9,46.68,78.53,60.25
6,46.8,78.63,60.25
5,46.92,78.73,60.4
6,46.82,78.84,60.38
4,47.04,78.83,60.39
4,46.94,78.95,60.37
6,46.72,78.97,60.36
5,46.61,79.09,60.37
4,46.84,79.07,60.36
4,46.74,79.19,60.36
20,45.92,78.84,59.95
15,46.18,78.91,60.26
17,46.08,78.91,60.11
10,46.58,78.65,60.25
16,46.36,78.67,60.25
11,46.48,78.77,60.41
20,46.09,78.8,60.08
17,46.26,78.79,60.26
11,46.38,78.89,60.41
7,46.7,78.75,60.25
8,46.6,78.87,60.38
8,46.49,78.99,60.39
18,46.2,78.13,60.1
17,46.32,78.23,60.1
22,46.08,78.35,59.98
20,46.11,78.25,60.1
19,46.22,78.35,60.1
19,46.09,78.03,60.1
19,46.01,77.96,60.1
19,46.03,78.15,60.1
16,46.44,78.33,60.1
19,46.34,78.45,60.1
13,46.56,78.43,60.1
15,46.46,78.55,60.1
21,46.25,78.57,60.1
21,46.19,78.68,60.11
24,46.16,78.46,59.95
20,45.95,77.95,59.94
22,45.97,78.14,59.94
22,45.99,78.28,59.91
24,46.07,78.58,59.92
23,46.08,78.67,59.95
25,46.05,78.46,59.78
4,46.51,79.32,60.39
3,46.33,79.55,60.4
9,46.28,79.01,60.25
4,46.3,79.23,60.25
5,46.4,79.11,60.25
6,46.2,79.13,60.26
3,46.22,79.34,60.22
2,46.27,79.79,60.19
8,46.1,79.02,60.08
5,46.1,79.13,60.12
4,46.11,79.24,60.08
3,46.13,79.35,59.93
2,46.11,79.57,60.2
2,46.13,79.8,59.88
4,45.93,79.12,59.87
2,45.93,79.54,59.89
2,45.93,79.81,59.57
16,46.29,78.04,60.1
15,46.42,78.12,60.1
20,46.17,77.97,59.94
6,47,78.39,60.25
7,46.88,78.29,60.25
7,46.78,78.41,60.25
6,46.9,78.51,60.25
13,46.54,78.21,60.1
10,46.76,78.19,60.1
11,46.66,78.31,60.1
12,46.64,78.13,60.11
5,47.12,78.49,60.25
5,47.02,78.61,60.25
6,47.1,78.27,60.25
6,47.21,78.16,60.26
7,46.98,78.17,60.25
7,47.09,78.11,60.12
9,46.87,78.12,60.11
4,47.54,78.24,60.41
5,47.42,78.08,60.37
5,47.48,78.13,60.37
5,47.37,78.14,60.37
5,47.43,78.19,60.37
6,47.3,78.06,60.27
5,47.64,78.06,60.37
5,47.59,78.12,60.37
4,47.7,78.11,60.37
4,47.65,78.17,60.37
5,47.52,78.06,60.27
5,47.75,78.05,60.28
5,47.32,78.25,60.25
4,47.44,78.35,60.25
5,47.22,78.37,60.25
4,47.34,78.47,60.25
26,50.41,77.88,60.51
29,50.51,77.91,60.43
29,50.62,77.89,60.52
29,50.57,77.9,60.51
28,52.83,77.83,60.85
29,52.78,77.82,60.82
28,52.61,77.83,60.85
31,52.33,77.83,60.82
32,52.39,77.85,60.84
28,50.25,78.11,60.61
28,50.2,78.2,60.66
29,50.31,78.16,60.61
25,50.14,78.12,60.61
25,50.09,78.18,60.61
30,50.31,78.26,60.65
31,50.33,78.35,60.66
27,50.1,78.29,60.65
28,50.11,78.38,60.65
24,50.04,78.24,60.61
24,49.99,78.3,60.61
26,49.91,78.59,60.61
27,50.01,78.47,60.64
31,50.44,78.43,60.64
30,50.23,78.45,60.63
32,50.13,78.57,60.73
32,50.34,78.55,60.73
29,50.02,78.65,60.59
31,50.03,78.72,60.72
31,49.92,78.81,60.71
21,49.81,78.74,60.72
23,49.8,78.67,60.59
31,50.04,78.91,60.71
20,49.7,78.82,60.71
30,49.82,78.92,60.71
8,49.28,79.08,60.7
8,49.18,79.2,60.7
30,49.94,79.02,60.7
29,50.16,79,60.7
29,50.06,79.12,60.7
30,50.42,78.15,60.61
30,50.37,78.21,60.61
27,50.3,78.05,60.53
29,50.36,78.1,60.53
27,50.25,78.11,60.53
29,50.31,78.16,60.53
30,50.89,78.39,60.74
30,50.79,78.51,60.73
29,51,78.49,60.73
29,50.9,78.58,60.73
31,50.54,78.25,60.66
31,50.55,78.35,60.67
31,50.48,78.2,60.61
31,50.43,78.26,60.61
31,50.76,78.23,60.67
30,50.77,78.33,60.67
30,50.67,78.42,60.65
31,50.58,78.08,60.61
31,50.65,78.17,60.68
31,50.53,78.14,60.61
30,50.52,78.03,60.53
30,50.47,78.09,60.53
31,50.58,78.08,60.53
31,50.53,78.14,60.53
28,50.41,78,60.42
30,50.68,78.6,60.73
30,50.57,78.53,60.62
30,50.46,78.61,60.59
30,50.47,78.68,60.72
30,50.99,78.31,60.73
30,50.96,78.25,60.69
28,51.21,78.28,60.68
29,51.11,78.37,60.74
31,51.09,78.17,60.74
31,50.97,78.05,60.68
31,50.74,77.94,60.45
31,50.85,77.95,60.57
31,50.87,78.16,60.68
31,50.75,78.07,60.57
31,50.63,78,60.42
28,51.12,78.59,60.73
27,51.54,78.3,60.74
28,51.43,78.24,60.74
30,51.4,78.01,60.75
31,51.4,77.95,60.75
30,51.35,78.04,60.75
29,51.46,78.03,60.75
30,51.46,77.97,60.75
29,51.41,78.08,60.75
32,51.29,77.9,60.73
31,51.29,77.96,60.67
32,51.16,77.88,60.6
30,51.31,78.14,60.75
31,51.19,78.03,60.68
31,51.07,77.94,60.57
32,50.95,77.92,60.45
28,51.23,78.47,60.74
26,51.45,78.45,60.74
26,51.34,78.57,60.73
27,51.33,78.39,60.74
28,51.32,78.32,60.68
27,51.65,78.22,60.74
30,51.62,77.93,60.75
29,51.63,78.01,60.75
30,51.57,77.96,60.74
29,51.57,78.03,60.75
30,51.68,77.96,60.75
29,51.68,78.02,60.75
28,51.63,78.07,60.75
31,51.45,77.9,60.68
31,51.56,77.89,60.68
30,51.51,77.94,60.68
31,51.5,77.86,60.69
31,51.39,77.88,60.61
27,51.9,78.02,60.75
29,51.79,77.96,60.75
28,51.79,78.02,60.75
29,51.84,77.91,60.76
27,51.85,78.05,60.75
31,51.67,77.88,60.68
30,51.78,77.87,60.68
30,51.73,77.92,60.68
31,51.72,77.85,60.68
31,51.61,77.86,60.61
30,52.23,77.84,60.81
30,51.95,77.83,60.77
28,52.17,77.88,60.82
28,51.95,77.92,60.81
30,52.05,77.83,60.78
28,51.9,77.95,60.75
27,51.96,78,60.79
27,51.96,78.01,60.77
30,52.01,77.84,60.81
30,52.11,77.84,60.81
28,52.06,77.87,60.83
30,51.89,77.86,60.76
30,51.84,77.85,60.7
30,51.95,77.84,60.7
31,52.28,77.85,60.81
30,52.28,77.9,60.82
27,52.23,77.95,60.81
29,52.34,77.94,60.81
26,52.29,77.99,60.8
26,52.29,78.01,60.77
30,52.22,77.85,60.76
25,53.39,77.86,60.84
27,53.16,77.83,60.82
25,53.06,77.91,60.82
25,53.22,77.83,60.85
27,53.11,77.86,60.84
27,53.16,77.8,60.84
26,53.27,77.81,60.85
25,53.55,77.83,60.85
25,53.45,77.83,60.85
28,53.66,77.82,60.85
27,54.17,77.83,60.85
28,54.27,77.82,60.85
31,52.33,77.8,60.84
28,52.66,77.81,60.85
28,52.72,77.84,60.84
29,52.78,77.8,60.84
29,52.61,77.8,60.85
27,52.94,77.82,60.85
29,53.05,77.82,60.86
29,52.84,77.8,60.84
31,51.89,77.81,60.77
31,51.84,77.81,60.7
31,51.95,77.81,60.7
31,52.01,77.8,60.76
30,52.12,77.81,60.77
31,52.22,77.81,60.78
31,51.67,77.81,60.69
31,51.79,77.81,60.69
31,51.72,77.81,60.69
31,51.61,77.82,60.59
32,51.5,77.81,60.69
32,51.39,77.82,60.6
32,51.16,77.82,60.59
33,51.29,77.81,60.72
32,51.08,77.82,60.54
32,50.95,77.83,60.44
29,50.74,77.82,60.44
30,50.84,77.83,60.52
4,48.8,77.83,60.36
4,48.91,77.83,60.36
4,49.02,77.82,60.36
4,48.46,77.82,60.4
4,48.53,77.82,60.44
4,48.63,77.82,60.44
4,48.41,77.83,60.37
4,48.74,77.83,60.32
4,48.69,77.83,60.36
4,49.13,77.82,60.37
4,49.24,77.82,60.37
4,49.35,77.82,60.37
4,49.41,77.82,60.36
4,49.46,77.82,60.38
4,49.63,77.82,60.41
5,49.84,77.83,60.42
7,50.07,77.82,60.43
15,50.18,77.83,60.51
16,50.29,77.82,60.44
5,48.08,77.82,60.36
5,47.96,77.83,60.28
5,48.18,77.83,60.28
4,48.3,77.83,60.37
8,47.31,77.83,60.25
7,47.52,77.83,60.26
6,47.75,77.83,60.26
11,47.09,77.84,60.11
12,46.87,77.85,60.1
14,46.64,77.85,60.1
14,46.76,77.85,60.07
17,46.31,77.83,60.1
15,46.45,77.84,60.09
20,46.12,77.82,59.94
18,45.95,77.82,59.95
21,45.88,77.92,59.78
22,45.89,78.11,59.79
22,45.9,78.28,59.78
24,45.92,78.58,59.78
23,45.92,78.67,59.79
21,45.93,78.81,59.79
26,45.91,78.44,59.55
22,50.41,77.82,60.4
24,50.62,77.82,60.41
2,43.53,79.59,51.81
2,43.53,79.04,51.81
3,43.73,78.63,51.86
4,43.53,79.04,52.47
4,43.73,79.58,52.5
4,43.73,78.63,52.5
2,44.07,78.36,52.52
2,43.91,78.67,53.15
3,43.73,79.07,53.14
3,45.65,79.2,50.64
247,46.02,76.69,50.3
251,46.93,76.62,50.3
252,52.55,74.36,50.3
261,52.65,75.68,50.3
232,47.22,74.82,50.3
247,47.34,76.14,50.3
248,50.78,74.51,50.3
243,49,74.67,50.3
256,47.83,76.54,50.3
1431,55.77,75.85,50.3
1496,54.88,75.93,50.3
727,54,76.01,50.3
284,53.12,76.08,50.3
259,52.24,76.16,50.3
2585,56.88,85.13,50.15
2545,57.25,85.13,50.15
2422,57.75,85.02,50.31
1932,57.91,80.11,50.3
1878,57.43,79.7,50.3
1872,56.55,79.78,50.3
2289,58.51,84.51,50.31
2140,58.55,82.77,50.3
2051,58.46,81.41,50.3
2042,57.98,81,50.3
1486,55.84,76.73,50.3
1572,55.92,77.61,50.3
1680,56,78.49,50.3
1800,56.07,79.38,50.3
375,45.68,77.18,49.4
442,46.16,77.58,48.77
462,46.64,77.98,48.15
318,45.28,77.66,49.84
313,45.68,77.18,49.84
284,45.65,77.17,50.1
304,45.73,78.05,50.1
253,45.6,77.16,50.3
312,45.86,79.75,50.3
293,45.78,78.9,50.3
272,45.69,78.03,50.3
2279,57.35,84.94,49.96
1951,57.93,84.77,49.87
1255,57.91,80.1,49.84
1232,57.43,79.7,49.84
1224,56.55,79.78,49.84
1838,58.66,84.36,49.88
1464,58.59,82.71,49.85
1340,58.47,81.38,49.84
1313,57.99,80.98,49.84
1221,55.92,77.61,49.84
1216,56,78.49,49.84
1213,56.07,79.37,49.84
1168,55.36,76.33,49.4
1067,54.96,76.81,48.77
1093,55.44,77.21,49.4
975,55.04,77.69,48.77
1020,55.52,78.09,49.4
859,55.12,78.57,48.77
944,55.59,78.97,49.4
305,46.08,76.7,49.84
378,46.56,77.1,49.4
437,47.04,77.5,48.77
309,46.96,76.62,49.84
376,47.44,77.02,49.4
424,47.92,77.43,48.77
305,52.54,74.36,49.84
322,52.65,75.68,49.84
280,47.25,74.82,49.84
302,47.36,76.14,49.84
296,49.01,74.67,49.84
285,50.77,74.51,49.84
311,47.84,76.55,49.84
1358,54.88,75.93,49.84
861,54,76.01,49.84
381,53.12,76.08,49.84
308,52.24,76.16,49.84
344,51.73,75.32,49.08
374,51.84,76.64,48.77
377,51.36,76.24,48.15
364,50.88,75.84,48.15
388,48.2,75.63,49.08
350,49.96,75.47,49.08
424,49.12,75.99,48.15
414,48.32,76.95,48.77
369,48.32,76.95,49.4
433,48.72,76.47,48.15
368,50.96,76.72,48.15
387,50.56,77.19,47.52
389,49.6,76.39,48.15
365,50.48,76.31,48.15
387,50.08,76.79,47.52
397,49.2,76.87,48.15
385,49.68,77.27,47.52
1215,54.48,76.41,49.4
697,53.6,76.49,49.4
410,52.72,76.56,49.4
337,51.84,76.64,49.4
399,48.8,77.35,48.77
971,54.08,76.89,48.77
579,53.2,76.96,48.77
416,52.32,77.04,48.77
359,51.44,77.12,48.77
289,46.54,77.1,50.1
1303,55.36,76.33,49.84
292,47.43,77.02,50.1
273,51.73,75.32,50.1
281,49.96,75.47,50.1
274,48.2,75.63,50.1
294,48.32,76.95,50.1
1402,55.36,76.33,50.1
1401,54.48,76.41,50.1
522,53.6,76.49,50.1
299,52.72,76.56,50.1
284,51.84,76.64,50.1
1256,55.44,77.21,49.84
1385,55.44,77.21,50.1
751,49.03,79.99,42.52
852,49.51,80.39,41.9
615,53.01,79.86,42.36
577,53.01,79.86,42.68
568,53.25,80.06,42.36
537,53.25,80.06,42.68
667,52.77,79.66,42.36
622,52.77,79.66,42.68
714,52.53,79.46,42.36
666,52.53,79.46,42.68
775,49.43,79.53,42.52
728,52.09,79.5,42.36
678,52.09,79.5,42.68
766,51.85,79.3,42.36
716,51.85,79.3,42.68
757,50.31,79.44,42.52
745,51.19,79.36,42.52
1091,51.83,81.52,40.66
725,52.81,80.1,41.74
670,53.05,80.3,41.74
649,52.81,80.1,42.05
601,53.05,80.3,42.05
999,52.23,81.04,40.87
855,52.63,80.56,41.27
1160,51.35,81.12,40.66
784,52.57,79.9,41.74
703,52.57,79.9,42.05
830,52.33,79.7,41.74
751,52.33,79.7,42.05
1069,51.75,80.64,40.87
946,52.15,80.16,41.27
1126,50.87,80.72,40.87
1033,50.39,80.32,41.27
862,49.91,79.91,41.9
998,51.27,80.24,41.27
844,50.79,79.84,41.9
819,51.67,79.76,41.9
639,48.55,79.61,43.77
652,49.03,79.99,43.15
521,53.65,79.59,43.3
559,53.41,79.39,43.3
505,53.85,79.36,43.61
528,53.6,79.25,43.61
498,53.6,79.25,43.93
482,53.85,79.36,43.93
514,53.25,80.06,42.99
507,53.45,79.83,43.3
546,53.01,79.86,42.99
539,53.21,79.62,43.3
657,48.95,79.31,43.78
702,49.38,79.07,43.66
684,49.43,79.53,43.15
641,49.87,79.23,43.79
666,50.31,79.46,43.15
601,53.16,79.24,43.3
634,52.89,79.12,43.3
584,53.1,78.99,43.75
586,52.77,79.66,42.99
581,52.97,79.42,43.3
626,52.53,79.46,42.99
620,52.73,79.23,43.3
635,52.09,79.5,42.99
669,51.85,79.3,42.99
632,51.85,79.3,43.3
600,52.09,79.5,43.3
625,52.29,79.26,43.3
656,52.05,79.06,43.3
601,52.38,78.96,43.77
648,50.74,79.03,43.77
658,51.19,79.36,43.15
625,51.59,78.88,43.77
542,48.06,79.28,45.03
564,48.55,79.6,44.4
571,48.9,78.97,44.95
588,48.97,79.29,44.4
525,49.39,78.98,45.2
513,49.7,78.81,44.93
584,49.86,79.17,44.42
446,50.2,78.84,44.98
452,50.35,78.57,45.11
568,50.71,78.98,44.41
481,51.12,78.48,45.02
536,51.59,78.88,44.4
466,52.01,78.4,45.01
521,52.87,78.67,44.71
537,52.74,78.53,44.69
436,52.74,78.39,45.14
451,53.29,78.78,44.94
516,52.42,78.88,44.43
500,53.15,78.92,44.35
462,53.84,79.29,44.41
462,53.92,78.93,44.94
460,47.6,78.78,46.26
478,48.07,79.2,45.65
479,53.94,78.77,45.36
565,54.65,78.21,46.3
514,54.1,78.64,45.87
511,54.27,78.88,45.74
463,47.99,78.31,46.3
493,48.3,78.47,45.9
488,48.15,78.59,45.88
488,48.18,78.64,45.86
478,48.66,78.62,45.93
479,48.49,78.9,45.77
525,48.84,78.8,45.4
416,48.88,78.23,46.27
451,49.68,78.68,45.33
440,49.38,78.62,45.81
467,49.36,78.89,45.61
436,49.72,78.6,45.42
436,49.82,78.62,45.35
413,49.76,78.18,46.24
435,50.24,78.59,45.62
430,50.62,78.09,46.25
445,51.12,78.48,45.65
440,53.02,78.69,45.27
449,53.23,78.53,45.34
464,53.46,78.5,45.47
463,53.53,78.69,45.36
543,54.15,77.82,46.27
489,53.69,78.29,45.84
428,51.52,78,46.27
438,52.4,77.92,46.27
485,53.28,77.84,46.27
435,52,78.4,45.65
442,52.87,78.33,45.65
481,53.99,80.89,42.52
520,53.29,80.51,42.36
497,53.29,80.51,42.68
499,53.53,80.71,42.36
482,53.53,80.71,42.68
893,52.78,82.32,40.87
664,53.18,81.85,41.27
519,53.59,81.37,41.9
898,52.3,81.92,40.87
752,52.71,81.44,41.27
564,53.11,80.96,41.9
467,53.99,80.89,43.15
465,54.39,80.41,43.77
471,53.53,80.71,42.99
481,53.29,80.51,42.99
463,53.53,80.71,43.3
470,53.29,80.51,43.3
468,53.73,80.47,43.3
477,53.49,80.27,43.3
468,53.91,80.01,43.77
459,53.91,80.01,44.4
473,54.31,79.53,45.03
461,54.39,80.41,44.4
475,54.79,79.93,45.02
560,54.72,79.07,46.27
503,54.31,79.51,45.63
506,54.79,79.93,45.65
553,55.19,79.45,46.27
713,57.91,80.1,48.77
883,57.91,80.1,49.4
723,57.43,79.7,48.77
707,56.55,79.78,48.77
894,57.43,79.7,49.4
875,56.55,79.78,49.4
863,55.67,79.85,49.4
2582,56.89,85.13,49.65
1700,57.93,84.76,49.39
1413,58.71,84.36,49.08
795,58.58,82.7,49.08
857,58.47,81.38,49.4
678,58.47,81.38,48.77
672,57.99,80.98,48.77
849,57.99,80.98,49.4
570,54.54,82.17,42.52
506,54.06,81.77,42.52
1233,53.74,83.13,41.27
789,54.14,82.65,41.9
676,53.26,82.73,41.27
574,53.66,82.25,41.9
1287,54.76,84.66,42.52
953,53.82,84.01,41.9
1410,54.3,84.4,41.9
752,55.1,83.45,42.52
1087,55.18,84.34,42.52
655,54.62,83.05,42.52
990,54.7,83.93,41.9
951,54.22,83.53,41.9
888,55.18,84.34,43.15
956,55.64,84.64,43.77
594,54.62,83.05,43.15
669,55.1,83.45,43.15
671,55.58,83.85,43.77
1128,54.76,84.66,43.15
942,55.64,84.64,44.4
659,55.59,78.97,47.52
606,55.19,79.45,46.9
528,54.54,82.17,43.15
484,54.06,81.77,43.15
470,54.47,81.29,43.77
467,54.87,80.81,44.4
473,55.27,80.33,45.02
502,54.95,81.69,43.77
485,55.35,81.21,44.4
476,55.75,80.73,45.02
481,55.75,80.73,45.65
502,56.15,80.25,46.27
495,55.27,80.33,45.65
530,55.67,79.85,46.27
545,55.02,82.57,43.77
603,55.5,82.97,43.77
549,55.9,82.49,44.4
510,55.42,82.09,44.4
1499,57.93,84.77,48.77
607,55.58,83.85,44.4
875,56.55,84.6,45.02
597,55.98,83.38,44.4
667,56.06,84.29,44.4
598,56.94,84.18,45.02
637,56.46,83.78,44.4
914,56.55,84.6,45.64
942,57.42,84.56,45.64
1492,57.01,84.77,45.64
1586,57.92,84.77,46.58
593,56.94,84.18,45.65
511,56.3,82.02,45.02
488,55.83,81.61,45.02
478,56.23,81.14,45.65
488,56.71,81.54,45.65
487,56.63,80.66,46.27
490,57.11,81.06,46.27
526,57.51,80.58,46.9
590,57.91,80.1,47.52
635,57.91,80.1,48.15
640,57.43,79.7,48.15
526,57.03,80.18,46.9
589,57.43,79.7,47.52
529,56.15,80.25,46.9
577,56.55,79.78,47.52
540,56.82,82.86,45.33
552,57.78,83.66,46.58
1015,58.64,84.35,47.83
514,57.63,81.9,46.58
583,58.58,82.7,47.83
607,58.43,80.94,47.83
626,56.55,79.78,48.15
612,56.07,79.37,47.52
568,55.67,79.85,46.9
658,56.07,79.37,48.15
702,55.67,79.85,48.77
751,55.19,79.45,48.77
711,55.59,78.97,48.15
452,47.11,78.38,47.52
435,47.59,78.79,46.9
743,55.04,77.69,47.52
633,54.65,78.18,46.89
711,55.12,78.57,47.52
626,54.71,79.05,46.9
744,54.56,77.29,47.52
607,54.16,77.77,46.9
449,47.52,77.9,47.52
419,47.99,78.3,46.9
408,48.4,77.83,47.52
386,48.87,78.23,46.89
381,49.28,77.75,47.52
390,49.76,78.15,46.9
381,50.16,77.67,47.52
404,50.64,78.08,46.9
630,53.68,77.37,47.52
501,52.8,77.44,47.52
391,51.04,77.6,47.52
424,51.92,77.52,47.52
521,53.28,77.84,46.9
414,51.52,78,46.9
448,52.4,77.92,46.9
866,55.04,77.69,48.15
789,55.12,78.57,48.15
907,54.56,77.29,48.15
450,47.52,77.9,48.15
417,48.4,77.83,48.15
380,49.28,77.75,48.15
709,53.68,77.37,48.15
503,52.8,77.44,48.15
370,51.04,77.6,48.15
410,51.92,77.52,48.15
333,45.35,78.54,49.84
320,45.81,78.93,50.1
381,45.75,78.06,49.4
429,46.23,78.46,48.77
1291,50.6,82.53,40.46
1149,48.7,81.35,41.27
1246,49.18,81.75,40.87
1290,49.66,82.16,40.66
1098,49.11,80.87,41.27
1210,49.59,81.27,40.87
1263,50.06,81.68,40.66
1082,51.43,82,40.66
1045,49.99,80.79,41.27
1152,50.47,81.2,40.87
1171,50.95,81.6,40.66
912,48.7,81.35,41.9
761,48.63,80.47,42.52
867,49.11,80.87,41.9
664,48.15,80.07,43.77
671,48.63,80.47,43.15
580,47.67,79.65,45.02
601,48.15,80.07,44.4
486,47.19,79.26,46.27
526,47.67,79.67,45.65
1352,49.86,83.81,40.45
1230,49.76,83.18,40.66
719,45.03,79.9,47.52
937,45.11,80.78,47.52
1015,45.18,81.66,47.52
532,45.03,79.9,48.15
802,45.11,80.78,48.15
887,45.18,81.66,48.15
474,45.51,80.3,48.77
777,45.58,81.18,48.77
818,45.66,82.06,48.77
444,45.43,79.42,48.15
401,45.91,79.82,48.77
530,45.43,79.42,47.52
462,46.31,79.34,47.52
1136,45.18,81.66,46.9
1271,45.18,81.66,46.27
1449,45.26,82.54,46.27
1148,45.58,81.18,46.9
979,45.51,80.3,46.9
1232,45.58,81.18,46.27
1070,45.51,80.3,46.27
746,45.91,79.82,46.9
570,46.79,79.74,46.9
873,45.91,79.82,46.27
645,46.79,79.74,46.27
1420,45.66,82.06,45.65
1413,45.66,82.06,45.02
1471,45.74,82.94,45.02
1549,45.82,83.82,45.02
1491,45.74,82.94,45.65
1558,45.82,83.82,45.65
1188,45.99,80.7,45.65
1318,46.06,81.58,45.65
1215,45.99,80.7,45.02
1307,46.06,81.58,45.02
1035,46.39,80.22,45.02
772,47.27,80.14,45.02
1002,46.39,80.22,45.65
740,47.27,80.14,45.65
1401,46.22,83.34,44.4
1287,46.14,82.46,44.4
1374,46.22,83.34,43.77
1253,46.14,82.46,43.77
1164,46.46,81.1,44.4
1180,46.54,81.98,44.4
1146,46.54,81.98,43.77
1131,46.46,81.1,43.77
1015,46.87,80.62,44.4
765,47.75,80.55,44.4
785,47.75,80.55,43.77
1002,46.87,80.62,43.77
1141,47.06,82.82,42.83
1030,46.94,81.5,43.15
761,48.23,80.95,43.15
929,47.35,81.03,43.15
1126,47.42,81.91,41.9
1026,47.82,81.43,41.9
823,48.23,80.95,42.52
961,47.35,81.03,42.52
1064,46.94,81.5,42.52
1542,48.03,83.64,41.54
1088,47.9,82.31,41.9
983,48.3,81.83,41.9
1310,48.81,82.57,40.85
1321,47.9,82.31,41.27
1220,48.3,81.83,41.27
428,46.31,79.34,48.15
450,46.71,78.86,47.52
456,47.19,79.26,46.9
438,46.71,78.86,48.15
2244,56.96,84.93,49.96
2299,58.48,85.01,47.87
1998,57.89,84.98,48.84
2127,57.35,84.95,49.49
2632,57.77,85.14,47.95
2648,56.9,85.13,48.97
2590,57.26,85.14,48.97
928,51.55,83.33,40.66
923,52.38,82.8,40.87
855,51.9,82.4,40.87
1160,50.78,84.26,40.62
4075,50.97,85.14,42.71
3232,50.86,84.99,41.39
1105,53.34,83.61,41.27
774,52.86,83.2,41.27
1379,52.62,83.92,40.83
3983,51.94,85.13,44
3175,51.87,84.95,42.79
2196,51.73,84.63,41.46
2134,57.36,84.97,45.65
2074,56.98,84.95,45.65
2148,57.88,84.98,46.59
1927,56.41,84.94,45.65
3414,55.59,85.13,45.64
3134,56.71,85.13,46.62
3630,54.74,85.13,44.99
2068,55.63,84.93,45.01
3482,54.75,85.13,45.64
3800,53.48,85.13,44.02
2103,54.76,84.93,44.38
2275,54.76,84.93,43.75
2898,53.46,84.93,42.79
2350,53.41,84.57,41.52
2264,56.95,84.86,50.1
2126,57.36,84.65,50.11
1692,57.51,80.58,50.1
1627,57.03,80.18,50.1
1604,56.15,80.26,50.1
2017,57.75,83.72,50.11
1849,57.62,81.92,50.1
1406,55.52,78.09,50.1
1453,55.59,78.97,50.1
1638,55.75,80.74,50.1
1533,55.67,79.85,50.1
4,45.65,79.24,51.17
380,45.83,78.94,49.4
406,46.31,79.34,48.77
324,44.73,81.78,50.3
337,45.07,80.72,50.12
403,45.15,81.53,50.17
319,45.48,80.26,50.1
301,45.09,81.64,50.43
330,45.51,81.01,50.31
437,45.59,81.57,50.32
314,45.93,80.57,50.31
342,45.43,79.42,49.84
332,45.89,79.79,50.1
371,45.91,79.82,49.4
334,45.51,80.3,49.85
640,45.58,81.18,49.4
497,45.18,81.65,49.89
427,45.19,81.95,50.17
665,45.66,82.06,49.4
490,45.99,80.7,49.4
519,45.59,81.19,49.88
3,43.94,79.56,53.15
4,60.71,77.82,60.86
4,60.71,77.81,60.84
4,59.44,77.85,60.85
2,59.49,77.82,60.86
2,59.49,77.84,60.82
2,59.49,77.81,60.84
31,51.39,77.87,60.57
32,51.16,77.87,60.56
32,51.1,77.88,60.52
32,50.95,77.9,60.42
31,50.74,77.9,60.43
31,50.83,77.88,60.51
4,49.23,78.41,60.55
5,49.34,78.51,60.53
4,49.32,78.25,60.53
4,49.27,78.31,60.53
5,49.38,78.3,60.53
5,49.33,78.36,60.53
7,49.44,78.39,60.56
10,49.56,78.49,60.53
17,49.7,78.58,60.51
4,49.12,78.52,60.52
4,49.02,78.61,60.51
4,49.03,78.7,60.57
8,49.46,78.57,60.52
5,49.24,78.59,60.51
10,49.47,78.66,60.58
5,49.25,78.68,60.57
7,49.36,78.75,60.71
15,49.58,78.73,60.56
10,49.48,78.84,60.71
4,49.14,78.76,60.55
6,49.26,78.86,60.71
9,49.38,78.96,60.7
3,48.93,78.78,60.55
3,48.82,78.9,60.52
4,49.04,78.88,60.52
4,48.94,79,60.51
3,48.72,79.02,60.5
6,49.16,78.98,60.51
6,48.97,79.33,60.7
4,48.84,79.12,60.5
6,49.06,79.1,60.5
3,48.53,79.37,60.7
3,48.4,79.16,60.5
3,48.62,79.14,60.5
4,48.74,79.24,60.5
3,48.3,79.28,60.5
3,48.32,79.54,60.7
5,48.76,79.5,60.7
4,48.13,79.85,60.7
5,47.93,80.11,60.7
9,48.37,80.07,60.7
10,48.16,80.32,60.7
7,47.72,80.36,60.7
9,47.5,80.63,60.7
12,47.96,80.61,60.7
10,47.72,80.96,60.7
4,48.81,77.93,60.36
4,48.91,77.93,60.36
4,49.02,77.92,60.36
4,48.46,77.92,60.4
4,48.53,77.91,60.43
4,48.63,77.91,60.44
4,48.41,77.93,60.37
4,48.74,77.94,60.32
4,48.69,77.93,60.36
3,48.88,78.28,60.45
3,48.83,78.34,60.45
3,48.94,78.33,60.45
3,48.89,78.39,60.45
3,49,78.43,60.55
3,48.78,78.4,60.45
3,48.73,78.46,60.45
3,48.84,78.45,60.45
3,48.79,78.51,60.45
3,48.9,78.54,60.53
3,48.76,78.18,60.45
3,48.82,78.23,60.45
3,48.71,78.24,60.45
3,48.77,78.29,60.45
3,48.54,78.2,60.45
3,48.6,78.25,60.45
3,48.49,78.26,60.45
3,48.55,78.31,60.45
3,48.66,78.3,60.45
3,48.72,78.35,60.45
3,48.61,78.36,60.45
3,48.67,78.41,60.45
4,48.86,78.06,60.37
4,48.91,78.03,60.3
4,48.81,78.12,60.37
4,48.74,78.01,60.32
4,48.8,78.03,60.3
4,48.69,78.03,60.37
4,48.64,78.08,60.45
4,48.75,78.07,60.37
4,48.7,78.13,60.45
4,48.59,78.14,60.45
3,48.65,78.19,60.45
4,48.58,78.03,60.37
4,48.52,78,60.38
4,48.63,78,60.38
4,48.47,78.04,60.37
4,48.53,78.09,60.37
4,48.41,78.03,60.3
4,48.92,78.11,60.37
3,48.98,78.16,60.45
4,48.87,78.17,60.37
3,48.93,78.22,60.45
3,49.04,78.22,60.45
4,49.1,78.27,60.53
4,49.16,78.32,60.53
3,48.99,78.27,60.45
3,49.05,78.33,60.53
4,49.11,78.38,60.53
4,49.14,78.1,60.45
4,49.25,78.09,60.45
4,49.2,78.15,60.53
4,49.09,78.16,60.45
4,49.15,78.21,60.53
4,49.26,78.2,60.53
4,49.21,78.26,60.53
4,49.02,78.02,60.3
4,49.08,78.04,60.37
4,48.97,78.06,60.29
4,49.03,78.11,60.37
4,49.14,78.1,60.37
4,49.09,78.16,60.37
4,49.13,77.92,60.37
4,49.24,77.92,60.37
4,49.35,77.92,60.37
4,49.41,77.92,60.36
4,49.46,77.92,60.37
5,49.62,77.91,60.4
8,49.84,77.9,60.4
13,50.07,77.91,60.42
19,50.18,77.89,60.51
24,50.29,77.9,60.43
14,49.76,78.21,60.53
13,49.71,78.27,60.53
18,49.82,78.26,60.53
17,49.77,78.32,60.53
21,49.89,78.36,60.56
13,49.67,78.38,60.55
20,49.79,78.47,60.54
8,49.55,78.28,60.56
8,49.64,78.11,60.53
11,49.7,78.16,60.53
8,49.59,78.17,60.53
10,49.65,78.22,60.53
4,49.31,78.14,60.45
4,49.36,78.08,60.45
5,49.42,78.13,60.53
4,49.37,78.19,60.53
6,49.48,78.18,60.53
5,49.43,78.24,60.53
5,49.53,78.06,60.41
4,49.18,78.04,60.29
4,49.3,78.03,60.37
4,49.25,78.09,60.37
4,49.36,78.08,60.37
4,49.31,78.14,60.37
4,49.41,78.03,60.29
21,49.98,78.19,60.53
21,49.93,78.25,60.53
24,50.04,78.24,60.53
23,49.99,78.3,60.53
15,49.86,78.09,60.53
15,49.81,78.15,60.53
19,49.92,78.14,60.53
18,49.87,78.2,60.53
6,49.63,78.02,60.29
9,49.75,78.04,60.41
22,50.08,78.07,60.53
22,50.03,78.13,60.53
25,50.14,78.12,60.53
24,50.09,78.18,60.53
9,49.85,78,60.29
16,49.97,78.03,60.41
23,50.19,78.01,60.42
3,48.44,78.32,60.37
3,48.39,78.38,60.37
3,48.5,78.37,60.37
3,48.45,78.43,60.37
3,48.34,78.5,60.41
3,48.56,78.42,60.37
3,48.51,78.48,60.37
3,48.62,78.47,60.37
3,48.57,78.53,60.37
3,48.46,78.6,60.41
3,48.24,78.62,60.41
3,48.14,78.73,60.4
3,48.68,78.58,60.41
3,48.81,78.68,60.41
3,48.36,78.71,60.4
3,48.59,78.69,60.4
3,48.48,78.82,60.52
3,48.26,78.83,60.38
3,48.38,78.94,60.51
3,48.71,78.79,60.39
3,48.6,78.92,60.51
3,48.5,79.04,60.5
3,48.04,78.85,60.39
3,48.16,78.95,60.37
3,47.85,79.21,60.5
2,47.94,78.97,60.37
2,48.06,79.07,60.36
3,48.28,79.05,60.36
3,48.18,79.18,60.36
3,47.66,79.52,60.7
3,47.64,79.37,60.5
3,47.45,79.69,60.7
3,47.89,79.65,60.7
3,48.09,79.41,60.5
4,47.69,79.89,60.7
3,47.25,79.93,60.5
4,47.49,80.13,60.5
4,48.08,77.92,60.36
5,47.96,77.95,60.28
4,48.18,77.95,60.28
4,48.3,77.93,60.36
4,47.76,78.16,60.37
4,47.82,78.21,60.37
4,47.71,78.22,60.37
4,47.77,78.27,60.37
4,47.66,78.34,60.41
4,47.88,78.32,60.41
3,47.78,78.44,60.41
3,48.32,78.22,60.37
3,48.27,78.28,60.37
3,48.38,78.27,60.37
3,48.33,78.33,60.37
3,48.22,78.4,60.41
3,48.1,78.3,60.41
4,48.2,78.12,60.37
4,48.15,78.18,60.37
4,48.26,78.17,60.37
4,48.21,78.23,60.37
3,48.12,78.52,60.41
3,48.02,78.64,60.41
3,48,78.42,60.41
3,47.9,78.54,60.41
4,48.42,78.1,60.37
4,48.48,78.15,60.37
4,48.37,78.16,60.37
3,48.43,78.21,60.37
4,48.3,78.08,60.27
4,47.98,78.14,60.37
4,47.93,78.2,60.37
4,48.04,78.19,60.37
4,47.99,78.25,60.37
4,48.08,78.09,60.26
4,47.87,78.1,60.26
3,47.8,78.66,60.25
3,47.92,78.76,60.25
4,47.56,78.46,60.25
3,47.68,78.56,60.25
3,47.46,78.57,60.25
4,47.24,78.59,60.25
3,47.36,78.69,60.41
3,47.58,78.68,60.25
3,47.48,78.79,60.4
4,47.14,78.71,60.25
4,47.26,78.81,60.39
3,47.38,78.91,60.38
3,47.7,78.78,60.25
3,47.6,78.89,60.38
3,47.5,79.01,60.36
3,47.82,78.88,60.25
3,47.72,78.99,60.37
3,47.62,79.11,60.36
2,46.39,80,60.19
4,47.04,80.17,60.5
3,46.56,80.21,60.51
4,46.79,80.45,60.7
2,45.93,80.5,59.94
3,46.3,80.24,60.2
2,46.12,80.48,60.29
3,46.33,80.47,60.51
2,46.5,80.74,60.7
4,47.04,80.67,60.7
2,46.77,81.02,60.7
6,47.28,80.38,60.5
2,46.27,81.16,60.7
2,46.19,80.76,60.51
2,46.12,80.77,60.29
2,46.13,80.75,59.91
2,45.93,80.83,59.63
2,45.93,81.24,60.27
4,47.24,81.11,60.7
3,47.2,81.38,60.29
2,46.13,80.01,59.88
2,46.13,80.26,59.89
2,45.93,80.02,59.58
2,45.93,80.28,59.58
2,45.93,80.84,59.3
3,47.16,78.93,60.25
3,47.28,79.03,60.25
3,47.41,79.22,60.36
3,47.18,79.15,60.25
3,47.06,79.05,60.25
3,46.97,79.26,60.36
3,47.2,79.37,60.37
3,47.22,79.56,60.5
3,46.77,79.52,60.19
2,47.01,79.72,60.2
2,46.57,79.76,60.19
2,46.81,79.96,60.2
7,47.31,77.96,60.25
6,47.52,77.95,60.26
5,47.75,77.95,60.26
9,47.09,78,60.11
10,46.87,78,60.1
12,46.64,78,60.1
12,46.76,78.01,60.07
16,46.31,77.94,60.1
15,46.45,77.98,60.09
20,46.15,77.9,59.94
20,46,77.89,59.94
9,46.68,78.53,60.1
6,46.8,78.63,60.1
5,46.92,78.73,60.25
5,46.82,78.85,60.25
4,47.04,78.83,60.25
4,46.94,78.95,60.25
5,46.72,78.97,60.25
4,46.62,79.09,60.25
4,46.84,79.07,60.25
3,46.74,79.19,60.25
15,46.21,78.91,60.11
19,46.11,78.84,59.95
10,46.58,78.65,60.1
18,46.36,78.67,60.1
12,46.48,78.77,60.25
18,46.27,78.79,60.1
12,46.38,78.89,60.25
6,46.7,78.75,60.1
7,46.6,78.87,60.25
7,46.5,78.99,60.25
21,46.2,78.13,59.94
20,46.32,78.23,59.94
23,46.11,78.25,59.94
22,46.22,78.35,59.94
21,46.09,78.03,59.94
21,46.02,77.97,59.95
22,46.04,78.14,59.95
19,46.44,78.33,59.94
21,46.34,78.45,59.94
15,46.56,78.43,59.94
17,46.46,78.55,59.94
23,46.25,78.57,59.94
22,46.21,78.67,59.95
25,46.16,78.46,59.79
22,45.96,77.97,59.78
23,45.97,78.13,59.79
24,46,78.29,59.78
25,46.08,78.58,59.78
24,46.1,78.68,59.79
21,46.12,78.81,59.78
26,46.06,78.45,59.55
3,46.53,79.32,60.18
3,46.35,79.56,60.18
3,46.27,79.35,59.94
4,46.4,79.11,60.1
7,46.28,79.01,60.1
5,46.23,79.13,60.12
3,46.3,79.23,60.1
2,46.28,79.79,59.87
5,46.13,79.12,59.86
2,46.13,79.54,59.87
2,46.13,79.8,59.56
4,45.93,79.12,59.56
2,45.93,79.53,59.56
2,45.93,79.81,59.25
19,46.29,78.04,59.94
18,46.42,78.13,59.94
22,46.17,77.98,59.8
6,47,78.39,60.1
8,46.88,78.29,60.1
8,46.78,78.41,60.1
6,46.9,78.51,60.1
16,46.54,78.21,59.94
12,46.77,78.21,59.94
13,46.66,78.31,59.94
14,46.63,78.16,59.95
5,47.12,78.49,60.1
5,47.02,78.61,60.1
6,47.1,78.27,60.1
6,47.2,78.17,60.1
8,47.09,78.15,59.98
10,46.87,78.15,59.98
8,46.99,78.18,60.1
4,47.54,78.24,60.25
6,47.3,78.1,60.14
5,47.43,78.14,60.26
5,47.53,78.1,60.14
5,47.65,78.12,60.26
5,47.75,78.09,60.16
5,47.32,78.25,60.1
4,47.44,78.35,60.1
5,47.22,78.37,60.1
4,47.34,78.47,60.1
28,50.41,77.91,60.39
30,50.62,77.91,60.4
29,52.84,77.83,60.82
26,53,77.87,60.84
25,52.96,77.9,60.82
27,52.78,77.87,60.83
27,52.89,77.87,60.83
27,53,77.86,60.81
28,52.94,77.83,60.82
29,53.05,77.83,60.82
26,52.67,77.91,60.82
29,52.78,77.82,60.78
29,52.67,77.83,60.82
29,52.73,77.84,60.81
28,52.61,77.83,60.82
27,52.62,77.87,60.83
30,52.55,77.82,60.85
32,52.45,77.82,60.85
32,52.39,77.84,60.81
31,52.39,77.89,60.82
31,52.33,77.84,60.77
31,52.43,77.83,60.82
29,52.56,77.83,60.82
28,50.21,78.22,60.56
30,50.33,78.32,60.56
29,50.23,78.43,60.54
27,50.1,78.34,60.56
26,50,78.45,60.54
25,49.9,78.57,60.52
31,50.45,78.42,60.54
28,50.11,78.54,60.51
30,50.36,78.52,60.52
30,50.13,78.57,60.6
31,50.34,78.55,60.61
32,50.24,78.67,60.72
28,50.02,78.63,60.5
30,50.03,78.72,60.56
31,50.14,78.79,60.71
30,50.36,78.77,60.71
30,50.26,78.89,60.71
29,49.92,78.81,60.55
23,49.8,78.65,60.5
25,49.81,78.74,60.57
30,50.04,78.9,60.52
25,49.61,79.05,60.7
23,49.7,78.82,60.54
28,49.82,78.92,60.53
20,49.2,79.46,60.7
11,49.28,79.08,60.5
11,49.18,79.2,60.5
29,49.94,79.02,60.51
24,49.41,79.29,60.7
30,49.85,79.25,60.7
24,49.01,79.78,60.7
23,48.81,80.02,60.7
21,48.61,80.28,60.7
15,48.4,80.55,60.7
13,48.2,81.09,60.7
12,48.09,81.38,60.28
27,51.24,78.65,60.72
26,51.76,78.28,60.74
25,51.57,78.56,60.73
24,51.68,78.62,60.73
25,51.46,78.63,60.72
28,50.09,79.38,60.7
27,49.25,79.98,60.7
23,49.05,80.24,60.7
16,48.85,80.5,60.7
13,48.64,80.81,60.7
18,48.67,81.3,60.7
29,50.48,78.87,60.71
28,50.38,78.99,60.7
27,50.29,79.22,60.7
29,50.16,79,60.51
29,50.06,79.12,60.5
27,50.6,78.97,60.7
27,50.5,79.09,60.7
30,50.42,78.15,60.53
31,50.48,78.2,60.53
30,50.37,78.21,60.53
30,50.43,78.26,60.53
28,50.31,78.1,60.41
30,50.89,78.4,60.65
29,50.79,78.51,60.62
28,51,78.49,60.63
28,50.91,78.65,60.72
28,50.9,78.58,60.6
31,50.55,78.3,60.57
31,50.77,78.28,60.57
30,50.66,78.4,60.55
31,50.65,78.19,60.57
30,50.53,78.09,60.41
28,50.41,78.04,60.28
29,50.69,78.67,60.72
29,50.68,78.59,60.6
30,50.56,78.51,60.53
28,50.8,78.73,60.72
30,50.46,78.59,60.51
30,50.47,78.68,60.57
29,50.58,78.75,60.71
28,50.7,78.85,60.71
29,51.22,78.22,60.67
30,50.98,78.22,60.67
29,50.98,78.32,60.67
28,51.11,78.39,60.66
30,51.09,78.14,60.68
31,50.97,78.05,60.57
31,50.85,77.98,60.42
31,50.87,78.17,60.57
31,50.63,78.03,60.3
31,50.75,78.07,60.41
27,51.12,78.59,60.6
28,51.02,78.71,60.72
27,50.92,78.82,60.71
27,50.82,78.95,60.7
27,51.43,78.27,60.69
26,51.55,78.37,60.74
27,51.54,78.3,60.68
27,51.65,78.25,60.69
28,51.53,78.13,60.75
31,51.4,77.95,60.69
30,51.46,78,60.69
30,51.35,78.01,60.69
29,51.41,78.06,60.69
31,51.29,77.93,60.58
29,51.31,78.12,60.68
30,51.19,78.02,60.57
31,51.06,77.96,60.42
27,51.22,78.47,60.64
26,51.45,78.46,60.64
26,51.34,78.57,60.61
28,51.32,78.29,60.65
27,51.33,78.39,60.66
25,51.98,78.26,60.74
26,51.87,78.2,60.74
28,51.74,78.05,60.75
28,51.69,78.11,60.75
27,51.8,78.1,60.75
27,51.75,78.16,60.75
30,51.62,77.93,60.68
30,51.57,77.99,60.68
29,51.68,77.98,60.68
29,51.63,78.04,60.68
30,51.51,77.92,60.58
26,51.97,78.09,60.75
29,51.84,77.92,60.68
29,51.79,77.98,60.68
28,51.9,77.97,60.69
28,51.85,78.03,60.68
30,51.72,77.91,60.58
25,52.08,78.18,60.74
26,52.19,78.01,60.77
26,52.18,77.99,60.8
29,51.95,77.9,60.76
30,52,77.85,60.76
29,52.11,77.85,60.76
29,52.17,77.89,60.76
29,52.06,77.87,60.8
27,52.06,78.01,60.77
27,52.07,77.96,60.8
28,51.96,77.97,60.74
26,52.07,78.03,60.75
30,51.89,77.87,60.69
29,51.95,77.91,60.69
30,52,77.86,60.69
26,52.41,78.01,60.77
27,52.4,77.98,60.8
30,52.28,77.88,60.76
30,52.34,77.85,60.7
28,52.23,77.93,60.75
29,52.34,77.92,60.75
27,52.29,77.97,60.75
26,52.29,78.03,60.75
29,52.17,77.89,60.69
29,52.11,77.86,60.69
29,52.23,77.86,60.69
24,53.5,77.85,60.84
27,53.45,77.84,60.81
26,53.55,77.84,60.82
24,53.61,77.87,60.84
25,53.33,77.84,60.84
24,53.39,77.92,60.82
27,53.39,77.86,60.81
26,53.28,77.83,60.82
27,53.34,77.84,60.81
24,53.17,77.92,60.82
27,53.11,77.85,60.81
25,53.22,77.87,60.83
26,53.22,77.84,60.82
27,53.17,77.84,60.79
24,53.67,77.91,60.83
27,53.62,77.86,60.81
24,53.12,77.98,60.8
24,53.11,78.01,60.77
25,53.01,77.98,60.8
26,53.06,77.89,60.8
24,53.06,77.95,60.81
28,53.66,77.84,60.82
24,53.78,77.89,60.83
28,54.11,77.86,60.84
25,54.22,77.85,60.84
27,54.16,77.84,60.81
27,54.27,77.84,60.82
26,54.38,77.82,60.85
27,54.49,77.81,60.85
26,54.61,77.87,60.84
25,54.33,77.84,60.85
27,54.38,77.8,60.84
27,54.49,77.8,60.84
26,53.22,77.8,60.84
27,53.16,77.81,60.79
28,53.11,77.8,60.84
27,53.28,77.8,60.85
26,53.35,77.8,60.84
25,53.55,77.8,60.84
26,53.45,77.8,60.84
29,53.65,77.8,60.84
25,53.72,77.86,60.84
28,54.16,77.8,60.84
28,54.27,77.8,60.84
31,52.43,77.8,60.85
31,52.33,77.8,60.77
30,52.56,77.8,60.85
29,52.67,77.8,60.85
29,52.73,77.8,60.84
29,52.78,77.8,60.79
30,52.61,77.81,60.78
29,52.95,77.8,60.84
29,53.05,77.8,60.84
29,52.84,77.8,60.77
31,51.89,77.82,60.68
31,52.01,77.81,60.69
30,52.17,77.82,60.68
30,52.11,77.81,60.69
30,52.33,77.81,60.7
30,52.22,77.81,60.69
31,51.72,77.82,60.56
31,51.51,77.82,60.56
32,51.29,77.82,60.56
32,51.07,77.83,60.41
32,50.85,77.83,60.41
4,48.8,77.83,60.29
4,48.91,77.83,60.29
4,49.02,77.83,60.3
4,48.97,77.83,60.28
4,48.75,77.83,60.27
4,48.58,77.83,60.36
4,48.52,77.83,60.37
4,48.63,77.83,60.38
4,48.47,77.83,60.34
4,48.41,77.83,60.28
4,48.69,77.83,60.29
4,49.18,77.83,60.28
4,49.3,77.83,60.36
4,49.41,77.83,60.28
4,49.52,77.82,60.36
4,49.63,77.83,60.28
4,49.73,77.82,60.38
5,49.85,77.83,60.28
6,49.98,77.82,60.38
9,50.19,77.82,60.39
6,47.87,77.84,60.22
5,48.08,77.84,60.23
5,48.3,77.84,60.25
8,47.42,77.84,60.2
9,47.3,77.85,60.12
8,47.53,77.84,60.12
6,47.75,77.84,60.15
6,47.64,77.84,60.22
10,47.21,77.85,60.07
12,47.09,77.86,59.97
12,46.98,77.85,60.07
14,46.87,77.85,59.97
16,46.61,77.85,59.94
15,46.77,77.86,59.93
19,46.3,77.83,59.94
18,46.45,77.84,59.94
21,46.12,77.82,59.79
19,45.96,77.82,59.78
23,45.89,77.99,59.55
25,45.9,78.26,59.54
27,45.92,78.44,59.29
23,45.92,78.72,59.55
29,50.63,77.83,60.29
24,50.41,77.83,60.26
2,45.65,79.36,53.15
2,43.73,79.58,51.86
3,43.91,78.67,51.9
3,43.73,79.07,51.86
2,44.47,78.62,51.9
2,43.73,80.01,52.5
5,43.94,79.56,52.52
4,43.91,78.67,52.52
5,43.73,79.07,52.5
2,44.47,78.62,52.52
4,44.11,79.09,53.15
2,44.93,79.02,53.15
5,45.65,79.32,51.91
3,45.46,79.3,50.79
6,45.66,79.69,50.67
258,46.52,77.09,50.3
261,47.42,77.02,50.3
253,51.73,75.32,50.3
255,49.96,75.47,50.3
246,48.19,75.63,50.3
266,48.31,76.95,50.3
1519,55.36,76.33,50.3
1454,54.48,76.41,50.3
440,53.6,76.49,50.3
269,52.72,76.56,50.3
264,51.84,76.64,50.3
2624,56.34,85.13,50.15
2541,56.87,85.06,50.3
2433,57.28,84.82,50.3
1990,57.5,80.59,50.3
1942,57.03,80.19,50.3
1927,56.15,80.26,50.3
2298,57.7,83.81,50.3
2146,57.61,81.94,50.3
1549,55.44,77.21,50.3
1624,55.52,78.09,50.3
1728,55.59,78.97,50.3
1965,55.75,80.74,50.3
1846,55.67,79.86,50.3
2,44.86,81.39,50.64
2,45.12,81.34,50.5
381,46.16,77.58,49.4
435,46.64,77.98,48.77
447,47.11,78.38,48.15
330,45.75,78.06,49.84
324,46.16,77.58,49.84
297,46.14,77.57,50.1
316,46.22,78.45,50.1
265,46.1,77.56,50.3
322,46.35,80.13,50.3
306,46.27,79.29,50.3
286,46.19,78.44,50.3
1941,57,84.75,49.84
1712,57.42,84.55,49.85
1287,57.51,80.58,49.84
1251,57.03,80.18,49.84
1230,56.15,80.25,49.84
1640,57.8,83.67,49.85
1411,57.63,81.9,49.84
1232,55.52,78.09,49.84
1215,55.59,78.97,49.84
1226,55.75,80.73,49.84
1205,55.67,79.85,49.84
1224,54.96,76.81,49.4
1092,54.56,77.29,48.77
1108,55.04,77.69,49.4
999,54.64,78.17,48.77
998,55.12,78.57,49.4
841,54.71,79.05,48.77
904,55.19,79.45,49.4
821,55.27,80.33,49.4
316,46.56,77.1,49.84
380,47.04,77.5,49.4
428,47.52,77.9,48.77
318,47.44,77.02,49.84
376,47.92,77.43,49.4
409,48.4,77.83,48.77
292,51.73,75.32,49.84
301,49.96,75.47,49.84
298,48.2,75.63,49.84
318,48.32,76.95,49.84
1334,54.48,76.41,49.84
603,53.6,76.49,49.84
336,52.72,76.56,49.84
304,51.84,76.64,49.84
365,48.8,77.35,49.4
375,49.16,76.43,49.08
339,50.92,76.28,49.08
365,50.56,77.19,48.15
370,50.08,76.79,48.15
364,50.16,77.67,48.15
375,49.68,77.27,48.15
1117,54.08,76.89,49.4
525,53.2,76.96,49.4
362,52.32,77.04,49.4
330,51.44,77.12,49.4
378,49.28,77.75,48.77
810,53.68,77.37,48.77
475,52.8,77.44,48.77
352,51.04,77.6,48.77
381,51.92,77.52,48.77
300,47.03,77.5,50.1
1377,54.96,76.81,49.84
301,47.91,77.42,50.1
302,48.8,77.35,50.1
284,50.92,76.28,50.1
290,49.16,76.43,50.1
1484,54.96,76.81,50.1
1252,54.08,76.89,50.1
385,53.2,76.96,50.1
288,52.32,77.04,50.1
288,51.44,77.12,50.1
1289,55.04,77.69,49.84
1439,55.04,77.69,50.1
692,49.51,80.39,42.52
805,49.99,80.79,41.9
591,52.81,80.1,42.36
554,52.81,80.1,42.68
553,53.05,80.3,42.36
522,53.05,80.3,42.68
637,52.57,79.9,42.36
593,52.57,79.9,42.68
681,52.33,79.7,42.36
633,52.33,79.7,42.68
714,49.91,79.91,42.52
696,50.79,79.84,42.52
678,51.67,79.76,42.52
990,51.82,81.52,40.87
842,52.23,81.04,41.27
641,52.63,80.56,41.9
1074,51.35,81.12,40.87
935,51.75,80.64,41.27
737,52.15,80.16,41.9
999,50.87,80.72,41.27
819,50.39,80.32,41.9
789,51.27,80.24,41.9
575,49.03,79.99,43.77
588,49.51,80.39,43.15
501,53.05,80.3,42.99
527,52.81,80.1,42.99
484,53.05,80.3,43.3
505,52.81,80.1,43.3
494,53.25,80.06,43.3
521,53.01,79.86,43.3
493,53.43,79.61,43.77
610,49.43,79.54,43.77
617,49.91,79.91,43.15
605,50.31,79.45,43.77
604,50.79,79.84,43.15
561,52.57,79.9,42.99
596,52.33,79.7,42.99
534,52.57,79.9,43.3
565,52.33,79.7,43.3
555,52.77,79.66,43.3
590,52.53,79.46,43.3
544,52.93,79.28,43.77
599,51.19,79.36,43.77
594,51.67,79.76,43.15
576,52.07,79.28,43.77
502,48.55,79.58,45.02
517,49.03,79.99,44.4
523,48.98,79.22,45.04
550,49.43,79.54,44.4
496,49.85,79.09,45.04
556,50.31,79.44,44.4
465,50.71,78.95,45.02
542,51.19,79.36,44.4
466,51.59,78.88,45.02
504,52.07,79.28,44.4
479,52.95,79.24,44.41
451,52.47,78.8,45.02
448,53.25,78.92,45.12
462,53.43,79.59,44.4
464,53.83,79.21,45.04
437,48.07,79.18,46.27
453,48.55,79.57,45.63
546,54.24,78.66,46.26
487,53.84,79.13,45.65
436,48.48,78.68,46.29
452,48.43,78.95,46.03
455,48.96,78.8,45.91
466,48.95,79.13,45.65
406,49.35,78.64,46.27
446,49.81,79.11,45.6
427,50.12,78.92,45.66
424,49.84,78.88,45.8
414,50.23,78.57,46.25
429,50.71,78.96,45.65
421,51.12,78.48,46.27
433,51.59,78.88,45.65
449,53.06,78.7,45.56
517,53.76,78.25,46.27
463,53.36,78.92,45.58
469,53.35,78.65,45.78
427,52,78.4,46.27
460,52.88,78.32,46.27
436,52.47,78.8,45.65
483,53.59,81.37,42.52
493,53.11,80.96,42.52
674,52.78,82.32,41.27
545,53.18,81.85,41.9
723,52.3,81.92,41.27
564,52.71,81.44,41.9
464,53.59,81.37,43.15
458,53.99,80.89,43.77
464,53.11,80.96,43.15
459,53.51,80.49,43.77
452,53.51,80.49,44.4
466,53.91,80.01,45.02
456,53.99,80.89,44.4
472,54.39,80.41,45.02
490,53.91,80.01,45.65
548,54.31,79.53,46.27
500,54.39,80.41,45.65
550,54.79,79.93,46.27
673,57.51,80.58,48.77
848,57.51,80.58,49.4
684,57.03,80.18,48.77
668,56.15,80.25,48.77
856,57.03,80.18,49.4
836,56.15,80.25,49.4
801,55.75,80.73,49.4
2716,56.36,85.13,48.97
2641,56.36,85.13,49.66
2042,56.97,84.93,49.49
1564,57,84.75,49.39
1265,57.42,84.55,49.39
924,57.78,83.66,49.08
718,57.63,81.9,49.08
1208,53.34,83.61,41.9
867,52.86,83.2,41.9
592,54.14,82.65,42.52
538,53.66,82.25,42.52
745,53.74,83.13,41.9
647,53.26,82.73,41.9
544,54.14,82.65,43.15
503,53.66,82.25,43.15
801,54.26,83.96,42.83
822,54.76,84.66,43.77
741,55.18,84.34,43.77
554,54.62,83.05,43.77
609,55.1,83.45,43.77
676,55.18,84.34,44.4
941,54.76,84.66,44.4
829,55.64,84.64,45.02
603,54.79,79.93,46.9
656,55.19,79.45,47.52
499,54.54,82.17,43.77
468,54.06,81.77,43.77
463,54.47,81.29,44.4
471,54.87,80.81,45.02
480,54.95,81.69,44.4
474,55.35,81.21,45.02
479,55.35,81.21,45.65
498,55.75,80.73,46.27
492,54.87,80.81,45.65
528,55.27,80.33,46.27
565,55.1,83.45,44.4
525,54.62,83.05,44.4
512,55.02,82.57,44.4
552,55.5,82.97,44.4
511,55.9,82.49,45.02
487,55.42,82.09,45.02
1489,57.92,84.77,47.83
1281,57.01,84.75,48.77
917,57.42,84.55,48.77
888,57,84.45,46.58
556,56.02,83.84,45.33
518,55.75,80.73,46.9
477,55.42,82.09,45.65
489,55.9,82.49,45.65
486,56.3,82.02,45.65
477,55.83,81.61,45.65
481,56.23,81.14,46.27
480,56.71,81.54,46.27
487,56.71,81.54,46.9
492,56.23,81.14,46.9
505,56.63,80.66,46.9
500,57.11,81.06,46.9
553,57.51,80.58,47.52
600,57.51,80.58,48.15
607,57.03,80.18,48.15
557,57.03,80.18,47.52
557,56.15,80.25,47.52
494,56.82,82.86,46.58
559,57.78,83.66,47.83
548,57.63,81.9,47.83
598,56.15,80.25,48.15
634,55.75,80.73,48.77
562,55.27,80.33,46.9
600,55.67,79.85,47.52
664,55.27,80.33,48.77
634,55.67,79.85,48.15
715,54.79,79.93,48.77
694,55.19,79.45,48.15
432,47.59,78.79,47.52
414,48.07,79.19,46.9
739,54.64,78.17,47.52
612,54.24,78.65,46.9
709,54.71,79.05,47.52
614,54.31,79.53,46.9
706,54.16,77.77,47.52
566,53.76,78.25,46.9
421,47.99,78.31,47.52
395,48.47,78.7,46.89
383,48.88,78.23,47.52
379,49.35,78.63,46.9
373,49.76,78.15,47.52
391,50.23,78.55,46.9
382,50.64,78.08,47.52
402,51.12,78.48,46.9
556,53.28,77.84,47.52
401,51.52,78,47.52
453,52.4,77.92,47.52
424,52,78.4,46.9
478,52.88,78.32,46.9
875,54.64,78.17,48.15
783,54.71,79.05,48.15
864,54.16,77.77,48.15
426,47.99,78.31,48.15
390,48.88,78.23,48.15
365,49.76,78.15,48.15
362,50.64,78.08,48.15
589,53.28,77.84,48.15
384,51.52,78,48.15
443,52.4,77.92,48.15
342,45.83,78.94,49.84
329,46.3,79.32,50.1
383,46.23,78.46,49.4
418,46.71,78.86,48.77
1127,50.59,82.52,40.66
1090,49.18,81.75,41.27
1188,49.66,82.15,40.87
1063,49.59,81.27,41.27
1167,50.06,81.67,40.87
967,51.42,82,40.87
999,50.47,81.2,41.27
1059,50.94,81.6,40.87
771,48.7,81.35,42.52
853,49.18,81.75,41.9
708,49.11,80.87,42.52
812,49.59,81.27,41.9
700,48.7,81.35,43.15
606,48.63,80.47,43.77
613,49.11,80.87,43.15
554,48.15,80.07,45.02
562,48.63,80.47,44.4
488,47.67,79.67,46.27
524,48.15,80.07,45.65
1121,49.82,83.77,40.64
1121,49.74,83.03,40.82
843,45.51,80.3,47.52
1043,45.58,81.18,47.52
1178,45.66,82.06,47.52
658,45.51,80.3,48.15
913,45.58,81.18,48.15
1015,45.66,82.06,48.15
679,45.99,80.7,48.77
872,46.06,81.58,48.77
921,46.14,82.46,48.77
466,45.91,79.82,48.15
451,46.39,80.22,48.77
596,45.91,79.82,47.52
498,46.79,79.74,47.52
1306,45.66,82.06,46.9
1387,45.66,82.06,46.27
1080,45.99,80.7,46.9
1245,46.06,81.58,46.9
1145,45.99,80.7,46.27
1300,46.06,81.58,46.27
874,46.39,80.22,46.9
663,47.27,80.14,46.9
952,46.39,80.22,46.27
708,47.27,80.14,46.27
1372,46.14,82.46,45.65
1485,46.22,83.34,45.65
1462,46.22,83.34,45.02
1339,46.14,82.46,45.02
1205,46.46,81.1,45.65
1263,46.54,81.98,45.65
1192,46.46,81.1,45.02
1228,46.54,81.98,45.02
1028,46.87,80.62,45.02
755,47.75,80.55,45.02
1033,46.87,80.62,45.65
758,47.75,80.55,45.65
1127,47.06,82.82,44.08
1097,46.94,81.5,44.4
1055,46.94,81.5,43.77
719,48.23,80.95,44.4
968,47.35,81.03,44.4
732,48.23,80.95,43.77
940,47.35,81.03,43.77
910,47.86,81.87,42.83
1067,48.82,82.68,41.56
436,46.79,79.74,48.15
439,47.19,79.26,47.52
459,47.67,79.67,46.9
424,47.19,79.26,48.15
2280,56.4,84.93,49.96
2619,55.57,85.13,50.15
2017,57.88,84.98,47.88
1939,56.97,84.94,48.84
2025,57.36,84.95,48.85
2836,56.71,85.13,47.95
3797,50.96,85.14,44
688,52.38,82.8,41.27
697,51.9,82.4,41.27
850,51.67,83.16,40.84
3145,50.86,84.98,42.79
1200,50.73,84.25,41.46
1556,52.48,84.07,41.53
3662,51.93,85.13,45.28
1912,51.74,84.63,42.83
2711,51.87,84.95,44.05
2020,55.63,84.93,45.64
2056,56.78,84.95,46.6
3192,55.17,85.13,46.61
3413,53.48,85.13,45.3
1972,54.76,84.93,45.01
1889,54.76,84.93,45.64
2199,53.46,84.93,44.06
1318,53.42,84.56,42.83
2182,56.49,84.71,50.1
2062,56.9,84.27,50.1
1965,56.81,82.89,50.1
1728,56.67,81.1,50.1
1436,55.12,78.57,50.1
1477,55.19,79.45,50.1
1665,55.35,81.21,50.1
1558,55.27,80.33,50.1
4,45.45,79.31,51.23
12,45.65,79.73,51.2
377,46.31,79.34,49.4
399,46.79,79.74,48.77
374,45.15,81.78,50.3
417,45.56,81.11,50.15
502,45.63,81.7,50.19
329,45.97,80.65,50.12
397,45.61,81.64,50.43
504,46.02,81.36,50.32
330,46.43,80.95,50.31
405,45.66,82.12,50.64
291,45.65,81.65,50.84
348,45.91,79.82,49.84
337,46.37,80.19,50.1
377,46.39,80.22,49.4
368,45.99,80.71,49.86
767,46.06,81.58,49.4
593,45.66,81.94,49.86
710,46.14,82.46,49.4
528,45.66,82.15,50.09
739,46.46,81.1,49.4
685,46.06,81.58,49.9
4,61.82,77.83,60.85
4,61.82,77.81,60.84
4,60.48,77.83,60.86
4,60.48,77.81,60.84
4,60.59,77.83,60.86
4,60.59,77.81,60.84
3,60.21,77.81,60.84
4,60.37,77.81,60.84
3,60.38,77.83,60.86
3,60.21,77.81,60.86
3,60.1,77.82,60.86
2,59.99,77.83,60.86
4,61.6,77.84,60.85
4,61.59,77.81,60.84
4,61.21,77.83,60.85
4,61.21,77.81,60.84
5,61.38,77.85,60.85
4,61.38,77.81,60.84
4,60.77,77.85,60.85
4,60.78,77.81,60.84
4,60.88,77.84,60.85
4,60.88,77.81,60.84
4,60.72,77.89,60.85
4,60.71,77.84,60.82
4,60.66,77.85,60.85
4,60.71,77.81,60.79
4,60.66,77.81,60.84
4,60.99,77.83,60.85
4,60.98,77.81,60.84
5,61.16,77.86,60.85
4,61.15,77.81,60.84
4,61.09,77.83,60.85
4,61.09,77.81,60.84
5,60.93,77.89,60.85
18,48.68,81.38,60.27
4,59.5,77.88,60.85
3,59.44,77.85,60.81
6,59.43,77.89,60.84
3,59.38,77.82,60.86
4,59.26,77.83,60.86
8,58.67,77.81,60.86
8,58.65,77.83,60.86
9,58.88,77.82,60.86
7,58.87,77.81,60.86
9,58.77,77.82,60.85
13,58.73,77.83,60.86
5,59.16,77.83,60.85
6,59.04,77.84,60.85
3,59.44,77.81,60.84
3,59.54,77.84,60.85
3,59.53,77.85,60.82
2,59.49,77.84,60.78
2,59.49,77.81,60.79
2,59.54,77.81,60.84
3,60.1,77.81,60.84
3,59.98,77.81,60.84
3,60.16,77.81,60.84
30,51.75,77.87,60.54
31,51.47,77.88,60.54
31,51.29,77.88,60.54
31,51.07,77.9,60.4
31,50.84,77.91,60.39
4,49.22,78.42,60.41
5,49.34,78.52,60.41
4,49.33,78.3,60.41
6,49.44,78.4,60.41
10,49.56,78.5,60.41
16,49.68,78.6,60.41
4,49.12,78.54,60.41
4,49.02,78.66,60.41
9,49.46,78.62,60.41
5,49.24,78.64,60.41
8,49.36,78.75,60.55
15,49.58,78.72,60.4
13,49.48,78.84,60.53
5,49.14,78.75,60.39
7,49.26,78.86,60.52
12,49.38,78.96,60.51
4,48.92,78.77,60.39
3,48.82,78.89,60.37
5,49.04,78.87,60.37
5,48.94,79,60.36
3,48.72,79.02,60.36
7,49.16,78.98,60.36
8,48.97,79.33,60.5
5,48.84,79.12,60.36
7,49.06,79.1,60.36
4,48.53,79.37,60.5
3,48.4,79.16,60.36
3,48.62,79.14,60.36
5,48.74,79.24,60.36
3,48.3,79.28,60.36
4,48.34,79.68,60.7
3,48.32,79.54,60.5
8,48.78,79.65,60.7
7,48.76,79.5,60.5
7,48.57,79.81,60.7
5,48.13,79.85,60.5
6,47.93,80.09,60.5
11,48.37,80.05,60.5
11,48.17,80.3,60.5
6,47.72,80.34,60.5
8,47.52,80.59,60.5
11,47.96,80.56,60.5
10,47.74,80.86,60.51
4,48.8,77.95,60.29
4,48.91,77.94,60.29
4,49.02,77.94,60.3
4,48.97,77.95,60.28
4,48.75,77.96,60.27
4,48.58,77.93,60.36
4,48.52,77.93,60.37
4,48.63,77.93,60.38
4,48.47,77.94,60.34
4,48.41,77.96,60.28
4,48.69,77.95,60.29
3,48.88,78.28,60.37
3,48.94,78.33,60.37
3,48.83,78.34,60.37
3,48.89,78.39,60.37
3,49,78.44,60.41
3,48.78,78.4,60.37
3,48.73,78.46,60.37
3,48.84,78.45,60.37
3,48.79,78.51,60.37
3,48.9,78.56,60.41
3,48.76,78.18,60.37
3,48.82,78.23,60.37
3,48.71,78.24,60.37
3,48.77,78.29,60.37
3,48.54,78.2,60.37
3,48.6,78.25,60.37
3,48.49,78.26,60.37
3,48.55,78.31,60.37
3,48.66,78.3,60.37
3,48.72,78.35,60.37
3,48.61,78.36,60.37
3,48.67,78.41,60.37
4,48.91,78.05,60.24
4,48.86,78.06,60.29
4,48.8,78.05,60.24
4,48.81,78.12,60.29
4,48.97,78.07,60.22
4,48.69,78.04,60.3
4,48.64,78.08,60.37
4,48.75,78.07,60.29
4,48.7,78.13,60.37
4,48.69,78.06,60.24
4,48.59,78.14,60.37
3,48.65,78.19,60.37
4,48.75,78.08,60.22
4,48.52,78.08,60.27
4,48.92,78.11,60.29
3,48.98,78.16,60.37
3,49.04,78.22,60.37
4,48.87,78.17,60.29
3,48.93,78.22,60.37
3,48.99,78.27,60.37
4,49.11,78.32,60.41
4,49.21,78.2,60.41
4,49.09,78.1,60.26
4,49.18,77.95,60.28
4,49.3,77.93,60.36
4,49.41,77.95,60.28
4,49.52,77.92,60.36
5,49.63,77.94,60.28
6,49.73,77.91,60.38
7,49.85,77.93,60.28
11,49.99,77.91,60.37
17,50.19,77.92,60.38
14,49.77,78.26,60.41
20,49.89,78.36,60.41
12,49.66,78.38,60.41
18,49.78,78.48,60.41
7,49.55,78.28,60.41
8,49.65,78.16,60.41
5,49.43,78.18,60.41
5,49.53,78.08,60.26
4,49.31,78.09,60.26
21,49.99,78.24,60.41
15,49.87,78.14,60.41
7,49.75,78.06,60.26
22,50.09,78.12,60.41
11,49.96,78.05,60.27
19,50.19,78.05,60.27
3,48.44,78.38,60.25
3,48.34,78.5,60.25
3,48.56,78.48,60.25
3,48.46,78.6,60.25
3,48.24,78.62,60.25
3,48.14,78.74,60.25
3,48.68,78.58,60.25
3,48.8,78.68,60.25
3,48.36,78.72,60.25
3,48.58,78.7,60.25
3,48.48,78.81,60.37
3,48.26,78.84,60.25
3,48.38,78.93,60.36
3,48.7,78.8,60.25
3,48.6,78.91,60.36
3,48.5,79.04,60.36
2,48.04,78.86,60.25
3,48.16,78.96,60.25
2,47.94,78.98,60.25
3,48.06,79.08,60.25
3,47.85,79.18,60.36
3,48.28,79.06,60.25
3,48.18,79.18,60.25
3,48.12,79.37,60.36
3,47.66,79.52,60.5
3,47.64,79.34,60.37
3,47.45,79.69,60.5
3,47.89,79.65,60.5
4,47.69,79.89,60.5
3,47.25,79.92,60.2
5,47.49,80.13,60.2
5,47.87,77.97,60.22
4,48.08,77.96,60.23
4,48.3,77.97,60.25
4,47.77,78.22,60.25
4,47.66,78.34,60.25
4,47.88,78.32,60.25
3,47.78,78.44,60.25
3,48.32,78.28,60.25
3,48.22,78.4,60.25
3,48.1,78.3,60.25
4,48.21,78.18,60.25
3,48.12,78.52,60.25
3,48.02,78.64,60.25
3,48,78.42,60.25
3,47.9,78.54,60.25
4,48.43,78.16,60.26
4,48.31,78.12,60.14
4,47.98,78.19,60.25
4,48.09,78.13,60.11
4,47.86,78.13,60.11
3,47.8,78.66,60.1
3,47.92,78.76,60.1
3,47.56,78.46,60.1
3,47.68,78.56,60.1
3,47.46,78.57,60.1
4,47.24,78.59,60.1
3,47.36,78.69,60.25
3,47.58,78.68,60.1
3,47.48,78.8,60.25
4,47.14,78.71,60.1
3,47.26,78.81,60.25
3,47.38,78.91,60.25
3,47.7,78.78,60.1
3,47.6,78.9,60.25
3,47.5,79.02,60.25
2,47.82,78.88,60.1
3,47.72,79,60.25
3,47.62,79.12,60.25
2,45.93,80.5,59.6
3,46.39,80,59.86
3,47.05,80.16,60.2
3,46.61,80.2,60.2
5,46.82,80.42,60.5
3,46.3,80.24,59.86
2,46.13,80.47,59.89
3,46.42,80.44,60.2
3,46.59,80.68,60.51
6,47.07,80.63,60.5
3,46.84,80.91,60.51
5,47.29,80.36,60.2
2,46.31,80.69,60.2
2,46.41,81.02,60.51
2,46.31,80.69,59.86
2,46.13,80.75,59.58
2,46.48,81.19,60.14
3,46.34,81.38,59.53
7,47.29,80.98,60.51
7,47.27,81.18,60.14
8,47.23,81.38,59.51
2,46.13,80.01,59.56
2,46.13,80.26,59.56
2,45.93,80.02,59.25
2,45.93,80.29,59.26
2,45.93,80.51,59.27
2,45.93,80.85,58.97
2,46.13,80.76,59.26
3,47.16,78.93,60.1
3,47.06,79.05,60.1
3,47.28,79.03,60.1
3,47.18,79.15,60.1
3,47.41,79.25,60.18
3,46.97,79.29,60.18
3,47.21,79.49,60.2
2,46.77,79.52,59.86
3,47.01,79.72,59.86
2,46.57,79.76,59.86
3,46.81,79.96,59.86
7,47.42,77.97,60.2
7,47.3,78,60.12
6,47.53,78,60.12
5,47.75,77.99,60.15
6,47.64,77.97,60.22
8,47.21,78.01,60.07
9,47.09,78.04,59.97
10,46.98,78.01,60.07
11,46.87,78.03,59.97
15,46.61,78.03,59.94
13,46.77,78.04,59.93
19,46.31,77.94,59.94
17,46.46,77.99,59.94
22,46.15,77.91,59.79
22,46.02,77.9,59.78
10,46.68,78.53,59.94
6,46.8,78.63,59.94
5,46.92,78.73,60.1
5,46.82,78.85,60.1
4,47.04,78.83,60.1
4,46.94,78.95,60.1
4,46.72,78.97,60.1
4,46.62,79.09,60.1
3,46.84,79.07,60.1
3,46.74,79.19,60.1
10,46.58,78.65,59.94
6,46.7,78.75,59.94
18,46.36,78.67,59.94
10,46.48,78.77,60.1
10,46.38,78.89,60.1
6,46.6,78.87,60.1
5,46.5,78.99,60.1
18,46.27,78.8,59.95
23,46.2,78.13,59.79
22,46.32,78.23,59.79
25,46.11,78.25,59.79
24,46.22,78.35,59.79
23,46.09,78.03,59.79
24,46.05,78.14,59.79
21,46.44,78.33,59.79
22,46.34,78.45,59.79
17,46.56,78.43,59.79
18,46.46,78.55,59.79
19,46.36,78.67,59.79
23,46.25,78.57,59.79
23,46.22,78.68,59.79
19,46.28,78.78,59.79
26,46.17,78.46,59.56
25,45.98,78.05,59.55
26,46.02,78.28,59.54
27,46.08,78.45,59.29
23,46.11,78.72,59.55
3,46.52,79.32,59.86
2,46.36,79.56,59.87
4,46.34,79.12,59.87
3,46.28,79.79,59.55
7,46.13,79.12,59.55
3,46.13,79.52,59.56
3,46.13,79.8,59.24
13,45.93,79.12,59.24
3,45.93,79.53,59.25
3,45.93,79.81,58.93
21,46.29,78.04,59.79
20,46.42,78.13,59.79
24,46.18,78,59.63
7,47,78.39,59.94
9,46.88,78.29,59.94
9,46.78,78.41,59.94
6,46.9,78.51,59.94
18,46.54,78.22,59.79
14,46.76,78.21,59.78
15,46.66,78.31,59.79
17,46.62,78.16,59.78
5,47.12,78.49,59.94
5,47.02,78.61,59.94
7,47.1,78.28,59.94
7,47.2,78.19,59.95
9,46.99,78.19,59.95
5,47.55,78.24,60.1
5,47.43,78.15,60.11
5,47.64,78.14,60.11
5,47.32,78.26,59.94
4,47.44,78.35,59.94
5,47.22,78.37,59.94
4,47.34,78.47,59.94
30,50.63,77.95,60.28
27,50.41,77.95,60.26
29,52.78,77.86,60.81
28,52.83,77.84,60.76
28,52.9,77.86,60.81
26,52.96,77.89,60.8
26,52.78,77.92,60.81
26,52.73,77.96,60.8
26,52.89,77.91,60.82
25,52.95,77.95,60.81
25,52.73,78,60.77
24,53.01,78.01,60.77
27,53,77.87,60.76
27,52.94,77.84,60.77
27,53.05,77.84,60.77
26,52.63,77.97,60.8
26,52.63,78,60.77
25,52.73,78.01,60.75
28,52.67,77.89,60.76
29,52.72,77.85,60.77
28,52.83,77.85,60.69
31,52.39,77.87,60.76
30,52.44,77.84,60.71
31,52.44,77.83,60.77
29,52.55,77.84,60.79
28,52.61,77.86,60.77
26,52.51,78.01,60.77
28,52.51,77.92,60.82
25,52.51,78.02,60.75
28,52.61,77.86,60.68
30,52.39,77.87,60.69
27,50.21,78.22,60.41
29,50.33,78.32,60.41
29,50.23,78.45,60.41
25,50.11,78.34,60.41
25,50,78.46,60.41
24,49.9,78.58,60.41
30,50.45,78.42,60.41
28,50.13,78.56,60.41
30,50.34,78.55,60.41
30,50.24,78.67,60.57
28,50.02,78.68,60.41
30,50.14,78.79,60.54
30,50.36,78.77,60.54
29,50.26,78.89,60.52
27,49.92,78.8,60.39
23,49.81,78.7,60.41
29,50.04,78.9,60.37
25,49.61,79.05,60.51
22,49.71,78.82,60.39
27,49.82,78.92,60.38
29,49.94,79.02,60.36
13,49.28,79.08,60.36
12,49.18,79.2,60.36
25,49.22,79.61,60.7
21,49.2,79.46,60.5
24,49.41,79.29,60.5
29,49.85,79.25,60.5
29,49.65,79.49,60.7
29,49.45,79.74,60.7
23,49.01,79.77,60.5
23,48.81,80.01,60.5
21,48.61,80.26,60.5
19,48.41,80.51,60.5
15,48.21,80.95,60.51
15,48.12,81.18,60.13
14,48.11,81.38,59.51
25,50.53,79.34,60.7
26,51.24,78.65,60.58
26,51.25,78.72,60.72
26,51.14,78.81,60.71
26,51.04,78.93,60.7
25,50.94,79.05,60.7
23,52.01,78.51,60.73
23,51.9,78.6,60.73
25,51.67,78.44,60.74
24,51.79,78.54,60.73
25,51.77,78.36,60.74
26,51.76,78.29,60.68
24,51.89,78.42,60.74
25,51.57,78.55,60.61
24,51.69,78.69,60.72
24,51.68,78.62,60.59
25,51.47,78.71,60.72
25,51.46,78.63,60.59
24,51.58,78.77,60.71
27,50.1,79.53,60.7
28,50.09,79.38,60.5
27,49.89,79.7,60.7
27,49.69,79.94,60.7
27,49.25,79.98,60.5
24,49.49,80.19,60.7
26,49.05,80.22,60.5
17,49.29,80.46,60.7
17,49.11,81.02,60.7
22,48.85,80.47,60.5
18,48.65,80.74,60.51
19,48.68,81.12,60.51
29,50.48,78.87,60.53
28,50.38,78.99,60.51
28,50.29,79.22,60.5
29,50.16,79,60.36
29,50.06,79.12,60.36
25,50.73,79.18,60.7
27,50.6,78.97,60.51
27,50.5,79.09,60.5
30,50.43,78.2,60.41
25,50.31,78.11,60.26
30,50.89,78.38,60.55
29,50.78,78.49,60.53
28,51.01,78.47,60.53
28,50.9,78.56,60.51
28,50.91,78.65,60.58
30,50.55,78.31,60.41
30,50.77,78.29,60.41
30,50.67,78.41,60.41
31,50.65,78.19,60.41
30,50.53,78.1,60.26
26,50.41,78.08,60.14
29,50.68,78.57,60.51
29,50.69,78.67,60.57
30,50.56,78.53,60.41
28,50.8,78.73,60.55
30,50.47,78.64,60.41
29,50.58,78.75,60.55
28,50.7,78.85,60.53
29,51.2,78.25,60.57
30,50.99,78.27,60.57
29,51.11,78.36,60.56
30,51.09,78.15,60.57
31,50.97,78.05,60.41
31,50.85,78.01,60.3
31,50.87,78.17,60.41
31,50.75,78.08,60.26
27,51.13,78.56,60.51
27,51.02,78.71,60.56
27,50.92,78.82,60.53
26,50.82,78.95,60.51
28,51.43,78.21,60.67
27,51.54,78.27,60.66
26,51.55,78.37,60.66
27,51.65,78.19,60.67
28,51.53,78.11,60.68
30,51.41,78.01,60.57
30,51.29,77.96,60.45
29,51.31,78.13,60.57
30,51.19,78.03,60.41
31,51.06,78,60.3
27,51.23,78.46,60.54
26,51.44,78.44,60.54
26,51.34,78.55,60.52
28,51.33,78.34,60.56
24,51.99,78.33,60.74
25,51.99,78.27,60.68
26,51.87,78.23,60.69
28,51.74,78.03,60.68
28,51.69,78.09,60.68
27,51.8,78.08,60.68
27,51.75,78.14,60.68
29,51.63,77.99,60.57
30,51.51,77.95,60.45
25,52.09,78.21,60.69
27,51.97,78.07,60.68
29,51.72,77.94,60.45
29,51.85,77.97,60.57
24,52.21,78.25,60.74
26,52.19,78.08,60.75
27,52.18,77.97,60.75
29,51.95,77.9,60.6
28,52.07,77.92,60.73
28,52.07,77.98,60.68
23,52.42,78.26,60.74
25,52.41,78.06,60.75
27,52.4,77.96,60.74
29,52.28,77.88,60.68
28,52.23,77.94,60.68
28,52.34,77.92,60.68
27,52.29,77.99,60.69
28,52.17,77.89,60.61
24,52.21,78.31,60.73
24,52.18,78.25,60.68
24,52.11,78.39,60.74
23,52.33,78.38,60.73
24,53.45,77.95,60.81
23,53.46,78.01,60.78
23,53.51,77.99,60.81
23,53.51,78.01,60.78
26,53.5,77.85,60.81
24,53.5,77.9,60.83
27,53.44,77.85,60.77
27,53.55,77.84,60.77
24,53.56,77.94,60.82
24,53.34,77.96,60.81
24,53.34,78.01,60.78
24,53.23,77.97,60.81
24,53.23,78.01,60.78
24,53.29,78,60.8
24,53.29,78.01,60.78
24,53.28,77.91,60.82
26,53.39,77.89,60.76
27,53.33,77.85,60.77
26,53.17,77.91,60.76
27,53.11,77.86,60.76
26,53.22,77.86,60.77
24,53.78,77.94,60.82
23,53.73,77.98,60.81
23,53.72,78.01,60.78
26,53.67,77.89,60.8
24,53.67,77.96,60.81
27,53.61,77.87,60.76
27,53.66,77.84,60.77
24,53.18,78,60.8
24,53.18,78.01,60.78
24,53.12,78.02,60.75
25,53.12,77.96,60.75
24,53.01,78.02,60.75
25,53.01,77.96,60.75
26,53.06,77.92,60.76
24,53.07,78.05,60.75
27,53.78,77.88,60.81
27,53.72,77.86,60.81
28,53.83,77.84,60.85
28,54.04,77.83,60.85
24,54.12,77.91,60.83
28,54.11,77.86,60.81
23,54.22,77.89,60.83
25,54.22,77.85,60.81
26,54.16,77.85,60.77
23,54.17,77.94,60.82
25,54.55,77.84,60.84
25,54.33,77.84,60.81
24,54.34,77.88,60.83
26,54.27,77.84,60.77
27,54.38,77.83,60.81
27,54.49,77.83,60.81
25,54.44,77.85,60.84
27,54.39,77.84,60.77
24,54.61,77.92,60.83
26,54.61,77.86,60.81
26,54.56,77.84,60.81
26,54.49,77.84,60.78
26,54.66,77.83,60.85
27,54.33,77.8,60.84
27,54.44,77.81,60.81
27,54.38,77.81,60.78
27,54.49,77.81,60.8
26,54.56,77.8,60.84
27,53.22,77.81,60.77
28,53.12,77.81,60.77
28,53.32,77.81,60.78
27,53.55,77.8,60.77
29,53.44,77.8,60.77
28,53.65,77.81,60.77
27,53.72,77.8,60.84
28,53.84,77.8,60.84
28,54.02,77.8,60.84
27,54.16,77.81,60.78
27,54.26,77.81,60.78
31,52.44,77.8,60.78
30,52.44,77.81,60.7
30,52.55,77.8,60.8
30,52.39,77.82,60.67
30,52.71,77.8,60.78
30,52.61,77.81,60.69
28,53,77.81,60.75
29,52.94,77.81,60.77
28,53.05,77.81,60.77
29,52.83,77.81,60.69
31,51.95,77.82,60.59
30,52.16,77.82,60.59
30,52.29,77.82,60.67
31,51.86,77.82,60.54
31,51.72,77.83,60.44
31,51.51,77.83,60.44
32,51.29,77.82,60.43
32,51.2,77.82,60.38
32,51.05,77.83,60.28
31,50.85,77.83,60.28
4,49.1,77.84,60.22
4,48.8,77.84,60.23
4,48.91,77.84,60.23
4,48.86,77.83,60.28
4,48.98,77.84,60.22
4,48.75,77.84,60.21
4,48.53,77.84,60.26
4,48.69,77.84,60.23
4,49.3,77.84,60.23
4,49.52,77.83,60.24
4,49.74,77.83,60.24
5,49.97,77.83,60.25
7,50.19,77.83,60.26
6,47.86,77.85,60.1
5,48.08,77.85,60.1
5,48.31,77.85,60.13
8,47.42,77.85,60.08
7,47.65,77.85,60.09
11,47.21,77.86,59.94
13,46.98,77.86,59.93
18,46.6,77.85,59.79
16,46.78,77.86,59.79
20,46.29,77.83,59.78
19,46.45,77.84,59.78
22,46.12,77.82,59.6
22,45.99,77.82,59.54
25,45.9,77.95,59.25
27,45.91,78.24,59.22
26,45.93,78.69,59.23
18,50.3,77.83,60.22
31,50.74,77.84,60.23
24,50.41,77.84,60.12
28,50.54,77.84,60.23
2,45.46,79.37,53.14
2,45.65,79.87,53.27
5,45.65,79.35,52.54
3,43.94,79.56,51.9
2,43.73,80.01,51.86
2,43.96,80.48,51.9
4,44.11,79.09,51.9
2,44.93,79.02,51.9
4,44.17,79.97,52.52
6,44.11,79.09,52.52
3,44.93,79.02,52.52
4,44.55,79.5,53.15
2,45.23,79.41,53.13
3,45.45,79.36,51.91
9,45.65,79.77,51.82
2,44.55,79.48,50.71
2,45.32,79.33,50.7
2,44.8,81.2,50.49
2,45.15,79.89,50.5
2,44.55,79.5,50.89
3,45.22,79.4,50.89
8,45.48,79.79,50.79
10,45.67,79.99,50.67
269,47.01,77.49,50.3
272,47.91,77.42,50.3
274,48.8,77.35,50.3
262,50.92,76.28,50.3
263,49.16,76.43,50.3
1590,54.96,76.81,50.3
1268,54.08,76.89,50.3
328,53.2,76.96,50.3
267,52.32,77.04,50.3
268,51.44,77.12,50.3
2519,55.57,84.93,50.3
2519,56.43,84.89,50.3
2411,56.85,84.41,50.3
2273,56.79,82.95,50.3
2043,56.66,81.12,50.3
1610,55.04,77.69,50.3
1670,55.12,78.57,50.3
1769,55.19,79.45,50.3
2008,55.35,81.22,50.3
1884,55.27,80.33,50.3
2,44.83,81.21,50.78
3,45.05,81.18,50.67
2,44.78,81.38,51.13
2,45.28,81.4,50.61
3,45.25,81.3,50.49
383,46.64,77.98,49.4
426,47.11,78.38,48.77
430,47.59,78.79,48.15
339,46.23,78.46,49.84
333,46.64,77.98,49.84
308,46.62,77.98,50.1
324,46.7,78.85,50.1
277,46.6,77.97,50.3
326,46.85,80.51,50.3
315,46.77,79.69,50.3
298,46.69,78.83,50.3
1695,56.54,84.6,49.84
1576,56.94,84.18,49.84
1496,56.82,82.86,49.84
1315,56.67,81.1,49.84
1232,55.12,78.57,49.84
1201,55.19,79.45,49.84
1208,55.35,81.21,49.84
1189,55.27,80.33,49.84
1271,54.56,77.29,49.4
1074,54.16,77.77,48.77
1133,54.64,78.17,49.4
1020,54.24,78.65,48.77
972,54.71,79.05,49.4
829,54.31,79.53,48.77
860,54.79,79.93,49.4
776,54.87,80.81,49.4
326,47.04,77.5,49.84
380,47.52,77.9,49.4
415,47.99,78.31,48.77
325,47.92,77.43,49.84
372,48.4,77.83,49.4
390,48.88,78.23,48.77
323,48.8,77.35,49.84
301,50.92,76.28,49.84
311,49.16,76.43,49.84
1213,54.08,76.89,49.84
438,53.2,76.96,49.84
313,52.32,77.04,49.84
304,51.44,77.12,49.84
357,49.28,77.75,49.4
352,50.12,77.23,49.08
930,53.68,77.37,49.4
422,52.8,77.44,49.4
331,51.04,77.6,49.4
341,51.92,77.52,49.4
362,49.76,78.15,48.77
350,50.64,78.08,48.77
636,53.28,77.84,48.77
360,51.52,78,48.77
412,52.4,77.92,48.77
309,47.51,77.9,50.1
1438,54.56,77.29,49.84
308,48.39,77.83,50.1
306,49.28,77.75,50.1
296,50.12,77.23,50.1
1545,54.56,77.29,50.1
1024,53.68,77.37,50.1
326,52.8,77.44,50.1
294,51.04,77.6,50.1
288,51.92,77.52,50.1
1331,54.64,78.17,49.84
1498,54.64,78.17,50.1
631,49.99,80.79,42.52
739,50.47,81.2,41.9
534,52.63,80.56,42.52
598,52.15,80.16,42.52
653,50.39,80.32,42.52
632,51.27,80.24,42.52
816,51.82,81.52,41.27
621,52.23,81.04,41.9
914,51.35,81.12,41.27
703,51.75,80.64,41.9
760,50.87,80.72,41.9
521,49.51,80.39,43.77
532,49.99,80.79,43.15
486,52.63,80.56,43.15
476,53.03,80.08,43.77
554,49.91,79.91,43.77
557,50.39,80.32,43.15
552,50.79,79.84,43.77
547,51.27,80.24,43.15
532,52.15,80.16,43.15
543,51.67,79.76,43.77
519,52.55,79.68,43.77
469,49.03,79.99,45.02
478,49.51,80.39,44.4
497,49.43,79.52,45.02
507,49.91,79.91,44.4
488,50.31,79.43,45.02
516,50.79,79.84,44.4
462,51.19,79.36,45.02
498,51.67,79.76,44.4
470,52.55,79.68,44.4
450,52.07,79.28,45.02
448,52.96,79.2,45.02
453,53.03,80.08,44.4
456,53.43,79.59,45.01
419,48.55,79.59,46.27
433,49.03,79.99,45.65
469,53.43,79.61,45.65
522,53.83,79.13,46.27
412,48.95,79.11,46.27
445,49.43,79.51,45.65
401,49.83,79.04,46.27
432,50.31,79.43,45.65
408,50.71,78.96,46.27
424,51.19,79.36,45.65
416,51.59,78.88,46.27
428,52.07,79.28,45.65
449,52.95,79.2,45.65
439,52.47,78.8,46.27
488,53.35,78.72,46.27
609,52.38,82.8,41.9
578,51.9,82.4,41.9
502,53.18,81.85,42.52
495,52.71,81.44,42.52
573,52.78,82.32,41.9
567,52.3,81.92,41.9
475,53.18,81.85,43.15
454,53.59,81.37,43.77
463,52.71,81.44,43.15
450,53.11,80.96,43.77
443,53.11,80.96,44.4
456,53.51,80.49,45.02
451,53.59,81.37,44.4
466,53.99,80.89,45.02
473,53.51,80.49,45.65
531,53.91,80.01,46.27
493,53.99,80.89,45.65
545,54.39,80.41,46.27
700,56.67,81.1,49.08
763,55.35,81.21,49.4
2658,55.16,85.13,49.29
1855,56.42,84.93,48.84
2043,56.42,84.93,49.49
934,56.55,84.59,48.77
1219,56.55,84.59,49.4
941,56.94,84.18,49.4
709,56.94,84.18,48.77
704,56.82,82.86,49.08
2239,55.6,84.75,50.1
693,53.3,83.17,42.83
513,54.14,82.65,43.77
478,53.66,82.25,43.77
630,54.26,83.96,44.08
780,54.76,84.66,45.02
612,55.18,84.34,45.02
921,54.76,84.66,45.65
614,55.18,84.34,45.65
1046,55.64,84.64,45.65
599,54.39,80.41,46.9
649,54.79,79.93,47.52
466,53.66,82.25,44.4
493,54.14,82.65,44.4
481,54.54,82.17,44.4
461,54.06,81.77,44.4
468,54.47,81.29,45.02
472,54.95,81.69,45.02
478,54.95,81.69,45.65
494,55.35,81.21,46.27
488,54.47,81.29,45.65
525,54.87,80.81,46.27
500,55.06,83.01,45.33
532,56.02,83.85,46.58
822,57,84.45,47.83
507,55.35,81.21,46.9
536,55.75,80.73,47.52
477,55.86,82.05,46.58
513,56.82,82.86,47.83
536,56.67,81.1,47.83
733,54.95,81.69,49.4
600,55.35,81.21,48.77
571,55.75,80.73,48.15
554,54.87,80.81,46.9
583,55.27,80.33,47.52
625,54.87,80.81,48.77
606,55.27,80.33,48.15
680,54.39,80.41,48.77
673,54.79,79.93,48.15
412,48.07,79.19,47.52
400,48.55,79.59,46.9
594,53.91,80.01,46.9
716,54.24,78.65,47.52
576,53.83,79.13,46.9
700,54.31,79.53,47.52
637,53.76,78.25,47.52
517,53.35,78.72,46.9
395,48.47,78.71,47.52
380,48.95,79.11,46.9
370,49.35,78.63,47.52
377,49.83,79.03,46.9
371,50.23,78.55,47.52
389,50.71,78.96,46.9
385,51.12,78.48,47.52
405,51.59,78.88,46.9
418,52,78.4,47.52
490,52.88,78.32,47.52
442,52.47,78.8,46.9
866,54.24,78.65,48.15
776,54.31,79.53,48.15
766,53.76,78.25,48.15
402,48.47,78.71,48.15
370,49.35,78.63,48.15
358,50.23,78.55,48.15
367,51.12,78.48,48.15
403,52,78.4,48.15
494,52.88,78.32,48.15
348,46.31,79.34,49.84
334,46.78,79.72,50.1
381,46.71,78.86,49.4
407,47.19,79.26,48.77
1013,49.66,82.15,41.27
996,50.06,81.67,41.27
1020,50.57,82.41,40.85
786,51.42,82,41.27
880,50.94,81.6,41.27
684,49.18,81.75,42.52
775,49.66,82.15,41.9
638,49.59,81.27,42.52
738,50.06,81.67,41.9
666,48.7,81.35,43.77
611,49.18,81.75,43.15
554,49.11,80.87,43.77
549,49.59,81.27,43.15
655,48.7,81.35,44.4
534,48.63,80.47,45.02
524,49.11,80.87,44.4
499,48.15,80.07,46.27
518,48.63,80.47,45.65
803,49.78,83.48,41.5
985,45.99,80.7,47.52
1147,46.06,81.58,47.52
1298,46.14,82.46,47.52
851,45.99,80.7,48.15
1013,46.06,81.58,48.15
1156,46.14,82.46,48.15
888,46.46,81.1,48.77
946,46.54,81.98,48.77
600,46.39,80.22,48.15
648,46.87,80.62,48.77
755,46.39,80.22,47.52
597,47.27,80.14,47.52
1375,46.14,82.46,46.9
1390,46.14,82.46,46.27
1163,46.46,81.1,46.9
1280,46.54,81.98,46.9
1197,46.46,81.1,46.27
1288,46.54,81.98,46.27
1000,46.87,80.62,46.9
760,47.75,80.55,46.9
1026,46.87,80.62,46.27
764,47.75,80.55,46.27
1212,47.06,82.82,45.33
1178,46.94,81.5,45.65
1142,46.94,81.5,45.02
726,48.23,80.95,45.02
749,48.23,80.95,45.65
1000,47.35,81.03,45.02
1034,47.35,81.03,45.65
916,47.86,81.87,44.08
749,48.82,82.67,42.83
510,47.27,80.14,48.15
439,47.67,79.67,47.52
478,48.15,80.07,46.9
418,47.67,79.67,48.15
2338,55.61,84.93,49.96
2589,54.74,85.13,50.14
1899,56.78,84.94,47.88
2567,53.88,85.13,48.88
2876,55.17,85.13,47.92
2535,53.09,85.13,48.84
2756,51.37,85.13,48.69
3486,50.96,85.14,45.26
2857,50.86,84.98,44.05
1163,50.73,84.24,42.83
727,51.53,83.33,41.53
1194,52.49,84.06,42.83
3310,51.94,85.14,46.54
1500,51.74,84.63,44.08
2415,51.86,84.95,45.31
3040,53.47,85.13,46.58
1937,55.19,84.93,46.59
1888,53.46,84.93,45.32
816,53.42,84.55,44.08
2502,53.88,85.13,49.6
2760,51.76,85.13,48.71
2611,52.26,85.13,48.77
2457,53.05,85.14,49.49
2084,55.16,84.43,50.1
2105,56,83.91,50.1
1802,55.86,82.07,50.1
1681,54.95,81.69,50.1
1465,54.71,79.05,50.1
1496,54.79,79.93,50.1
1575,54.87,80.81,50.1
2535,54.73,84.94,50.3
2,44.55,79.5,51.27
3,45.21,79.39,51.27
11,45.46,79.81,51.25
13,45.67,80.02,51.22
373,46.79,79.74,49.4
423,47.27,80.14,48.77
480,45.64,81.78,50.3
584,46.05,81.48,50.17
447,46.45,81.04,50.14
499,46.03,81.64,50.43
616,46.53,81.54,50.32
532,46.92,81.3,50.32
367,45.68,81.8,50.74
554,46.09,81.92,50.49
494,46.14,82.44,50.65
400,46.04,81.64,50.73
349,46.39,80.22,49.85
340,46.86,80.58,50.11
454,46.87,80.62,49.4
578,46.46,81.11,49.87
629,46.08,81.92,50.19
594,46.14,82.46,50.02
823,46.54,81.98,49.4
935,46.94,81.5,49.4
784,46.55,81.89,49.87
863,47.02,82.38,49.4
2,63.65,77.83,60.85
2,63.64,77.81,60.84
2,63.76,77.82,60.85
2,63.43,77.84,60.85
2,63.53,77.83,60.85
2,63.43,77.81,60.84
2,63.53,77.81,60.84
3,63.6,77.87,60.85
2,63.59,77.81,60.84
5,61.77,77.87,60.85
4,61.76,77.81,60.84
5,61.65,77.88,60.85
4,61.7,77.83,60.85
4,61.7,77.81,60.84
4,62.37,77.81,60.84
4,62.43,77.83,60.85
4,62.43,77.81,60.84
4,62.31,77.83,60.85
4,62.31,77.81,60.84
6,62.16,77.89,60.85
4,62.21,77.84,60.85
4,62.21,77.81,60.84
4,62.1,77.84,60.85
4,62.1,77.81,60.84
5,61.87,77.86,60.85
4,61.88,77.81,60.84
5,61.82,77.86,60.81
5,61.82,77.81,60.78
5,61.98,77.85,60.85
4,61.99,77.81,60.84
6,61.94,77.92,60.85
4,61.93,77.82,60.85
4,61.93,77.81,60.84
3,60.43,77.86,60.85
3,60.54,77.85,60.85
4,60.54,77.81,60.84
4,60.48,77.85,60.82
4,60.48,77.81,60.78
4,60.59,77.84,60.82
4,60.59,77.81,60.78
2,59.93,77.81,60.84
2,59.93,77.85,60.85
3,60.32,77.87,60.85
3,60.21,77.88,60.85
3,60.26,77.84,60.85
3,60.21,77.84,60.82
3,60.27,77.8,60.84
4,60.21,77.81,60.79
4,60.37,77.81,60.77
4,60.38,77.85,60.81
3,60.15,77.85,60.85
3,60.11,77.88,60.85
3,60.1,77.84,60.82
2,60.05,77.85,60.85
3,59.99,77.84,60.82
3,60.16,77.85,60.81
7,61.49,77.97,60.85
8,61.5,78.01,60.83
5,61.43,77.9,60.85
5,61.54,77.89,60.85
5,61.49,77.84,60.85
4,61.49,77.81,60.84
5,61.6,77.86,60.81
5,61.6,77.81,60.78
7,61.27,77.98,60.84
7,61.27,78.01,60.83
6,61.22,77.93,60.85
6,61.33,77.91,60.85
5,61.26,77.85,60.85
5,61.21,77.85,60.81
4,61.28,77.81,60.84
5,61.21,77.81,60.79
5,61.38,77.87,60.81
5,61.38,77.81,60.78
7,60.89,78.01,60.83
7,60.84,78.01,60.83
6,60.83,78,60.84
4,60.82,77.88,60.85
6,60.88,77.96,60.84
4,60.77,77.81,60.77
4,60.77,77.85,60.81
4,60.87,77.85,60.81
5,60.88,77.81,60.78
4,60.72,77.88,60.81
5,60.71,77.93,60.84
5,60.71,77.85,60.78
4,60.66,77.86,60.81
4,60.64,77.9,60.85
4,60.66,77.81,60.77
6,60.99,77.95,60.85
7,61,78.01,60.83
7,61.06,77.99,60.84
7,61.06,78.01,60.83
5,61.04,77.88,60.85
4,61.04,77.81,60.84
4,60.98,77.86,60.81
5,60.99,77.81,60.78
6,61.1,77.94,60.85
5,61.16,77.88,60.81
5,61.16,77.82,60.77
5,61.09,77.86,60.81
5,61.08,77.81,60.78
5,60.94,77.89,60.81
21,48.69,81.18,60.13
20,49.1,81.38,60.27
17,48.68,81.38,59.49
25,54.78,77.93,60.83
25,54.72,77.88,60.84
26,54.67,77.84,60.82
3,59.5,77.88,60.81
5,59.49,77.93,60.84
5,59.39,78.01,60.83
6,59.39,78.01,60.79
6,59.21,77.86,60.85
3,59.38,77.84,60.82
4,59.26,77.84,60.82
6,59.39,77.93,60.84
7,59.34,77.98,60.84
7,59.39,78.03,60.75
3,59.43,77.87,60.77
9,58.94,77.84,60.85
8,58.99,77.87,60.84
8,59.1,77.86,60.85
7,59.04,77.85,60.81
6,59.16,77.85,60.81
19,58.71,77.88,60.85
17,58.77,77.87,60.86
18,58.83,77.97,60.84
13,58.84,77.87,60.85
11,58.77,77.85,60.81
7,58.88,77.84,60.82
7,58.93,77.85,60.81
20,58.66,77.92,60.84
9,58.65,77.84,60.82
16,58.71,77.87,60.82
15,58.6,77.88,60.85
11,58.55,77.83,60.85
14,58.44,77.84,60.85
3,59.32,77.84,60.85
3,59.37,77.81,60.84
4,59.26,77.81,60.84
9,58.55,77.81,60.84
8,58.65,77.81,60.84
11,58.81,77.84,60.86
6,58.88,77.81,60.84
8,58.77,77.81,60.84
8,58.72,77.81,60.84
5,59.15,77.81,60.84
7,58.95,77.81,60.84
6,59.05,77.81,60.84
2,59.43,77.81,60.77
2,59.54,77.87,60.77
3,59.61,77.94,60.84
3,59.61,78.01,60.79
2,59.55,77.81,60.78
3,59.55,77.88,60.7
2,59.89,77.81,60.85
3,60.1,77.81,60.79
3,60.05,77.81,60.84
3,59.99,77.81,60.78
4,60.15,77.81,60.77
5,60.77,77.82,60.7
5,60.73,77.82,60.67
29,51.95,77.88,60.56
29,52.17,77.87,60.57
29,51.87,77.88,60.52
30,51.73,77.9,60.42
30,51.5,77.9,60.42
31,51.29,77.9,60.43
31,51.21,77.91,60.37
31,51.06,77.93,60.28
31,50.85,77.94,60.28
4,49.22,78.42,60.25
5,49.34,78.52,60.25
4,49.33,78.3,60.25
5,49.44,78.4,60.25
9,49.56,78.5,60.25
15,49.68,78.6,60.25
4,49.12,78.54,60.25
4,49.02,78.66,60.25
8,49.46,78.62,60.25
5,49.24,78.64,60.25
8,49.36,78.73,60.4
14,49.58,78.72,60.25
13,49.49,78.83,60.38
5,49.14,78.76,60.25
7,49.26,78.85,60.37
13,49.38,78.96,60.36
4,48.92,78.78,60.25
4,48.82,78.9,60.25
5,49.04,78.88,60.25
5,48.94,79,60.25
4,48.72,79.02,60.25
8,49.16,78.98,60.25
5,48.84,79.12,60.25
8,49.06,79.1,60.25
9,48.97,79.3,60.36
3,48.4,79.16,60.25
4,48.62,79.14,60.25
4,48.53,79.34,60.36
5,48.74,79.24,60.25
3,48.3,79.28,60.25
5,48.34,79.68,60.5
4,48.32,79.5,60.37
7,48.76,79.46,60.37
11,48.78,79.64,60.5
9,48.57,79.81,60.5
7,48.13,79.85,60.2
8,47.93,80.09,60.2
13,48.37,80.05,60.2
14,48.17,80.29,60.2
8,47.73,80.33,60.2
8,47.53,80.57,60.2
14,47.97,80.53,60.2
11,47.76,80.78,60.2
4,49.1,77.96,60.22
4,48.8,77.97,60.23
4,48.91,77.97,60.23
4,48.86,77.95,60.28
4,48.98,77.97,60.22
4,48.75,77.98,60.21
4,48.53,77.97,60.26
4,48.69,77.97,60.23
3,48.88,78.34,60.25
3,49,78.44,60.25
3,48.78,78.46,60.25
3,48.9,78.56,60.25
3,48.77,78.24,60.25
3,48.55,78.26,60.25
3,48.66,78.36,60.25
4,48.97,78.09,60.14
4,48.81,78.13,60.22
4,48.92,78.12,60.22
4,48.87,78.17,60.22
4,48.86,78.08,60.22
4,48.75,78.11,60.14
4,48.52,78.12,60.14
4,48.65,78.14,60.26
3,48.99,78.22,60.25
4,49.11,78.32,60.25
4,49.21,78.2,60.25
4,49.08,78.14,60.11
4,49.3,77.96,60.23
4,49.52,77.96,60.24
6,49.74,77.95,60.24
9,49.97,77.95,60.25
15,50.19,77.95,60.26
10,49.77,78.26,60.25
16,49.89,78.36,60.25
9,49.66,78.38,60.25
15,49.78,78.48,60.25
6,49.55,78.28,60.25
6,49.65,78.16,60.26
4,49.53,78.11,60.13
4,49.43,78.18,60.25
4,49.31,78.13,60.11
17,49.99,78.24,60.25
11,49.87,78.14,60.26
6,49.75,78.1,60.12
9,49.96,78.09,60.14
17,50.09,78.12,60.26
17,50.19,78.09,60.14
3,48.44,78.38,60.1
3,48.34,78.5,60.1
3,48.56,78.48,60.1
3,48.46,78.6,60.1
3,48.24,78.62,60.1
3,48.14,78.74,60.1
3,48.68,78.58,60.1
3,48.8,78.68,60.1
3,48.36,78.72,60.1
3,48.58,78.7,60.1
3,48.48,78.82,60.25
3,48.26,78.84,60.1
3,48.38,78.94,60.25
3,48.7,78.8,60.1
3,48.6,78.92,60.25
3,48.5,79.04,60.25
2,48.04,78.86,60.1
3,47.94,78.98,60.1
3,48.16,78.96,60.1
3,48.06,79.08,60.1
3,47.85,79.21,60.18
3,48.28,79.06,60.1
3,48.18,79.18,60.1
3,48.4,79.16,60.1
4,48.3,79.28,60.1
3,48.09,79.41,60.19
3,47.65,79.45,60.2
3,47.45,79.69,60.2
4,47.89,79.65,60.2
5,47.69,79.89,60.2
4,47.25,79.92,59.86
7,47.49,80.13,59.86
5,47.86,78.01,60.1
5,48.08,78,60.1
4,48.31,78,60.13
4,47.77,78.22,60.1
4,47.66,78.34,60.1
4,47.88,78.32,60.1
3,47.78,78.44,60.1
4,48.32,78.27,60.1
3,48.22,78.4,60.1
4,48.1,78.3,60.1
4,48.21,78.18,60.1
3,48.12,78.52,60.1
3,48.02,78.64,60.1
3,48,78.42,60.1
3,47.9,78.54,60.1
4,48.43,78.17,60.11
4,48.09,78.16,59.99
4,47.99,78.2,60.1
4,47.87,78.16,59.98
3,47.8,78.66,59.94
3,47.92,78.76,59.94
3,47.56,78.46,59.94
3,47.68,78.56,59.94
3,47.46,78.57,59.94
3,47.58,78.68,59.94
4,47.24,78.59,59.94
3,47.36,78.69,60.1
3,47.48,78.8,60.1
4,47.14,78.71,59.94
3,47.26,78.81,60.1
3,47.38,78.91,60.1
2,47.82,78.88,59.94
3,47.7,78.78,59.94
3,47.6,78.9,60.1
3,47.5,79.02,60.1
3,47.72,79,60.1
3,47.62,79.12,60.1
3,46.3,80.24,59.55
2,46.13,80.47,59.57
3,46.39,80,59.55
4,47.05,80.16,59.86
3,46.61,80.2,59.86
4,46.85,80.4,60.2
3,46.42,80.44,59.86
3,46.65,80.64,60.2
6,47.09,80.6,60.2
4,46.89,80.84,60.2
6,47.29,80.36,59.86
2,46.31,80.69,59.55
2,46.51,80.92,60.04
2,46.49,81.18,59.45
3,46.34,81.38,58.85
8,47.34,80.9,60.04
9,47.29,81.18,59.44
10,47.24,81.38,58.83
3,46.13,80.01,59.24
3,46.13,80.26,59.25
2,46.13,80.47,59.25
2,45.93,80.03,58.94
2,45.93,80.29,58.94
2,45.93,80.52,58.95
2,46.33,81.38,58.19
2,45.93,81.25,58.19
2,46.31,80.69,59.24
2,46.13,80.76,58.95
3,47.17,79.04,59.86
3,47.41,79.24,59.86
3,46.97,79.28,59.86
3,47.21,79.48,59.86
3,46.77,79.52,59.55
4,47.01,79.72,59.55
3,46.57,79.76,59.55
4,46.81,79.96,59.55
7,47.42,78.01,60.08
6,47.65,78.01,60.09
8,47.21,78.04,59.94
10,46.98,78.04,59.93
17,46.61,78.03,59.79
14,46.78,78.05,59.79
21,46.3,77.94,59.78
19,46.45,77.99,59.79
23,46.16,77.93,59.6
24,46.05,77.91,59.54
11,46.68,78.53,59.79
7,46.8,78.63,59.79
10,46.58,78.65,59.79
7,46.7,78.75,59.79
4,46.93,78.84,59.86
4,46.73,79.08,59.86
7,46.49,78.88,59.86
25,46.23,78.24,59.55
25,46.09,78.05,59.57
22,46.45,78.44,59.55
27,46.19,78.46,59.32
22,46.3,78.67,59.55
26,46.01,78.03,59.25
27,46.05,78.28,59.22
25,46.11,78.7,59.23
4,46.51,79.32,59.55
3,46.36,79.57,59.55
7,46.34,79.12,59.55
4,46.28,79.79,59.24
13,46.13,79.12,59.24
4,46.13,79.52,59.24
4,46.13,79.8,58.93
21,45.93,79.12,58.93
8,45.93,79.53,58.93
6,45.93,79.82,58.62
23,46.37,78.11,59.56
8,47,78.39,59.79
10,46.88,78.29,59.79
10,46.78,78.41,59.79
7,46.9,78.51,59.79
19,46.65,78.25,59.55
6,47.12,78.49,59.79
4,47.24,78.59,59.79
5,47.02,78.61,59.79
4,47.14,78.71,59.79
8,47.1,78.28,59.79
8,47.2,78.21,59.79
10,46.99,78.21,59.79
5,47.55,78.24,59.94
6,47.42,78.19,59.95
5,47.64,78.18,59.96
6,47.32,78.26,59.79
5,47.44,78.35,59.79
6,47.22,78.37,59.79
4,47.34,78.47,59.79
22,50.3,77.96,60.22
31,50.74,77.96,60.23
25,50.41,77.99,60.12
29,50.54,77.97,60.23
21,53.2,78.27,60.74
22,52.98,78.28,60.74
22,53.09,78.21,60.74
22,52.76,78.3,60.74
23,52.54,78.32,60.74
23,52.97,78.11,60.75
23,52.87,78.22,60.74
23,52.65,78.24,60.74
28,52.78,77.88,60.76
27,52.89,77.88,60.76
27,52.73,77.94,60.75
26,52.95,77.92,60.76
25,52.86,78,60.77
25,52.85,77.97,60.8
24,52.85,78.04,60.75
27,52.89,77.88,60.68
27,53,77.87,60.68
27,52.95,77.93,60.68
28,52.94,77.85,60.69
27,53.05,77.85,60.69
25,52.63,78.05,60.75
27,52.62,77.95,60.74
27,52.67,77.9,60.68
27,52.78,77.89,60.69
27,52.73,77.95,60.68
27,52.83,77.87,60.61
28,52.72,77.86,60.69
28,52.61,77.88,60.61
29,52.51,77.9,60.73
27,52.51,77.96,60.67
28,52.39,77.89,60.61
21,52.57,78.58,60.73
22,52.45,78.47,60.74
23,52.23,78.5,60.73
22,52.12,78.58,60.73
21,52.46,78.66,60.72
24,50.21,78.22,60.25
28,50.33,78.32,60.25
27,50.22,78.44,60.25
23,50.11,78.34,60.25
22,50,78.46,60.25
22,49.9,78.58,60.25
29,50.45,78.42,60.25
27,50.12,78.56,60.25
29,50.34,78.54,60.25
30,50.24,78.66,60.41
27,50.02,78.68,60.25
29,50.14,78.78,60.39
29,50.36,78.76,60.39
29,50.26,78.88,60.37
26,49.92,78.8,60.25
22,49.8,78.7,60.25
28,50.04,78.9,60.25
21,49.7,78.82,60.25
26,49.82,78.92,60.25
24,49.62,79.02,60.37
28,49.94,79.02,60.25
29,49.88,79.21,60.37
13,49.28,79.08,60.25
22,49.37,79.26,60.36
13,49.18,79.2,60.25
20,49.2,79.42,60.37
24,49.22,79.61,60.5
29,49.65,79.49,60.5
28,49.45,79.73,60.5
23,49.01,79.77,60.2
23,48.81,80.01,60.2
22,48.61,80.25,60.2
21,48.41,80.49,60.2
18,48.22,80.86,60.04
17,48.13,81.18,59.44
15,48.12,81.38,58.82
23,50.97,79.3,60.7
26,50.53,79.34,60.5
25,50.54,79.49,60.7
26,50.33,79.66,60.7
27,50.13,79.9,60.7
27,49.93,80.15,60.7
23,49.73,80.41,60.7
20,49.54,80.7,60.7
25,49.6,81.25,60.7
26,51.24,78.63,60.49
26,51.25,78.72,60.56
25,51.36,78.79,60.71
26,51.14,78.81,60.53
25,51.26,78.91,60.7
23,51.17,79.14,60.7
25,51.04,78.93,60.52
25,50.94,79.05,60.51
24,51.48,78.89,60.71
24,51.38,79.01,60.7
23,52.01,78.52,60.62
23,51.91,78.67,60.72
23,51.9,78.6,60.59
23,51.8,78.75,60.71
23,51.7,78.87,60.71
25,51.67,78.44,60.65
24,51.79,78.54,60.62
26,51.76,78.26,60.66
25,51.77,78.36,60.67
24,51.88,78.42,60.65
25,51.56,78.53,60.52
24,51.68,78.6,60.5
24,51.69,78.69,60.56
25,51.46,78.61,60.5
25,51.47,78.71,60.56
24,51.58,78.77,60.54
28,50.08,79.34,60.37
27,50.1,79.53,60.5
28,49.89,79.69,60.5
28,49.69,79.94,60.5
27,49.25,79.97,60.2
27,49.49,80.18,60.5
26,49.05,80.21,60.2
23,49.29,80.43,60.5
25,48.85,80.45,60.2
23,48.65,80.69,60.2
20,49.11,80.9,60.51
23,48.68,81.01,60.04
29,50.48,78.86,60.38
28,50.38,78.98,60.36
29,50.16,79,60.25
28,50.29,79.19,60.36
29,50.06,79.12,60.25
26,50.73,79.18,60.5
27,50.6,78.96,60.37
27,50.5,79.08,60.36
29,50.43,78.2,60.25
23,50.31,78.13,60.11
29,50.89,78.39,60.41
29,50.79,78.51,60.41
28,51.01,78.49,60.41
28,50.9,78.6,60.41
30,50.55,78.31,60.25
30,50.77,78.29,60.25
30,50.67,78.41,60.25
30,50.65,78.19,60.26
29,50.52,78.13,60.11
30,50.56,78.53,60.25
29,50.68,78.62,60.41
28,50.8,78.72,60.4
29,50.46,78.65,60.25
29,50.58,78.74,60.39
28,50.7,78.84,60.38
29,51.21,78.25,60.41
30,50.99,78.27,60.41
28,51.11,78.37,60.41
30,51.09,78.15,60.41
31,50.97,78.06,60.26
30,50.87,78.17,60.25
30,50.75,78.12,60.12
27,51.12,78.59,60.41
27,51.02,78.7,60.4
27,50.92,78.82,60.38
26,50.82,78.94,60.37
28,51.43,78.23,60.57
27,51.55,78.33,60.56
27,51.65,78.21,60.57
28,51.53,78.11,60.57
29,51.41,78.02,60.41
29,51.31,78.12,60.41
30,51.18,78.05,60.26
27,51.23,78.47,60.41
26,51.45,78.45,60.41
26,51.34,78.57,60.41
27,51.33,78.35,60.41
24,51.99,78.33,60.67
25,51.98,78.24,60.66
26,51.86,78.18,60.67
28,51.75,78.09,60.57
29,51.63,78,60.42
26,52.09,78.16,60.67
27,51.97,78.07,60.56
28,51.84,77.99,60.42
23,52.43,78.29,60.68
24,52.31,78.17,60.74
27,52.19,78.05,60.68
28,52.07,77.96,60.57
24,52.53,78.15,60.75
26,52.41,78.03,60.68
27,52.29,77.95,60.58
24,52.2,78.32,60.67
25,52.2,78.22,60.67
23,52.11,78.4,60.65
23,52.33,78.39,60.65
23,53.62,77.98,60.81
23,53.62,78.01,60.78
24,53.41,78.01,60.78
24,53.4,77.99,60.8
25,53.45,77.94,60.76
24,53.51,77.97,60.76
23,53.51,78.03,60.75
26,53.44,77.85,60.7
26,53.55,77.85,60.7
26,53.5,77.88,60.77
25,53.56,77.93,60.76
23,53.34,78.01,60.75
25,53.34,77.94,60.76
24,53.24,78.02,60.75
25,53.23,77.95,60.75
23,53.29,78.04,60.75
25,53.29,77.97,60.75
26,53.28,77.9,60.76
26,53.39,77.89,60.68
26,53.33,77.86,60.69
26,53.17,77.91,60.68
26,53.23,77.87,60.69
27,53.11,77.87,60.69
24,53.84,77.98,60.81
23,53.85,78.01,60.78
26,53.78,77.91,60.76
23,53.73,78.02,60.75
25,53.73,77.96,60.76
27,53.72,77.87,60.76
26,53.67,77.92,60.76
27,53.66,77.85,60.69
26,53.61,77.88,60.69
22,53.31,78.19,60.74
23,53.19,78.1,60.75
25,53.18,77.98,60.75
26,53.06,77.92,60.68
25,53.01,77.98,60.68
25,53.12,77.97,60.69
24,53.07,78.03,60.68
23,54.07,77.97,60.81
23,54.08,78.01,60.78
28,53.84,77.84,60.82
28,54.03,77.84,60.82
26,53.95,77.92,60.83
23,53.95,78.01,60.78
23,53.95,78.01,60.75
27,53.84,77.86,60.74
23,54.39,77.92,60.82
23,54.23,77.99,60.81
22,54.23,78.01,60.78
23,54.28,77.93,60.82
26,54.11,77.88,60.77
26,54.05,77.85,60.76
25,54.22,77.88,60.77
25,54.17,77.86,60.71
24,54.17,77.93,60.76
23,54.56,77.96,60.82
22,54.56,78.01,60.78
23,54.51,78,60.81
22,54.51,78.01,60.78
22,54.51,78.02,60.75
24,54.5,77.91,60.83
26,54.33,77.87,60.77
25,54.27,77.85,60.71
26,54.44,77.86,60.77
25,54.39,77.85,60.71
23,54.68,78.01,60.79
23,54.67,77.96,60.82
23,54.73,77.99,60.81
22,54.74,78.01,60.78
25,54.61,77.89,60.76
25,54.55,77.86,60.76
26,54.66,77.8,60.84
27,54.33,77.81,60.77
27,54.46,77.81,60.76
27,54.39,77.82,60.7
26,54.55,77.81,60.78
28,53.17,77.82,60.67
28,53.23,77.82,60.69
29,53.12,77.82,60.69
28,53.4,77.82,60.67
28,53.33,77.81,60.69
28,53.55,77.81,60.7
28,53.44,77.81,60.7
27,53.6,77.82,60.67
28,53.65,77.81,60.69
28,53.73,77.81,60.77
28,53.84,77.81,60.74
27,54.05,77.81,60.75
26,54.16,77.82,60.7
27,54.27,77.81,60.7
29,52.39,77.82,60.6
30,52.51,77.81,60.71
29,52.61,77.82,60.6
29,52.72,77.81,60.69
28,52.83,77.82,60.6
29,52.89,77.81,60.67
29,53,77.81,60.68
29,52.94,77.81,60.69
29,53.05,77.81,60.69
30,52.06,77.82,60.54
30,52.29,77.82,60.56
31,51.86,77.82,60.4
31,51.62,77.83,60.38
31,51.41,77.82,60.38
31,51.19,77.83,60.25
32,50.96,77.83,60.23
4,49.09,77.85,60.1
4,48.86,77.84,60.21
4,48.97,77.84,60.13
4,48.75,77.85,60.13
5,48.51,77.85,60.13
4,48.64,77.84,60.2
4,49.31,77.85,60.1
4,49.53,77.85,60.12
4,49.75,77.84,60.11
4,49.96,77.84,60.12
5,50.19,77.84,60.12
5,50.08,77.84,60.22
6,47.98,77.85,60.07
7,47.87,77.86,59.97
7,47.76,77.85,60.05
6,48.09,77.86,59.98
5,48.22,77.85,60.07
5,48.42,77.85,60.07
9,47.54,77.86,59.92
9,47.41,77.86,59.94
8,47.64,77.86,59.95
12,47.32,77.86,59.76
12,47.2,77.86,59.79
14,46.99,77.86,59.79
19,46.69,77.86,59.55
22,46.34,77.84,59.55
24,45.98,77.83,59.25
28,45.92,78.15,58.92
28,45.93,78.67,58.92
14,50.31,77.85,60.09
30,50.75,77.85,60.11
27,50.52,77.85,60.1
4,45.47,79.38,52.53
13,45.66,79.94,52.51
3,44.17,79.97,51.9
5,44.55,79.5,51.9
4,45.22,79.41,51.91
3,44.63,80.38,52.52
8,44.55,79.5,52.52
4,45.24,79.43,52.53
2,45.01,79.9,53.14
8,45.46,79.83,51.81
13,45.67,80.01,51.98
2,44.61,80.4,50.7
3,44.74,81.07,50.67
4,45.06,79.87,50.69
5,45.2,80.88,50.49
6,45.46,80.32,50.5
2,44.63,80.37,50.89
3,44.77,80.99,50.88
5,45.03,79.9,50.89
12,45.53,80.11,50.77
13,45.74,80.22,50.68
2422,55.14,84.57,50.3
279,47.5,77.9,50.3
281,48.39,77.82,50.3
281,49.28,77.75,50.3
273,50.12,77.23,50.3
1628,54.56,77.29,50.3
1026,53.68,77.37,50.3
286,52.8,77.44,50.3
274,51.04,77.6,50.3
269,51.92,77.52,50.3
2402,55.97,84.02,50.3
2140,55.86,82.08,50.3
1668,54.64,78.17,50.3
2038,54.95,81.7,50.3
1714,54.71,79.05,50.3
1806,54.79,79.93,50.3
1917,54.87,80.81,50.3
2,44.76,81.19,51.21
4,45.2,81.24,50.74
4,45.17,81.17,50.63
3,45.23,81.39,51.32
7,45.48,81.41,50.67
5,45.5,81.26,50.48
15,45.65,80.95,50.48
382,47.11,78.38,49.4
414,47.59,78.79,48.77
412,48.07,79.19,48.15
345,46.71,78.86,49.84
340,47.11,78.38,49.84
317,47.11,78.38,50.1
330,47.19,79.25,50.1
288,47.1,78.37,50.3
326,47.33,80.88,50.31
307,47.18,79.23,50.3
321,47.25,80.08,50.3
1634,56.02,83.84,49.84
1325,55.86,82.05,49.84
1195,54.95,81.69,49.84
1228,54.71,79.05,49.84
1180,54.79,79.93,49.84
1163,54.87,80.81,49.84
1285,54.16,77.77,49.4
985,53.76,78.25,48.77
1172,54.24,78.65,49.4
1024,53.83,79.13,48.77
734,54.47,81.29,49.4
954,54.31,79.53,49.4
840,53.91,80.01,48.77
813,54.39,80.41,49.4
333,47.52,77.9,49.84
377,47.99,78.31,49.4
399,48.47,78.71,48.77
330,48.4,77.83,49.84
365,48.88,78.23,49.4
371,49.35,78.63,48.77
325,49.28,77.75,49.84
314,50.12,77.23,49.84
1001,53.68,77.37,49.84
362,52.8,77.44,49.84
309,51.04,77.6,49.84
307,51.92,77.52,49.84
347,49.76,78.15,49.4
334,50.64,78.08,49.4
725,53.28,77.84,49.4
332,51.52,78,49.4
366,52.4,77.92,49.4
351,50.23,78.55,48.77
350,51.12,78.48,48.77
375,52,78.4,48.77
505,52.88,78.32,48.77
315,47.99,78.3,50.1
1462,54.16,77.77,49.84
313,48.87,78.23,50.1
307,49.76,78.15,50.1
300,50.64,78.08,50.1
1568,54.16,77.77,50.1
845,53.28,77.84,50.1
292,51.52,78,50.1
300,52.4,77.92,50.1
1386,54.24,78.65,49.84
1560,54.24,78.65,50.1
569,50.47,81.2,42.52
595,51.42,82,41.9
647,50.94,81.6,41.9
516,52.23,81.04,42.52
559,51.75,80.64,42.52
593,50.87,80.72,42.52
608,51.82,81.52,41.9
673,51.35,81.12,41.9
480,49.99,80.79,43.77
490,50.47,81.2,43.15
469,52.23,81.04,43.15
460,52.63,80.56,43.77
505,50.39,80.32,43.77
510,50.87,80.72,43.15
496,51.75,80.64,43.15
504,51.27,80.24,43.77
492,52.15,80.16,43.77
444,49.51,80.39,45.02
450,49.99,80.79,44.4
471,49.91,79.91,45.02
471,50.39,80.32,44.4
469,50.79,79.84,45.02
474,51.27,80.24,44.4
459,52.15,80.16,44.4
446,51.67,79.76,45.02
442,52.55,79.68,45.02
443,52.63,80.56,44.4
445,53.03,80.08,45.02
409,49.03,79.99,46.27
420,49.51,80.39,45.65
449,53.03,80.08,45.65
491,53.43,79.61,46.27
397,49.43,79.51,46.27
428,49.91,79.91,45.65
397,50.31,79.43,46.27
420,50.79,79.84,45.65
404,51.19,79.36,46.27
418,51.67,79.76,45.65
434,52.55,79.68,45.65
420,52.07,79.28,46.27
460,52.95,79.2,46.27
533,52.34,82.36,42.83
456,53.18,81.85,43.77
444,52.71,81.44,43.77
436,52.71,81.44,44.4
444,53.11,80.96,45.02
449,53.18,81.85,44.4
459,53.59,81.37,45.02
456,53.11,80.96,45.65
506,53.51,80.49,46.27
484,53.59,81.37,45.65
537,53.99,80.89,46.27
656,55.86,82.05,49.08
1995,55.19,84.93,49.16
1811,55.63,84.64,49.84
759,56.01,83.85,49.08
1600,55.18,84.34,49.84
529,53.3,83.17,44.08
562,54.26,83.96,45.33
888,55.19,84.5,46.58
595,53.99,80.89,46.9
643,54.39,80.41,47.52
476,54.1,82.21,45.33
489,54.95,81.69,46.27
519,54.47,81.29,46.27
483,55.06,83.01,46.58
528,56.02,83.85,47.83
496,54.95,81.69,46.9
514,55.35,81.21,47.52
693,54.54,82.17,49.4
500,55.86,82.05,47.83
572,54.95,81.69,48.77
541,55.35,81.21,48.15
544,54.47,81.29,46.9
564,54.87,80.81,47.52
589,54.47,81.29,48.77
575,54.87,80.81,48.15
648,53.99,80.89,48.77
655,54.39,80.41,48.15
397,48.55,79.59,47.52
394,49.03,79.99,46.9
567,53.51,80.49,46.9
526,53.43,79.61,46.9
686,53.91,80.01,47.52
668,53.83,79.13,47.52
470,52.95,79.2,46.9
554,53.35,78.72,47.52
377,48.95,79.11,47.52
373,49.43,79.51,46.9
363,49.83,79.03,47.52
375,50.31,79.43,46.9
372,50.71,78.96,47.52
389,51.19,79.36,46.9
393,51.59,78.88,47.52
414,52.07,79.28,46.9
439,52.47,78.8,47.52
779,53.91,80.01,48.15
825,53.83,79.13,48.15
636,53.35,78.72,48.15
381,48.95,79.11,48.15
358,49.83,79.03,48.15
357,50.71,78.96,48.15
377,51.59,78.88,48.15
428,52.47,78.8,48.15
350,46.79,79.74,49.84
336,47.26,80.12,50.1
377,47.19,79.26,49.4
397,47.67,79.67,48.77
613,49.66,82.15,42.52
571,50.06,81.67,42.52
721,50.58,82.52,41.56
585,49.18,81.75,43.77
543,49.66,82.15,43.15
506,49.59,81.27,43.77
496,50.06,81.67,43.15
670,48.7,81.35,45.02
578,49.18,81.75,44.4
508,49.11,80.87,45.02
486,49.59,81.27,44.4
699,48.7,81.35,45.65
510,48.63,80.47,46.27
501,49.11,80.87,45.65
615,49.78,83.47,42.83
1100,46.46,81.1,47.52
1225,46.54,81.98,47.52
1010,46.46,81.1,48.15
1110,46.54,81.98,48.15
1025,46.94,81.5,48.77
1041,47.02,82.38,48.77
833,46.87,80.62,48.15
911,47.35,81.03,48.77
940,46.87,80.62,47.52
728,47.75,80.55,47.52
1276,47.06,82.82,46.58
1202,46.94,81.5,46.9
1199,46.94,81.5,46.27
779,48.23,80.95,46.27
811,48.23,80.95,46.9
1068,47.35,81.03,46.9
1054,47.35,81.03,46.27
1000,47.86,81.87,45.33
718,48.82,82.67,44.08
653,47.75,80.55,48.15
459,48.15,80.07,47.52
507,48.63,80.47,46.9
430,48.15,80.07,48.15
2347,54.76,84.93,49.96
2506,53.87,85.14,50.13
1703,53.88,84.93,48.81
1821,55.19,84.93,47.86
1764,53.07,84.94,48.8
2749,53.51,85.13,47.85
2333,52.6,85.13,48.67
1751,52.21,84.95,48.78
3008,51.89,85.13,47.77
2695,50.97,85.14,48.68
2054,51.28,84.95,48.74
3141,50.96,85.15,46.51
2619,50.85,84.99,45.3
860,50.73,84.24,44.08
818,51.54,83.32,42.83
764,52.49,84.06,44.08
1368,51.74,84.63,45.33
2210,51.87,84.95,46.57
1738,53.45,84.93,46.58
809,53.42,84.55,45.33
1915,53.89,84.94,49.47
1984,53.05,84.99,49.42
1963,51.69,84.94,48.74
2654,51.75,85.14,49.22
2516,52.23,85.15,49.38
2441,53,85.15,50.08
1993,52.18,85.02,49.38
2291,54.75,84.77,50.1
1896,54.7,83.98,50.1
1845,55.06,83.03,50.1
1692,54.55,82.17,50.1
1590,54.47,81.29,50.1
1505,54.31,79.53,50.1
1516,54.39,80.41,50.1
2462,53.88,84.97,50.31
2384,53.02,84.97,50.32
2423,54.29,84.6,50.3
3,44.63,80.38,51.27
2,44.73,80.99,51.25
5,45.01,79.9,51.27
11,45.52,80.12,51.25
14,45.74,80.22,51.24
372,47.27,80.14,49.4
527,47.75,80.55,48.77
586,46.06,81.78,50.3
718,46.54,81.67,50.18
691,46.94,81.41,50.16
591,46.6,81.64,50.43
686,47.42,81.52,50.32
495,46.07,81.8,50.62
644,46.53,82.08,50.64
422,46.54,81.65,50.83
369,46.86,80.63,49.85
359,47.34,80.97,50.12
702,47.35,81.03,49.4
832,46.94,81.51,49.89
733,46.53,82.1,50.1
792,47.02,82.37,50.02
1050,47.42,81.91,49.4
3,45.66,80.9,52.75
2,45.65,80.99,53.18
8,63.27,78,60.85
4,63.38,77.9,60.85
3,63.32,77.84,60.85
8,63.27,78.01,60.84
3,63.32,77.81,60.84
3,63.15,77.82,60.85
3,63.15,77.81,60.84
3,63.04,77.83,60.85
3,63.04,77.81,60.84
4,62.59,77.85,60.85
3,62.6,77.81,60.84
4,62.54,77.82,60.85
4,62.54,77.81,60.84
3,62.82,77.84,60.85
3,62.82,77.81,60.84
4,63.77,77.93,60.85
6,63.71,77.99,60.85
7,63.71,78.01,60.84
2,63.71,77.86,60.85
2,63.71,77.81,60.84
2,63.65,77.86,60.81
2,63.65,77.81,60.78
5,63.65,77.94,60.85
2,63.82,77.85,60.85
2,63.76,77.85,60.81
2,63.76,77.81,60.78
7,63.5,78,60.85
8,63.5,78.01,60.84
6,63.44,77.96,60.85
8,63.44,78.01,60.84
3,63.49,77.89,60.85
3,63.43,77.86,60.81
3,63.53,77.86,60.81
3,63.43,77.81,60.78
2,63.53,77.81,60.78
5,63.55,77.95,60.85
7,63.55,78.01,60.84
3,63.6,77.89,60.81
2,63.59,77.81,60.78
7,61.71,77.94,60.85
7,61.6,77.96,60.85
8,61.6,78.01,60.83
7,61.55,78,60.84
8,61.55,78.01,60.83
7,61.88,77.98,60.85
8,61.77,77.99,60.84
7,61.83,77.94,60.85
5,61.77,77.88,60.81
5,61.76,77.81,60.78
6,61.72,77.93,60.81
5,61.65,77.89,60.81
5,61.7,77.86,60.81
5,61.7,77.81,60.78
5,62.38,77.87,60.85
5,62.49,77.86,60.85
4,62.49,77.81,60.84
8,62.49,77.98,60.85
6,62.55,77.93,60.85
7,62.32,77.93,60.85
8,62.21,78.01,60.83
7,62.22,77.96,60.85
5,62.38,77.88,60.81
4,62.37,77.81,60.78
5,62.43,77.86,60.81
4,62.43,77.81,60.78
6,62.26,77.89,60.85
5,62.31,77.86,60.81
4,62.31,77.81,60.78
7,61.99,77.98,60.85
7,62.11,77.97,60.85
6,62.04,77.91,60.85
6,62.16,77.9,60.81
5,62.21,77.86,60.81
5,62.21,77.81,60.78
5,62.1,77.87,60.81
5,62.1,77.81,60.78
5,61.88,77.88,60.81
5,61.88,77.81,60.78
6,61.82,77.86,60.76
5,61.82,77.82,60.7
5,61.98,77.87,60.81
5,61.99,77.81,60.78
6,61.93,77.91,60.81
5,61.93,77.85,60.81
5,61.93,77.81,60.78
4,60.43,77.86,60.81
4,60.44,77.9,60.84
4,60.43,77.81,60.76
4,60.54,77.85,60.82
4,60.55,77.89,60.85
4,60.54,77.81,60.77
4,60.49,77.82,60.7
4,60.48,77.85,60.77
5,60.6,77.82,60.7
4,60.6,77.85,60.77
5,60.49,77.94,60.84
3,59.93,77.81,60.77
2,59.93,77.85,60.82
3,59.94,77.89,60.84
2,59.87,77.83,60.86
2,59.88,77.84,60.82
2,59.71,77.86,60.85
5,60.27,77.96,60.84
5,60.27,78.01,60.79
4,60.32,77.86,60.81
4,60.33,77.92,60.84
3,60.21,77.88,60.81
4,60.22,77.93,60.84
4,60.21,77.84,60.78
3,60.27,77.85,60.81
4,60.27,77.81,60.77
4,60.37,77.81,60.69
4,60.37,77.85,60.76
3,60.1,77.88,60.8
4,60.1,77.93,60.84
4,59.99,77.93,60.84
4,60.05,78.01,60.79
4,60.06,77.98,60.84
3,60.1,77.84,60.78
3,60.05,77.85,60.81
3,60.04,77.9,60.84
3,59.99,77.85,60.77
3,60.16,77.86,60.76
6,60.72,78,60.84
6,60.72,78.01,60.8
6,60.55,77.99,60.84
6,60.55,78.01,60.8
6,60.66,78.01,60.8
6,60.67,77.98,60.84
5,60.6,77.93,60.84
6,60.66,78.02,60.75
7,61.39,77.98,60.85
8,61.37,78.01,60.83
7,61.44,78,60.84
8,61.44,78.01,60.83
7,61.49,77.95,60.81
8,61.5,78.01,60.79
6,61.44,77.91,60.81
6,61.55,77.9,60.81
5,61.49,77.86,60.81
5,61.49,77.81,60.78
6,61.6,77.86,60.76
5,61.6,77.82,60.69
7,61.16,77.99,60.84
7,61.16,78.01,60.83
7,61.27,77.96,60.81
8,61.27,78.01,60.79
6,61.21,77.93,60.81
6,61.32,77.92,60.81
5,61.26,77.87,60.81
5,61.21,77.86,60.78
5,61.27,77.81,60.78
6,61.38,77.87,60.76
5,61.37,77.82,60.69
7,60.94,78,60.84
7,60.94,78.01,60.83
6,60.89,77.96,60.81
7,60.89,78.01,60.79
7,60.83,78.01,60.79
7,60.83,78.02,60.76
6,60.83,77.98,60.81
7,60.77,78.01,60.8
6,60.77,77.97,60.84
7,60.77,78.02,60.76
4,60.82,77.87,60.81
5,60.83,77.93,60.85
5,60.76,77.87,60.76
5,60.88,77.82,60.7
5,60.88,77.86,60.77
5,60.72,77.91,60.76
5,60.66,77.82,60.69
5,60.65,77.87,60.77
6,60.99,77.94,60.81
7,61,78.01,60.79
7,61.06,77.97,60.81
7,61.06,78.01,60.79
5,61.04,77.88,60.81
5,60.99,77.86,60.76
5,60.98,77.82,60.7
6,61.11,77.93,60.81
6,61.16,77.88,60.76
5,61.17,77.82,60.69
5,61.09,77.86,60.76
5,61.09,77.82,60.69
5,60.93,77.83,60.67
5,60.93,77.9,60.76
6,61.6,77.82,60.6
6,61.15,77.83,60.6
6,61.37,77.83,60.62
24,49.1,81.18,60.13
22,48.69,81.18,59.43
24,49.61,81.38,60.28
21,49.1,81.38,59.49
19,48.68,81.38,58.82
24,54.88,77.91,60.83
26,54.94,77.86,60.84
23,54.78,77.97,60.81
23,54.79,78,60.79
25,54.83,77.85,60.85
25,54.78,77.91,60.81
26,54.73,77.87,60.81
26,54.66,77.85,60.77
25,55.11,77.89,60.83
28,55.18,77.86,60.84
25,55.04,77.84,60.85
27,55.03,77.8,60.84
28,55.27,77.83,60.85
5,60.77,77.87,60.68
5,60.74,77.87,60.66
3,59.73,78.01,60.79
3,59.72,77.99,60.84
3,59.49,77.91,60.76
5,59.44,78.01,60.79
4,59.44,77.98,60.84
4,59.39,77.98,60.77
4,59.5,78,60.83
4,59.5,78.01,60.79
4,59.61,78.03,60.76
7,59.33,78.01,60.79
11,59.22,77.9,60.84
6,59.21,77.86,60.81
8,59.27,77.94,60.84
3,59.38,77.85,60.79
3,59.32,77.85,60.82
7,59.33,77.89,60.84
5,59.26,77.85,60.77
8,59.33,78.02,60.76
6,59.44,78.02,60.76
4,59.38,77.92,60.76
5,59.34,77.97,60.77
4,59.35,78,60.73
4,59.39,78,60.73
7,59.4,78.07,60.75
3,59.49,77.91,60.68
3,59.44,77.88,60.69
17,58.89,77.91,60.84
8,58.99,77.87,60.81
18,58.99,77.92,60.84
17,59.05,77.96,60.84
15,59.06,78.01,60.79
8,59.1,77.86,60.81
16,59.11,77.91,60.84
10,59.04,77.86,60.77
8,59.16,77.86,60.77
18,58.77,77.94,60.84
14,58.78,77.91,60.82
16,58.83,77.94,60.81
18,58.85,78,60.83
17,58.83,78.01,60.79
13,58.87,77.9,60.81
11,58.77,77.85,60.78
8,58.88,77.84,60.78
10,58.83,77.87,60.82
9,58.93,77.86,60.76
19,58.66,77.9,60.81
20,58.66,77.96,60.84
19,58.61,77.99,60.83
12,58.61,77.87,60.81
12,58.65,77.85,60.77
13,58.71,77.88,60.76
19,58.61,78.01,60.79
21,58.55,77.95,60.83
17,58.39,77.87,60.84
12,58.55,77.84,60.82
20,58.49,77.89,60.84
17,58.54,77.86,60.77
15,58.44,77.85,60.81
11,58.44,77.81,60.84
15,58.33,77.84,60.85
3,59.32,77.81,60.84
3,59.38,77.81,60.79
3,59.26,77.81,60.78
11,58.54,77.81,60.78
8,58.65,77.81,60.78
5,58.88,77.81,60.79
7,58.82,77.81,60.84
7,58.77,77.81,60.8
7,58.72,77.81,60.77
5,59.15,77.81,60.78
5,58.94,77.81,60.77
5,59.04,77.81,60.78
2,59.44,77.83,60.69
2,59.5,77.83,60.67
2,59.62,77.82,60.74
2,59.55,77.82,60.7
3,59.61,77.93,60.75
3,59.87,77.81,60.79
3,59.71,77.82,60.75
3,59.87,77.81,60.69
4,59.94,77.82,60.69
4,59.99,77.82,60.7
3,60.05,77.81,60.77
4,60.16,77.82,60.69
5,60.37,77.82,60.6
5,60.82,77.83,60.67
6,60.93,77.83,60.6
5,60.7,77.83,60.59
28,52.39,77.88,60.57
27,52.61,77.87,60.57
27,52.83,77.87,60.57
28,52.06,77.89,60.53
28,52.29,77.89,60.53
29,51.86,77.91,60.4
30,51.62,77.91,60.37
30,51.41,77.92,60.38
31,51.19,77.95,60.25
31,50.96,77.95,60.23
4,49.22,78.42,60.1
5,49.34,78.52,60.1
4,49.33,78.3,60.1
5,49.44,78.4,60.1
8,49.56,78.5,60.1
13,49.68,78.6,60.1
4,49.12,78.54,60.1
4,49.02,78.66,60.1
8,49.46,78.62,60.1
5,49.24,78.64,60.1
8,49.36,78.74,60.25
13,49.58,78.72,60.1
13,49.48,78.84,60.25
5,49.14,78.76,60.1
8,49.26,78.86,60.25
13,49.38,78.96,60.25
4,48.92,78.78,60.1
4,48.82,78.9,60.1
5,49.04,78.88,60.1
5,48.94,79,60.1
4,48.72,79.02,60.1
4,48.62,79.14,60.1
6,48.84,79.12,60.1
6,48.74,79.24,60.1
8,49.16,78.98,60.1
8,49.06,79.1,60.1
13,49.28,79.08,60.1
14,49.18,79.2,60.1
11,48.97,79.33,60.18
5,48.53,79.37,60.18
6,48.33,79.61,60.2
12,48.77,79.57,60.2
12,48.57,79.81,60.2
9,48.13,79.85,59.86
10,47.93,80.09,59.86
16,48.37,80.05,59.86
17,48.17,80.29,59.86
11,47.73,80.33,59.86
10,47.53,80.57,59.86
16,47.97,80.53,59.86
13,47.77,80.77,59.86
9,47.22,81.38,58.17
4,49.09,78.01,60.1
4,48.86,77.97,60.21
4,48.97,78,60.13
4,48.75,78.01,60.13
4,48.51,78.01,60.13
4,48.64,77.98,60.2
3,48.88,78.34,60.1
3,49,78.44,60.1
3,48.78,78.46,60.1
3,48.9,78.56,60.1
4,48.77,78.24,60.1
3,48.55,78.26,60.1
3,48.66,78.36,60.1
4,48.87,78.15,60.11
4,48.65,78.16,60.11
4,48.99,78.22,60.1
4,49.11,78.32,60.1
4,49.21,78.2,60.1
4,49.08,78.17,59.96
4,49.31,78,60.1
4,49.53,78,60.12
5,49.75,77.99,60.11
6,49.96,77.99,60.12
13,50.19,78,60.12
10,50.08,77.97,60.22
8,49.77,78.26,60.1
13,49.89,78.36,60.1
8,49.66,78.38,60.1
13,49.78,78.48,60.1
5,49.55,78.28,60.1
5,49.65,78.17,60.1
4,49.31,78.16,59.98
4,49.43,78.18,60.1
13,49.99,78.24,60.1
5,49.76,78.14,59.98
8,49.87,78.15,60.1
13,50.09,78.15,60.11
3,48.44,78.38,59.94
3,48.34,78.5,59.94
3,48.56,78.48,59.94
3,48.46,78.6,59.94
3,48.24,78.62,59.94
3,48.14,78.74,59.94
3,48.68,78.58,59.94
3,48.8,78.68,59.94
3,48.36,78.72,59.94
3,48.26,78.84,59.94
3,48.58,78.7,59.94
3,48.7,78.8,59.94
3,48.48,78.82,60.1
3,48.38,78.94,60.1
3,48.6,78.92,60.1
3,48.5,79.04,60.1
3,48.05,78.97,59.86
3,47.85,79.21,59.86
4,48.29,79.17,59.86
4,48.09,79.41,59.86
4,47.65,79.45,59.86
4,47.45,79.69,59.86
5,47.89,79.65,59.86
6,47.69,79.89,59.86
6,47.25,79.92,59.55
8,47.49,80.13,59.55
5,47.98,78.01,60.07
5,47.87,78.04,59.97
5,47.76,78.03,60.05
5,48.09,78.04,59.98
4,48.22,78.02,60.07
4,48.42,78.02,60.07
4,47.77,78.22,59.94
4,47.66,78.34,59.94
4,47.88,78.31,59.94
3,47.78,78.44,59.94
4,48.32,78.28,59.94
3,48.22,78.4,59.94
4,48.1,78.3,59.94
4,48.2,78.21,59.95
3,48.12,78.52,59.94
3,48.02,78.64,59.94
3,48,78.42,59.94
3,47.9,78.54,59.94
4,48.43,78.2,59.95
4,47.99,78.21,59.95
3,47.8,78.66,59.79
3,47.7,78.78,59.79
3,47.92,78.76,59.79
3,47.82,78.88,59.79
4,47.56,78.46,59.79
3,47.46,78.57,59.79
3,47.68,78.56,59.79
3,47.58,78.68,59.79
3,47.37,78.8,59.86
3,47.61,79.01,59.86
4,46.39,80,59.24
3,46.3,80.24,59.24
6,47.05,80.16,59.55
3,46.61,80.2,59.55
4,46.85,80.4,59.86
3,46.42,80.44,59.55
3,46.65,80.64,59.86
5,47.09,80.6,59.86
3,46.89,80.84,59.86
8,47.29,80.36,59.55
3,46.42,80.44,59.24
2,46.5,80.92,59.4
2,46.12,81.09,58.8
3,46.49,81.18,58.8
4,46.61,80.2,59.24
9,47.34,80.9,59.4
10,47.3,81.18,58.79
4,46.13,80.01,58.93
3,46.13,80.26,58.93
3,46.13,80.48,58.94
5,45.93,80.03,58.62
3,45.93,80.3,58.63
2,45.93,80.52,58.63
3,46.31,81.38,57.54
7,45.93,81.25,57.54
4,46.48,81.18,58.16
3,46.13,81.08,58.16
4,45.93,80.87,58.18
3,46.31,80.69,58.93
2,46.13,80.77,58.63
3,47.17,79.04,59.55
3,47.41,79.24,59.55
3,46.97,79.28,59.55
3,47.21,79.48,59.55
5,46.77,79.52,59.24
6,47.01,79.72,59.24
4,46.57,79.76,59.24
5,46.81,79.96,59.24
6,47.54,78.05,59.92
7,47.41,78.05,59.94
6,47.64,78.04,59.95
8,47.32,78.06,59.76
9,47.2,78.06,59.79
11,46.99,78.06,59.79
18,46.7,78.04,59.55
22,46.36,77.98,59.55
25,46.08,77.95,59.25
11,46.69,78.64,59.55
6,46.93,78.84,59.55
5,46.73,79.08,59.55
11,46.49,78.88,59.55
26,46.12,78.06,59.28
27,46.24,78.24,59.25
25,46.45,78.44,59.24
25,46.3,78.67,59.24
28,46.08,78.23,58.93
27,46.12,78.68,58.92
8,46.51,79.32,59.24
5,46.36,79.57,59.24
13,46.34,79.12,59.24
5,46.28,79.79,58.93
19,46.13,79.12,58.93
9,46.13,79.52,58.93
7,46.13,79.8,58.62
25,45.93,79.11,58.61
16,45.93,79.53,58.62
17,45.93,79.81,58.25
25,46.38,78.13,59.24
22,46.65,78.25,59.24
11,46.89,78.4,59.55
6,47.13,78.6,59.55
10,47.1,78.25,59.55
5,47.55,78.25,59.79
6,47.42,78.2,59.79
5,47.65,78.19,59.79
6,47.33,78.37,59.55
21,50.31,78,60.09
30,50.75,78,60.11
28,50.52,78.01,60.1
21,53.21,78.34,60.74
21,53.2,78.27,60.68
21,52.99,78.36,60.74
22,52.99,78.29,60.68
21,53.11,78.42,60.74
22,53.09,78.23,60.69
23,52.65,78.27,60.69
22,52.77,78.37,60.74
22,52.76,78.31,60.68
22,52.55,78.39,60.74
22,52.54,78.32,60.67
21,52.67,78.46,60.74
21,52.89,78.44,60.74
20,53.01,78.54,60.73
20,52.79,78.56,60.73
20,52.9,78.62,60.73
22,52.87,78.25,60.69
24,52.97,78.09,60.68
24,52.75,78.13,60.75
27,52.85,77.94,60.73
26,52.85,78,60.68
26,52.94,77.91,60.58
26,52.63,78.02,60.68
27,52.73,77.92,60.58
27,52.51,77.94,60.58
20,52.68,78.64,60.73
21,52.57,78.58,60.61
22,52.44,78.48,60.64
22,52.23,78.5,60.62
22,52.12,78.58,60.6
22,52.13,78.65,60.72
21,52.34,78.6,60.73
22,52.02,78.73,60.71
21,52.46,78.66,60.58
20,52.47,78.73,60.72
22,51.92,78.85,60.71
22,51.82,78.97,60.7
21,51.41,79.27,60.7
21,50.21,78.23,60.1
26,50.33,78.32,60.1
25,50.22,78.44,60.1
20,50.11,78.34,60.1
19,50,78.46,60.1
19,49.9,78.58,60.1
29,50.45,78.42,60.1
25,50.12,78.56,60.1
28,50.34,78.54,60.1
29,50.24,78.66,60.25
25,50.02,78.68,60.1
29,50.14,78.78,60.25
29,50.36,78.76,60.25
29,50.26,78.88,60.25
25,49.92,78.8,60.1
19,49.8,78.7,60.1
19,49.7,78.82,60.1
25,49.82,78.92,60.1
27,50.04,78.9,60.1
28,50.16,79,60.1
28,50.06,79.12,60.1
27,49.94,79.02,60.1
23,49.61,79.06,60.18
28,49.85,79.26,60.19
23,49.41,79.29,60.19
22,49.21,79.53,60.2
28,49.65,79.49,60.2
27,49.45,79.73,60.2
22,49.01,79.77,59.86
23,48.81,80.01,59.86
23,48.61,80.25,59.86
22,48.41,80.49,59.86
26,48.85,80.45,59.86
24,48.65,80.69,59.86
20,48.23,80.86,59.4
19,48.15,81.18,58.79
18,48.12,81.38,58.17
22,50.98,79.45,60.7
24,50.97,79.3,60.5
26,50.52,79.31,60.37
25,50.54,79.49,60.5
23,50.77,79.62,60.7
26,50.33,79.66,60.5
24,50.57,79.86,60.7
26,50.13,79.9,60.5
26,50.37,80.11,60.7
27,49.93,80.14,60.5
27,50.17,80.37,60.7
26,50.01,80.95,60.7
26,49.73,80.39,60.5
23,49.53,80.65,60.5
26,49.58,81.09,60.51
26,51.25,78.68,60.4
25,51.36,78.79,60.54
26,51.14,78.8,60.38
24,51.26,78.91,60.52
23,51.17,79.14,60.5
25,51.04,78.92,60.37
25,50.94,79.04,60.36
22,51.61,79.1,60.7
23,51.48,78.89,60.52
23,51.38,79.01,60.51
23,52,78.49,60.53
23,51.9,78.58,60.51
23,51.91,78.67,60.56
23,51.8,78.75,60.54
22,51.7,78.87,60.52
25,51.67,78.42,60.55
24,51.78,78.51,60.52
26,51.77,78.31,60.57
24,51.89,78.4,60.55
25,51.57,78.55,60.41
24,51.68,78.65,60.41
25,51.46,78.67,60.41
24,51.58,78.76,60.39
28,50.09,79.46,60.2
28,49.89,79.69,60.2
28,49.69,79.93,60.2
27,49.25,79.97,59.86
28,49.49,80.17,60.2
26,49.05,80.21,59.86
27,49.29,80.41,60.2
25,49.1,80.82,60.04
24,48.68,81.01,59.4
28,50.48,78.87,60.25
28,50.38,78.98,60.25
28,50.29,79.22,60.18
27,50.6,78.97,60.25
27,50.5,79.09,60.25
26,50.73,79.15,60.36
27,50.43,78.21,60.1
21,50.31,78.16,59.96
29,50.89,78.39,60.25
29,50.78,78.51,60.25
28,51.01,78.49,60.25
28,50.9,78.61,60.25
29,50.55,78.31,60.1
30,50.77,78.29,60.1
30,50.67,78.41,60.1
30,50.65,78.19,60.1
28,50.52,78.16,59.98
29,50.56,78.53,60.1
29,50.68,78.63,60.25
28,50.8,78.73,60.25
29,50.46,78.65,60.1
29,50.58,78.75,60.25
28,50.7,78.85,60.25
29,51.21,78.25,60.25
30,50.99,78.27,60.25
29,51.11,78.37,60.25
30,51.09,78.15,60.25
30,50.97,78.1,60.12
30,50.76,78.15,59.98
30,50.87,78.17,60.1
27,51.12,78.59,60.25
27,51.02,78.71,60.25
27,50.92,78.83,60.25
26,50.82,78.95,60.25
28,51.43,78.23,60.41
26,51.55,78.33,60.41
27,51.65,78.21,60.41
28,51.53,78.1,60.41
29,51.41,78.05,60.27
29,51.31,78.12,60.26
30,51.18,78.09,60.14
27,51.23,78.47,60.25
26,51.45,78.45,60.25
26,51.34,78.57,60.25
28,51.33,78.35,60.25
25,51.98,78.29,60.57
26,51.87,78.19,60.57
27,51.75,78.09,60.41
28,51.63,78.04,60.27
25,52.09,78.17,60.57
28,51.85,78.02,60.29
27,51.97,78.07,60.41
24,52.44,78.23,60.67
25,52.31,78.14,60.68
26,52.19,78.05,60.57
27,52.06,77.99,60.42
25,52.53,78.13,60.68
26,52.41,78.03,60.57
27,52.29,77.98,60.43
24,52.21,78.27,60.57
24,52.11,78.38,60.55
23,52.33,78.37,60.56
22,52.22,78.47,60.53
21,53.65,78.24,60.74
21,53.42,78.25,60.74
22,53.53,78.17,60.75
24,53.62,77.96,60.75
23,53.62,78.02,60.75
22,53.57,78.06,60.75
22,53.68,78.05,60.75
22,53.63,78.11,60.75
23,53.41,78.08,60.75
25,53.4,77.97,60.75
25,53.56,77.93,60.68
25,53.45,77.94,60.68
24,53.51,77.99,60.69
26,53.5,77.88,60.69
25,53.38,77.9,60.6
25,53.34,77.95,60.69
26,53.28,77.9,60.68
25,53.23,77.96,60.68
24,53.29,78.01,60.69
26,53.16,77.91,60.59
20,53.98,78.3,60.74
21,53.86,78.25,60.74
22,53.85,78.06,60.75
25,53.84,77.95,60.74
26,53.72,77.88,60.69
25,53.67,77.92,60.68
26,53.78,77.91,60.68
25,53.73,77.97,60.69
25,53.62,77.89,60.6
21,53.75,78.16,60.74
22,53.31,78.21,60.69
24,53.19,78.07,60.68
25,53.07,77.98,60.57
19,53.12,78.6,60.73
20,53.33,78.4,60.74
20,53.23,78.52,60.73
19,53.45,78.5,60.73
19,53.34,78.58,60.73
20,54.09,78.23,60.74
22,54.06,78.04,60.75
24,54.07,77.94,60.74
26,53.95,77.9,60.74
25,53.95,77.95,60.67
26,53.84,77.89,60.61
22,54.43,78.01,60.78
23,54.45,77.98,60.81
25,54.39,77.91,60.76
23,54.34,77.98,60.81
22,54.33,78.01,60.78
22,54.34,78.02,60.75
24,54.23,77.96,60.76
22,54.23,78.02,60.75
25,54.28,77.92,60.76
22,54.29,78.05,60.75
25,54.22,77.88,60.69
24,54.17,77.93,60.68
25,54.11,77.89,60.69
23,54.63,78.01,60.78
23,54.62,77.99,60.81
22,54.56,78.02,60.75
24,54.56,77.95,60.76
22,54.45,78.02,60.75
23,54.51,77.99,60.73
22,54.52,78.05,60.75
23,54.51,77.98,60.76
25,54.5,77.9,60.76
24,54.39,77.92,60.69
25,54.44,77.87,60.69
25,54.33,77.88,60.69
25,54.67,77.94,60.76
24,54.73,77.97,60.76
22,54.74,78.03,60.75
25,54.67,77.86,60.7
25,54.61,77.9,60.69
25,54.55,77.87,60.69
27,54.83,77.8,60.84
27,54.66,77.81,60.77
28,55.16,77.8,60.84
27,55.26,77.8,60.84
27,55.49,77.8,60.84
27,54.33,77.82,60.69
26,54.44,77.82,60.69
27,54.55,77.82,60.69
27,54.62,77.82,60.67
27,54.66,77.82,60.7
28,53.16,77.82,60.58
28,53.5,77.82,60.67
27,53.38,77.82,60.59
27,53.62,77.82,60.59
28,53.78,77.82,60.68
29,53.73,77.82,60.69
28,53.84,77.82,60.61
27,53.97,77.82,60.7
27,54.11,77.82,60.67
27,54.22,77.82,60.68
29,52.5,77.82,60.56
29,52.72,77.82,60.56
28,52.95,77.82,60.57
27,53.07,77.82,60.52
30,52.06,77.82,60.41
29,52.29,77.83,60.42
30,51.85,77.83,60.27
31,51.63,77.83,60.26
31,51.41,77.83,60.25
31,51.3,77.83,60.22
31,51.18,77.84,60.12
31,50.97,77.84,60.11
4,49.2,77.85,60.07
4,49.08,77.86,59.95
4,48.87,77.85,60.09
5,48.65,77.85,60.09
4,49.63,77.85,60.07
4,49.31,77.86,59.97
4,49.44,77.85,60.07
4,49.76,77.85,59.97
4,49.88,77.85,60.07
4,50.09,77.85,60.09
6,47.99,77.86,59.93
7,47.78,77.86,59.93
6,48.21,77.86,59.94
5,48.43,77.86,59.94
10,47.54,77.86,59.79
11,47.41,77.86,59.79
9,47.65,77.86,59.79
13,47.32,77.86,59.6
15,47.08,77.86,59.55
22,46.67,77.86,59.24
24,46.28,77.84,59.23
26,45.99,77.84,58.91
28,45.92,78.13,58.61
28,45.93,78.64,58.61
31,50.86,77.85,60.07
17,50.31,77.86,59.95
7,50.2,77.86,59.92
30,50.76,77.86,59.97
26,50.51,77.86,59.97
29,50.64,77.85,60.07
12,45.51,80.01,52.45
9,45.67,80.43,52.65
3,44.63,80.38,51.9
2,44.69,80.98,51.9
7,45.01,79.9,51.89
11,45.34,80.12,52.37
2,45.26,80.28,53.12
9,45,79.9,52.52
3,45.08,80.77,52.52
12,45.52,80.1,51.94
14,45.74,80.22,52
5,45.09,80.77,50.65
8,45.34,80.29,50.64
13,45.67,80.6,50.48
10,45.33,80.32,50.85
6,45.12,80.78,50.85
13,45.7,80.33,50.76
12,45.86,80.22,50.68
2311,54.69,84.06,50.3
289,47.99,78.3,50.3
288,48.87,78.23,50.3
285,49.76,78.15,50.3
280,50.64,78.07,50.3
1652,54.16,77.77,50.3
839,53.28,77.84,50.3
273,51.52,78,50.3
276,52.4,77.92,50.3
2220,55.06,83.07,50.3
2071,54.56,82.17,50.3
1720,54.24,78.65,50.3
1950,54.47,81.29,50.3
1762,54.31,79.53,50.3
1843,54.39,80.41,50.3
2,45.16,81.21,51.35
7,45.39,81.27,50.77
6,45.42,81.14,50.6
7,45.39,81.07,50.82
4,45.49,81.4,51.18
13,45.68,81.21,50.66
13,45.56,80.86,50.59
18,45.68,81.02,50.61
379,47.59,78.79,49.4
402,48.07,79.19,48.77
395,48.55,79.59,48.15
348,47.19,79.26,49.84
343,47.59,78.79,49.84
323,47.59,78.78,50.1
332,47.67,79.65,50.1
298,47.58,78.77,50.3
375,47.82,81.24,50.31
313,47.66,79.63,50.3
323,47.74,80.46,50.3
1879,54.76,84.66,49.84
1329,55.06,83.01,49.84
1170,54.54,82.17,49.84
1141,54.47,81.29,49.84
1236,54.31,79.53,49.84
1157,54.39,80.41,49.84
1245,53.76,78.25,49.4
830,53.35,78.72,48.77
703,54.14,82.65,49.4
690,54.06,81.77,49.4
1213,53.83,79.13,49.4
988,53.43,79.61,48.77
875,53.51,80.49,48.77
770,53.99,80.89,49.4
963,53.91,80.01,49.4
337,47.99,78.31,49.84
371,48.47,78.71,49.4
381,48.95,79.11,48.77
332,48.88,78.23,49.84
355,49.35,78.63,49.4
356,49.83,79.03,48.77
324,49.76,78.15,49.84
314,50.64,78.08,49.84
812,53.28,77.84,49.84
307,51.52,78,49.84
326,52.4,77.92,49.84
338,50.23,78.55,49.4
330,51.12,78.48,49.4
337,52,78.4,49.4
548,52.88,78.32,49.4
345,50.71,78.96,48.77
354,51.59,78.88,48.77
418,52.47,78.8,48.77
320,48.47,78.71,50.1
1443,53.76,78.25,49.84
315,49.35,78.63,50.1
306,50.23,78.55,50.1
297,51.12,78.48,50.1
1560,53.76,78.25,50.1
289,52,78.4,50.1
658,52.88,78.32,50.1
1444,53.83,79.13,49.84
1621,53.83,79.13,50.1
451,50.47,81.2,43.77
486,51.38,81.56,42.83
445,52.23,81.04,43.77
469,50.87,80.72,43.77
465,51.75,80.64,43.77
427,49.99,80.79,45.02
428,50.47,81.2,44.4
445,50.39,80.32,45.02
443,50.87,80.72,44.4
442,51.75,80.64,44.4
440,51.27,80.24,45.02
433,52.15,80.16,45.02
430,52.23,81.04,44.4
433,52.63,80.56,45.02
402,49.51,80.39,46.27
408,49.99,80.79,45.65
429,52.63,80.56,45.65
459,53.03,80.08,46.27
389,49.91,79.91,46.27
411,50.39,80.32,45.65
392,50.79,79.84,46.27
409,51.27,80.24,45.65
418,52.15,80.16,45.65
404,51.67,79.76,46.27
432,52.55,79.68,46.27
454,52.34,82.36,44.08
435,52.71,81.44,45.02
456,53.18,81.85,45.02
442,52.71,81.44,45.65
481,53.11,80.96,46.27
480,53.18,81.85,45.65
528,53.59,81.37,46.27
746,55.18,84.5,47.83
1175,55.19,84.5,49.08
1326,54.7,83.93,49.84
643,55.06,83.01,49.08
500,53.3,83.17,45.33
545,54.26,83.96,46.58
590,53.59,81.37,46.9
641,53.99,80.89,47.52
507,54.1,82.21,46.58
490,55.06,83.01,47.83
548,54.14,82.65,48.77
496,54.95,81.69,47.52
543,54.54,82.17,48.77
517,54.95,81.69,48.15
547,54.47,81.29,47.52
557,54.06,81.77,48.77
548,54.47,81.29,48.15
546,53.66,82.25,48.77
620,53.59,81.37,48.77
647,53.99,80.89,48.15
390,49.03,79.99,47.52
391,49.51,80.39,46.9
538,53.11,80.96,46.9
476,53.03,80.08,46.9
670,53.51,80.49,47.52
600,53.43,79.61,47.52
430,52.55,79.68,46.9
482,52.95,79.2,47.52
366,49.43,79.51,47.52
369,49.91,79.91,46.9
361,50.31,79.43,47.52
375,50.79,79.84,46.9
375,51.19,79.36,47.52
392,51.67,79.76,46.9
404,52.07,79.28,47.52
789,53.51,80.49,48.15
754,53.43,79.61,48.15
524,52.95,79.2,48.15
366,49.43,79.51,48.15
352,50.31,79.43,48.15
360,51.19,79.36,48.15
386,52.07,79.28,48.15
349,47.27,80.14,49.84
336,47.74,80.51,50.1
372,47.67,79.67,49.4
395,48.15,80.07,48.77
525,49.66,82.15,43.77
467,50.06,81.67,43.77
502,50.58,82.52,42.83
591,49.18,81.75,45.02
512,49.66,82.15,44.4
475,49.59,81.27,45.02
451,50.06,81.67,44.4
738,48.7,81.35,46.27
612,49.18,81.75,45.65
503,49.11,80.87,46.27
471,49.59,81.27,45.65
571,49.78,83.47,44.08
781,48.7,81.35,46.9
1172,46.94,81.5,47.52
1117,46.94,81.5,48.15
1122,47.42,81.91,48.77
813,48.23,80.95,47.52
1071,47.82,81.43,48.77
1016,47.35,81.03,48.15
1051,47.35,81.03,47.52
1083,47.86,81.87,46.58
756,48.82,82.67,45.33
1198,47.9,82.31,48.77
784,48.23,80.95,48.15
495,48.63,80.47,47.52
507,49.11,80.87,46.9
468,48.63,80.47,48.15
2238,53.07,85.03,49.96
2205,53.88,84.95,49.97
1217,53.02,84.73,48.79
1131,53.88,84.69,48.77
2658,52.61,85.13,48.04
1677,53.49,84.93,47.83
1580,52.57,84.95,48.67
1297,52.16,84.76,48.81
2854,50.96,85.14,47.76
2118,51.81,84.95,47.8
2160,50.86,84.98,48.74
1705,51.22,84.78,48.76
2444,50.85,84.99,46.56
821,50.73,84.24,45.33
517,51.54,83.32,44.08
1345,51.74,84.63,46.58
630,52.49,84.06,45.33
829,53.42,84.55,46.58
863,53.41,84.45,48.77
1467,53.87,84.7,49.4
1567,53,84.78,49.41
1252,51.65,84.59,48.77
2048,51.69,84.98,49.26
1567,52.15,84.84,49.44
2329,52.14,85.14,49.97
2208,53.89,84.81,50.12
2250,52.3,84.97,50.33
2226,53.06,84.85,50.18
2085,54.29,84.48,50.1
1809,54.22,83.55,50.1
1715,54.15,82.65,50.1
1608,54.07,81.77,50.1
1552,53.99,80.88,50.1
1566,53.91,80.01,50.1
2336,53.44,84.62,50.31
2235,52.61,84.63,50.32
2312,53.84,84.11,50.3
3,45.09,80.77,51.27
7,45.31,80.33,51.27
13,45.7,80.33,51.26
14,45.86,80.22,51.24
407,47.75,80.55,49.4
682,48.23,80.95,48.77
732,46.62,81.78,50.3
866,47.43,81.65,50.18
705,47.42,81.64,50.43
574,46.56,81.81,50.73
522,47.4,81.65,50.81
490,47.34,81.04,49.86
576,47.83,81.35,50.14
970,47.82,81.43,49.4
1132,48.3,81.83,48.77
1009,47.42,81.84,49.88
1123,47.9,82.31,49.4
1019,47.43,82.06,50.12
2,45.14,81.2,51.88
4,45.5,80.82,52.68
2,45.39,81.07,52.48
7,62.6,77.98,60.85
4,63.27,77.9,60.85
6,63.33,77.97,60.85
8,63.33,78.01,60.84
6,63.22,77.98,60.85
7,63.27,77.98,60.81
4,63.37,77.9,60.81
3,63.32,77.87,60.81
8,63.21,78.01,60.84
8,63.27,78.01,60.79
3,63.1,77.86,60.85
3,63.1,77.81,60.84
5,63.16,77.93,60.85
3,63.2,77.85,60.85
3,63.22,77.81,60.84
3,63.32,77.81,60.78
3,63.15,77.85,60.81
3,63.15,77.81,60.78
4,62.99,77.87,60.85
3,62.98,77.81,60.84
6,62.94,77.95,60.85
8,62.94,78.01,60.83
4,62.88,77.89,60.85
3,62.92,77.83,60.85
3,62.92,77.81,60.84
3,63.04,77.86,60.81
4,63.04,77.81,60.78
7,62.71,77.96,60.85
6,62.66,77.91,60.85
5,62.77,77.9,60.85
4,62.71,77.84,60.85
3,62.71,77.81,60.84
5,62.59,77.87,60.81
4,62.6,77.81,60.78
4,62.54,77.85,60.81
4,62.54,77.81,60.78
4,62.82,77.86,60.81
4,62.82,77.81,60.78
2,64.77,77.96,60.85
2,64.77,78.01,60.84
2,64.66,77.97,60.85
3,64.65,78.01,60.84
2,64.71,78,60.85
3,64.72,78.01,60.84
2,64.94,78.01,60.84
2,64.88,78.01,60.84
3,64.55,77.98,60.85
3,64.54,78.01,60.84
2,64.49,77.92,60.85
3,64.43,77.98,60.85
4,64.43,78.01,60.84
2,64.38,77.93,60.85
2,64.1,77.89,60.85
2,64.21,77.88,60.85
4,64.16,77.95,60.85
5,64.16,78.01,60.84
3,63.99,77.9,60.85
3,63.88,77.91,60.85
5,63.94,77.97,60.85
6,63.93,78.01,60.84
2,63.93,77.84,60.85
2,64.04,77.86,60.81
5,63.82,77.98,60.85
6,63.82,78.01,60.84
6,63.88,78.01,60.78
7,63.6,77.99,60.85
7,63.61,78.01,60.84
4,63.77,77.93,60.81
5,63.71,77.97,60.81
7,63.72,78.01,60.79
3,63.71,77.88,60.81
2,63.71,77.81,60.78
3,63.65,77.86,60.76
3,63.65,77.82,60.71
4,63.65,77.93,60.81
2,63.81,77.87,60.81
2,63.83,77.81,60.78
3,63.76,77.86,60.77
3,63.76,77.82,60.72
7,63.38,78,60.85
8,63.38,78.01,60.84
6,63.5,77.97,60.81
8,63.5,78.01,60.79
5,63.44,77.95,60.81
8,63.44,78.01,60.79
4,63.49,77.9,60.81
4,63.43,77.86,60.76
3,63.53,77.86,60.76
4,63.43,77.82,60.7
3,63.53,77.82,60.71
5,63.55,77.94,60.81
8,63.55,78.01,60.78
4,63.6,77.89,60.76
3,63.6,77.83,60.69
4,63.6,77.83,60.63
8,61.67,77.99,60.84
8,61.67,78.01,60.79
6,61.59,77.94,60.81
8,61.61,78.01,60.79
7,61.55,77.97,60.81
8,61.55,78.01,60.79
7,61.88,77.95,60.81
8,61.89,78.01,60.8
7,61.77,77.96,60.81
8,61.77,78.01,60.8
6,61.82,77.92,60.81
6,61.77,77.88,60.76
5,61.77,77.82,60.68
6,61.71,77.93,60.77
6,61.66,77.89,60.76
6,61.7,77.86,60.76
5,61.69,77.82,60.69
7,62.43,77.94,60.85
5,62.49,77.88,60.81
4,62.49,77.81,60.78
7,62.49,77.95,60.81
8,62.49,78.01,60.8
6,62.54,77.92,60.81
6,62.44,77.92,60.81
8,62.16,78,60.84
8,62.17,78.01,60.84
8,62.33,77.98,60.85
6,62.32,77.91,60.81
8,62.33,78.01,60.8
7,62.2,77.94,60.81
8,62.22,78.01,60.79
8,62.28,78.01,60.8
8,62.27,77.99,60.84
6,62.38,77.88,60.76
5,62.37,77.81,60.69
6,62.43,77.86,60.76
5,62.43,77.81,60.69
6,62.26,77.89,60.81
6,62.31,77.86,60.76
5,62.31,77.81,60.69
7,61.99,77.95,60.81
8,61.99,78.01,60.8
7,62.11,77.94,60.81
8,62.1,78.01,60.8
6,62.04,77.9,60.81
6,62.16,77.9,60.76
6,62.21,77.86,60.76
5,62.21,77.81,60.69
6,62.1,77.87,60.76
5,62.1,77.81,60.69
6,61.88,77.88,60.76
6,61.82,77.86,60.7
5,61.87,77.82,60.68
6,61.98,77.87,60.76
5,61.99,77.81,60.69
6,61.94,77.92,60.76
6,61.93,77.85,60.76
5,61.93,77.81,60.69
6,61.71,77.82,60.57
7,61.93,77.82,60.57
6,62.37,77.82,60.59
6,62.15,77.82,60.58
5,60.34,78.01,60.79
5,60.33,78,60.84
6,60.45,77.99,60.84
6,60.45,78.01,60.79
5,60.38,77.95,60.84
6,60.39,78.01,60.79
4,60.44,77.82,60.68
4,60.44,77.89,60.76
5,60.55,77.82,60.68
5,60.49,77.86,60.7
4,60.55,77.88,60.77
5,60.6,77.86,60.7
5,60.49,77.93,60.77
5,60.05,78.02,60.75
4,59.95,78.01,60.79
4,59.94,77.98,60.84
3,59.94,77.88,60.77
2,59.87,77.85,60.78
4,59.83,78.01,60.79
3,59.83,77.93,60.84
4,59.84,78.03,60.75
3,59.72,77.89,60.75
5,60.16,77.97,60.84
5,60.17,78.01,60.79
5,60.11,78.01,60.79
5,60.11,78,60.84
5,60.11,78.03,60.75
5,60.22,78.01,60.79
5,60.22,78,60.84
5,60.28,78.01,60.75
4,60.27,77.95,60.76
4,60.32,77.89,60.76
4,60.21,77.9,60.76
4,60.26,77.81,60.69
4,60.26,77.86,60.76
5,60.37,77.86,60.69
4,60.1,77.91,60.76
3,59.99,77.92,60.76
4,60.06,77.96,60.77
4,60.06,77.99,60.73
3,59.99,77.85,60.7
3,60.04,77.87,60.76
3,59.94,77.88,60.68
3,59.88,77.86,60.68
4,60.16,77.87,60.69
6,60.72,77.98,60.77
7,60.72,78.03,60.75
5,60.55,77.97,60.77
6,60.56,78.03,60.75
6,60.67,77.96,60.77
6,60.68,77.99,60.73
5,60.6,77.93,60.77
6,60.62,78.05,60.75
7,61.39,77.96,60.81
8,61.37,78.01,60.79
7,61.44,77.98,60.81
8,61.44,78.01,60.79
8,61.44,78.02,60.75
8,61.5,78.02,60.75
7,61.49,77.95,60.76
6,61.44,77.91,60.76
5,61.43,77.83,60.68
6,61.55,77.9,60.76
6,61.54,77.82,60.68
6,61.49,77.86,60.76
5,61.49,77.82,60.69
7,61.6,77.86,60.69
7,61.16,77.97,60.81
7,61.16,78.01,60.79
7,61.27,77.96,60.76
8,61.28,78.02,60.75
6,61.21,77.92,60.76
6,61.32,77.92,60.76
6,61.26,77.87,60.76
5,61.27,77.82,60.69
6,61.37,77.87,60.69
6,60.94,77.97,60.81
7,60.95,78.01,60.79
7,60.89,78.02,60.76
6,60.88,77.95,60.77
7,60.83,78,60.73
7,60.84,78.05,60.75
6,60.83,77.98,60.77
6,60.77,77.96,60.77
6,60.77,77.99,60.73
5,60.83,77.9,60.77
5,60.77,77.88,60.7
6,60.88,77.87,60.7
6,60.72,77.91,60.68
5,60.65,77.88,60.69
7,61,78.01,60.75
6,61,77.94,60.77
6,61.06,77.97,60.77
7,61.05,78.03,60.75
6,60.99,77.87,60.7
5,61.05,77.89,60.76
5,61.03,77.82,60.67
6,61.1,77.93,60.77
6,61.15,77.89,60.69
6,61.09,77.86,60.69
6,60.94,77.9,60.69
7,61.15,77.89,60.57
7,61.37,77.88,60.61
7,61.6,77.87,60.57
6,61.04,77.82,60.56
6,61.27,77.83,60.57
6,61.49,77.82,60.57
27,49.59,81.18,60.13
25,49.1,81.18,59.43
23,48.69,81.18,58.79
28,50.04,81.38,60.28
28,49.6,81.38,59.5
25,49.1,81.38,58.82
24,48.67,81.38,58.17
26,54.88,77.89,60.81
24,54.9,77.95,60.82
23,54.84,77.99,60.81
23,54.84,78,60.78
23,54.95,77.98,60.81
23,54.95,78,60.78
27,54.93,77.85,60.82
24,54.95,77.9,60.83
23,55,77.93,60.82
27,54.83,77.85,60.82
25,54.78,77.93,60.76
25,54.72,77.88,60.76
23,55.17,77.97,60.82
27,55.22,77.93,60.83
26,55.11,77.88,60.81
23,55.11,77.94,60.82
26,55.18,77.85,60.81
27,55.04,77.84,60.82
27,55.03,77.81,60.78
22,55.17,78.01,60.78
27,55.27,77.84,60.82
25,55.39,77.85,60.85
27,56.33,77.82,60.85
27,56.32,77.8,60.84
28,56.11,77.83,60.86
28,56.1,77.8,60.84
26,56.27,77.86,60.85
28,56.21,77.82,60.86
28,56.2,77.8,60.84
27,56.27,77.8,60.84
26,56.06,77.87,60.84
27,55.49,77.83,60.82
27,55.49,77.83,60.85
26,56.01,77.8,60.84
5,60.37,77.87,60.57
5,60.81,77.88,60.66
7,60.94,77.9,60.57
6,60.71,77.89,60.57
11,59.42,78.37,60.74
4,59.85,78.17,60.75
5,59.74,78.25,60.74
4,59.73,78.08,60.75
3,59.72,77.97,60.77
7,59.53,78.3,60.73
6,59.51,78.1,60.75
3,59.5,77.98,60.77
3,59.44,77.96,60.77
3,59.61,77.98,60.68
14,59.12,78.01,60.79
14,59.12,77.99,60.83
10,59.22,77.99,60.83
11,59.22,78.01,60.79
13,59.16,77.95,60.84
7,59.21,77.88,60.77
5,59.27,77.93,60.77
4,59.27,77.86,60.71
4,59.32,77.88,60.77
11,59.29,78.11,60.75
3,59.49,77.93,60.61
3,59.38,77.92,60.69
3,59.44,77.97,60.69
3,59.33,77.98,60.69
4,59.39,78.03,60.69
18,58.95,77.97,60.83
17,58.95,78.01,60.79
13,59,77.9,60.76
15,59.06,78.01,60.76
13,59.05,77.95,60.77
11,59.1,77.89,60.77
8,59.04,77.87,60.7
5,59.16,77.87,60.7
19,58.72,77.99,60.83
17,58.73,78.01,60.79
14,58.77,77.92,60.76
16,58.84,78.02,60.75
15,58.83,77.96,60.77
13,58.88,77.91,60.76
11,58.83,77.87,60.76
6,58.93,77.87,60.69
16,58.66,77.93,60.77
18,58.61,77.97,60.77
20,58.62,78.03,60.75
14,58.6,77.88,60.77
12,58.66,77.86,60.71
11,58.71,77.89,60.69
14,59.31,78.32,60.74
21,59.08,78.31,60.74
19,58.27,77.9,60.84
17,58.34,77.85,60.81
23,58.44,77.96,60.83
20,58.51,78.01,60.79
20,58.51,77.99,60.83
17,58.55,77.93,60.76
23,58.45,78.01,60.79
25,58.39,77.92,60.84
17,58.38,77.86,60.81
20,58.49,77.89,60.77
16,58.54,77.87,60.7
21,58.44,77.86,60.76
26,58.33,78.01,60.79
26,58.33,77.97,60.83
25,58.39,78,60.83
25,58.39,78.01,60.79
23,58.04,77.83,60.86
30,57.82,77.84,60.85
29,57.55,77.82,60.85
30,57.84,77.81,60.84
28,57.93,77.8,60.84
19,58.16,77.82,60.85
22,58.09,77.83,60.85
22,58.03,77.8,60.84
11,58.43,77.81,60.78
13,58.34,77.81,60.84
26,58.21,77.85,60.85
4,59.21,77.81,60.76
2,59.27,77.82,60.72
3,59.33,77.81,60.77
9,58.54,77.82,60.7
7,58.66,77.82,60.72
9,58.6,77.81,60.76
6,58.82,77.81,60.77
6,58.71,77.83,60.69
3,59.16,77.82,60.7
5,59.1,77.81,60.76
3,58.93,77.82,60.69
3,59.04,77.82,60.7
2,59.38,77.83,60.68
3,59.49,77.83,60.6
2,59.6,77.83,60.67
3,59.71,77.83,60.6
3,59.81,77.82,60.71
4,59.93,77.82,60.59
4,60.04,77.82,60.69
4,60.1,77.83,60.67
4,60.17,77.83,60.6
5,60.26,77.82,60.56
5,60.48,77.83,60.58
6,60.83,77.83,60.56
5,60.62,77.82,60.54
25,53.38,77.88,60.56
26,53.17,77.88,60.55
25,53.62,77.87,60.56
27,53.84,77.88,60.58
27,52.5,77.88,60.54
27,52.72,77.88,60.54
27,52.94,77.88,60.54
26,53.07,77.88,60.51
28,52.06,77.91,60.41
27,52.29,77.92,60.42
29,51.85,77.94,60.27
29,51.63,77.95,60.26
30,51.41,77.95,60.25
30,51.3,77.96,60.22
31,51.18,77.99,60.12
31,50.97,77.99,60.11
4,49.22,78.42,59.94
5,49.34,78.52,59.94
4,49.33,78.3,59.94
5,49.44,78.4,59.94
7,49.56,78.5,59.94
11,49.68,78.6,59.94
4,49.12,78.54,59.94
4,49.02,78.66,59.94
7,49.46,78.62,59.94
12,49.58,78.72,59.94
5,49.24,78.64,59.94
5,49.14,78.76,59.94
8,49.36,78.74,60.1
13,49.48,78.84,60.1
8,49.26,78.86,60.1
13,49.38,78.96,60.1
5,48.93,78.89,59.86
5,48.73,79.13,59.86
11,49.17,79.09,59.86
12,48.97,79.33,59.86
6,48.53,79.37,59.86
7,48.33,79.61,59.86
13,48.77,79.57,59.86
14,48.57,79.81,59.86
11,48.13,79.85,59.55
13,47.93,80.09,59.55
17,48.37,80.05,59.55
18,48.17,80.29,59.55
14,47.75,80.56,59.39
10,47.21,81.38,57.54
11,47.3,81.18,58.16
4,49.2,78.02,60.07
4,49.08,78.04,59.95
4,48.87,78.01,60.09
4,48.65,78.02,60.09
4,48.88,78.34,59.94
4,49,78.44,59.94
3,48.78,78.46,59.94
4,48.9,78.56,59.94
4,48.77,78.25,59.94
4,48.55,78.26,59.94
3,48.66,78.36,59.94
4,48.87,78.18,59.96
4,48.64,78.19,59.95
4,48.99,78.23,59.94
4,49.11,78.32,59.94
4,49.2,78.21,59.95
4,49.09,78.18,59.82
4,49.63,78.01,60.07
4,49.31,78.04,59.97
4,49.44,78.02,60.07
4,49.76,78.03,59.97
5,49.88,78,60.07
8,50.09,78.01,60.09
6,49.77,78.26,59.94
10,49.89,78.36,59.94
7,49.66,78.38,59.94
11,49.78,78.48,59.94
5,49.55,78.28,59.94
5,49.65,78.19,59.95
4,49.42,78.21,59.95
9,49.99,78.25,59.94
6,49.86,78.18,59.95
11,50.09,78.18,59.96
4,48.44,78.38,59.79
3,48.34,78.5,59.79
3,48.56,78.48,59.79
3,48.46,78.6,59.79
3,48.24,78.62,59.79
3,48.14,78.74,59.79
3,48.36,78.72,59.79
3,48.26,78.84,59.79
3,48.68,78.58,59.79
3,48.58,78.7,59.79
4,48.8,78.68,59.79
4,48.7,78.8,59.79
3,48.49,78.93,59.86
4,48.05,78.97,59.55
4,47.85,79.21,59.55
5,48.29,79.17,59.55
6,48.09,79.41,59.55
5,47.65,79.45,59.55
5,47.45,79.69,59.55
7,47.89,79.65,59.55
8,47.69,79.89,59.55
8,47.25,79.92,59.24
7,47.05,80.16,59.24
10,47.49,80.13,59.24
9,47.29,80.36,59.24
5,47.99,78.05,59.93
5,47.78,78.05,59.93
5,48.21,78.05,59.94
4,48.43,78.05,59.94
5,47.76,78.23,59.79
4,47.66,78.34,59.79
4,47.88,78.31,59.79
3,47.78,78.44,59.79
4,48.33,78.28,59.79
4,48.22,78.4,59.79
4,48.1,78.3,59.79
4,48.21,78.22,59.79
3,48.12,78.52,59.79
3,48.02,78.64,59.79
3,48,78.42,59.79
3,47.9,78.54,59.79
4,48.42,78.21,59.79
4,47.99,78.22,59.79
3,47.81,78.77,59.55
4,47.57,78.57,59.55
3,47.37,78.8,59.55
3,47.61,79.01,59.55
4,46.39,80,58.93
4,46.3,80.24,58.93
5,46.61,80.2,58.93
4,46.42,80.44,58.93
3,46.51,80.92,58.77
4,46.87,80.62,59.4
11,47.33,80.9,58.77
5,46.13,80.01,58.62
4,46.13,80.26,58.62
3,46.13,80.48,58.62
15,45.93,80.24,58.15
16,46.33,81.38,56.9
22,45.93,81.25,56.91
5,46.48,81.18,57.53
7,46.13,81.08,57.53
15,45.93,80.88,57.54
5,46.5,80.92,58.15
3,46.31,80.69,58.61
5,46.13,80.77,58.16
5,47.17,79.04,59.24
5,47.41,79.24,59.24
5,46.97,79.28,59.24
5,47.21,79.48,59.24
7,46.77,79.52,58.93
7,47.01,79.72,58.93
6,46.57,79.76,58.93
7,46.81,79.96,58.93
7,47.54,78.06,59.79
8,47.41,78.06,59.79
6,47.65,78.06,59.79
10,47.32,78.06,59.6
12,47.09,78.06,59.55
22,46.69,78.04,59.24
25,46.33,77.99,59.24
27,46.11,77.98,58.91
16,46.69,78.64,59.24
8,46.93,78.84,59.24
9,46.73,79.08,59.24
17,46.49,78.88,59.24
28,46.26,78.24,58.93
26,46.45,78.44,58.93
26,46.31,78.68,58.93
28,46.1,78.24,58.61
27,46.13,78.67,58.61
11,46.51,79.32,58.93
8,46.36,79.57,58.93
18,46.34,79.12,58.93
7,46.28,79.79,58.61
22,46.13,79.12,58.61
14,46.13,79.52,58.61
13,46.13,79.8,58.25
26,45.93,79.31,58.14
27,46.39,78.14,58.93
24,46.65,78.25,58.93
15,46.89,78.4,59.24
8,47.13,78.6,59.24
13,47.1,78.25,59.24
7,47.53,78.24,59.55
9,47.34,78.38,59.24
31,50.86,78,60.07
19,50.31,78.03,59.95
12,50.2,78.05,59.92
30,50.76,78.04,59.97
27,50.51,78.04,59.97
30,50.64,78.02,60.07
22,53.2,78.24,60.66
21,53.21,78.34,60.66
22,52.98,78.26,60.66
21,52.99,78.36,60.66
20,53.11,78.42,60.64
22,53.09,78.18,60.67
23,52.65,78.22,60.67
22,52.76,78.28,60.66
21,52.77,78.37,60.66
23,52.54,78.3,60.65
22,52.55,78.39,60.66
21,52.67,78.46,60.64
21,52.89,78.44,60.64
20,53.01,78.54,60.61
20,52.79,78.56,60.61
19,52.91,78.69,60.72
20,52.9,78.62,60.59
23,52.86,78.2,60.67
24,52.97,78.09,60.57
24,52.75,78.11,60.68
25,52.85,78,60.57
25,52.94,77.95,60.46
26,52.73,77.96,60.45
26,52.63,78.01,60.57
26,52.51,77.97,60.45
22,52.45,78.46,60.54
20,52.69,78.71,60.72
20,52.68,78.64,60.59
21,52.57,78.55,60.52
22,52.12,78.56,60.51
21,52.36,78.57,60.51
22,52.13,78.65,60.57
21,52.34,78.59,60.6
21,52.24,78.72,60.72
22,52.02,78.73,60.55
21,52.14,78.83,60.71
19,52.58,78.8,60.71
21,52.46,78.64,60.5
20,52.47,78.73,60.56
20,52.36,78.81,60.71
20,52.26,78.93,60.7
20,52.05,79.06,60.7
22,51.92,78.85,60.52
21,51.82,78.97,60.51
19,51.85,79.23,60.7
21,51.41,79.27,60.5
19,51.42,79.41,60.7
20,51.21,79.58,60.7
21,51.01,79.83,60.7
23,50.82,80.07,60.7
26,50.62,80.33,60.7
27,50.42,80.61,60.7
28,50.58,81.22,60.7
17,50.21,78.23,59.94
24,50.33,78.32,59.94
22,50.22,78.44,59.94
16,50.11,78.34,59.94
16,50,78.46,59.94
17,49.9,78.58,59.94
27,50.45,78.42,59.94
22,50.12,78.56,59.94
22,50.02,78.68,59.94
26,50.34,78.54,59.94
28,50.24,78.66,60.1
27,50.14,78.78,60.1
29,50.36,78.76,60.1
28,50.26,78.88,60.1
19,49.81,78.81,59.86
26,50.05,79.01,59.86
20,49.61,79.05,59.86
26,49.85,79.25,59.86
21,49.41,79.29,59.86
21,49.21,79.53,59.86
26,49.65,79.49,59.86
26,49.45,79.73,59.86
21,49.01,79.77,59.55
22,48.81,80.01,59.55
24,48.63,80.47,59.4
22,48.24,80.86,58.77
20,48.14,81.18,58.15
20,48.12,81.38,57.53
24,50.96,79.27,60.37
23,50.98,79.45,60.5
26,50.53,79.42,60.2
23,50.77,79.62,60.5
26,50.33,79.65,60.2
24,50.57,79.86,60.5
27,50.13,79.89,60.2
25,50.37,80.1,60.5
27,49.93,80.13,60.2
27,50.17,80.35,60.5
27,49.73,80.37,60.2
26,49.53,80.61,60.2
26,49.99,80.84,60.51
27,49.57,80.98,60.04
26,51.24,78.69,60.25
25,51.36,78.78,60.39
26,51.14,78.81,60.25
24,51.26,78.9,60.37
25,51.04,78.93,60.25
24,51.17,79.11,60.36
25,50.94,79.05,60.25
22,51.61,79.1,60.51
23,51.49,78.88,60.37
23,51.38,79,60.36
23,52.01,78.51,60.41
23,51.9,78.63,60.41
23,51.8,78.74,60.39
22,51.7,78.86,60.37
25,51.67,78.43,60.41
24,51.79,78.53,60.41
26,51.77,78.31,60.41
24,51.89,78.41,60.41
25,51.56,78.55,60.25
24,51.68,78.65,60.25
25,51.46,78.67,60.25
24,51.58,78.77,60.25
27,50.09,79.45,59.86
27,49.89,79.69,59.86
28,49.69,79.93,59.86
26,49.25,79.97,59.55
28,49.49,80.17,59.86
26,49.05,80.21,59.55
27,49.29,80.41,59.86
27,49.73,80.37,59.86
27,49.53,80.61,59.86
26,49.1,80.82,59.4
24,48.68,81.01,58.77
28,50.48,78.87,60.1
28,50.6,78.97,60.1
27,50.5,79.09,60.1
28,50.38,78.98,60.1
27,50.29,79.21,59.86
26,50.73,79.18,60.18
26,50.43,78.21,59.94
18,50.31,78.18,59.82
29,50.89,78.39,60.1
29,50.78,78.51,60.1
28,51.01,78.49,60.1
28,50.9,78.61,60.1
28,50.55,78.3,59.94
30,50.77,78.29,59.94
29,50.67,78.41,59.94
29,50.65,78.21,59.95
29,50.56,78.53,59.94
29,50.68,78.63,60.1
28,50.8,78.73,60.1
28,50.46,78.65,59.94
29,50.58,78.75,60.1
28,50.7,78.85,60.1
29,51.21,78.25,60.1
30,50.99,78.27,60.1
29,51.11,78.37,60.1
30,51.09,78.15,60.1
30,50.97,78.14,59.98
30,50.87,78.19,59.95
27,51.12,78.59,60.1
27,51.02,78.71,60.1
27,50.92,78.83,60.1
26,51.04,78.93,60.1
27,50.82,78.95,60.1
26,50.94,79.05,60.1
28,51.43,78.23,60.25
27,51.55,78.33,60.25
27,51.65,78.21,60.25
28,51.53,78.11,60.26
29,51.41,78.09,60.14
29,51.31,78.14,60.11
27,51.23,78.47,60.1
26,51.45,78.45,60.1
26,51.34,78.57,60.1
28,51.33,78.35,60.1
25,51.99,78.29,60.41
26,51.87,78.19,60.41
28,51.63,78.08,60.14
28,51.75,78.09,60.26
25,52.09,78.17,60.41
27,51.97,78.08,60.26
23,52.43,78.25,60.57
25,52.31,78.15,60.57
26,52.19,78.05,60.41
27,52.06,78.02,60.3
24,52.53,78.13,60.57
26,52.41,78.04,60.41
26,52.29,78.02,60.31
24,52.21,78.27,60.41
23,52.11,78.39,60.41
23,52.33,78.37,60.41
22,52.23,78.49,60.41
20,54.2,78.29,60.74
20,53.65,78.3,60.73
21,53.62,78.24,60.69
20,53.43,78.32,60.74
21,53.42,78.25,60.68
20,53.55,78.38,60.74
21,53.53,78.2,60.7
24,53.62,77.98,60.69
23,53.57,78.04,60.69
24,53.68,78.03,60.68
23,53.63,78.09,60.68
24,53.41,78.05,60.68
24,53.51,77.95,60.57
25,53.29,77.96,60.57
25,53.17,77.95,60.47
20,53.77,78.36,60.74
19,53.67,78.48,60.73
20,54.09,78.25,60.69
20,53.87,78.27,60.68
19,53.99,78.38,60.74
20,53.98,78.31,60.67
21,53.97,78.13,60.75
24,53.85,78.02,60.68
24,53.73,77.94,60.57
22,53.75,78.13,60.68
22,53.31,78.16,60.67
23,53.19,78.07,60.57
24,53.06,78,60.43
19,53.12,78.6,60.59
19,53.13,78.67,60.72
20,53.33,78.41,60.64
19,53.23,78.52,60.61
19,53.56,78.57,60.73
19,53.45,78.5,60.62
19,53.35,78.66,60.72
19,53.34,78.58,60.59
18,53.02,78.76,60.71
19,52.8,78.78,60.71
18,52.7,78.89,60.71
19,54.64,78.25,60.74
20,54.42,78.27,60.74
20,54.31,78.21,60.74
21,54.19,78.12,60.75
23,54.07,78,60.68
24,53.94,77.93,60.58
20,54.53,78.19,60.74
21,54.41,78.1,60.75
24,54.45,77.96,60.76
24,54.34,77.96,60.76
24,54.28,77.93,60.69
23,54.34,77.97,60.69
23,54.23,77.98,60.69
23,54.29,78.03,60.69
24,54.17,77.93,60.6
20,54.75,78.18,60.75
21,54.63,78.08,60.75
24,54.62,77.97,60.75
24,54.5,77.9,60.68
23,54.45,77.96,60.69
24,54.56,77.95,60.69
23,54.51,78.01,60.69
24,54.39,77.92,60.61
19,54.87,78.27,60.74
22,54.85,78.07,60.75
24,54.61,77.91,60.6
24,54.78,77.93,60.68
24,54.67,77.94,60.68
23,54.74,77.99,60.68
25,54.72,77.89,60.68
27,54.95,77.81,60.75
27,54.82,77.81,60.73
27,55.16,77.81,60.77
26,55.06,77.81,60.7
27,55.39,77.8,60.84
26,55.27,77.81,60.75
27,55.49,77.81,60.76
27,55.62,77.8,60.85
26,54.38,77.83,60.6
27,54.5,77.82,60.67
26,54.6,77.83,60.6
26,54.71,77.82,60.67
27,53.17,77.82,60.47
27,53.29,77.82,60.54
27,53.51,77.83,60.56
28,53.74,77.82,60.56
27,53.95,77.82,60.57
26,54.17,77.83,60.59
28,52.51,77.82,60.44
28,52.73,77.82,60.44
27,52.94,77.82,60.44
27,53.07,77.83,60.41
29,52.06,77.83,60.28
29,52.19,77.83,60.38
29,52.41,77.83,60.38
29,52.29,77.83,60.31
30,51.76,77.83,60.22
30,51.96,77.83,60.22
31,51.63,77.84,60.13
31,51.41,77.84,60.12
31,51.53,77.83,60.22
31,51.31,77.85,60.08
31,51.1,77.85,60.07
31,50.97,77.85,59.97
4,48.98,77.86,59.92
4,49.09,77.86,59.81
4,49.21,77.86,59.93
4,48.87,77.86,59.96
5,48.64,77.86,59.95
5,48.76,77.86,59.92
4,49.64,77.86,59.94
4,49.44,77.86,59.93
4,49.98,77.86,59.91
4,49.87,77.86,59.94
4,50.09,77.86,59.95
7,47.99,77.86,59.78
8,47.79,77.86,59.78
7,48.21,77.86,59.79
6,48.42,77.86,59.79
12,47.51,77.86,59.55
19,47.09,77.86,59.24
24,46.66,77.86,58.93
25,46.27,77.85,58.93
26,46.02,77.85,58.61
29,45.93,78.37,58.15
31,50.86,77.86,59.93
24,50.44,77.86,59.91
12,50.31,77.86,59.81
6,50.21,77.86,59.78
28,50.65,77.86,59.93
9,45.52,80.42,52.59
14,45.72,80.49,52.39
4,45.09,80.78,51.9
9,45.31,80.31,51.91
9,45.3,80.36,52.52
14,45.7,80.33,51.93
15,45.86,80.22,52
13,45.61,80.57,50.6
13,45.9,80.66,50.48
10,45.93,79.2,50.62
13,45.57,80.58,50.81
13,45.92,80.33,50.76
11,45.91,79.93,50.64
2226,54.23,83.58,50.3
296,48.47,78.7,50.3
292,49.35,78.63,50.3
286,50.23,78.55,50.3
278,51.12,78.48,50.3
1661,53.76,78.25,50.3
274,52,78.4,50.3
640,52.88,78.32,50.3
2105,54.16,82.66,50.3
1984,54.08,81.76,50.3
1764,53.83,79.13,50.3
1887,54,80.88,50.3
1816,53.92,80,50.3
4,45.4,81.06,51.25
4,45.4,81.26,51.22
11,45.57,81.11,50.75
6,45.68,81.22,51.22
15,45.58,80.91,50.7
19,45.8,81.02,50.68
13,46.05,80.99,50.48
385,49.03,79.99,48.15
373,48.07,79.19,49.4
388,48.55,79.59,48.77
348,47.67,79.67,49.84
344,48.07,79.19,49.84
326,48.07,79.18,50.1
333,48.15,80.05,50.1
304,48.07,79.17,50.3
641,48.28,81.5,50.32
316,48.14,80.02,50.3
320,48.22,80.84,50.3
1599,54.3,84.4,49.84
1327,54.22,83.53,49.84
1190,54.14,82.65,49.84
1118,54.06,81.77,49.84
1150,53.99,80.89,49.84
1277,53.91,80.01,49.84
1133,53.35,78.72,49.4
662,52.95,79.2,48.77
735,53.74,83.13,49.4
681,53.66,82.25,49.4
921,53.11,80.96,48.77
744,53.59,81.37,49.4
915,53.03,80.08,48.77
1229,53.43,79.61,49.4
1013,53.51,80.49,49.4
339,48.47,78.71,49.84
362,48.95,79.11,49.4
365,49.43,79.51,48.77
330,49.35,78.63,49.84
344,49.83,79.03,49.4
345,50.31,79.43,48.77
319,50.23,78.55,49.84
310,51.12,78.48,49.84
307,52,78.4,49.84
632,52.88,78.32,49.84
330,50.71,78.96,49.4
326,51.59,78.88,49.4
415,52.47,78.8,49.4
343,51.19,79.36,48.77
367,52.07,79.28,48.77
321,48.95,79.11,50.1
1374,53.35,78.72,49.84
312,49.83,79.03,50.1
302,50.71,78.95,50.1
289,51.59,78.88,50.1
399,52.47,78.8,50.1
1501,53.36,78.72,50.1
1481,53.43,79.61,49.84
1659,53.43,79.6,50.1
410,50.47,81.2,45.02
422,51.38,81.56,44.08
421,50.87,80.72,45.02
420,51.75,80.64,45.02
420,52.23,81.04,45.02
394,49.99,80.79,46.27
395,50.47,81.2,45.65
411,52.23,81.04,45.65
429,52.63,80.56,46.27
383,50.39,80.32,46.27
397,50.87,80.72,45.65
403,51.75,80.64,45.65
389,51.27,80.24,46.27
408,52.15,80.16,46.27
456,52.34,82.36,45.33
464,52.71,81.44,46.27
524,53.18,81.85,46.27
528,53.3,83.17,46.58
616,53.34,83.61,48.77
681,54.25,83.96,48.46
575,53.74,83.13,48.77
587,53.18,81.85,46.9
640,53.59,81.37,47.52
543,53.26,82.73,48.77
509,54.1,82.21,47.83
615,53.18,81.85,48.77
650,53.59,81.37,48.15
385,49.51,80.39,47.52
384,49.99,80.79,46.9
514,52.71,81.44,46.9
436,52.63,80.56,46.9
648,53.11,80.96,47.52
531,53.03,80.08,47.52
398,52.15,80.16,46.9
428,52.55,79.68,47.52
361,49.91,79.91,47.52
367,50.39,80.32,46.9
362,50.79,79.84,47.52
375,51.27,80.24,46.9
378,51.67,79.76,47.52
795,53.11,80.96,48.15
672,53.03,80.08,48.15
445,52.55,79.68,48.15
356,49.91,79.91,48.15
350,50.79,79.84,48.15
360,51.67,79.76,48.15
355,47.75,80.55,49.85
342,48.22,80.91,50.11
366,48.15,80.07,49.4
414,48.63,80.47,48.77
518,49.66,82.15,45.02
442,50.06,81.67,45.02
446,50.58,82.52,44.08
637,49.18,81.75,46.27
514,49.66,82.15,45.65
471,49.59,81.27,46.27
434,50.06,81.67,45.65
567,49.78,83.47,45.33
803,48.7,81.35,47.52
659,49.18,81.75,46.9
1135,47.86,81.87,47.83
832,48.82,82.67,46.58
1240,48.38,82.71,48.77
807,48.7,81.35,48.15
503,49.11,80.87,47.52
473,49.59,81.27,46.9
482,49.11,80.87,48.15
1983,52.98,84.84,49.92
1833,53.87,84.72,49.86
1809,52.57,84.93,48.04
769,52.53,84.53,48.77
797,53.45,84.56,47.82
1417,50.77,84.65,48.77
2321,50.85,84.98,47.82
1375,51.71,84.62,47.81
891,50.73,84.25,46.58
508,51.54,83.32,45.33
644,52.49,84.06,46.58
645,52.94,84.09,48.77
1151,53.41,84.46,49.4
1079,52.53,84.55,49.41
663,52.06,84.16,48.77
1020,51.18,84.24,48.77
1305,51.65,84.61,49.4
2019,52.12,84.95,50.03
2043,53.43,84.52,50.13
1971,52.59,84.54,50.19
1927,53.83,84.05,50.1
1752,53.75,83.13,50.1
1647,53.68,82.24,50.1
1618,53.6,81.36,50.1
1649,53.51,80.48,50.1
2186,53.03,84.12,50.31
2156,52.31,84.13,50.32
2194,53.4,83.63,50.3
11,45.93,79.23,51.13
11,45.56,80.57,51.27
14,45.92,80.33,51.26
13,45.92,79.9,51.18
512,48.23,80.95,49.4
762,48.7,81.35,48.77
919,47.43,81.78,50.3
663,48.28,81.64,50.42
767,47.41,81.82,50.71
513,48.25,81.65,50.79
813,47.82,81.44,49.88
851,48.29,81.62,50.17
1083,48.78,82.23,48.77
1101,48.3,81.83,49.4
1171,48.86,83.11,48.77
1211,48.38,82.71,49.4
1106,47.9,82.31,50.02
937,47.43,82.06,50.64
3,45.42,81.06,51.9
2,45.43,81.26,51.89
2,45.54,81.12,52.53
2,45.68,81.21,51.94
6,62.6,77.95,60.81
8,62.6,78.01,60.8
4,63.27,77.91,60.81
6,63.32,77.96,60.81
8,63.33,78.01,60.79
9,63.33,78.02,60.76
6,63.22,77.96,60.81
6,63.27,77.98,60.77
9,63.27,78.03,60.75
4,63.38,77.9,60.76
4,63.38,77.83,60.68
4,63.32,77.87,60.76
4,63.32,77.82,60.69
7,63.1,77.98,60.85
8,63.1,78.01,60.84
8,63.21,78.01,60.79
7,63,77.99,60.85
8,63,78.01,60.83
5,63.04,77.94,60.85
4,63.1,77.88,60.81
3,63.1,77.81,60.78
5,63.16,77.92,60.81
3,63.2,77.87,60.81
3,63.22,77.81,60.78
4,63.15,77.85,60.76
4,63.15,77.82,60.7
8,62.83,78.01,60.84
7,62.83,77.96,60.85
7,62.88,77.99,60.85
8,62.89,78.01,60.83
4,62.99,77.89,60.81
4,62.98,77.81,60.78
5,62.94,77.94,60.81
8,62.94,78.01,60.79
4,62.88,77.9,60.81
4,62.92,77.86,60.81
4,62.92,77.81,60.78
4,63.04,77.86,60.76
4,63.04,77.81,60.69
6,62.71,77.94,60.81
8,62.73,78,60.84
8,62.71,78.01,60.8
5,62.66,77.9,60.81
5,62.77,77.9,60.81
4,62.71,77.87,60.81
4,62.71,77.81,60.78
5,62.6,77.81,60.69
6,62.59,77.87,60.76
6,62.54,77.85,60.76
5,62.54,77.81,60.69
5,62.82,77.86,60.76
5,62.81,77.81,60.69
6,62.59,77.82,60.59
5,63.37,77.83,60.6
3,64.6,78,60.85
3,64.6,78.01,60.84
2,64.83,77.99,60.85
2,64.83,78.01,60.84
2,64.77,78.01,60.79
2,64.66,77.95,60.81
3,64.66,78.01,60.79
2,64.71,77.97,60.81
3,64.72,78.01,60.79
2,64.94,78.01,60.79
2,64.55,77.96,60.81
4,64.54,78.01,60.79
2,64.49,77.92,60.81
3,64.43,77.96,60.81
5,64.22,78.01,60.84
4,64.22,77.99,60.85
4,64.32,77.99,60.85
4,64.44,78.01,60.79
5,64.32,78.01,60.84
3,64.26,77.94,60.85
2,64.38,77.93,60.81
5,64.05,77.97,60.85
5,64.04,78.01,60.84
5,63.99,78,60.85
6,63.99,78.01,60.84
5,64.1,78,60.85
5,64.11,78.01,60.84
2,64.1,77.9,60.81
2,64.21,77.89,60.81
3,64.16,77.95,60.81
5,64.16,78.01,60.79
3,63.99,77.91,60.81
3,63.88,77.92,60.81
4,63.94,77.96,60.81
6,63.93,78.01,60.79
7,63.94,78.02,60.76
2,63.93,77.87,60.81
2,63.93,77.81,60.78
2,64.04,77.87,60.76
2,64.04,77.82,60.69
2,65.05,78.02,60.75
2,65,78.06,60.75
2,65.06,78.1,60.75
2,64.04,77.83,60.63
5,63.82,77.96,60.81
7,63.82,78.01,60.79
5,63.88,77.98,60.75
7,63.88,78.03,60.75
8,63.82,78.02,60.76
6,63.6,77.97,60.81
8,63.61,78.01,60.79
4,63.77,77.93,60.76
3,63.76,77.83,60.67
5,63.71,77.97,60.77
8,63.72,78.02,60.76
3,63.71,77.88,60.76
4,63.65,77.87,60.7
3,63.71,77.83,60.69
4,63.66,77.93,60.76
3,63.81,77.87,60.76
3,63.76,77.86,60.71
3,63.81,77.83,60.69
6,63.38,77.98,60.81
8,63.39,78.01,60.79
9,63.38,78.02,60.76
9,63.5,78.03,60.75
5,63.5,77.97,60.77
9,63.44,78.02,60.76
5,63.44,77.95,60.76
4,63.43,77.87,60.7
4,63.53,77.87,60.71
4,63.49,77.9,60.76
4,63.48,77.83,60.68
5,63.55,77.94,60.76
4,63.6,77.9,60.69
5,63.6,77.9,60.6
5,63.49,77.83,60.57
3,63.72,77.83,60.58
7,61.67,77.97,60.77
9,61.66,78.03,60.75
8,61.61,78.01,60.75
6,61.61,77.94,60.77
8,61.55,78.03,60.75
7,61.55,77.97,60.76
9,61.61,78.07,60.75
7,61.88,77.96,60.77
9,61.89,78.02,60.75
7,61.77,77.97,60.77
9,61.78,78.02,60.75
6,61.83,77.93,60.76
9,61.83,78.06,60.75
7,61.76,77.88,60.68
7,61.72,77.94,60.68
7,61.66,77.89,60.68
7,61.7,77.86,60.69
8,62.39,77.99,60.84
8,62.39,78.01,60.8
6,62.49,77.88,60.76
5,62.49,77.81,60.69
7,62.49,77.96,60.77
9,62.5,78.02,60.75
6,62.55,77.92,60.76
6,62.43,77.93,60.77
7,62.17,77.97,60.81
8,62.16,78.01,60.79
6,62.33,77.94,60.77
9,62.33,78.01,60.75
7,62.22,77.94,60.77
9,62.22,78.01,60.75
7,62.27,77.97,60.77
9,62.28,78.03,60.75
7,62.38,77.88,60.68
7,62.43,77.86,60.68
7,62.31,77.86,60.68
6,62.27,77.89,60.76
7,61.99,77.96,60.77
9,62,78.02,60.75
7,62.11,77.95,60.77
9,62.1,78.01,60.75
6,62.05,77.91,60.76
9,62.06,78.04,60.75
7,62.16,77.9,60.68
7,62.21,77.86,60.68
7,62.1,77.87,60.68
7,61.98,77.87,60.68
7,61.93,77.85,60.68
7,61.94,77.92,60.68
7,61.88,77.88,60.68
7,61.71,77.88,60.54
8,61.93,77.87,60.54
8,62.37,77.87,60.56
8,62.15,77.87,60.55
7,61.82,77.82,60.54
7,61.7,77.82,60.44
7,61.93,77.82,60.44
7,62.05,77.82,60.54
7,62.49,77.82,60.55
7,62.28,77.82,60.54
7,62.16,77.82,60.44
7,60.52,78.28,60.74
7,60.63,78.21,60.74
6,60.51,78.12,60.74
6,60.41,78.23,60.74
6,60.34,78.03,60.75
5,60.33,77.97,60.77
5,60.45,77.97,60.77
6,60.45,78.03,60.75
5,60.38,77.94,60.77
6,60.4,78.07,60.75
5,60.43,77.89,60.69
5,60.49,77.93,60.69
5,60.55,77.88,60.69
4,59.97,78.24,60.74
4,59.95,78.07,60.75
3,59.94,77.96,60.76
3,59.72,77.92,60.61
3,59.83,77.92,60.74
3,59.83,77.97,60.68
5,60.17,78.02,60.75
4,60.16,77.96,60.77
5,60.11,78,60.73
5,60.12,78.06,60.75
4,60.11,77.98,60.77
5,60.23,78.04,60.75
5,60.22,77.97,60.77
5,60.17,78.09,60.75
5,60.37,77.88,60.61
5,60.32,77.89,60.68
4,60.21,77.9,60.69
5,60.27,77.95,60.68
4,60.27,77.86,60.69
4,59.93,77.89,60.6
5,60.17,77.89,60.61
4,60.1,77.91,60.68
4,59.99,77.92,60.68
4,60.05,77.97,60.69
4,60.04,77.88,60.69
7,60.75,78.27,60.74
8,60.84,78.19,60.74
7,60.73,78.06,60.75
6,60.72,78,60.73
7,60.68,78.1,60.75
7,60.78,78.09,60.75
7,60.73,78.15,60.74
6,60.61,77.93,60.69
6,60.55,77.98,60.69
6,60.66,77.97,60.69
6,60.62,78.03,60.69
9,61.09,78.34,60.74
9,61.29,78.16,60.75
8,61.38,78.02,60.75
7,61.39,77.96,60.76
8,61.44,78,60.73
8,61.45,78.05,60.75
7,61.44,77.98,60.76
8,61.34,78.05,60.75
9,61.39,78.09,60.75
7,61.44,77.91,60.69
7,61.55,77.9,60.68
7,61.49,77.96,60.69
7,61.6,77.88,60.61
6,61.49,77.87,60.69
8,60.97,78.28,60.74
7,61.16,77.97,60.77
8,61.17,78.02,60.75
8,61.23,78.05,60.75
8,61.11,78.06,60.75
8,61.17,78.11,60.75
7,61.22,77.93,60.69
7,61.33,77.92,60.69
7,61.27,77.98,60.69
7,61.37,77.89,60.63
6,61.27,77.88,60.69
7,60.95,78.03,60.75
6,60.94,77.97,60.76
8,61,78.07,60.75
7,60.89,78.08,60.75
8,60.95,78.13,60.75
6,60.7,77.92,60.6
6,60.77,77.96,60.68
6,60.88,77.96,60.69
7,60.83,78.02,60.69
6,60.83,77.91,60.69
7,60.94,77.92,60.6
7,61.15,77.9,60.61
7,61.1,77.94,60.68
6,60.99,77.94,60.68
7,61.05,78,60.69
6,61.04,77.89,60.68
7,61.04,77.9,60.54
7,61.27,77.89,60.54
7,61.48,77.89,60.55
6,61.05,77.83,60.42
6,61.26,77.83,60.44
6,61.51,77.83,60.44
6,61.39,77.82,60.52
28,56.94,77.82,60.85
28,56.93,77.81,60.84
26,56.5,77.84,60.85
26,56.49,77.81,60.84
18,52.29,79.19,60.7
22,48.68,81.38,57.53
28,50.01,81.18,60.14
28,49.59,81.18,59.44
26,49.1,81.18,58.79
24,48.69,81.18,58.15
28,50.63,81.38,60.29
29,50.03,81.38,59.51
27,49.6,81.38,58.82
25,49.1,81.38,58.17
23,55.06,77.97,60.81
23,55.05,78,60.78
22,55.12,78,60.78
22,55.12,78,60.81
25,54.89,77.92,60.76
24,54.84,77.96,60.75
24,54.95,77.96,60.75
22,54.95,78.02,60.75
26,54.94,77.87,60.76
25,55,77.91,60.76
26,54.83,77.87,60.73
19,54.98,78.32,60.74
23,55.29,77.97,60.82
22,55.17,78.01,60.75
24,55.17,77.95,60.76
25,55.22,77.9,60.76
25,55.11,77.9,60.76
25,55.16,77.86,60.77
26,55.05,77.86,60.74
19,55.2,78.31,60.74
22,55.3,78.01,60.78
26,55.38,77.85,60.82
23,55.39,77.93,60.83
26,55.27,77.86,60.76
25,56.33,77.89,60.84
24,56.44,77.87,60.84
25,56.38,77.85,60.85
25,56.4,77.8,60.84
27,56.32,77.84,60.81
27,56.32,77.81,60.78
26,56.22,77.91,60.83
24,56.12,77.91,60.83
27,56.16,77.87,60.84
27,56.11,77.84,60.82
27,56.11,77.81,60.78
26,56.27,77.86,60.81
28,56.21,77.84,60.82
27,56.21,77.81,60.78
27,56.27,77.81,60.77
27,55.99,77.83,60.85
27,56.01,77.84,60.82
26,56.06,77.86,60.81
24,56.04,77.92,60.83
26,56.05,77.81,60.76
27,55.59,77.84,60.82
24,55.61,77.91,60.83
26,55.49,77.84,60.77
27,55.62,77.83,60.85
26,55.99,77.81,60.78
3,59.49,77.9,60.57
4,59.72,77.9,60.57
4,59.93,77.87,60.56
5,60.16,77.88,60.57
5,60.27,77.88,60.54
6,60.48,77.89,60.55
6,60.83,77.9,60.54
6,60.62,77.9,60.52
8,59.53,78.33,60.67
7,59.65,78.4,60.73
13,59.43,78.45,60.74
12,59.42,78.38,60.67
11,59.55,78.52,60.74
5,59.75,78.32,60.73
5,59.77,78.25,60.68
5,59.85,78.2,60.7
5,59.63,78.2,60.74
4,59.73,78.06,60.69
25,58.52,78.25,60.74
9,59.41,78.21,60.74
4,59.51,78.07,60.69
3,59.61,77.98,60.57
17,59.19,78.23,60.75
12,59.19,78.25,60.7
14,59.11,78.03,60.76
10,59.12,77.97,60.77
7,59.22,77.97,60.77
11,59.23,78.03,60.76
8,59.16,77.94,60.77
13,59.17,78.07,60.75
4,59.21,77.89,60.69
3,59.27,77.93,60.69
3,59.32,77.89,60.69
5,59.29,78.09,60.69
4,59.39,77.99,60.57
20,58.96,78.25,60.74
22,58.75,78.23,60.73
16,58.95,78.05,60.75
13,58.95,77.95,60.75
7,59,77.9,60.68
7,59.05,77.95,60.68
6,59.1,77.9,60.69
22,58.63,78.17,60.74
18,58.73,78.07,60.75
15,58.72,77.96,60.76
4,58.93,77.88,60.63
8,58.88,77.91,60.69
11,58.77,77.92,60.68
10,58.83,77.97,60.69
9,58.83,77.88,60.69
24,58.51,78.08,60.75
9,58.72,77.91,60.63
12,58.66,77.93,60.69
15,58.55,77.94,60.68
15,58.61,77.99,60.69
13,58.6,77.89,60.69
22,59.33,78.54,60.73
17,59.44,78.61,60.73
13,59.3,78.34,60.68
23,59.21,78.44,60.74
26,59.09,78.38,60.74
16,59.08,78.31,60.68
27,59.11,78.56,60.73
26,58.99,78.46,60.74
26,59.22,78.62,60.73
22,58.23,77.98,60.83
27,58.22,78.01,60.79
26,58.16,77.93,60.84
24,58.21,77.87,60.77
27,58.17,78.03,60.75
23,58.27,77.91,60.77
22,58.32,77.86,60.77
24,58.45,78.01,60.75
21,58.44,77.94,60.76
18,58.51,77.97,60.76
23,58.38,77.9,60.76
14,58.49,77.89,60.68
13,58.43,77.86,60.69
25,58.34,78.02,60.75
26,58.41,78.19,60.74
26,58.28,78,60.83
27,58.28,78.01,60.79
25,58.33,77.95,60.77
24,58.39,77.97,60.77
25,58.39,78.04,60.75
26,58.3,78.26,60.74
25,58.04,77.84,60.82
30,57.84,77.85,60.81
29,57.93,77.84,60.82
27,58.17,77.98,60.75
29,57.93,77.83,60.86
25,58,77.85,60.85
30,57.88,77.86,60.85
24,58.11,77.98,60.83
27,58.17,78.01,60.78
21,58.11,77.87,60.85
25,58.16,77.85,60.79
24,58.09,77.85,60.82
31,57.77,77.89,60.84
29,57.55,77.85,60.79
29,57.6,77.85,60.85
30,57.71,77.84,60.85
30,57.44,77.82,60.85
30,57.49,77.86,60.84
29,57.55,77.81,60.81
30,57.82,77.81,60.78
25,57.93,77.81,60.77
18,58.16,77.81,60.81
20,58.1,77.81,60.85
20,58.04,77.81,60.78
7,58.51,77.82,60.68
7,58.43,77.81,60.69
13,58.32,77.81,60.78
16,58.22,77.81,60.79
3,59.22,77.83,60.69
2,59.32,77.83,60.69
2,59.27,77.83,60.66
8,58.61,77.83,60.69
6,58.66,77.83,60.67
5,58.72,77.83,60.63
4,58.83,77.82,60.69
5,58.77,77.83,60.68
3,58.93,77.82,60.63
3,59.1,77.83,60.68
3,59,77.82,60.67
3,59.39,77.83,60.56
3,59.6,77.83,60.56
4,59.82,77.82,60.55
4,60.06,77.83,60.56
5,60.27,77.82,60.44
5,60.46,77.83,60.44
6,60.84,77.83,60.43
6,60.6,77.83,60.41
24,54.39,77.89,60.56
24,54.61,77.89,60.57
25,53.5,77.89,60.53
25,53.3,77.89,60.53
25,53.17,77.9,60.47
25,53.74,77.88,60.54
25,53.94,77.89,60.54
24,54.17,77.89,60.56
27,52.51,77.91,60.43
26,52.73,77.91,60.43
26,52.94,77.91,60.44
25,53.07,77.92,60.4
28,52.06,77.94,60.28
27,52.19,77.92,60.38
27,52.42,77.92,60.38
27,52.29,77.95,60.31
29,51.76,77.96,60.22
28,51.96,77.96,60.22
29,51.63,77.99,60.13
30,51.41,77.99,60.12
30,51.53,77.96,60.22
30,51.31,78,60.08
31,51.1,78,60.07
31,50.97,78.03,59.97
4,49.22,78.42,59.79
5,49.34,78.52,59.79
4,49.33,78.3,59.79
5,49.44,78.4,59.79
7,49.46,78.62,59.79
11,49.58,78.72,59.79
7,49.56,78.5,59.79
10,49.68,78.6,59.79
4,49.12,78.54,59.79
5,49.24,78.64,59.79
4,49.02,78.66,59.79
6,49.14,78.76,59.79
10,49.37,78.85,59.86
5,48.93,78.89,59.55
6,48.73,79.13,59.55
10,49.17,79.09,59.55
12,48.97,79.33,59.55
7,48.53,79.37,59.55
9,48.33,79.61,59.55
14,48.77,79.57,59.55
16,48.57,79.81,59.55
13,48.13,79.85,59.24
14,47.93,80.09,59.24
18,48.37,80.05,59.24
19,48.17,80.29,59.24
17,47.75,80.57,58.77
16,47.23,81.38,56.9
12,47.33,80.9,58.14
11,47.29,81.18,57.53
4,48.98,78.05,59.92
4,49.09,78.06,59.81
4,49.21,78.05,59.93
4,48.87,78.05,59.96
4,48.64,78.05,59.95
4,48.76,78.05,59.92
4,48.88,78.34,59.79
4,49,78.44,59.79
4,48.78,78.46,59.79
4,48.9,78.56,59.79
4,48.77,78.25,59.79
4,48.55,78.27,59.78
4,48.66,78.36,59.79
4,48.87,78.2,59.79
4,48.64,78.2,59.79
4,48.99,78.23,59.79
4,49.1,78.32,59.78
4,49.2,78.22,59.79
4,49.64,78.04,59.94
4,49.44,78.05,59.93
5,49.98,78.05,59.91
4,49.87,78.04,59.94
7,50.09,78.04,59.95
5,49.77,78.27,59.79
8,49.89,78.36,59.79
6,49.66,78.38,59.79
9,49.78,78.48,59.79
5,49.55,78.29,59.79
5,49.65,78.21,59.79
4,49.43,78.22,59.79
7,49.99,78.25,59.79
5,49.86,78.2,59.79
9,50.09,78.2,59.79
4,48.45,78.49,59.55
3,48.25,78.73,59.55
4,48.69,78.69,59.55
4,48.49,78.93,59.55
5,48.05,78.97,59.24
6,47.85,79.21,59.24
6,48.29,79.17,59.24
8,48.09,79.41,59.24
6,47.65,79.45,59.24
7,47.45,79.69,59.24
9,47.89,79.65,59.24
10,47.69,79.89,59.24
11,47.27,80.14,58.77
5,47.99,78.06,59.78
6,47.79,78.06,59.78
5,48.21,78.06,59.79
5,48.42,78.06,59.79
5,47.78,78.34,59.55
4,48.21,78.31,59.55
4,48.01,78.53,59.55
5,48.42,78.21,59.55
5,47.98,78.22,59.55
4,47.81,78.77,59.24
6,47.57,78.57,59.24
5,47.37,78.8,59.24
4,47.61,79.01,59.24
5,46.39,80,58.61
4,46.3,80.24,58.61
6,46.61,80.2,58.61
4,46.42,80.44,58.61
7,46.87,80.62,58.46
12,46.13,80.2,58.14
24,45.93,80.22,57.53
26,46.35,81.38,56.27
27,45.93,81.25,56.28
15,46.48,81.18,56.9
19,46.13,81.08,56.9
25,45.93,80.88,56.91
7,46.5,80.92,57.52
6,46.31,80.69,58.15
12,46.13,80.77,57.53
7,47.17,79.04,58.93
7,47.41,79.24,58.93
7,46.97,79.28,58.93
7,47.21,79.48,58.93
9,46.77,79.52,58.61
8,47.01,79.72,58.61
7,46.57,79.76,58.61
7,46.81,79.96,58.61
9,47.51,78.06,59.55
16,47.09,78.06,59.24
24,46.68,78.04,58.93
26,46.34,78,58.93
27,46.16,78.01,58.61
20,46.69,78.64,58.93
12,46.93,78.84,58.93
12,46.73,79.08,58.93
20,46.49,78.88,58.93
28,46.29,78.25,58.62
26,46.46,78.44,58.61
26,46.32,78.68,58.61
28,46.12,78.47,58.15
20,46.34,79.12,58.61
15,46.51,79.32,58.61
11,46.36,79.57,58.61
10,46.28,79.79,58.3
28,45.93,79.32,57.52
23,46.13,79.32,58.14
27,46.41,78.15,58.62
25,46.65,78.25,58.61
18,46.89,78.4,58.93
11,47.13,78.6,58.93
17,47.1,78.25,58.93
9,47.52,78.24,59.24
12,47.34,78.38,58.93
30,50.86,78.04,59.93
24,50.44,78.04,59.91
15,50.31,78.05,59.81
10,50.21,78.06,59.78
29,50.65,78.05,59.93
21,53.21,78.29,60.56
21,52.99,78.31,60.56
21,53.11,78.41,60.54
22,53.09,78.19,60.57
23,52.65,78.23,60.57
22,52.77,78.33,60.56
22,52.55,78.35,60.56
21,52.67,78.44,60.54
21,52.88,78.42,60.54
20,53,78.52,60.52
20,52.78,78.53,60.52
19,52.91,78.69,60.56
20,52.9,78.6,60.5
23,52.87,78.21,60.57
24,52.97,78.1,60.41
24,52.75,78.11,60.57
25,52.85,78.01,60.42
25,52.63,78.02,60.42
22,52.45,78.47,60.41
20,52.69,78.71,60.56
20,52.68,78.62,60.5
21,52.57,78.57,60.41
21,52.34,78.59,60.41
22,52.13,78.61,60.41
21,52.24,78.72,60.56
22,52.02,78.72,60.39
21,52.14,78.83,60.52
18,52.49,79.02,60.7
19,52.58,78.8,60.54
20,52.47,78.69,60.4
20,52.36,78.81,60.53
20,52.26,78.93,60.51
20,52.05,79.06,60.5
22,51.92,78.84,60.37
21,51.82,78.97,60.36
17,51.86,79.38,60.7
20,51.85,79.23,60.5
22,51.4,79.23,60.37
21,51.42,79.41,60.5
17,51.65,79.54,60.7
21,51.21,79.58,60.5
18,51.46,79.79,60.7
21,51.01,79.82,60.5
20,51.26,80.04,60.7
25,51.33,80.53,60.7
23,50.81,80.06,60.5
23,51.07,80.29,60.7
28,50.92,80.84,60.7
25,50.61,80.31,60.5
27,50.41,80.56,60.5
28,50.53,81.06,60.51
20,50.33,78.32,59.78
19,50.22,78.44,59.79
14,50.21,78.24,59.79
13,50.11,78.34,59.79
19,50.12,78.56,59.79
19,50.02,78.68,59.79
13,50,78.46,59.79
14,49.9,78.58,59.79
25,50.45,78.42,59.79
24,50.34,78.54,59.79
27,50.56,78.53,59.79
27,50.46,78.65,59.79
26,50.25,78.77,59.86
15,49.81,78.81,59.55
23,50.05,79.01,59.55
17,49.61,79.05,59.55
24,49.85,79.25,59.55
19,49.41,79.29,59.55
20,49.21,79.53,59.55
25,49.65,79.49,59.55
25,49.45,79.73,59.55
21,49.01,79.77,59.24
22,48.81,80.01,59.24
25,49.25,79.97,59.24
25,49.05,80.21,59.24
24,48.63,80.47,58.77
22,48.24,80.86,58.15
21,48.15,81.18,57.52
21,48.13,81.38,56.9
24,50.97,79.38,60.2
26,50.53,79.42,59.86
24,50.77,79.62,60.2
26,50.33,79.65,59.86
24,50.57,79.86,60.2
27,50.13,79.89,59.86
25,50.37,80.1,60.2
27,49.93,80.13,59.86
26,50.17,80.33,60.2
27,49.99,80.77,60.04
27,49.57,80.98,59.4
26,51.24,78.69,60.1
25,51.36,78.79,60.25
26,51.14,78.81,60.1
24,51.26,78.91,60.25
24,51.17,79.14,60.18
23,51.48,78.89,60.25
23,51.38,79.01,60.25
22,51.61,79.07,60.37
23,52.01,78.51,60.25
23,51.9,78.63,60.25
23,51.8,78.75,60.25
22,51.7,78.87,60.25
25,51.67,78.43,60.25
24,51.79,78.53,60.25
26,51.77,78.31,60.25
24,51.89,78.41,60.25
25,51.56,78.55,60.1
24,51.68,78.65,60.1
25,51.46,78.67,60.1
24,51.58,78.77,60.1
26,50.09,79.45,59.55
27,49.89,79.69,59.55
27,49.69,79.93,59.55
25,48.68,81.01,58.15
27,49.51,80.39,59.4
26,49.1,80.82,58.77
28,50.49,78.98,59.86
26,50.29,79.21,59.55
26,50.73,79.18,59.86
23,50.43,78.22,59.79
29,50.89,78.39,59.94
29,50.78,78.51,59.94
29,51.01,78.49,59.94
28,50.9,78.61,59.94
27,50.55,78.3,59.79
29,50.77,78.29,59.79
28,50.67,78.41,59.79
28,50.65,78.22,59.79
28,50.69,78.74,59.86
29,51.21,78.25,59.94
30,50.99,78.27,59.94
29,51.11,78.37,59.94
30,51.08,78.18,59.95
30,50.87,78.21,59.79
28,51.12,78.59,59.94
27,51.02,78.71,59.94
27,50.93,78.94,59.86
28,51.43,78.23,60.1
27,51.55,78.33,60.1
27,51.65,78.21,60.1
28,51.53,78.14,60.11
29,51.31,78.18,59.96
28,51.23,78.47,59.94
27,51.45,78.45,59.94
27,51.34,78.57,59.94
28,51.33,78.35,59.94
25,51.99,78.29,60.25
26,51.87,78.18,60.25
27,51.74,78.13,60.11
26,52.09,78.17,60.25
27,51.97,78.12,60.12
24,52.43,78.25,60.41
25,52.31,78.15,60.41
26,52.18,78.08,60.27
24,52.53,78.13,60.41
25,52.4,78.07,60.27
24,52.21,78.27,60.25
24,52.11,78.39,60.25
23,52.33,78.37,60.25
23,52.23,78.49,60.25
19,53.89,78.47,60.74
18,53.78,78.55,60.73
19,54.21,78.36,60.74
20,54.2,78.29,60.68
19,54.33,78.42,60.74
19,54.11,78.44,60.74
18,54.23,78.54,60.73
18,54.45,78.52,60.73
18,54.56,78.59,60.73
18,54.34,78.6,60.73
21,53.64,78.21,60.67
20,53.64,78.3,60.67
21,53.42,78.22,60.66
20,53.43,78.32,60.67
20,53.55,78.39,60.65
22,53.53,78.14,60.68
23,53.63,78.03,60.56
23,53.41,78.05,60.57
24,53.51,77.98,60.43
24,53.28,78,60.43
19,53.77,78.37,60.65
19,53.67,78.48,60.62
21,54.09,78.2,60.67
21,53.88,78.21,60.67
20,53.98,78.28,60.65
19,53.99,78.38,60.66
22,53.97,78.11,60.68
23,53.85,78.02,60.57
24,53.73,77.97,60.43
22,53.75,78.14,60.57
22,53.31,78.17,60.57
23,53.19,78.08,60.41
24,53.06,78.05,60.3
19,53.12,78.58,60.5
19,53.13,78.67,60.57
18,53.24,78.74,60.71
18,53.14,78.86,60.71
20,53.33,78.39,60.55
20,53.22,78.5,60.52
18,53.57,78.64,60.72
18,53.56,78.57,60.6
19,53.45,78.48,60.52
18,53.69,78.7,60.72
18,53.47,78.72,60.71
18,53.35,78.66,60.57
19,53.34,78.56,60.51
17,53.58,78.81,60.71
18,53.02,78.76,60.55
18,52.92,78.88,60.71
17,53.04,78.98,60.7
17,52.82,78.99,60.7
16,52.94,79.09,60.7
19,52.8,78.78,60.55
18,52.7,78.89,60.52
19,54.65,78.32,60.74
20,54.64,78.26,60.69
19,54.77,78.38,60.74
19,54.55,78.4,60.74
18,54.67,78.51,60.73
19,54.43,78.34,60.74
20,54.42,78.27,60.68
20,54.31,78.24,60.69
22,54.19,78.09,60.68
23,54.07,78,60.57
24,53.94,77.97,60.45
20,54.53,78.22,60.7
22,54.41,78.07,60.68
23,54.29,77.98,60.57
19,54.86,78.28,60.68
20,54.75,78.2,60.7
22,54.63,78.06,60.68
23,54.51,77.97,60.57
21,54.97,78.15,60.75
22,54.85,78.04,60.68
23,54.73,77.95,60.57
26,54.83,77.82,60.59
27,54.96,77.81,60.69
25,55.05,77.82,60.6
26,55.24,77.82,60.67
26,55.16,77.82,60.69
27,55.38,77.81,60.71
27,55.63,77.81,60.73
26,54.28,77.82,60.54
26,54.5,77.83,60.55
25,54.72,77.82,60.55
27,53.28,77.83,60.42
27,53.51,77.82,60.42
28,53.73,77.82,60.42
27,53.94,77.82,60.44
27,54.08,77.83,60.54
28,52.62,77.83,60.38
27,52.85,77.83,60.39
27,53.06,77.83,60.28
27,53.19,77.83,60.36
29,52.19,77.83,60.25
28,52.4,77.83,60.25
30,51.75,77.85,60.1
29,51.97,77.85,60.1
31,51.53,77.85,60.09
31,51.31,77.86,59.95
31,51.2,77.86,59.91
31,51.09,77.86,59.94
4,48.99,77.86,59.78
4,49.21,77.86,59.78
5,48.87,77.86,59.79
5,48.63,77.86,59.79
5,48.54,77.86,59.76
5,48.77,77.86,59.79
4,49.65,77.86,59.79
4,49.43,77.86,59.79
4,49.98,77.86,59.79
4,49.85,77.86,59.79
4,50.09,77.86,59.79
9,47.98,77.86,59.55
10,47.78,77.86,59.56
8,48.21,77.86,59.55
7,48.42,77.86,59.55
16,47.5,77.86,59.24
22,47.09,77.86,58.93
25,46.65,77.86,58.61
26,46.29,77.85,58.61
27,46.03,77.86,58.14
28,45.93,78.35,57.52
30,50.87,77.86,59.79
17,50.44,77.86,59.78
4,50.22,77.86,59.56
25,50.65,77.86,59.78
13,45.66,80.53,52.28
13,45.82,80.68,52.39
21,45.93,80.78,53.78
22,45.93,80.82,54.4
21,45.92,80.86,53.14
21,45.92,81.25,53.26
21,45.93,81.22,54.38
21,45.93,81.19,53.77
21,46.36,81.38,53.77
11,45.56,80.57,51.9
15,45.92,80.33,51.93
15,45.92,79.93,51.95
13,45.93,79.26,51.9
9,45.93,78.34,51.08
14,45.92,80.65,50.6
8,45.93,78.35,50.6
11,46.28,80.22,50.5
9,46.19,79.22,50.51
8,46.14,78.28,50.51
10,46.12,79.28,50.78
14,45.93,80.65,50.82
12,46.07,80.04,50.77
2148,53.78,83.14,50.3
300,48.95,79.1,50.3
292,49.83,79.03,50.3
284,50.71,78.95,50.3
276,51.59,78.88,50.3
344,52.48,78.8,50.3
1611,53.36,78.72,50.3
2029,53.7,82.23,50.3
1940,53.61,81.35,50.3
1790,53.43,79.6,50.3
1869,53.52,80.48,50.3
5,45.57,81.11,51.25
15,45.79,81.02,51.24
16,45.81,80.91,50.77
15,46.19,80.9,50.83
14,46.13,80.93,50.61
20,45.9,81.22,50.67
15,46.32,81.22,50.49
377,49.51,80.39,48.15
366,48.55,79.59,49.4
374,49.03,79.99,48.77
346,48.15,80.07,49.84
342,48.55,79.59,49.84
327,48.55,79.58,50.1
329,48.62,80.45,50.1
308,48.55,79.57,50.3
316,48.62,80.41,50.3
327,48.69,81.21,50.31
557,52.86,83.2,48.77
1434,53.82,84.01,49.84
779,53.34,83.61,49.4
1232,53.74,83.13,49.84
1134,53.66,82.25,49.84
1187,53.59,81.37,49.84
1361,53.51,80.49,49.84
942,52.95,79.2,49.4
522,52.55,79.68,48.77
668,53.26,82.73,49.4
952,52.71,81.44,48.77
779,53.18,81.85,49.4
818,52.63,80.56,48.77
1089,53.11,80.96,49.4
1197,53.03,80.08,49.4
337,48.95,79.11,49.84
351,49.43,79.51,49.4
352,49.91,79.91,48.77
325,49.83,79.03,49.84
334,50.31,79.43,49.4
339,50.79,79.84,48.77
313,50.71,78.96,49.84
303,51.59,78.88,49.84
406,52.47,78.8,49.84
323,51.19,79.36,49.4
354,52.07,79.28,49.4
342,51.67,79.76,48.77
319,49.43,79.51,50.1
1208,52.95,79.2,49.84
307,50.31,79.43,50.1
294,51.19,79.36,50.1
318,52.07,79.28,50.1
1336,52.95,79.2,50.1
1452,53.03,80.08,49.84
1626,53.03,80.08,50.1
383,50.47,81.2,46.27
395,51.38,81.56,45.33
406,52.23,81.04,46.27
377,50.87,80.72,46.27
388,51.75,80.64,46.27
529,52.34,82.36,46.58
519,53.3,83.17,47.83
641,53.18,81.85,47.52
640,52.78,82.32,48.77
654,53.18,81.85,48.15
377,49.99,80.79,47.52
373,50.47,81.2,46.9
408,52.23,81.04,46.9
621,52.71,81.44,47.52
475,52.63,80.56,47.52
376,51.75,80.64,46.9
391,52.15,80.16,47.52
358,50.39,80.32,47.52
364,50.87,80.72,46.9
361,51.27,80.24,47.52
780,52.71,81.44,48.15
594,52.63,80.56,48.15
395,52.15,80.16,48.15
350,50.39,80.32,48.15
346,51.27,80.24,48.15
394,48.22,80.95,49.85
455,48.7,81.3,50.13
367,48.63,80.47,49.4
434,49.11,80.87,48.77
523,49.66,82.15,46.27
430,50.06,81.67,46.27
423,50.58,82.52,45.33
586,49.78,83.47,46.58
674,49.18,81.75,47.52
507,49.66,82.15,46.9
948,48.82,82.67,47.83
684,49.18,81.75,48.15
468,49.59,81.27,47.52
423,50.06,81.67,46.9
453,49.59,81.27,48.15
1639,52.53,84.62,49.93
1636,53.41,84.48,49.86
947,50.73,84.24,47.83
578,51.54,83.32,46.58
627,52.49,84.08,47.84
574,52.46,83.68,48.77
873,52.94,84.09,49.4
812,52.06,84.16,49.4
835,51.58,83.76,48.77
896,50.7,83.84,48.77
1115,51.18,84.24,49.4
1620,51.65,84.66,50.03
1822,52.97,84.09,50.12
1873,52.22,84.12,50.19
1792,53.36,83.62,50.1
1696,53.29,82.72,50.1
1719,53.21,81.83,50.1
1714,53.12,80.95,50.1
2118,52.62,83.67,50.31
2042,52.15,83.71,50.32
1644,52.12,84.1,50.4
2107,52.97,83.19,50.3
12,46.13,79.3,51.22
14,45.94,80.64,51.27
13,46.07,80,51.24
13,46.78,80.78,50.51
685,49.18,81.75,48.77
652,48.7,81.35,49.4
933,48.29,81.78,50.29
361,49.08,81.64,50.42
287,48.21,81.66,51.35
810,48.26,81.82,50.7
380,48.75,81.66,50.88
1047,48.3,81.8,49.88
1094,48.32,82.02,50.14
825,49.26,82.63,48.77
1116,48.78,82.23,49.4
1001,49.34,83.51,48.77
1261,48.86,83.11,49.4
1179,48.38,82.71,50.02
1116,47.9,82.33,50.64
3,45.57,81.11,51.91
11,45.79,81.02,52
11,62.41,78.24,60.74
11,62.63,78.22,60.74
11,62.51,78.16,60.75
7,62.6,77.96,60.77
9,62.61,78.02,60.75
10,62.56,78.05,60.75
10,62.67,78.05,60.75
10,62.61,78.1,60.75
9,63.21,78.02,60.75
4,63.27,77.91,60.76
4,63.27,77.83,60.68
5,63.33,77.96,60.76
7,63.32,77.99,60.73
5,63.22,77.96,60.76
7,63.23,77.99,60.73
9,63.28,78.06,60.75
7,63.27,78,60.73
5,63.38,77.91,60.69
4,63.32,77.88,60.7
6,63.1,77.96,60.81
8,63.1,78.01,60.79
6,63,77.96,60.81
8,63,78.01,60.79
5,63.04,77.93,60.81
4,63.1,77.88,60.76
5,63.11,77.82,60.69
5,63.16,77.92,60.76
4,63.2,77.87,60.76
5,63.15,77.85,60.7
4,63.21,77.82,60.69
6,62.83,77.94,60.81
8,62.82,78.01,60.79
8,62.77,78.01,60.8
8,62.77,78,60.85
6,62.88,77.97,60.81
8,62.89,78.01,60.79
11,62.73,78.15,60.75
4,62.99,77.89,60.76
4,62.98,77.81,60.69
5,62.94,77.94,60.76
9,62.94,78.01,60.75
5,62.88,77.9,60.76
4,62.92,77.86,60.76
5,62.92,77.81,60.69
5,63.04,77.86,60.68
5,63.04,77.82,60.62
9,62.71,78.02,60.75
6,62.72,77.95,60.77
6,62.66,77.91,60.76
5,62.77,77.9,60.76
5,62.71,77.87,60.76
5,62.71,77.81,60.69
7,62.59,77.87,60.68
7,62.54,77.85,60.68
6,62.82,77.86,60.68
6,62.82,77.82,60.59
7,63.37,77.9,60.57
8,62.59,77.87,60.56
6,63.14,77.82,60.57
6,62.93,77.83,60.56
6,62.71,77.82,60.55
5,63.28,77.83,60.56
2,64.6,77.97,60.81
3,64.6,78.01,60.79
2,64.84,78.01,60.79
3,64.77,78.01,60.75
3,64.66,78.02,60.75
2,64.66,77.95,60.76
3,64.72,78.04,60.75
2,64.71,77.97,60.76
2,64.94,78.02,60.75
4,64.54,78.02,60.75
2,64.55,77.96,60.76
2,64.49,77.92,60.76
3,64.43,77.96,60.76
5,64.44,78.02,60.75
5,64.5,78.05,60.75
5,64.22,78.01,60.79
4,64.22,77.97,60.81
3,64.32,77.97,60.81
5,64.33,78.01,60.79
3,64.27,77.94,60.81
2,64.38,77.93,60.76
4,64.05,77.95,60.81
5,64.05,78.01,60.79
4,63.99,77.97,60.81
6,63.99,78.01,60.79
6,63.99,78.02,60.75
4,64.1,77.97,60.81
5,64.11,78.01,60.79
2,64.1,77.9,60.76
2,64.09,77.82,60.68
2,64.21,77.89,60.76
5,64.16,78.01,60.75
3,64.16,77.94,60.76
2,64.15,77.86,60.76
3,63.99,77.91,60.76
2,63.98,77.83,60.68
3,63.88,77.91,60.76
3,63.87,77.83,60.68
4,63.94,77.96,60.76
5,63.93,77.99,60.73
3,63.93,77.87,60.76
2,63.93,77.83,60.69
3,64.04,77.87,60.69
4,64.97,78.34,60.74
4,64.85,78.28,60.74
3,65.07,78.26,60.74
3,64.95,78.17,60.74
2,65.17,78.15,60.74
4,64.04,77.88,60.61
3,63.93,77.83,60.58
2,64.16,77.82,60.57
12,62.97,78.3,60.74
12,63.19,78.28,60.74
11,63.29,78.2,60.75
12,63.75,78.33,60.74
11,63.85,78.26,60.74
5,63.83,77.96,60.76
6,63.84,77.99,60.73
8,63.89,78.06,60.75
6,63.88,78,60.73
8,63.78,78.05,60.75
9,63.84,78.1,60.75
13,63.53,78.35,60.74
12,63.63,78.28,60.74
12,63.41,78.29,60.74
5,63.61,77.97,60.77
8,63.61,78.03,60.75
9,63.56,78.07,60.75
9,63.66,78.06,60.75
10,63.61,78.12,60.75
5,63.66,77.94,60.69
5,63.77,77.93,60.69
6,63.72,77.99,60.69
4,63.7,77.89,60.69
4,63.81,77.89,60.69
9,63.39,78.05,60.75
6,63.38,77.98,60.76
7,63.38,78,60.73
9,63.45,78.08,60.75
10,63.33,78.09,60.75
10,63.4,78.14,60.75
6,63.6,77.92,60.63
5,63.55,77.94,60.69
6,63.44,77.95,60.69
7,63.5,78,60.69
4,63.49,77.9,60.69
6,63.71,77.91,60.55
7,63.49,77.91,60.54
5,63.48,77.83,60.44
4,63.6,77.82,60.52
4,63.71,77.83,60.44
3,63.83,77.82,60.53
9,61.41,78.25,60.74
9,61.19,78.27,60.74
11,61.86,78.38,60.74
9,61.73,78.12,60.75
10,61.75,78.33,60.74
9,61.51,78.14,60.75
8,61.66,78,60.69
7,61.6,77.95,60.68
8,61.55,78.01,60.69
9,61.61,78.06,60.68
7,61.61,77.83,60.38
12,62.21,78.51,60.73
13,62.33,78.58,60.73
13,62.11,78.6,60.73
11,62.18,78.26,60.74
11,61.97,78.31,60.74
9,61.94,78.05,60.75
10,62,78.09,60.75
9,61.89,78.1,60.75
10,61.95,78.15,60.75
7,61.82,77.93,60.68
8,61.88,77.98,60.69
8,61.78,77.99,60.69
9,61.83,78.04,60.69
8,61.7,77.92,60.58
10,62.29,78.18,60.75
7,62.39,77.96,60.77
9,62.38,78.03,60.75
10,62.44,78.06,60.75
10,62.33,78.07,60.75
10,62.39,78.11,60.75
7,62.49,77.88,60.68
7,62.55,77.92,60.68
7,62.44,77.93,60.68
8,62.5,77.98,60.68
7,62.16,77.97,60.77
9,62.17,78.04,60.75
10,62.11,78.09,60.75
10,62.22,78.08,60.75
10,62.17,78.13,60.75
8,62.37,77.89,60.6
8,62.33,77.94,60.68
7,62.27,77.89,60.68
8,62.22,77.95,60.68
9,62.27,78,60.68
7,62.05,77.91,60.68
8,62,77.97,60.68
8,62.11,77.96,60.68
9,62.06,78.02,60.68
8,62.15,77.9,60.59
8,61.93,77.91,60.58
8,61.82,77.88,60.53
8,61.7,77.9,60.43
8,61.93,77.9,60.43
8,62.05,77.88,60.53
8,62.49,77.88,60.53
8,62.29,77.88,60.52
8,62.16,77.9,60.43
7,61.83,77.82,60.4
7,62.05,77.82,60.4
7,62.49,77.82,60.42
7,62.27,77.82,60.41
5,59.97,78.3,60.73
5,59.94,78.24,60.68
5,60.09,78.37,60.74
5,59.87,78.38,60.74
5,59.99,78.49,60.73
5,60.21,78.47,60.74
6,60.33,78.53,60.73
6,59.77,78.5,60.73
9,59.67,78.59,60.73
5,60.1,78.55,60.73
6,59.88,78.57,60.73
6,60.53,78.36,60.74
7,60.52,78.29,60.67
7,60.41,78.25,60.68
6,60.31,78.34,60.74
6,60.43,78.45,60.74
7,60.63,78.24,60.68
6,60.51,78.09,60.68
5,60.19,78.22,60.73
5,60.19,78.29,60.73
6,60.29,78.14,60.74
5,60.39,77.94,60.68
6,60.45,77.99,60.69
5,60.34,78,60.69
6,60.4,78.05,60.69
6,60.48,77.93,60.59
5,60.07,78.16,60.74
4,59.95,78.04,60.68
4,59.83,77.95,60.57
4,60.16,77.96,60.69
5,60.22,78.01,60.69
5,60.11,78.02,60.69
5,60.17,78.07,60.68
5,60.27,77.93,60.58
5,60.05,77.94,60.57
7,60.75,78.34,60.74
8,60.74,78.27,60.67
9,60.96,78.3,60.68
8,60.87,78.4,60.74
8,60.85,78.22,60.69
7,60.73,78.02,60.69
7,60.67,78.08,60.68
7,60.78,78.07,60.68
7,60.73,78.13,60.68
6,60.61,77.99,60.57
7,60.65,78.42,60.74
9,61.09,78.42,60.74
9,61.08,78.35,60.67
8,60.77,78.53,60.73
8,60.66,78.6,60.72
9,60.99,78.51,60.73
10,61.21,78.48,60.74
7,60.55,78.55,60.73
9,61.29,78.18,60.7
7,61.38,77.97,60.69
8,61.33,78.03,60.69
8,61.44,78.02,60.69
8,61.39,78.08,60.68
8,61.5,77.94,60.58
8,61.07,78.18,60.75
7,61.16,77.99,60.69
8,61.22,78.04,60.69
8,61.11,78.05,60.69
8,61.17,78.1,60.69
7,61.27,77.95,60.58
7,60.94,78.01,60.69
7,61,78.06,60.69
7,60.89,78.06,60.69
8,60.95,78.11,60.69
7,60.83,77.98,60.57
7,61.05,77.96,60.58
7,61.05,77.92,60.42
8,61.26,77.92,60.43
8,61.51,77.92,60.43
7,61.39,77.9,60.51
6,60.93,77.83,60.38
7,61.05,77.83,60.28
6,61.17,77.83,60.38
7,61.39,77.83,60.39
29,57.32,77.83,60.85
28,56.99,77.85,60.85
28,57.01,77.81,60.84
28,56.88,77.85,60.85
29,56.88,77.81,60.84
28,56.94,77.84,60.81
28,56.94,77.81,60.78
28,56.77,77.81,60.84
26,56.83,77.9,60.84
29,56.82,77.82,60.85
29,56.82,77.81,60.84
28,56.55,77.86,60.84
29,56.71,77.83,60.85
28,56.71,77.81,60.84
28,56.61,77.83,60.85
28,56.6,77.81,60.84
26,56.5,77.85,60.81
28,56.49,77.81,60.77
22,46.36,81.38,54.4
16,52.73,79.22,60.7
16,52.3,79.34,60.7
18,52.29,79.19,60.5
15,52.09,79.5,60.7
27,51.51,81.19,60.7
15,51.9,79.75,60.7
16,51.71,80.01,60.7
21,48.68,81.38,56.9
23,48.69,81.18,57.52
21,49.1,81.38,57.53
27,50.57,81.18,60.14
27,50.01,81.18,59.44
26,49.59,81.18,58.79
25,49.1,81.18,58.15
19,51.52,80.27,60.7
26,51.78,80.87,60.71
25,51.57,81.38,60.29
27,50.62,81.38,59.52
25,50.03,81.38,58.82
24,49.6,81.38,58.17
18,54.89,78.49,60.74
18,54.78,78.57,60.73
18,55,78.58,60.73
20,55.09,78.25,60.74
24,55.06,77.95,60.75
22,55.06,78.02,60.75
23,55.12,77.97,60.75
22,55.12,78.04,60.75
22,55.01,78.05,60.75
21,55.07,78.09,60.75
25,54.83,77.89,60.6
25,54.94,77.87,60.68
24,54.89,77.92,60.68
24,55,77.91,60.68
23,54.95,77.98,60.68
20,55.09,78.28,60.69
19,54.99,78.4,60.74
19,54.98,78.33,60.68
20,55.31,78.23,60.74
21,55.28,78.05,60.75
24,55.29,77.95,60.74
24,55.11,77.91,60.68
24,55.17,77.96,60.68
25,55.22,77.9,60.68
25,55.16,77.87,60.69
24,55.05,77.88,60.61
19,55.21,78.31,60.67
19,55.21,78.38,60.74
18,55.11,78.46,60.74
21,55.75,78.2,60.75
23,55.71,78.01,60.78
23,55.73,77.95,60.82
22,55.72,78.03,60.75
22,55.51,78.04,60.75
23,55.51,78.01,60.78
23,55.51,77.97,60.82
25,55.39,77.89,60.73
25,56.33,77.88,60.8
24,56.34,77.94,60.82
24,56.39,77.97,60.82
23,56.39,78,60.78
25,56.44,77.86,60.81
24,56.45,77.93,60.83
26,56.38,77.85,60.81
27,56.39,77.81,60.77
26,56.33,77.84,60.77
27,56.33,77.81,60.7
27,56.22,77.89,60.8
24,56.22,77.95,60.82
25,56.11,77.9,60.8
23,56.11,77.96,60.82
23,56.17,77.98,60.82
23,56.17,78,60.78
27,56.16,77.86,60.81
27,56.16,77.81,60.76
27,56.11,77.85,60.77
27,56.11,77.82,60.7
26,56.27,77.86,60.76
27,56.21,77.84,60.77
26,56.21,77.81,60.69
26,56.28,77.81,60.69
23,55.89,77.96,60.82
22,55.9,78.01,60.79
22,55.84,78,60.81
22,55.86,78.01,60.79
22,55.83,78.01,60.76
23,56,77.95,60.83
22,55.96,77.99,60.82
22,55.96,78.01,60.78
26,55.94,77.88,60.84
26,55.99,77.85,60.78
26,55.99,77.82,60.7
26,56.05,77.88,60.76
26,56.05,77.82,60.68
24,55.83,77.86,60.84
25,55.83,77.81,60.74
25,55.61,77.88,60.73
8,58.72,77.89,60.61
4,58.93,77.87,60.61
3,59.39,77.91,60.53
3,59.6,77.91,60.53
4,59.82,77.89,60.53
5,60.05,77.88,60.53
6,60.27,77.9,60.43
6,60.47,77.92,60.44
7,60.84,77.93,60.43
7,60.6,77.93,60.41
7,59.51,78.27,60.66
7,59.65,78.41,60.65
10,59.42,78.36,60.64
13,59.43,78.45,60.65
11,59.55,78.52,60.63
6,59.76,78.32,60.67
5,59.74,78.23,60.67
4,59.85,78.14,60.68
4,59.63,78.16,60.68
4,59.73,78.06,60.57
26,58.53,78.32,60.74
23,58.52,78.25,60.68
25,58.41,78.21,60.69
10,59.32,78.29,60.66
6,59.41,78.19,60.68
4,59.51,78.08,60.57
4,59.62,78.01,60.43
25,58.75,78.3,60.73
20,58.72,78.23,60.68
23,58.87,78.36,60.73
16,58.97,78.27,60.69
17,59.07,78.13,60.75
9,59.19,78.2,60.68
5,59.16,77.94,60.69
6,59.11,78,60.69
4,59.22,77.99,60.69
6,59.17,78.05,60.69
4,59.27,77.94,60.6
4,59.39,78.02,60.45
5,59.29,78.09,60.57
18,58.85,78.16,60.74
9,58.95,78.02,60.69
5,59.04,77.94,60.59
26,58.65,78.38,60.74
26,58.77,78.48,60.73
20,58.63,78.19,60.69
13,58.73,78.03,60.68
8,58.83,77.95,60.58
19,58.51,78.05,60.68
14,58.6,77.96,60.58
18,59.33,78.54,60.63
19,59.45,78.68,60.72
16,59.44,78.61,60.61
19,59.21,78.44,60.65
14,59.08,78.28,60.67
19,59.09,78.38,60.67
27,59,78.64,60.72
23,59.11,78.56,60.62
23,58.99,78.46,60.64
26,58.89,78.58,60.73
22,59.22,78.62,60.6
27,59.23,78.7,60.72
25,59.35,78.76,60.72
25,58.55,78.5,60.73
26,58.66,78.56,60.73
27,58.11,78.02,60.75
27,58.22,78.02,60.75
26,58.22,77.96,60.77
27,58.16,77.92,60.77
22,58.22,77.88,60.7
27,58.13,77.99,60.73
27,58.18,78.06,60.75
26,58.17,78,60.73
19,58.33,77.87,60.69
22,58.28,77.91,60.69
14,58.48,77.9,60.6
18,58.38,77.9,60.68
17,58.44,77.95,60.69
26,58.28,77.98,60.76
20,58.39,78.01,60.69
21,58.33,77.96,60.69
26,58.29,78.1,60.75
26,58.19,78.2,60.74
25,58.43,78.4,60.74
25,58.3,78.27,60.68
25,58.31,78.34,60.74
27,58.04,77.85,60.77
27,57.99,77.85,60.82
30,57.82,77.86,60.77
29,57.93,77.85,60.77
30,57.88,77.86,60.81
27,58.11,77.96,60.76
23,58.05,77.94,60.83
31,57.89,77.91,60.84
25,57.99,77.89,60.84
27,58.11,78.01,60.79
26,58.1,77.87,60.77
24,58.05,77.85,60.7
29,57.72,77.96,60.83
26,57.73,78.01,60.79
31,57.83,77.95,60.83
28,57.84,78.01,60.78
28,57.79,78,60.83
27,57.79,78.01,60.79
25,57.67,78.01,60.79
26,57.67,78,60.83
25,57.67,78.02,60.76
28,57.93,77.86,60.7
29,57.83,77.87,60.71
29,57.77,77.9,60.77
25,57.61,78.01,60.79
27,57.61,77.97,60.83
25,57.62,78.02,60.76
30,57.66,77.9,60.84
30,57.71,77.87,60.77
29,57.55,77.92,60.84
29,57.6,77.87,60.77
30,57.33,77.94,60.83
28,57.39,78.01,60.79
30,57.39,77.99,60.83
30,57.44,77.93,60.83
29,57.49,77.87,60.77
30,57.44,77.85,60.79
30,57.61,77.81,60.79
30,57.71,77.81,60.79
30,57.38,77.87,60.84
29,57.31,77.81,60.84
30,57.44,77.81,60.81
29,57.32,77.81,60.79
30,57.49,77.81,60.78
29,57.83,77.82,60.7
21,57.93,77.82,60.7
23,57.99,77.81,60.76
16,58.05,77.82,60.7
18,58.11,77.81,60.78
7,58.48,77.82,60.59
10,58.33,77.82,60.69
11,58.26,77.82,60.68
13,58.22,77.82,60.7
3,59.26,77.83,60.6
6,58.61,77.83,60.57
4,58.82,77.83,60.57
3,59.05,77.83,60.58
3,59.39,77.83,60.43
3,59.62,77.83,60.42
4,59.83,77.82,60.42
4,60.05,77.82,60.42
5,60.18,77.82,60.38
5,60.38,77.83,60.39
6,60.75,77.83,60.38
6,60.6,77.84,60.28
25,54.83,77.87,60.56
24,55.05,77.87,60.57
24,54.28,77.9,60.52
24,54.5,77.9,60.53
24,54.71,77.89,60.53
25,53.51,77.91,60.41
25,53.28,77.92,60.41
25,53.73,77.91,60.41
25,53.94,77.91,60.43
24,54.09,77.9,60.52
25,53.19,77.94,60.36
26,52.62,77.92,60.38
26,52.85,77.92,60.38
25,53.06,77.96,60.28
27,52.19,77.96,60.25
26,52.4,77.96,60.25
29,51.75,78,60.1
28,51.97,78,60.1
29,51.53,78,60.09
30,51.31,78.04,59.95
30,51.2,78.05,59.91
31,51.09,78.04,59.94
5,49.33,78.41,59.55
8,49.57,78.61,59.55
5,49.13,78.65,59.55
9,49.37,78.85,59.55
23,45.93,81.24,55.02
6,48.93,78.89,59.24
7,48.73,79.13,59.24
10,49.17,79.09,59.24
12,48.97,79.33,59.24
9,48.53,79.37,59.24
11,48.33,79.61,59.24
15,48.77,79.57,59.24
17,48.57,79.81,59.24
18,48.15,80.07,58.77
18,47.75,80.57,58.15
25,47.25,81.38,56.28
12,47.33,80.9,57.52
14,47.3,81.18,56.9
23,46.36,81.38,55.02
4,48.99,78.06,59.78
4,49.21,78.06,59.78
4,48.87,78.06,59.79
4,48.63,78.06,59.79
4,48.54,78.06,59.76
4,48.77,78.06,59.79
4,48.89,78.44,59.55
4,48.65,78.29,59.55
4,49.1,78.27,59.55
4,49.65,78.06,59.79
4,49.43,78.06,59.79
5,49.98,78.06,59.79
4,49.85,78.06,59.79
6,50.09,78.06,59.79
6,49.78,78.38,59.55
5,49.54,78.25,59.55
6,49.96,78.24,59.55
5,48.45,78.49,59.24
5,48.25,78.73,59.24
5,48.69,78.69,59.24
5,48.49,78.93,59.24
24,45.93,80.86,55.65
7,48.05,78.97,58.93
7,47.85,79.21,58.93
9,48.29,79.17,58.93
10,48.09,79.41,58.93
11,47.67,79.67,58.77
12,47.27,80.14,58.15
24,45.93,81.24,55.64
25,46.36,81.38,55.65
6,47.98,78.06,59.55
7,47.78,78.06,59.56
6,48.21,78.06,59.55
5,48.42,78.06,59.55
7,47.78,78.34,59.24
5,48.22,78.31,59.24
5,48.01,78.53,59.24
6,48.43,78.21,59.24
7,47.98,78.22,59.24
6,47.81,78.77,58.93
8,47.57,78.57,58.93
7,47.37,78.8,58.93
6,47.61,79.01,58.93
9,46.87,80.62,57.52
8,46.46,80.23,58.15
19,46.13,80.18,57.52
27,45.93,80.22,56.9
25,46.49,81.18,56.27
26,46.13,81.07,56.27
26,45.93,80.88,56.27
17,46.5,80.92,56.9
11,46.31,80.68,57.52
23,46.13,80.77,56.9
9,47.17,79.04,58.61
8,47.41,79.24,58.61
9,46.97,79.28,58.61
8,47.21,79.48,58.61
9,46.77,79.74,58.14
12,47.5,78.06,59.24
20,47.09,78.06,58.93
25,46.68,78.04,58.61
27,46.36,78.01,58.62
28,46.19,78.04,58.14
21,46.69,78.64,58.61
15,46.93,78.84,58.61
15,46.73,79.08,58.61
22,46.49,78.88,58.61
28,46.13,78.47,57.52
26,46.39,78.47,58.15
27,45.93,79.31,56.9
25,46.13,79.34,57.52
17,46.42,79.34,58.15
26,46.63,78.25,58.16
20,46.89,78.4,58.61
19,47.1,78.25,58.61
14,47.13,78.6,58.61
12,47.52,78.24,58.93
15,47.34,78.38,58.61
23,45.93,80.85,55.02
30,50.87,78.06,59.79
21,50.44,78.06,59.78
6,50.22,78.06,59.56
27,50.65,78.06,59.78
21,53.21,78.29,60.41
21,52.99,78.31,60.41
20,53.11,78.41,60.41
22,53.09,78.19,60.41
23,52.65,78.23,60.41
22,52.77,78.33,60.41
22,52.55,78.35,60.41
21,52.67,78.45,60.41
21,52.89,78.43,60.41
20,53.01,78.53,60.41
20,52.79,78.55,60.41
19,52.9,78.65,60.41
23,52.87,78.21,60.41
23,52.97,78.11,60.26
24,52.85,78.05,60.29
24,52.75,78.11,60.41
25,52.63,78.06,60.27
22,52.45,78.47,60.25
21,52.57,78.57,60.25
20,52.68,78.67,60.41
21,52.35,78.59,60.25
22,52.12,78.61,60.25
21,52.25,78.71,60.4
22,52.02,78.73,60.25
21,52.14,78.82,60.37
18,52.49,79.02,60.51
19,52.58,78.79,60.39
20,52.46,78.69,60.25
20,52.37,78.8,60.38
20,52.26,78.93,60.36
22,51.92,78.85,60.25
20,52.05,79.03,60.36
21,51.82,78.97,60.25
20,51.84,79.19,60.37
19,51.86,79.37,60.5
22,51.41,79.34,60.2
19,51.65,79.54,60.5
21,51.21,79.58,60.2
19,51.45,79.78,60.5
22,51.01,79.82,60.2
20,51.25,80.03,60.5
21,51.3,80.49,60.5
23,50.81,80.06,60.2
21,51.06,80.27,60.5
25,50.61,80.3,60.2
26,50.41,80.54,60.2
26,50.89,80.75,60.51
26,50.5,80.96,60.04
11,50.22,78.34,59.55
13,50.01,78.57,59.55
22,50.45,78.54,59.55
22,50.25,78.77,59.55
12,49.81,78.81,59.24
20,50.05,79.01,59.24
15,49.61,79.05,59.24
22,49.85,79.25,59.24
17,49.41,79.29,59.24
19,49.21,79.53,59.24
23,49.65,79.49,59.24
24,49.45,79.73,59.24
22,49.03,79.99,58.77
23,48.63,80.47,58.15
22,48.24,80.86,57.52
21,48.15,81.18,56.9
25,48.14,81.38,56.27
23,48.68,81.01,57.52
24,50.97,79.38,59.86
26,50.53,79.42,59.55
24,50.77,79.62,59.86
26,50.33,79.65,59.55
24,50.57,79.86,59.86
26,50.13,79.89,59.55
25,50.37,80.1,59.86
27,49.93,80.13,59.55
26,50.17,80.33,59.86
24,50.61,80.3,59.86
25,50.41,80.54,59.86
26,49.99,80.77,59.4
26,49.57,80.98,58.77
26,51.24,78.69,59.94
25,51.36,78.79,60.1
26,51.14,78.81,59.94
24,51.48,78.89,60.1
25,51.26,78.91,60.1
24,51.38,79.01,60.1
24,51.17,79.14,59.86
22,51.61,79.1,60.18
24,52.01,78.51,60.1
23,51.9,78.63,60.1
23,51.8,78.75,60.1
22,51.92,78.85,60.1
23,51.7,78.87,60.1
22,51.82,78.97,60.1
26,51.67,78.43,60.1
24,51.79,78.53,60.1
26,51.77,78.31,60.1
25,51.89,78.41,60.1
26,51.56,78.55,59.94
24,51.68,78.65,59.94
25,51.46,78.67,59.94
24,51.58,78.77,59.94
25,50.09,79.45,59.24
26,49.89,79.69,59.24
26,49.69,79.93,59.24
26,50.13,79.89,59.24
26,49.93,80.13,59.24
26,49.51,80.39,58.77
25,49.1,80.82,58.15
26,50.49,78.98,59.55
24,50.29,79.21,59.24
27,50.73,79.18,59.55
14,50.42,78.23,59.55
29,50.89,78.39,59.79
29,50.78,78.51,59.79
29,51.01,78.49,59.79
28,50.9,78.61,59.79
23,50.66,78.32,59.55
27,50.69,78.74,59.55
30,50.99,78.27,59.79
29,51.11,78.37,59.79
29,51.21,78.25,59.79
30,51.08,78.21,59.79
28,50.87,78.21,59.56
28,51.12,78.59,59.79
27,51.24,78.69,59.79
28,51.02,78.71,59.79
26,51.14,78.81,59.79
27,50.93,78.94,59.55
28,51.43,78.23,59.94
27,51.55,78.33,59.94
27,51.65,78.22,59.94
28,51.53,78.17,59.96
29,51.31,78.2,59.79
28,51.23,78.47,59.79
27,51.45,78.45,59.79
27,51.34,78.57,59.79
28,51.33,78.35,59.79
25,51.99,78.29,60.1
26,51.87,78.19,60.1
27,51.74,78.16,59.98
26,51.97,78.16,59.98
26,52.09,78.18,60.1
24,52.43,78.25,60.25
25,52.31,78.15,60.26
26,52.18,78.11,60.14
25,52.41,78.11,60.14
24,52.53,78.13,60.26
24,52.21,78.27,60.1
24,52.11,78.39,60.1
23,52.33,78.37,60.1
23,52.23,78.49,60.1
18,54.12,78.62,60.72
18,54.01,78.56,60.73
19,53.89,78.47,60.63
18,53.79,78.62,60.72
18,53.78,78.55,60.61
20,54.2,78.26,60.66
19,54.21,78.36,60.66
19,54.33,78.43,60.64
19,54.11,78.45,60.64
18,54.23,78.54,60.61
18,54.45,78.53,60.61
17,54.57,78.66,60.72
17,54.56,78.59,60.6
17,54.34,78.6,60.59
17,54.35,78.68,60.72
17,54.46,78.74,60.71
16,53.7,78.92,60.7
17,53.8,78.8,60.71
16,53.82,79.02,60.7
16,53.92,78.9,60.7
15,53.17,79.19,60.7
14,52.97,79.35,60.7
21,53.65,78.25,60.57
21,53.43,78.27,60.57
20,53.55,78.37,60.55
22,53.53,78.16,60.57
23,53.63,78.04,60.41
23,53.52,78.02,60.3
23,53.41,78.06,60.41
23,53.29,78.05,60.3
20,53.77,78.35,60.56
19,53.67,78.46,60.53
21,54.09,78.22,60.57
21,53.87,78.24,60.57
20,53.99,78.33,60.56
22,53.97,78.12,60.57
23,53.85,78.03,60.41
23,53.73,78,60.31
22,53.75,78.14,60.41
22,53.31,78.17,60.41
23,53.19,78.1,60.26
19,53.13,78.63,60.41
18,53.24,78.74,60.55
17,53.36,78.84,60.71
16,53.48,78.94,60.7
17,53.26,78.96,60.7
16,53.38,79.06,60.7
18,53.14,78.86,60.52
20,53.33,78.39,60.41
19,53.23,78.51,60.41
19,53.56,78.54,60.51
18,53.57,78.63,60.58
19,53.45,78.5,60.41
17,53.69,78.7,60.56
18,53.47,78.72,60.55
19,53.35,78.61,60.41
17,53.58,78.81,60.52
18,53.02,78.75,60.39
18,52.92,78.87,60.53
17,53.04,78.97,60.51
18,52.82,78.99,60.51
17,52.94,79.09,60.5
19,52.8,78.77,60.39
19,52.7,78.89,60.37
20,54.64,78.23,60.67
19,54.65,78.32,60.67
19,54.77,78.39,60.66
19,54.54,78.41,60.65
18,54.67,78.51,60.63
20,54.42,78.24,60.66
19,54.43,78.34,60.67
21,54.31,78.18,60.67
22,54.19,78.09,60.56
23,54.06,78.02,60.42
21,54.53,78.17,60.68
22,54.41,78.08,60.57
22,54.29,78.02,60.43
20,54.88,78.24,60.67
21,54.75,78.15,60.68
22,54.63,78.06,60.57
22,54.51,78.01,60.43
21,54.97,78.14,60.68
22,54.85,78.04,60.56
22,54.73,77.99,60.43
26,56.05,77.83,60.6
25,54.95,77.82,60.55
26,55.82,77.83,60.59
26,55.18,77.82,60.57
26,55.4,77.83,60.57
26,55.6,77.82,60.57
26,54.29,77.83,60.41
26,54.51,77.83,60.42
25,54.73,77.82,60.42
27,53.4,77.83,60.38
27,53.29,77.84,60.28
27,53.52,77.83,60.28
27,53.62,77.82,60.38
28,53.73,77.83,60.31
28,53.86,77.82,60.39
26,54.07,77.83,60.41
27,52.63,77.83,60.26
27,52.85,77.83,60.28
27,52.96,77.84,60.23
27,53.19,77.84,60.25
28,52.3,77.84,60.2
29,52.18,77.85,60.12
28,52.41,77.85,60.12
28,52.52,77.84,60.22
30,51.86,77.85,60.07
30,51.74,77.86,59.97
29,51.97,77.86,59.97
29,52.1,77.85,60.07
31,51.42,77.86,59.92
30,51.66,77.86,59.92
31,51.53,77.86,59.96
31,51.31,77.86,59.79
31,51.2,77.86,59.79
31,51.07,77.86,59.79
5,49.1,77.86,59.55
6,48.7,77.86,59.55
4,49.54,77.86,59.55
4,49.95,77.86,59.55
12,47.97,77.86,59.24
14,47.77,77.86,59.24
10,48.22,77.86,59.24
8,48.42,77.86,59.24
19,47.5,77.86,58.93
23,47.08,77.86,58.61
26,46.49,77.86,58.14
28,46.04,77.86,57.52
27,45.93,78.35,56.9
26,45.93,79.3,56.27
28,50.86,77.86,59.56
6,50.42,77.86,59.55
4,50.21,77.86,59.24
17,50.65,77.86,59.55
14,45.85,80.66,52.28
19,45.91,80.81,52.64
21,45.9,81.28,52.41
21,46.38,81.39,53.15
22,45.93,80.17,53.78
21,46.13,80.73,53.77
23,45.93,80.19,54.4
22,46.13,80.74,54.4
20,45.93,80.13,53.19
21,46.1,80.8,53.13
20,46.1,81.12,53.26
22,46.12,81.07,54.39
20,46.12,81.06,53.77
20,46.49,81.18,53.77
18,47.28,81.38,53.77
18,45.92,80.02,52.63
15,45.94,80.64,51.9
15,46.07,80.01,51.91
14,46.13,79.31,51.9
10,46.12,78.47,51.2
19,46.14,81.04,52.31
23,45.93,79.32,54.4
22,45.93,79.32,53.77
19,45.93,79.3,53.16
16,45.93,79.28,52.55
10,45.93,78.35,51.81
9,46.02,77.86,51.04
9,46.12,78.47,50.78
12,46.37,80.24,50.67
10,46.33,79.28,50.7
9,46.29,78.4,50.7
8,46.02,77.86,50.59
9,46.64,79.7,50.51
8,46.42,78.01,50.51
9,46.55,78.78,50.51
10,46.4,78.48,50.89
11,46.42,79.33,50.89
12,46.38,80.27,50.86
2077,53.33,82.7,50.3
300,49.43,79.5,50.3
289,50.31,79.43,50.3
279,51.19,79.35,50.3
290,52.07,79.28,50.3
1444,52.95,79.2,50.3
1997,53.25,81.8,50.3
1905,53.14,80.94,50.3
1770,53.04,80.08,50.3
12,45.79,80.91,51.26
16,46.21,80.86,51.27
21,45.9,81.22,51.22
15,46.42,81.02,50.86
17,46.01,81.11,50.75
15,46.4,81.1,50.65
20,46.36,81.4,50.65
367,49.99,80.79,48.15
356,49.03,79.99,49.4
364,49.51,80.39,48.77
342,48.63,80.47,49.84
337,49.03,79.99,49.84
325,49.03,79.98,50.1
324,49.1,80.84,50.11
308,49.02,79.96,50.3
311,49.09,80.78,50.3
334,49.16,81.47,50.32
710,52.38,82.8,48.77
681,52.86,83.2,49.4
1263,53.34,83.61,49.84
1164,53.26,82.73,49.84
1305,53.18,81.85,49.85
1452,53.11,80.96,49.84
431,52.15,80.16,48.77
728,52.55,79.68,49.4
935,52.3,81.92,48.77
884,52.78,82.32,49.4
694,52.23,81.04,48.77
1144,52.71,81.44,49.4
1090,52.63,80.56,49.4
332,49.43,79.51,49.84
341,50.39,80.32,48.77
340,49.91,79.91,49.4
330,51.27,80.24,48.77
318,50.31,79.43,49.84
324,50.79,79.84,49.4
327,51.67,79.76,49.4
305,51.19,79.36,49.84
336,52.07,79.28,49.84
313,49.91,79.91,50.1
945,52.55,79.68,49.84
299,50.79,79.83,50.1
296,51.67,79.76,50.1
1049,52.55,79.68,50.1
1315,52.63,80.56,49.84
1441,52.64,80.55,50.1
363,50.47,81.2,47.52
379,51.38,81.56,46.58
669,52.34,82.36,47.83
436,52.23,81.04,47.52
368,51.75,80.64,47.52
352,50.87,80.72,47.52
526,52.23,81.04,48.15
363,51.75,80.64,48.15
341,50.87,80.72,48.15
539,48.71,81.38,49.87
453,49.18,81.58,50.17
200,49.57,81.6,50.33
424,49.59,81.27,48.77
381,49.11,80.87,49.4
509,49.66,82.15,47.52
655,49.78,83.47,47.83
467,49.66,82.15,48.15
414,50.06,81.67,47.52
396,50.06,81.67,48.15
402,50.58,82.52,46.58
1364,52.93,84.09,49.86
1395,52.07,84.19,49.91
686,51.54,83.32,47.83
789,51.98,83.28,48.77
735,52.46,83.68,49.4
622,50.22,83.44,48.77
1456,51.83,84.21,50.16
772,51.1,83.36,48.77
1029,51.58,83.76,49.4
988,50.7,83.84,49.4
1351,51.18,84.24,50.02
1780,52.52,83.68,50.14
1731,52.02,83.72,50.19
1734,52.01,84.05,50.29
1731,52.9,83.2,50.11
1818,52.83,82.3,50.11
1687,52.74,81.42,50.11
1977,52.29,83.25,50.32
1394,52.12,83.72,50.43
2045,52.54,82.75,50.31
10,46.4,78.48,51.27
12,46.42,79.33,51.27
13,46.41,80.23,51.27
13,46.82,80.7,50.69
10,47.25,80.17,50.51
17,47.27,81.14,50.51
451,49.66,82.15,48.77
649,49.18,81.75,49.4
585,49.11,81.79,50.29
185,49.59,81.64,50.42
285,49.11,81.66,50.76
568,49.74,83.03,48.77
209,48.76,81.66,51.34
571,48.22,81.86,51.3
997,48.29,82.04,50.62
713,48.76,81.84,50.8
951,49.26,82.63,49.4
1131,48.78,82.25,50.01
1200,49.34,83.51,49.4
1286,48.86,83.11,50.02
1230,48.38,82.71,50.65
984,47.9,82.34,51.27
12,45.79,80.91,51.93
17,46.21,80.86,51.9
21,45.9,81.21,51.94
12,62.41,78.31,60.74
12,62.41,78.24,60.69
12,62.31,78.39,60.74
12,62.53,78.37,60.74
13,62.43,78.49,60.73
12,62.63,78.3,60.74
12,62.62,78.22,60.69
11,62.51,78.19,60.7
11,62.73,78.17,60.7
8,62.61,77.97,60.68
9,62.55,78.03,60.68
9,62.67,78.02,60.68
10,62.61,78.08,60.68
12,62.75,78.36,60.74
10,63.17,78.11,60.75
7,63.37,77.93,60.61
5,63.27,77.91,60.68
6,63.33,77.96,60.69
7,63.22,77.97,60.68
8,63.28,78.02,60.69
11,63.07,78.22,60.74
12,62.85,78.24,60.74
6,63.1,77.96,60.76
9,63.11,78.02,60.75
6,63,77.96,60.76
9,62.99,78.03,60.75
5,63.05,77.93,60.76
10,63.06,78.06,60.75
5,63.1,77.88,60.68
6,63.16,77.92,60.68
5,63.2,77.88,60.69
6,62.82,77.95,60.77
9,62.83,78.01,60.75
9,62.78,78.04,60.75
6,62.77,77.97,60.77
6,62.88,77.97,60.76
9,62.89,78.03,60.75
10,62.83,78.08,60.75
6,63.04,77.86,60.62
7,62.88,77.9,60.68
6,62.99,77.89,60.68
7,62.94,77.94,60.68
6,62.92,77.86,60.68
7,62.82,77.87,60.61
7,62.66,77.91,60.68
7,62.77,77.9,60.68
8,62.72,77.96,60.68
7,62.71,77.87,60.68
7,62.59,77.88,60.61
12,62.84,78.25,60.68
7,63.29,77.9,60.54
7,63.15,77.88,60.54
8,62.95,77.88,60.53
8,62.68,77.88,60.53
7,63.15,77.82,60.44
6,63.04,77.83,60.52
7,62.92,77.83,60.44
7,62.71,77.83,60.43
7,63.27,77.83,60.41
7,62.62,77.82,60.38
8,64.41,78.28,60.74
6,64.63,78.27,60.74
6,64.51,78.21,60.74
4,64.73,78.19,60.74
4,64.61,78.04,60.75
2,64.6,77.97,60.76
4,64.67,78.09,60.75
5,64.56,78.09,60.75
5,64.62,78.14,60.75
2,64.82,78.03,60.75
3,64.77,78.07,60.75
2,64.89,78.06,60.75
3,64.83,78.12,60.75
2,64.72,78.01,60.68
5,64.39,78.06,60.75
6,64.34,78.11,60.75
6,64.45,78.1,60.75
7,64.4,78.16,60.74
2,64.55,77.97,60.69
2,64.44,77.98,60.69
3,64.5,78.03,60.69
8,64.29,78.22,60.74
5,64.21,78.03,60.75
3,64.22,77.97,60.76
3,64.32,77.97,60.76
5,64.33,78.03,60.75
2,64.27,77.93,60.76
6,64.28,78.06,60.75
2,64.32,77.88,60.68
2,64.38,77.93,60.68
6,64.05,78.02,60.75
3,64.05,77.95,60.76
5,63.99,78,60.73
7,64,78.05,60.75
4,63.99,77.98,60.76
6,64.11,78.04,60.75
3,64.1,77.97,60.76
7,64.06,78.08,60.75
3,64.1,77.9,60.68
2,64.21,77.89,60.68
3,64.15,77.95,60.68
2,64.15,77.86,60.69
2,64.25,77.86,60.69
4,64.04,77.89,60.63
4,63.99,77.91,60.69
4,63.88,77.92,60.69
5,63.94,77.97,60.69
4,63.93,77.88,60.69
9,63.95,78.15,60.74
5,64.97,78.34,60.67
5,64.97,78.41,60.74
5,64.84,78.3,60.68
7,64.75,78.4,60.74
7,64.87,78.5,60.73
3,65.33,78.65,60.73
3,65.07,78.29,60.68
2,65.19,78.36,60.73
2,65.31,78.46,60.73
3,65.05,78.23,60.67
2,64.95,78.15,60.68
5,63.93,77.9,60.55
4,64.14,77.89,60.55
3,64.37,77.89,60.54
2,64.6,77.9,60.46
2,64.49,77.89,60.53
3,64.04,77.82,60.52
3,63.94,77.83,60.44
2,64.16,77.82,60.44
2,64.27,77.83,60.53
13,62.97,78.37,60.74
13,62.96,78.3,60.67
13,62.87,78.46,60.74
12,63.97,78.36,60.73
14,64.09,78.46,60.74
16,64.32,78.62,60.72
14,63.87,78.48,60.74
15,63.99,78.55,60.73
15,64.21,78.56,60.73
13,63.19,78.35,60.74
13,63.19,78.28,60.68
13,63.4,78.31,60.68
13,63.31,78.42,60.74
12,63.29,78.23,60.7
13,63.85,78.29,60.68
13,63.63,78.31,60.69
13,63.75,78.41,60.74
14,63.75,78.34,60.67
10,63.73,78.17,60.75
5,63.82,77.98,60.69
7,63.78,78.04,60.69
6,63.89,78.03,60.69
7,63.83,78.08,60.69
14,63.53,78.43,60.74
14,63.52,78.36,60.67
14,63.65,78.49,60.74
14,63.43,78.51,60.74
11,63.51,78.18,60.75
6,63.61,77.99,60.69
8,63.56,78.05,60.69
7,63.67,78.04,60.69
9,63.62,78.1,60.68
7,63.71,77.96,60.59
8,63.39,78.01,60.69
9,63.44,78.06,60.69
9,63.34,78.07,60.69
10,63.39,78.12,60.68
8,63.49,77.98,60.58
7,63.6,77.91,60.51
7,63.71,77.94,60.44
6,63.83,77.91,60.52
8,63.49,77.94,60.43
6,63.41,77.83,60.39
5,63.61,77.83,60.4
3,63.83,77.83,60.4
12,61.97,78.34,60.68
12,62.09,78.41,60.74
11,61.65,78.4,60.74
10,61.53,78.34,60.74
10,61.4,78.27,60.68
9,61.31,78.37,60.74
9,61.21,78.28,60.68
12,61.87,78.39,60.67
11,61.87,78.46,60.74
12,61.99,78.53,60.74
10,61.63,78.23,60.74
10,61.85,78.22,60.74
9,61.73,78.1,60.68
11,61.75,78.36,60.68
9,61.51,78.12,60.68
8,61.61,78.01,60.57
8,61.61,77.92,60.38
7,61.61,77.83,60.26
13,62.21,78.51,60.62
14,62.33,78.57,60.6
14,62.33,78.65,60.72
14,62.11,78.6,60.6
13,62.11,78.67,60.72
14,62.23,78.73,60.72
10,61.33,78.59,60.73
10,61.22,78.66,60.72
11,61.44,78.65,60.73
12,62.19,78.33,60.73
11,62.22,78.26,60.69
10,62.07,78.2,60.74
9,61.94,78.03,60.68
9,62,78.08,60.68
9,61.89,78.09,60.68
10,61.95,78.14,60.68
9,61.83,77.98,60.57
9,61.71,77.95,60.45
11,62.29,78.21,60.7
8,62.39,77.99,60.68
9,62.45,78.04,60.68
9,62.33,78.05,60.68
10,62.39,78.1,60.68
8,62.49,77.94,60.57
9,62.16,78.01,60.68
9,62.11,78.07,60.68
9,62.22,78.06,60.68
10,62.17,78.12,60.68
8,62.27,77.95,60.57
9,62.16,77.94,60.45
9,62.05,77.97,60.57
9,61.93,77.94,60.45
8,61.83,77.91,60.39
9,62.05,77.91,60.39
9,62.49,77.91,60.4
9,62.27,77.91,60.4
7,61.83,77.83,60.26
8,62.06,77.83,60.28
8,62.5,77.83,60.28
8,62.26,77.83,60.28
7,62.39,77.82,60.38
5,59.96,78.21,60.67
5,59.96,78.31,60.66
6,60.09,78.38,60.65
6,59.87,78.39,60.65
6,59.99,78.49,60.62
7,60.21,78.47,60.63
6,60.33,78.6,60.72
7,60.33,78.53,60.61
7,59.77,78.51,60.63
11,59.67,78.66,60.72
10,59.67,78.59,60.6
7,60.1,78.55,60.6
7,59.88,78.57,60.6
6,60.11,78.62,60.72
7,59.89,78.64,60.72
6,60.23,78.68,60.72
10,59.79,78.72,60.72
17,59.57,78.74,60.72
16,59.69,78.84,60.71
24,59.47,78.86,60.71
22,59.59,78.96,60.7
7,60.42,78.19,60.67
7,60.52,78.26,60.65
7,60.53,78.36,60.65
7,60.31,78.36,60.65
7,60.43,78.45,60.63
7,60.63,78.18,60.67
7,60.51,78.1,60.57
6,60.18,78.19,60.68
6,60.19,78.3,60.67
6,60.29,78.11,60.68
6,60.47,77.97,60.45
6,60.39,78,60.57
5,60.07,78.13,60.68
5,59.95,78.03,60.57
5,59.83,77.98,60.42
6,60.27,77.95,60.45
5,60.17,78.02,60.57
5,60.05,77.97,60.43
8,60.74,78.24,60.65
8,60.75,78.34,60.66
9,60.98,78.25,60.66
9,60.87,78.41,60.65
8,60.85,78.16,60.67
7,60.73,78.08,60.56
7,60.6,78.02,60.42
8,60.65,78.43,60.64
9,61.08,78.32,60.65
10,61.09,78.42,60.65
9,60.88,78.59,60.73
9,60.77,78.53,60.61
9,60.66,78.6,60.58
8,60.67,78.68,60.72
10,60.99,78.51,60.63
10,61.21,78.49,60.64
10,61.11,78.61,60.73
8,60.55,78.54,60.6
7,60.45,78.66,60.72
7,60.57,78.76,60.71
7,60.35,78.78,60.71
8,60.47,78.88,60.7
8,60.25,78.9,60.7
11,60.15,79.02,60.7
8,60.69,78.86,60.71
9,60.81,78.96,60.7
9,60.37,79,60.7
12,60.27,79.12,60.7
8,60.59,78.98,60.7
9,60.71,79.08,60.7
17,60.29,79.38,60.7
20,60.06,79.25,60.7
9,61.18,78.24,60.67
9,61.29,78.13,60.68
8,61.39,78.02,60.57
9,61.51,77.97,60.45
8,61.07,78.15,60.68
8,61.17,78.04,60.57
8,61.27,77.98,60.45
8,60.84,78,60.45
8,60.95,78.06,60.57
8,61.05,78,60.43
8,60.93,77.94,60.38
8,61.05,77.96,60.28
8,61.17,77.93,60.38
8,61.39,77.93,60.39
7,60.95,77.84,60.25
7,61.17,77.84,60.25
7,61.39,77.84,60.26
28,57.11,77.84,60.85
28,57.1,77.81,60.84
29,57.21,77.84,60.85
28,57.21,77.81,60.84
29,57.32,77.85,60.81
29,57.27,77.88,60.84
28,57.27,77.81,60.76
29,57.32,77.86,60.77
28,57.21,77.81,60.78
29,57.05,77.9,60.84
28,57.1,77.81,60.78
28,56.94,77.89,60.84
28,56.99,77.85,60.81
27,57,77.81,60.78
27,56.77,77.87,60.84
28,56.88,77.86,60.81
28,56.88,77.81,60.77
28,56.94,77.84,60.77
27,56.94,77.81,60.7
27,56.78,77.87,60.81
28,56.77,77.81,60.76
27,56.83,77.89,60.81
24,56.83,77.96,60.83
28,56.82,77.84,60.81
28,56.82,77.81,60.78
29,56.66,77.88,60.84
28,56.66,77.81,60.76
27,56.55,77.86,60.81
26,56.56,77.91,60.83
28,56.61,77.95,60.82
28,56.62,78.01,60.79
28,56.71,77.84,60.81
28,56.71,77.81,60.78
28,56.6,77.84,60.81
28,56.6,77.81,60.78
26,56.5,77.85,60.76
27,56.49,77.81,60.69
21,46.49,81.18,54.4
20,47.28,81.38,54.4
25,48.68,81.38,56.27
14,52.53,79.47,60.7
17,52.73,79.22,60.5
13,52.34,79.71,60.7
17,52.3,79.34,60.5
19,52.28,79.15,60.37
17,52.09,79.5,60.5
25,51.4,81.03,60.51
14,52.15,79.97,60.7
17,51.89,79.74,60.5
15,51.95,80.15,60.7
17,51.7,79.99,60.5
14,51.99,80.32,60.7
21,48.69,81.18,56.9
21,49.1,81.38,56.9
22,49.1,81.18,57.52
21,49.61,81.38,57.53
18,51.5,80.24,60.5
21,51.68,80.77,60.53
23,51.43,81.18,60.14
25,50.57,81.18,59.44
24,50.01,81.18,58.79
24,49.59,81.18,58.15
16,51.99,80.6,60.71
20,52.11,81.15,60.28
22,51.55,81.38,59.53
22,50.61,81.38,58.83
22,50.03,81.38,58.17
16,54.48,78.96,60.7
15,54.6,79.06,60.7
15,54.38,79.08,60.7
15,54.5,79.18,60.7
18,54.89,78.49,60.63
17,54.79,78.64,60.72
17,54.78,78.57,60.6
17,54.68,78.73,60.72
16,54.59,78.84,60.71
16,54.8,78.82,60.71
16,54.7,78.94,60.7
17,55.12,78.64,60.72
17,55,78.58,60.6
17,54.91,78.7,60.72
16,54.92,78.92,60.7
15,54.82,79.04,60.7
21,55.19,78.14,60.75
23,55.06,77.97,60.68
22,55.01,78.03,60.68
23,55.12,78.02,60.68
22,55.07,78.08,60.68
23,54.95,77.94,60.57
20,55.08,78.22,60.67
19,54.98,78.3,60.65
19,54.99,78.4,60.66
20,55.64,78.28,60.74
19,55.43,78.29,60.73
20,55.31,78.26,60.69
21,55.41,78.12,60.75
23,55.29,78.01,60.68
23,55.16,77.93,60.58
20,55.2,78.28,60.65
19,55.21,78.38,60.66
18,55.33,78.44,60.74
18,55.11,78.47,60.64
18,55.23,78.57,60.73
18,55.45,78.55,60.73
17,55.34,78.63,60.73
24,56.5,77.96,60.82
23,56.5,78,60.78
23,56.45,78,60.78
23,56.45,78,60.82
24,56.57,78.01,60.78
25,56.56,77.99,60.82
20,55.87,78.26,60.74
21,55.85,78.08,60.75
21,55.75,78.22,60.7
21,55.63,78.1,60.75
25,55.73,77.93,60.74
24,55.73,77.99,60.68
25,55.5,77.93,60.74
24,55.51,78,60.68
24,55.61,77.9,60.58
24,55.4,77.92,60.58
24,56.29,77.98,60.82
24,56.29,78,60.78
26,56.33,77.91,60.76
23,56.39,78.01,60.75
25,56.39,77.95,60.76
25,56.44,77.9,60.76
26,56.38,77.86,60.76
26,56.33,77.84,60.7
27,56.39,77.81,60.69
23,56.06,77.99,60.82
23,56.06,78.01,60.78
26,56.22,77.92,60.76
25,56.11,77.93,60.76
25,56.17,77.96,60.76
22,56.18,78.02,60.75
27,56.16,77.87,60.76
26,56.11,77.85,60.7
27,56.15,77.81,60.68
26,56.27,77.87,60.69
26,56.22,77.85,60.69
26,56.27,77.82,60.59
23,55.89,77.94,60.76
23,55.85,77.97,60.76
23,55.84,77.97,60.73
24,56,77.94,60.76
21,55.96,78.03,60.76
22,55.96,77.97,60.76
25,55.99,77.87,60.71
25,55.94,77.89,60.77
25,55.94,77.83,60.68
25,56.05,77.89,60.69
25,55.83,77.88,60.74
20,56.08,78.24,60.74
12,58.48,77.88,60.56
20,58.25,77.87,60.66
21,58.22,77.87,60.68
3,59.27,77.91,60.57
10,58.62,77.9,60.54
7,58.82,77.89,60.55
4,59.04,77.9,60.55
4,59.39,77.94,60.43
4,59.61,77.93,60.42
4,59.82,77.91,60.41
5,60.05,77.91,60.41
6,60.18,77.91,60.37
6,60.38,77.92,60.38
7,60.75,77.94,60.37
7,60.6,77.97,60.28
7,59.53,78.29,60.57
7,59.65,78.39,60.56
11,59.43,78.41,60.55
11,59.54,78.5,60.54
5,59.75,78.28,60.57
5,59.85,78.16,60.57
5,59.63,78.18,60.57
5,59.73,78.06,60.41
23,58.52,78.22,60.66
24,58.53,78.32,60.66
24,58.41,78.16,60.67
10,59.31,78.31,60.56
6,59.41,78.2,60.57
5,59.62,78.05,60.29
5,59.51,78.08,60.41
13,58.98,78.21,60.67
18,58.74,78.2,60.67
22,58.74,78.31,60.66
22,58.86,78.38,60.65
9,59.19,78.22,60.57
9,59.07,78.11,60.68
6,59.29,78.1,60.41
5,59.17,78,60.57
13,58.85,78.12,60.68
8,58.95,78.01,60.57
7,59.05,77.99,60.45
24,58.65,78.38,60.65
24,58.77,78.48,60.62
19,58.63,78.14,60.67
14,58.73,78.03,60.57
10,58.83,77.98,60.45
19,58.51,78.05,60.56
17,58.6,77.99,60.43
17,59.33,78.52,60.53
16,59.44,78.59,60.52
18,59.45,78.68,60.58
17,59.21,78.43,60.55
15,59.09,78.33,60.57
21,58.99,78.44,60.54
26,59.01,78.71,60.72
25,59,78.64,60.59
22,59.11,78.54,60.52
25,58.89,78.58,60.6
25,58.79,78.7,60.72
25,58.91,78.8,60.71
22,59.22,78.6,60.51
23,59.23,78.7,60.57
26,59.13,78.78,60.71
23,59.35,78.76,60.56
27,59.25,78.88,60.71
25,59.03,78.9,60.71
26,59.15,79,60.7
24,58.44,78.58,60.73
25,58.55,78.5,60.61
25,58.66,78.56,60.59
25,58.67,78.63,60.72
27,58.07,78.11,60.75
25,58.17,77.92,60.68
26,58.11,77.98,60.69
24,58.22,77.96,60.68
25,58.17,78.03,60.69
19,58.29,77.91,60.6
23,57.86,78.3,60.74
25,58.08,78.28,60.74
18,58.39,77.96,60.57
24,58.29,78.07,60.68
25,58.19,78.23,60.69
25,58.43,78.4,60.64
24,58.33,78.52,60.73
23,58.22,78.6,60.72
25,58.3,78.24,60.65
25,58.31,78.33,60.66
24,58.21,78.42,60.74
23,58.11,78.54,60.73
22,58,78.62,60.73
25,57.97,78.22,60.74
30,57.88,77.89,60.76
28,57.99,77.88,60.77
27,58.05,77.93,60.77
28,57.95,78.01,60.79
28,57.95,77.96,60.83
27,57.96,78.04,60.75
26,58.05,77.92,60.68
25,57.99,77.88,60.68
25,58.1,77.88,60.69
23,57.75,78.24,60.74
25,57.73,78.02,60.76
28,57.72,77.95,60.76
30,57.83,77.94,60.76
26,57.79,78.03,60.76
28,57.79,77.98,60.77
26,57.67,78,60.73
25,57.68,78.05,60.76
26,57.67,77.98,60.77
25,57.73,78.08,60.75
28,57.83,77.94,60.68
28,57.89,77.89,60.69
28,57.78,77.9,60.69
26,57.56,78.01,60.79
26,57.56,78,60.82
24,57.56,78.03,60.76
24,57.45,78.03,60.76
30,57.51,77.98,60.83
27,57.49,78.01,60.79
24,57.5,78.02,60.76
27,57.61,77.96,60.76
26,57.61,77.99,60.73
29,57.72,77.88,60.71
29,57.66,77.9,60.77
28,57.61,77.88,60.7
28,57.55,77.91,60.76
30,57.28,77.99,60.82
29,57.28,78.01,60.79
23,57.39,78.03,60.76
29,57.33,77.93,60.77
28,57.39,77.97,60.76
25,57.41,78,60.73
29,57.5,77.89,60.7
30,57.44,77.92,60.76
30,57.38,77.88,60.77
22,57.64,78.32,60.74
21,57.42,78.33,60.74
29,57.61,77.82,60.71
29,57.72,77.82,60.71
29,57.39,77.81,60.78
28,57.33,77.82,60.72
29,57.5,77.82,60.7
26,56.49,77.82,60.6
29,57.77,77.83,60.68
25,57.88,77.83,60.67
17,57.99,77.82,60.68
15,58.11,77.82,60.69
8,58.38,77.82,60.53
14,58.18,77.82,60.68
9,58.29,77.82,60.59
3,59.18,77.83,60.55
5,58.72,77.82,60.52
9,58.6,77.83,60.42
6,58.83,77.83,60.43
4,59.05,77.83,60.44
3,58.95,77.82,60.52
4,59.3,77.83,60.38
3,59.5,77.83,60.38
3,59.63,77.84,60.28
4,59.71,77.83,60.38
4,59.83,77.83,60.28
5,60.06,77.83,60.31
4,59.95,77.82,60.38
5,60.17,77.83,60.25
5,60.39,77.83,60.26
6,60.73,77.84,60.25
6,60.51,77.84,60.23
25,56.05,77.89,60.57
24,54.95,77.88,60.53
25,55.82,77.89,60.56
24,55.17,77.88,60.54
24,55.38,77.89,60.54
25,55.63,77.87,60.54
23,54.29,77.93,60.41
23,54.51,77.93,60.42
23,54.73,77.91,60.41
25,53.62,77.91,60.38
24,53.52,77.95,60.28
25,53.4,77.93,60.38
24,53.29,77.97,60.28
24,53.73,77.93,60.3
25,53.86,77.92,60.38
24,54.07,77.93,60.4
24,53.19,77.98,60.24
26,52.63,77.96,60.26
25,52.85,77.95,60.28
25,52.96,77.98,60.23
27,52.3,77.98,60.2
27,52.18,78,60.12
26,52.41,78.01,60.12
26,52.52,77.97,60.22
28,51.86,78.01,60.07
28,51.74,78.04,59.97
27,51.97,78.04,59.97
27,52.1,78.02,60.07
30,51.42,78.05,59.92
29,51.66,78.04,59.92
29,51.53,78.04,59.96
30,51.31,78.06,59.79
30,51.2,78.06,59.79
30,51.07,78.06,59.79
5,49.33,78.41,59.24
7,49.57,78.61,59.24
6,49.13,78.65,59.24
8,49.37,78.85,59.24
23,46.13,81.07,55.02
8,48.93,78.89,58.93
9,48.73,79.13,58.93
11,49.17,79.09,58.93
13,48.97,79.33,58.93
15,48.55,79.59,58.77
19,48.15,80.07,58.15
18,47.75,80.57,57.52
26,47.27,81.38,55.65
13,47.33,80.9,56.9
22,47.31,81.18,56.27
26,48.14,81.38,55.65
23,46.49,81.18,55.02
22,47.28,81.38,55.02
4,49.1,78.06,59.55
5,48.7,78.06,59.55
5,48.89,78.43,59.24
5,48.65,78.29,59.24
5,49.1,78.27,59.24
4,49.54,78.06,59.55
5,49.95,78.06,59.55
6,49.78,78.38,59.24
5,49.54,78.25,59.24
6,49.96,78.24,59.24
6,48.45,78.49,58.93
6,48.25,78.73,58.93
6,48.69,78.69,58.93
7,48.49,78.93,58.93
24,45.93,80.2,55.65
25,46.13,80.76,55.65
8,48.05,78.97,58.61
9,47.85,79.21,58.61
10,48.29,79.17,58.61
12,48.09,79.41,58.61
12,47.67,79.67,58.15
13,47.27,80.14,57.52
25,46.13,81.07,55.64
25,46.49,81.18,55.65
8,47.97,78.06,59.24
10,47.77,78.06,59.24
7,48.22,78.06,59.24
6,48.42,78.06,59.24
9,47.78,78.34,58.93
7,48.22,78.31,58.93
6,48.01,78.53,58.93
7,48.43,78.21,58.93
8,47.98,78.22,58.93
8,47.81,78.77,58.61
10,47.57,78.57,58.61
9,47.37,78.8,58.61
8,47.61,79.01,58.61
11,46.87,80.62,56.9
12,46.46,80.24,57.52
25,46.13,80.18,56.9
26,45.93,80.21,56.28
24,46.5,80.92,56.27
22,46.31,80.68,56.9
26,46.13,80.76,56.27
10,47.19,79.26,58.15
12,46.76,79.75,57.52
15,47.5,78.06,58.93
22,47.09,78.06,58.61
26,46.57,78.05,58.14
28,46.21,78.06,57.52
20,46.71,78.86,58.14
26,46.13,78.47,56.9
25,46.4,78.48,57.52
19,46.42,79.33,57.52
26,46.13,79.33,56.9
25,46.13,79.33,56.27
25,46.65,78.26,57.52
14,47.52,78.24,58.61
19,47.11,78.43,58.14
23,45.93,80.19,55.02
23,46.13,80.75,55.02
28,50.86,78.06,59.56
10,50.42,78.06,59.55
5,50.21,78.06,59.24
22,50.65,78.06,59.55
21,53.21,78.29,60.25
22,52.99,78.31,60.25
21,53.11,78.41,60.25
22,53.09,78.19,60.25
23,52.65,78.23,60.25
22,52.77,78.33,60.25
22,52.55,78.35,60.25
21,52.67,78.45,60.25
21,52.89,78.43,60.25
20,53.01,78.53,60.25
20,52.79,78.55,60.25
19,52.91,78.65,60.25
23,52.87,78.21,60.25
23,52.97,78.14,60.11
24,52.63,78.1,60.14
24,52.75,78.12,60.26
22,52.45,78.47,60.1
21,52.57,78.57,60.1
20,52.68,78.67,60.25
21,52.46,78.69,60.1
22,52.35,78.59,60.1
22,52.12,78.61,60.1
21,52.24,78.71,60.25
22,52.02,78.73,60.1
21,52.14,78.83,60.25
20,52.58,78.79,60.25
20,52.36,78.81,60.25
20,52.26,78.93,60.25
19,52.5,78.99,60.37
20,52.05,79.06,60.18
20,51.85,79.3,60.2
22,51.41,79.34,59.86
19,51.65,79.54,60.2
22,51.21,79.58,59.86
19,51.45,79.78,60.2
22,51.01,79.82,59.86
20,51.25,80.02,60.2
20,51.29,80.46,60.2
23,50.81,80.06,59.86
22,51.05,80.26,60.2
24,50.87,80.68,60.04
24,50.5,80.96,59.4
8,50.22,78.34,59.24
10,50.01,78.57,59.24
17,50.45,78.54,59.24
18,50.25,78.77,59.24
11,49.81,78.81,58.93
17,50.05,79.01,58.93
14,49.61,79.05,58.93
19,49.85,79.25,58.93
19,49.43,79.51,58.77
21,49.03,79.99,58.15
22,48.63,80.47,57.52
21,48.24,80.86,56.9
23,48.15,81.18,56.27
21,48.68,81.01,56.9
23,49.1,80.82,57.52
25,50.97,79.38,59.55
26,50.53,79.42,59.24
24,50.77,79.62,59.55
26,50.33,79.65,59.24
25,50.57,79.86,59.55
24,49.57,80.98,58.15
25,50.39,80.32,59.4
25,49.99,80.77,58.77
25,51.37,78.9,59.86
25,51.17,79.14,59.55
22,51.61,79.1,59.86
24,52.01,78.51,59.94
24,51.9,78.63,59.94
23,51.81,78.86,59.86
26,51.67,78.43,59.94
25,51.79,78.53,59.94
26,51.77,78.3,59.94
25,51.89,78.41,59.94
26,51.56,78.55,59.79
25,51.68,78.65,59.79
26,51.46,78.67,59.79
24,51.58,78.77,59.79
23,50.09,79.45,58.93
24,49.91,79.91,58.77
24,49.51,80.39,58.15
24,50.49,78.98,59.24
22,50.29,79.21,58.93
26,50.73,79.18,59.24
8,50.42,78.23,59.24
28,50.89,78.5,59.55
18,50.66,78.32,59.24
24,50.69,78.74,59.24
29,51.09,78.29,59.55
24,50.86,78.21,59.24
28,51.13,78.7,59.55
27,50.93,78.94,59.24
27,51.55,78.33,59.79
29,51.43,78.24,59.79
28,51.64,78.23,59.79
28,51.53,78.19,59.79
30,51.31,78.2,59.63
28,51.33,78.45,59.55
25,51.99,78.29,59.94
26,51.87,78.2,59.95
26,52.08,78.2,59.95
24,52.43,78.25,60.1
25,52.31,78.17,60.11
24,52.53,78.16,60.11
25,52.21,78.27,59.94
24,52.11,78.39,59.94
24,52.33,78.37,59.94
23,52.23,78.49,59.94
17,54.13,78.69,60.72
17,54.12,78.62,60.58
18,54.01,78.56,60.6
18,53.91,78.68,60.72
17,54.02,78.78,60.71
19,53.89,78.44,60.54
18,53.79,78.62,60.58
18,53.78,78.53,60.52
20,54.21,78.31,60.56
19,54.33,78.41,60.54
19,54.11,78.43,60.54
18,54.23,78.52,60.52
18,54.45,78.5,60.52
17,54.56,78.57,60.51
17,54.57,78.66,60.57
17,54.34,78.58,60.5
17,54.35,78.68,60.56
17,54.25,78.76,60.71
16,54.46,78.74,60.55
16,54.36,78.86,60.71
16,54.14,78.88,60.71
16,54.26,78.98,60.7
15,53.61,79.14,60.7
14,53.84,79.27,60.7
16,53.7,78.92,60.51
17,53.8,78.8,60.53
15,54.05,79.11,60.7
16,53.82,79.02,60.5
16,53.92,78.9,60.51
14,53.4,79.31,60.7
16,53.17,79.18,60.5
13,52.98,79.5,60.7
15,52.97,79.35,60.5
21,53.65,78.26,60.41
21,53.43,78.28,60.41
20,53.55,78.38,60.41
22,53.53,78.16,60.41
23,53.63,78.06,60.27
23,53.41,78.09,60.27
20,53.77,78.36,60.41
19,53.67,78.48,60.41
21,54.09,78.22,60.41
21,53.87,78.24,60.41
20,53.99,78.34,60.41
22,53.97,78.12,60.41
22,53.84,78.06,60.27
22,53.75,78.14,60.26
22,53.31,78.18,60.26
23,53.19,78.13,60.14
19,53.13,78.63,60.25
18,53.25,78.73,60.39
17,53.36,78.84,60.52
16,53.48,78.94,60.51
17,53.26,78.96,60.51
16,53.38,79.06,60.5
18,53.14,78.85,60.37
20,53.33,78.39,60.25
20,53.23,78.51,60.25
19,53.45,78.5,60.25
18,53.57,78.59,60.41
18,53.69,78.69,60.4
18,53.47,78.71,60.39
19,53.35,78.61,60.25
17,53.58,78.81,60.38
19,53.02,78.75,60.25
18,52.92,78.87,60.38
17,53.04,78.97,60.36
18,52.82,78.99,60.36
17,52.94,79.09,60.36
19,52.8,78.77,60.25
19,52.7,78.89,60.25
17,52.76,79.18,60.37
20,54.65,78.28,60.57
19,54.77,78.37,60.56
19,54.55,78.39,60.55
18,54.67,78.48,60.53
20,54.43,78.3,60.56
21,54.31,78.2,60.57
22,54.19,78.1,60.41
22,54.07,78.06,60.29
21,54.53,78.18,60.57
22,54.41,78.08,60.41
22,54.29,78.07,60.3
20,54.87,78.26,60.57
21,54.75,78.16,60.57
22,54.52,78.06,60.3
22,54.63,78.06,60.41
21,54.97,78.14,60.57
22,54.74,78.02,60.3
22,54.85,78.04,60.41
25,55.95,77.83,60.56
25,56.16,77.83,60.55
26,56.38,77.82,60.55
25,54.95,77.82,60.42
26,55.75,77.82,60.54
26,55.29,77.83,60.54
26,55.16,77.83,60.44
26,55.41,77.83,60.44
26,55.6,77.83,60.44
26,54.19,77.83,60.38
25,54.29,77.84,60.28
25,54.41,77.83,60.38
25,54.52,77.84,60.28
26,54.62,77.83,60.39
25,54.74,77.83,60.28
25,54.84,77.82,60.38
27,53.4,77.84,60.25
27,53.63,77.83,60.25
27,53.85,77.83,60.26
25,54.06,77.84,60.28
27,53.74,77.84,60.2
27,52.63,77.85,60.12
27,52.76,77.84,60.22
27,52.97,77.85,60.1
27,53.19,77.85,60.12
28,52.31,77.85,60.08
28,52.53,77.85,60.09
30,51.87,77.86,59.93
29,52.1,77.86,59.94
31,51.43,77.86,59.78
31,51.66,77.86,59.78
31,51.53,77.86,59.79
31,51.31,77.86,59.6
31,51.12,77.86,59.54
5,49.1,77.86,59.24
6,48.69,77.86,59.24
5,49.54,77.86,59.24
5,49.95,77.86,59.24
14,47.97,77.86,58.93
17,47.77,77.86,58.93
11,48.22,77.86,58.93
9,48.42,77.86,58.93
21,47.5,77.86,58.61
25,47.08,77.86,58.14
27,46.47,77.86,57.52
27,46.03,77.86,56.9
26,45.93,78.33,56.27
25,45.93,79.3,55.65
24,45.93,79.31,55.02
21,50.86,77.86,59.24
5,50.41,77.86,59.24
5,50.21,77.86,58.93
8,50.66,77.86,59.24
19,46.05,80.77,52.58
20,46.02,81.16,52.37
20,46.41,81.39,52.51
19,46.49,81.2,53.14
18,47.29,81.38,53.14
18,48.15,81.38,53.77
21,46.13,80.16,53.77
21,46.31,80.68,53.77
22,46.13,79.34,53.77
22,46.13,80.16,54.4
22,46.31,80.68,54.4
23,46.13,79.34,54.4
21,46.13,80.14,53.16
21,46.28,80.74,53.09
20,46.13,79.33,53.15
20,46.49,80.95,53.13
21,46.5,80.92,54.4
20,46.5,80.92,53.77
19,47.32,81.18,53.77
18,46.1,80.07,52.57
19,46.23,80.75,52.5
17,46.13,79.32,52.53
12,46.13,78.47,51.86
15,46.41,80.23,51.89
15,46.42,79.33,51.9
13,46.4,78.48,51.9
9,46.2,78.06,51.18
19,46.48,80.97,52.51
21,45.93,78.35,54.39
18,45.93,78.36,53.76
16,45.93,78.36,53.12
13,45.93,78.35,52.47
9,46.02,77.86,51.76
8,46.41,77.86,51.08
8,46.2,78.06,50.77
11,46.71,79.73,50.71
8,46.56,78.16,50.7
10,46.65,78.83,50.7
8,46.37,77.86,50.59
9,47.16,79.23,50.51
8,46.97,78.22,50.51
9,46.65,78.26,50.89
10,46.71,78.86,50.89
11,46.76,79.74,50.89
13,46.83,80.64,50.88
2039,52.9,82.27,50.3
297,49.9,79.89,50.3
283,50.79,79.82,50.3
280,51.68,79.75,50.3
1108,52.56,79.68,50.3
1858,52.8,81.37,50.3
1560,52.65,80.54,50.3
16,46.47,80.98,51.27
18,46.01,81.11,51.25
22,46.42,81.4,51.18
18,46.43,81.25,50.77
22,47.25,81.38,50.62
351,50.47,81.2,48.15
353,49.99,80.79,48.77
346,49.51,80.39,49.4
343,49.11,80.87,49.85
330,49.51,80.39,49.85
319,49.5,80.37,50.1
326,49.56,81.22,50.14
305,49.5,80.34,50.3
311,49.54,81.13,50.31
181,49.77,81.5,50.33
854,51.9,82.4,48.77
1023,52.38,82.8,49.4
1195,52.85,83.21,49.85
1460,52.78,82.32,49.85
1473,52.7,81.45,49.85
365,51.75,80.64,48.77
544,52.15,80.16,49.4
547,51.82,81.52,48.77
1109,52.3,81.92,49.4
889,52.23,81.04,49.4
328,50.87,80.72,48.77
324,49.91,79.91,49.84
328,50.39,80.32,49.4
313,51.27,80.24,49.4
309,50.79,79.84,49.84
311,51.67,79.76,49.84
304,50.38,80.3,50.11
298,50.43,80.87,50.15
689,52.15,80.16,49.84
287,51.27,80.22,50.11
708,52.15,80.15,50.1
989,52.22,81.05,49.86
1020,52.26,81.01,50.12
868,52.05,81.5,49.87
710,52.1,81.45,50.17
285,51.33,80.8,50.14
381,51.38,81.56,47.83
598,49.18,81.74,49.89
291,49.61,81.73,50.19
89,49.91,81.64,50.41
185,49.82,81.61,50.19
366,50.06,81.67,48.77
387,49.59,81.27,49.4
369,50.58,82.52,47.83
394,51.42,82,48.77
1251,51.76,83.77,49.83
1298,52.45,83.69,49.87
721,51.5,82.88,48.77
1071,51.98,83.28,49.4
391,50.62,82.96,48.77
735,50.22,83.44,49.4
1088,50.7,83.84,50.02
750,51.1,83.36,49.4
1070,51.53,83.76,50.06
1754,52.16,83.28,50.17
1690,51.98,83.73,50.3
1854,52.44,82.78,50.14
1455,52.37,81.88,50.15
1090,52.25,82.29,50.32
693,52.12,83.19,50.42
43,52.12,81.7,50.4
75,52.11,83.21,50.79
10,46.65,78.26,51.27
11,46.71,78.86,51.27
12,46.76,79.74,51.27
14,46.87,80.62,51.27
11,47.26,80.15,50.71
14,47.3,80.99,50.7
9,47.65,79.66,50.51
13,47.73,80.71,50.51
318,50.14,82.56,48.77
427,49.66,82.15,49.4
725,49.16,82,50.13
297,49.63,81.79,50.31
517,49.13,81.83,50.67
134,49.16,81.66,51.33
138,49.59,81.66,50.77
698,49.74,83.03,49.4
770,48.26,82.07,51.26
503,48.77,81.86,51.3
1067,49.26,82.63,50.02
1101,48.78,82.26,50.64
1339,49.34,83.51,50.02
1325,48.86,83.11,50.65
1276,48.38,82.71,51.27
17,46.47,80.98,51.9
19,46.01,81.11,51.91
22,46.43,81.4,51.88
15,46.87,80.62,51.9
2,65.43,78.56,60.73
11,62.4,78.21,60.67
12,62.41,78.31,60.67
13,62.31,78.4,60.65
13,62.53,78.38,60.65
13,62.65,78.48,60.73
14,62.76,78.54,60.73
14,62.54,78.56,60.73
14,62.43,78.49,60.62
11,62.62,78.19,60.67
12,62.63,78.29,60.67
10,62.51,78.13,60.68
10,62.73,78.11,60.68
9,62.61,78.02,60.57
13,62.75,78.36,60.65
12,63.07,78.25,60.69
10,63.17,78.09,60.68
8,63.27,77.98,60.57
10,62.95,78.13,60.74
6,63.05,77.93,60.68
7,63.11,77.98,60.68
8,63,77.99,60.68
9,63.05,78.04,60.68
7,63.14,77.92,60.58
7,62.83,77.95,60.68
8,62.78,78.01,60.68
8,62.89,78,60.68
9,62.84,78.06,60.68
8,62.93,77.92,60.58
8,62.71,77.92,60.57
11,62.86,78.2,60.66
8,63.27,77.92,60.41
8,63.15,77.9,60.43
8,63.04,77.89,60.51
9,62.93,77.91,60.42
8,62.71,77.91,60.41
9,62.62,77.91,60.37
7,63.05,77.82,60.4
7,62.83,77.83,60.38
7,63.26,77.83,60.28
8,62.62,77.83,60.25
10,64.41,78.36,60.74
9,64.4,78.29,60.68
12,64.31,78.44,60.74
10,64.53,78.42,60.74
13,64.43,78.54,60.73
7,64.63,78.34,60.74
7,64.63,78.27,60.68
7,64.51,78.23,60.69
5,64.73,78.21,60.69
2,64.61,78.02,60.69
3,64.67,78.07,60.68
3,64.56,78.08,60.68
4,64.61,78.13,60.68
2,64.78,78.06,60.68
2,64.84,78.11,60.68
9,64.07,78.21,60.73
11,64.07,78.28,60.73
4,64.39,78.04,60.69
5,64.34,78.1,60.68
4,64.45,78.09,60.68
6,64.4,78.14,60.68
2,64.6,77.94,60.47
3,64.49,77.98,60.57
9,64.29,78.25,60.68
11,64.19,78.34,60.74
8,64.17,78.14,60.74
2,64.26,77.94,60.68
4,64.21,78,60.69
3,64.33,77.99,60.69
4,64.28,78.04,60.69
3,64.36,77.92,60.59
4,64.05,77.96,60.69
4,64.11,78.01,60.69
5,64,78.02,60.69
6,64.06,78.07,60.68
4,64.15,77.93,60.58
6,63.94,77.95,60.59
8,63.95,78.12,60.68
4,64.86,78.25,60.66
4,64.97,78.32,60.65
5,64.97,78.41,60.66
4,65.09,78.48,60.74
3,65.21,78.58,60.73
5,65.1,78.66,60.73
7,64.75,78.4,60.65
10,64.65,78.52,60.73
9,64.76,78.58,60.73
13,64.55,78.6,60.73
7,64.87,78.5,60.63
6,64.99,78.6,60.73
5,65.13,78.92,60.71
7,65.03,79.04,60.7
3,65.33,78.72,60.72
3,65.33,78.64,60.6
4,65.23,78.8,60.72
2,65.45,78.78,60.71
3,65.35,78.9,60.71
3,65.17,78.38,60.66
2,65.42,78.38,60.66
2,65.31,78.47,60.65
3,65.07,78.25,60.57
2,64.95,78.15,60.57
2,65.05,78.04,60.41
2,64.71,77.91,60.4
4,64.04,77.9,60.52
5,63.94,77.93,60.43
4,64.15,77.91,60.43
3,64.38,77.91,60.43
2,64.27,77.89,60.51
3,64.49,77.92,60.4
2,64.05,77.83,60.4
2,64.27,77.83,60.4
2,64.48,77.83,60.28
13,63.09,78.44,60.74
14,63.21,78.54,60.73
15,63.1,78.62,60.73
14,62.97,78.37,60.66
13,62.96,78.27,60.65
15,63.32,78.6,60.73
16,63.55,78.62,60.73
14,62.87,78.46,60.63
14,62.99,78.56,60.73
14,63.97,78.37,60.65
15,64.09,78.46,60.63
18,64.33,78.69,60.72
16,64.32,78.62,60.59
15,63.87,78.48,60.63
16,63.99,78.55,60.61
17,63.99,78.62,60.72
16,63.77,78.6,60.73
16,63.66,78.68,60.73
16,64.21,78.56,60.6
18,64.11,78.68,60.72
19,64.23,78.77,60.71
17,64.45,78.76,60.71
20,64.35,78.87,60.71
19,64.47,78.97,60.7
16,64.57,78.86,60.71
18,63.57,78.83,60.71
19,63.69,78.93,60.71
19,63.47,78.95,60.7
20,63.59,79.05,60.7
13,63.42,78.26,60.66
13,63.18,78.25,60.66
14,63.19,78.35,60.67
15,63.31,78.42,60.65
11,63.29,78.18,60.68
11,63.83,78.23,60.67
12,63.63,78.25,60.67
13,63.74,78.31,60.65
15,63.75,78.41,60.66
9,63.73,78.14,60.68
8,63.83,78.03,60.57
14,63.53,78.33,60.65
15,63.53,78.43,60.66
16,63.65,78.5,60.64
16,63.43,78.52,60.63
11,63.51,78.16,60.68
8,63.72,78.01,60.45
9,63.61,78.05,60.57
9,63.49,78.01,60.45
10,63.39,78.07,60.57
8,63.61,77.95,60.39
6,63.83,77.94,60.4
8,63.41,77.95,60.38
7,63.4,77.84,60.25
6,63.62,77.84,60.28
5,63.83,77.84,60.28
11,61.95,78.28,60.67
12,62.09,78.42,60.65
9,61.42,78.22,60.66
11,61.65,78.48,60.74
11,61.65,78.41,60.67
11,61.51,78.36,60.67
10,61.43,78.46,60.74
11,61.55,78.57,60.73
10,61.31,78.37,60.66
12,61.86,78.37,60.65
12,61.87,78.46,60.66
11,61.77,78.55,60.74
12,61.67,78.67,60.73
13,61.99,78.53,60.63
12,61.89,78.65,60.73
12,61.78,78.72,60.72
10,61.63,78.22,60.67
10,61.85,78.2,60.68
9,61.73,78.1,60.57
11,61.75,78.3,60.67
9,61.51,78.12,60.57
9,61.61,78.02,60.42
9,61.61,77.95,60.26
7,61.72,77.83,60.22
8,61.62,77.84,60.12
7,61.5,77.84,60.23
14,62.2,78.49,60.53
14,62.32,78.55,60.51
15,62.33,78.65,60.57
14,62.45,78.71,60.71
15,62.57,78.81,60.71
14,62.1,78.57,60.52
14,62.11,78.67,60.58
13,62.01,78.75,60.72
13,61.91,78.86,60.71
16,62.47,78.93,60.7
15,62.35,78.83,60.71
15,62.23,78.73,60.55
14,62.13,78.84,60.71
14,62.03,78.97,60.7
11,61.33,78.59,60.61
10,61.23,78.74,60.72
11,61.22,78.66,60.58
11,61.45,78.72,60.72
12,61.44,78.65,60.6
11,61.35,78.8,60.71
12,61.57,78.79,60.72
13,61.69,78.88,60.71
10,61.13,78.82,60.71
10,61.03,78.94,60.7
12,61.47,78.9,60.71
13,61.59,79,60.7
11,61.25,78.92,60.71
11,61.15,79.04,60.7
14,61.82,79.1,60.7
17,62.05,79.22,60.7
15,61.61,79.26,60.7
10,60.94,79.17,60.7
12,61.17,79.3,60.7
11,60.73,79.34,60.7
11,62.18,78.23,60.67
12,62.2,78.33,60.67
10,62.07,78.17,60.68
9,61.95,78.08,60.57
9,61.83,78,60.42
10,62.29,78.15,60.68
10,62.39,78.04,60.56
9,62.49,77.97,60.43
10,62.17,78.06,60.57
9,62.26,77.98,60.42
9,62.05,77.99,60.42
9,61.83,77.94,60.26
9,62.06,77.94,60.28
9,62.5,77.94,60.28
9,62.26,77.94,60.28
9,62.39,77.91,60.37
8,61.84,77.84,60.12
8,61.97,77.83,60.22
8,62.17,77.83,60.23
8,62.39,77.83,60.24
5,59.97,78.26,60.57
6,60.09,78.35,60.55
6,59.87,78.37,60.55
7,59.99,78.46,60.53
7,60.21,78.44,60.54
8,60.32,78.51,60.52
8,60.33,78.6,60.58
8,59.77,78.48,60.53
10,59.66,78.57,60.52
12,59.67,78.66,60.58
7,60.1,78.53,60.52
8,59.88,78.55,60.52
7,60.11,78.62,60.58
8,59.89,78.64,60.58
7,60.01,78.7,60.72
8,60.23,78.68,60.56
8,60.13,78.8,60.71
12,59.79,78.72,60.56
10,59.91,78.82,60.71
10,60.03,78.92,60.7
17,59.57,78.74,60.56
19,59.82,79.05,60.7
17,59.69,78.84,60.53
26,59.38,79.09,60.7
22,59.47,78.86,60.54
22,59.59,78.96,60.52
25,59.61,79.21,60.7
7,60.41,78.22,60.57
8,60.53,78.31,60.56
7,60.31,78.33,60.56
8,60.43,78.42,60.54
8,60.63,78.2,60.57
7,60.51,78.1,60.41
6,60.19,78.24,60.57
6,60.29,78.12,60.57
6,60.39,78.02,60.42
5,60.07,78.14,60.57
5,59.83,78.01,60.29
5,59.95,78.04,60.41
6,60.06,78.01,60.31
6,60.17,78.02,60.41
8,60.75,78.3,60.56
9,60.97,78.28,60.56
9,60.87,78.39,60.55
8,60.85,78.18,60.57
8,60.6,78.06,60.3
8,60.73,78.08,60.41
8,60.65,78.41,60.54
9,60.56,78.51,60.51
10,61.09,78.38,60.56
11,61.21,78.47,60.54
9,60.89,78.66,60.72
10,60.88,78.59,60.6
9,60.77,78.5,60.52
10,60.99,78.48,60.53
9,60.66,78.58,60.49
9,60.67,78.68,60.56
8,60.79,78.74,60.71
11,61.12,78.58,60.51
11,61.11,78.61,60.6
9,61.01,78.72,60.72
9,60.91,78.84,60.71
7,60.84,77.84,60.22
8,60.45,78.66,60.56
9,60.57,78.76,60.53
9,60.35,78.78,60.53
10,60.47,78.88,60.51
11,60.25,78.9,60.51
14,60.15,79.02,60.5
10,60.69,78.86,60.52
11,60.81,78.96,60.51
11,60.5,79.21,60.7
12,60.37,79,60.5
15,60.27,79.12,60.5
11,60.59,78.98,60.5
12,60.71,79.08,60.5
21,60.3,79.53,60.7
20,60.29,79.38,60.5
21,60.06,79.25,60.5
26,59.85,79.5,60.7
28,60.09,79.71,60.7
9,61.19,78.26,60.57
9,61.29,78.14,60.57
9,61.39,78.04,60.41
8,61.07,78.16,60.57
9,61.17,78.05,60.41
9,61.06,78.04,60.3
8,60.95,78.07,60.41
8,60.95,77.98,60.25
8,61.17,77.97,60.25
9,61.39,77.96,60.26
7,60.96,77.85,60.13
8,61.16,77.85,60.13
8,61.39,77.85,60.12
7,61.28,77.84,60.22
29,57.11,77.96,60.82
27,57.12,78.01,60.78
29,57.18,77.99,60.82
27,57.19,78.01,60.78
28,57.11,77.85,60.81
29,57.22,77.85,60.81
28,57.16,77.89,60.84
29,57.22,77.95,60.83
29,57.27,77.89,60.77
28,57.33,77.87,60.71
28,57.28,77.83,60.69
28,57.21,77.86,60.76
27,57.2,77.82,60.69
27,57,77.97,60.82
23,56.99,78.01,60.78
24,56.89,77.98,60.82
23,56.89,78.01,60.78
28,57.05,77.9,60.76
28,57.11,77.86,60.76
27,57.1,77.81,60.69
26,56.95,77.94,60.83
28,56.94,77.88,60.81
28,56.99,77.86,60.76
27,57,77.81,60.69
24,56.78,77.98,60.82
23,56.78,78.01,60.78
26,56.68,77.99,60.82
24,56.68,78.01,60.78
26,56.72,77.94,60.83
26,56.94,77.85,60.7
27,56.88,77.87,60.76
27,56.89,77.81,60.69
27,56.77,77.87,60.76
27,56.77,77.81,60.69
26,56.83,77.92,60.76
27,56.82,77.85,60.77
27,56.82,77.81,60.69
28,56.66,77.88,60.76
27,56.66,77.81,60.69
26,56.55,77.89,60.76
27,56.61,77.94,60.76
27,56.72,77.85,60.77
27,56.71,77.81,60.69
27,56.6,77.85,60.76
27,56.6,77.81,60.69
25,56.5,77.86,60.69
24,58.69,78.81,60.71
24,58.81,78.91,60.7
21,47.32,81.18,54.4
20,48.15,81.38,54.4
23,48.14,81.38,55.02
27,48.69,81.38,55.65
23,48.69,81.18,56.27
25,49.1,81.38,56.27
12,52.78,79.67,60.7
11,52.59,79.93,60.7
16,52.53,79.46,60.5
15,52.33,79.71,60.5
18,52.29,79.26,60.2
18,52.09,79.5,60.2
22,51.33,80.93,60.04
12,52.41,80.2,60.7
15,52.14,79.96,60.5
18,51.89,79.74,60.2
15,51.93,80.13,60.5
18,51.69,79.98,60.2
18,51.49,80.22,60.2
13,52.28,80.53,60.71
18,51.64,80.69,60.06
15,51.95,80.28,60.51
21,49.1,81.18,56.9
20,49.61,81.38,56.9
21,49.6,81.18,57.52
20,50.04,81.38,57.53
15,51.92,80.52,60.54
18,51.94,80.99,60.15
21,51.42,81.18,59.45
21,50.56,81.18,58.79
22,50.01,81.18,58.15
12,52.27,80.9,60.63
12,52.25,80.9,60.18
18,52.11,81.16,59.5
19,51.55,81.38,58.83
20,50.61,81.38,58.17
16,55.04,79.02,60.7
15,54.94,79.14,60.7
15,54.48,78.96,60.51
14,54.73,79.27,60.7
15,54.6,79.06,60.5
14,54.29,79.31,60.7
15,54.38,79.08,60.5
14,54.5,79.18,60.5
13,54.53,79.44,60.7
18,54.89,78.46,60.54
18,54.78,78.55,60.52
17,54.79,78.64,60.58
17,54.68,78.73,60.56
16,54.59,78.84,60.53
16,54.8,78.82,60.53
15,54.7,78.94,60.51
17,55.13,78.72,60.72
17,55.12,78.64,60.58
18,55.01,78.55,60.51
17,54.91,78.7,60.56
17,55.03,78.8,60.71
17,55.25,78.78,60.71
16,55.14,78.9,60.7
15,54.92,78.92,60.51
15,54.82,79.04,60.5
21,55.19,78.12,60.68
22,55.07,78.02,60.57
23,54.95,77.97,60.43
20,55.09,78.24,60.57
19,54.99,78.36,60.56
20,55.53,78.22,60.74
19,55.65,78.34,60.73
20,55.67,78.28,60.69
19,55.44,78.36,60.73
20,55.4,78.3,60.68
21,55.31,78.2,60.67
19,55.55,78.42,60.73
22,55.41,78.1,60.68
23,55.29,78,60.57
23,55.17,77.97,60.45
18,55.56,78.61,60.73
19,55.21,78.34,60.56
19,55.33,78.45,60.64
18,55.11,78.45,60.54
18,55.23,78.56,60.61
18,55.45,78.55,60.62
17,55.35,78.7,60.72
17,55.34,78.63,60.59
20,56.3,78.22,60.74
21,56.53,78.24,60.74
21,56.41,78.14,60.74
23,56.5,78.01,60.75
25,56.5,77.94,60.76
22,56.45,78.04,60.75
24,56.45,77.97,60.76
23,56.56,78.03,60.75
26,56.57,77.97,60.76
22,56.51,78.08,60.75
19,56.21,78.37,60.74
19,56.11,78.49,60.73
19,56.33,78.48,60.73
19,56.22,78.56,60.73
19,55.99,78.39,60.73
20,55.87,78.33,60.73
20,55.84,78.27,60.69
20,55.97,78.18,60.74
23,55.85,78.06,60.69
21,55.75,78.17,60.68
22,55.63,78.08,60.69
24,55.73,77.97,60.57
24,55.6,77.93,60.45
24,55.51,77.98,60.57
23,55.41,77.95,60.45
21,56.19,78.16,60.74
22,56.29,78.06,60.75
25,56.28,77.95,60.75
25,56.33,77.91,60.68
25,56.44,77.9,60.68
24,56.39,77.96,60.68
25,56.38,77.86,60.69
21,56.07,78.07,60.75
24,56.06,77.97,60.75
25,56.27,77.87,60.6
25,56.22,77.92,60.68
25,56.11,77.93,60.68
24,56.17,77.98,60.68
26,56.16,77.87,60.68
24,56.05,77.9,60.6
24,56,77.94,60.69
24,55.89,77.95,60.68
23,55.96,77.99,60.69
24,55.94,77.9,60.69
25,55.82,77.91,60.6
20,56.09,78.31,60.73
21,56.11,78.24,60.68
28,57.61,77.87,60.68
28,57.72,77.87,60.69
28,57.5,77.87,60.68
25,56.49,77.87,60.57
13,58.38,77.88,60.52
22,58.19,77.87,60.66
16,58.28,77.88,60.57
28,57.76,77.88,60.67
4,59.18,77.91,60.53
9,58.72,77.91,60.52
13,58.6,77.92,60.41
9,58.83,77.92,60.43
6,59.05,77.93,60.44
5,58.95,77.9,60.52
5,59.3,77.96,60.38
4,59.5,77.95,60.38
4,59.63,77.97,60.28
4,59.71,77.92,60.38
5,59.83,77.94,60.28
5,60.06,77.94,60.31
5,59.95,77.91,60.38
6,60.17,77.95,60.25
6,60.39,77.96,60.26
8,60.73,77.99,60.25
7,60.51,77.98,60.23
8,59.53,78.3,60.41
8,59.65,78.4,60.41
12,59.43,78.42,60.41
12,59.55,78.52,60.41
6,59.75,78.28,60.41
5,59.85,78.16,60.41
6,59.63,78.18,60.41
5,59.73,78.08,60.26
24,58.53,78.27,60.56
24,58.41,78.17,60.57
11,59.31,78.31,60.41
7,59.41,78.19,60.41
6,59.52,78.11,60.26
14,58.97,78.24,60.57
19,58.75,78.25,60.57
20,58.87,78.35,60.56
10,59.19,78.21,60.41
9,59.07,78.11,60.57
8,59.28,78.13,60.27
7,59.16,78.04,60.43
14,58.85,78.14,60.57
11,58.95,78.03,60.42
23,58.65,78.37,60.55
24,58.77,78.46,60.53
20,58.63,78.15,60.57
16,58.73,78.05,60.41
19,58.61,78.02,60.31
21,58.51,78.05,60.41
18,59.33,78.54,60.41
18,59.45,78.64,60.42
17,59.21,78.43,60.41
16,59.09,78.33,60.41
22,58.99,78.45,60.41
24,58.9,78.55,60.51
24,59,78.62,60.5
25,59.01,78.71,60.56
22,59.11,78.56,60.41
25,58.79,78.7,60.56
25,58.91,78.79,60.53
22,59.23,78.65,60.41
25,59.13,78.78,60.55
22,59.35,78.75,60.4
25,59.25,78.88,60.53
24,58.94,79.13,60.7
25,59.03,78.9,60.52
25,59.15,79,60.51
28,59.89,79.97,60.7
25,59.17,79.25,60.7
28,59.65,79.75,60.7
24,58.45,78.65,60.72
24,58.44,78.58,60.59
25,58.55,78.47,60.52
25,58.66,78.54,60.51
25,58.67,78.63,60.57
24,58.57,78.72,60.71
23,58.35,78.73,60.71
23,58.47,78.83,60.71
25,57.97,78.25,60.69
26,58.07,78.09,60.68
24,58.17,77.98,60.57
23,57.87,78.37,60.74
24,57.87,78.31,60.68
24,58.09,78.35,60.74
25,58.09,78.28,60.68
20,58.39,77.99,60.42
23,58.29,78.07,60.56
25,58.19,78.17,60.67
23,57.99,78.43,60.74
25,58.43,78.38,60.54
24,58.33,78.52,60.61
23,58.23,78.67,60.72
24,58.22,78.6,60.59
25,58.31,78.29,60.56
24,58.21,78.42,60.64
23,58.11,78.54,60.61
22,57.77,78.45,60.74
22,57.89,78.55,60.73
21,57.67,78.57,60.73
21,57.78,78.64,60.73
22,58.13,78.75,60.71
22,58.01,78.69,60.72
23,58,78.62,60.59
21,57.91,78.77,60.72
21,58.03,78.87,60.71
24,57.75,78.27,60.69
25,57.85,78.12,60.75
28,57.95,77.94,60.75
27,57.95,78,60.68
25,58.05,77.92,60.59
24,57.63,78.14,60.75
27,57.72,77.96,60.69
27,57.79,78,60.69
26,57.67,78.01,60.69
26,57.73,78.06,60.69
27,57.84,77.94,60.59
21,57.31,78.27,60.74
22,57.53,78.26,60.74
24,57.57,78.06,60.76
27,57.56,77.98,60.77
26,57.56,78,60.73
23,57.45,78.07,60.76
25,57.45,78.01,60.73
28,57.5,77.96,60.76
26,57.5,78,60.73
27,57.61,77.96,60.68
28,57.66,77.91,60.69
27,57.55,77.92,60.69
23,57.51,78.1,60.75
29,57.28,77.97,60.77
24,57.29,78.03,60.75
23,57.23,78.06,60.75
23,57.34,78.06,60.75
22,57.29,78.11,60.75
26,57.33,77.93,60.69
25,57.39,77.98,60.69
28,57.44,77.92,60.68
28,57.38,77.89,60.69
23,57.53,78.29,60.69
22,57.65,78.39,60.74
23,57.64,78.32,60.68
21,57.55,78.47,60.74
21,57.43,78.41,60.74
22,57.43,78.34,60.68
28,57.55,77.82,60.67
29,57.66,77.82,60.68
29,57.38,77.83,60.69
28,57.33,77.84,60.66
29,57.45,77.83,60.67
27,57.25,77.83,60.6
26,57.05,77.82,60.59
25,56.83,77.82,60.57
25,56.62,77.82,60.57
25,57.83,77.83,60.58
14,58.05,77.82,60.58
11,58.39,77.83,60.41
11,58.19,77.82,60.56
11,58.5,77.83,60.38
4,59.16,77.83,60.41
14,58.61,77.83,60.31
8,58.73,77.83,60.4
6,58.95,77.83,60.4
5,59.29,77.85,60.25
3,59.52,77.84,60.25
4,59.72,77.83,60.24
4,59.95,77.83,60.25
5,60.06,77.84,60.2
6,60.18,77.84,60.12
6,60.39,77.84,60.12
5,60.29,77.83,60.22
7,60.72,77.85,60.12
7,60.5,77.85,60.1
24,55.94,77.9,60.53
24,56.13,77.88,60.53
24,56.42,77.88,60.54
23,54.95,77.91,60.41
25,55.76,77.88,60.53
24,55.29,77.89,60.53
24,55.16,77.91,60.43
24,55.4,77.91,60.43
24,55.61,77.9,60.42
23,54.19,77.94,60.38
23,54.29,77.98,60.28
23,54.41,77.94,60.38
23,54.52,77.97,60.28
23,54.62,77.93,60.38
23,54.74,77.95,60.28
23,54.84,77.91,60.38
24,53.63,77.96,60.25
24,53.4,77.97,60.25
24,53.85,77.96,60.26
23,54.06,77.97,60.27
24,53.74,77.97,60.2
24,53.19,78.01,60.12
25,52.63,78,60.12
25,52.76,77.97,60.22
25,52.97,78.01,60.1
26,52.31,78.02,60.08
26,52.53,78.01,60.09
28,51.87,78.04,59.93
27,52.1,78.05,59.94
30,51.43,78.06,59.78
29,51.66,78.06,59.78
29,51.53,78.06,59.79
30,51.31,78.06,59.6
30,51.12,78.06,59.54
6,49.33,78.41,58.93
7,49.57,78.61,58.93
7,49.13,78.65,58.93
9,49.37,78.85,58.93
23,46.5,80.92,55.02
9,48.93,78.89,58.61
11,48.73,79.13,58.61
12,49.17,79.09,58.61
14,48.97,79.33,58.61
16,48.55,79.59,58.15
19,48.15,80.07,57.52
17,47.75,80.57,56.9
17,47.33,80.9,56.27
25,47.31,81.18,55.65
25,48.15,81.18,55.65
23,47.32,81.18,55.02
5,49.1,78.06,59.24
5,48.69,78.06,59.24
6,48.89,78.43,58.93
6,48.65,78.29,58.93
6,49.1,78.27,58.93
5,49.54,78.06,59.24
5,49.95,78.06,59.24
6,49.78,78.38,58.93
6,49.54,78.25,58.93
6,49.96,78.24,58.93
7,48.45,78.49,58.61
7,48.25,78.73,58.61
7,48.69,78.69,58.61
8,48.49,78.93,58.61
24,46.13,80.17,55.65
24,46.31,80.68,55.65
11,48.07,79.19,58.15
13,47.67,79.67,57.52
13,47.27,80.14,56.9
25,46.5,80.92,55.65
10,47.97,78.06,58.93
12,47.77,78.06,58.93
9,48.22,78.06,58.93
7,48.42,78.06,58.93
8,48.43,78.21,58.61
10,47.78,78.34,58.61
8,48.22,78.31,58.61
8,48.01,78.53,58.61
10,47.98,78.22,58.61
11,47.59,78.79,58.15
17,46.87,80.62,56.27
19,46.46,80.23,56.89
25,46.13,80.17,56.27
25,46.31,80.68,56.27
12,47.19,79.26,57.52
16,46.76,79.74,56.9
18,47.5,78.06,58.61
24,47.1,78.06,58.14
27,46.57,78.06,57.52
27,46.21,78.06,56.9
25,46.13,78.46,56.27
24,46.13,79.33,55.65
20,46.71,78.86,57.52
21,46.42,79.33,56.9
25,46.4,78.48,56.9
22,46.42,79.33,56.27
24,46.4,78.48,56.27
25,46.65,78.26,56.9
17,47.53,78.24,58.15
21,47.12,78.43,57.52
23,46.13,80.17,55.02
23,46.31,80.68,55.02
23,46.13,79.33,55.02
23,50.86,78.06,59.24
6,50.41,78.06,59.24
5,50.21,78.06,58.93
14,50.66,78.06,59.24
22,53.21,78.29,60.1
22,52.99,78.31,60.1
21,53.11,78.41,60.1
23,53.09,78.2,60.1
23,52.65,78.23,60.1
22,52.77,78.33,60.1
23,52.55,78.35,60.1
22,52.67,78.45,60.1
21,52.89,78.43,60.1
20,53.01,78.53,60.1
21,52.79,78.55,60.1
20,52.91,78.65,60.1
23,52.97,78.17,59.98
23,52.87,78.21,60.1
24,52.74,78.14,60.11
23,52.45,78.47,59.94
22,52.57,78.57,59.94
20,52.58,78.79,60.1
19,52.7,78.89,60.1
20,52.68,78.67,60.1
19,52.8,78.77,60.1
22,52.35,78.59,59.94
21,52.46,78.69,59.94
20,52.36,78.81,60.1
22,52.02,78.73,59.94
23,52.12,78.61,59.94
21,52.24,78.71,60.1
21,52.14,78.83,60.1
20,52.26,78.93,60.1
19,52.49,79.02,60.18
21,52.05,79.06,59.86
20,51.85,79.3,59.86
23,51.41,79.34,59.55
20,51.65,79.54,59.86
23,51.21,79.58,59.55
20,51.45,79.78,59.86
18,51.49,80.22,59.86
22,51.01,79.82,59.55
20,51.25,80.02,59.86
23,50.81,80.06,59.55
20,51.29,80.46,59.86
21,51.05,80.26,59.86
22,50.86,80.68,59.4
22,50.5,80.96,58.77
7,50.22,78.34,58.93
9,50.01,78.57,58.93
13,50.45,78.54,58.93
15,50.25,78.77,58.93
11,49.81,78.81,58.61
15,50.05,79.01,58.61
13,49.61,79.05,58.61
17,49.85,79.25,58.61
18,49.43,79.51,58.15
20,49.03,79.99,57.52
21,48.63,80.47,56.9
21,48.24,80.86,56.27
22,48.68,81.01,56.27
21,49.1,80.82,56.9
21,49.57,80.98,57.52
21,49.51,80.39,57.52
25,50.97,79.38,59.24
24,50.53,79.42,58.93
25,50.77,79.62,59.24
25,50.33,79.65,58.93
23,51.01,79.82,59.24
23,50.81,80.06,59.24
25,50.57,79.86,59.24
24,50.39,80.32,58.77
22,49.99,80.77,58.15
26,51.37,78.9,59.55
26,51.17,79.14,59.24
23,51.61,79.1,59.55
24,52.01,78.51,59.79
24,51.9,78.63,59.79
23,52.02,78.73,59.79
23,52.12,78.61,59.79
24,51.81,78.86,59.55
26,51.67,78.43,59.79
25,51.79,78.53,59.79
27,51.77,78.3,59.79
25,51.89,78.41,59.79
26,51.57,78.66,59.55
23,50.33,79.65,58.61
21,50.09,79.45,58.61
21,49.91,79.91,58.15
21,50.49,78.98,58.93
19,50.29,79.21,58.61
24,50.73,79.18,58.93
22,50.53,79.42,58.61
7,50.42,78.23,58.93
26,50.89,78.5,59.24
13,50.66,78.32,58.93
21,50.69,78.74,58.93
28,51.09,78.29,59.24
17,50.86,78.21,58.93
28,51.13,78.7,59.24
25,50.93,78.94,58.93
28,51.54,78.27,59.55
29,51.33,78.44,59.24
26,51.99,78.29,59.79
27,51.87,78.22,59.79
26,52.09,78.21,59.79
24,52.43,78.25,59.94
25,52.31,78.19,59.95
24,52.53,78.19,59.96
25,52.21,78.28,59.79
25,52.11,78.39,59.79
24,52.33,78.37,59.79
24,52.23,78.49,59.79
18,54.01,78.53,60.52
18,54.12,78.6,60.49
17,54.13,78.69,60.56
17,53.91,78.68,60.56
17,54.02,78.78,60.53
19,53.89,78.46,60.41
18,53.79,78.58,60.42
20,54.21,78.32,60.41
19,54.33,78.42,60.41
19,54.11,78.44,60.41
18,54.23,78.54,60.41
18,54.45,78.52,60.41
17,54.57,78.62,60.41
17,54.35,78.64,60.41
17,54.25,78.76,60.54
16,54.47,78.73,60.39
16,54.36,78.86,60.52
16,54.14,78.88,60.52
15,54.26,78.98,60.51
15,53.61,79.14,60.5
13,53.86,79.42,60.7
14,53.84,79.27,60.5
16,53.7,78.91,60.36
17,53.8,78.79,60.38
15,54.05,79.11,60.5
16,53.82,79.02,60.36
16,53.93,78.89,60.36
13,53.42,79.46,60.7
15,53.4,79.31,60.5
12,53.65,79.59,60.7
12,53.22,79.63,60.7
10,53.46,79.85,60.7
16,53.17,79.16,60.36
15,52.98,79.5,60.5
16,52.96,79.31,60.37
21,53.65,78.26,60.25
21,53.43,78.28,60.25
20,53.55,78.38,60.25
22,53.62,78.1,60.14
22,53.53,78.16,60.26
23,53.41,78.12,60.14
20,53.77,78.36,60.25
19,53.67,78.48,60.25
21,54.09,78.21,60.25
21,53.87,78.24,60.25
20,53.99,78.34,60.25
22,53.97,78.12,60.26
22,53.85,78.1,60.14
22,53.75,78.15,60.11
22,53.31,78.19,60.1
19,53.02,78.75,60.1
19,53.13,78.63,60.1
18,53.24,78.73,60.25
17,53.36,78.83,60.37
16,53.48,78.93,60.36
17,53.26,78.95,60.36
16,53.38,79.05,60.36
18,53.14,78.85,60.25
18,53.14,78.85,60.1
18,53.24,78.73,60.1
20,53.33,78.39,60.1
20,53.23,78.51,60.1
20,53.45,78.5,60.1
18,53.57,78.6,60.25
17,53.69,78.7,60.25
18,53.46,78.72,60.25
19,53.35,78.61,60.1
17,53.58,78.82,60.25
18,52.93,78.98,60.18
17,52.73,79.23,60.19
20,54.65,78.28,60.41
19,54.77,78.38,60.41
19,54.55,78.4,60.41
18,54.67,78.5,60.41
20,54.43,78.3,60.41
20,54.31,78.2,60.41
21,54.19,78.12,60.26
21,54.53,78.18,60.41
21,54.41,78.11,60.27
20,54.87,78.26,60.41
21,54.75,78.16,60.41
21,54.63,78.09,60.27
21,54.97,78.14,60.41
22,54.85,78.07,60.27
25,55.95,77.83,60.42
26,56.17,77.83,60.42
25,56.38,77.83,60.43
25,54.95,77.83,60.28
25,55.08,77.83,60.39
26,55.85,77.83,60.38
26,55.73,77.82,60.41
26,55.29,77.83,60.4
26,55.51,77.83,60.39
25,54.19,77.84,60.24
25,54.41,77.84,60.25
25,54.62,77.84,60.25
25,54.85,77.83,60.25
26,53.41,77.85,60.13
26,53.62,77.85,60.12
26,53.85,77.85,60.12
26,53.98,77.84,60.22
26,53.75,77.85,60.08
27,53.31,77.85,60.07
27,52.75,77.85,60.09
27,52.87,77.85,60.07
28,52.64,77.86,59.92
27,52.97,77.86,59.97
27,53.1,77.85,60.07
28,52.3,77.86,59.94
28,52.53,77.86,59.95
28,52.42,77.86,59.92
30,51.87,77.86,59.78
29,52.09,77.86,59.79
31,51.55,77.86,59.55
30,51.13,77.86,59.24
6,49.1,77.86,58.93
7,48.69,77.86,58.93
5,49.54,77.86,58.93
5,49.95,77.86,58.93
16,47.97,77.86,58.61
18,47.77,77.86,58.61
13,48.22,77.86,58.61
11,48.42,77.86,58.61
23,47.51,77.86,58.15
26,47.07,77.86,57.52
26,46.45,77.86,56.89
26,46.02,77.86,56.27
25,45.93,78.33,55.64
23,45.93,78.35,55.02
9,50.86,77.86,58.93
5,50.41,77.86,58.93
5,50.23,77.86,58.67
5,50.66,77.86,58.93
19,46.49,81.23,52.52
17,47.31,81.38,52.52
17,47.32,81.18,53.14
17,48.15,81.38,53.14
18,48.69,81.38,53.77
18,48.16,81.18,53.77
20,46.13,78.47,53.76
21,46.46,80.24,53.77
21,46.42,79.33,53.77
20,46.4,78.48,53.77
22,46.13,78.47,54.39
22,46.46,80.24,54.4
22,46.42,79.33,54.4
22,46.4,78.48,54.4
17,46.13,78.47,53.14
20,46.45,80.24,53.14
20,46.42,79.33,53.15
18,46.4,78.48,53.15
19,46.87,80.62,53.15
22,46.87,80.62,54.4
20,46.87,80.62,53.77
19,47.33,80.9,53.77
21,47.33,80.9,54.4
21,48.24,80.86,54.4
18,47.33,80.9,53.15
15,46.13,78.47,52.5
18,46.43,80.24,52.51
18,46.42,79.33,52.52
16,46.4,78.48,52.52
10,46.2,78.06,51.84
15,46.76,79.74,51.89
12,46.65,78.26,51.9
14,46.71,78.86,51.9
9,46.55,78.06,51.19
17,46.87,80.62,52.52
19,46.02,77.86,54.38
16,46.02,77.86,53.75
14,46.02,77.86,53.1
11,46.03,77.86,52.44
9,46.43,77.86,51.79
9,46.97,77.86,51.08
8,46.53,78.06,50.78
10,47.18,79.25,50.71
9,47.06,78.35,50.7
8,46.92,77.86,50.6
8,47.36,77.95,50.51
8,47.52,78.67,50.51
10,47.12,78.43,50.89
11,47.19,79.26,50.89
12,47.27,80.14,50.89
14,47.33,80.9,50.89
1532,52.47,81.8,50.31
290,50.38,80.27,50.3
288,50.41,80.83,50.31
277,51.28,80.21,50.3
706,52.16,80.14,50.3
1053,52.29,80.97,50.31
645,52.17,81.37,50.32
277,51.35,80.76,50.31
19,46.49,81.24,51.24
22,47.3,81.38,51.13
17,47.3,81.19,50.78
24,48.14,81.38,50.6
338,50.47,81.2,48.77
334,49.99,80.79,49.4
352,49.59,81.28,49.88
318,49.99,80.81,49.87
308,49.97,80.76,50.13
295,50.45,81.03,50.18
277,50.02,81.4,50.2
297,49.96,80.71,50.31
287,50.42,80.97,50.32
297,49.98,81.32,50.33
92,49.97,81.59,50.33
64,49.95,81.64,50.62
42,50.2,81.62,50.39
932,51.9,82.4,49.4
1547,52.36,82.8,49.88
1329,52.29,81.92,49.88
336,51.35,81.12,48.77
369,51.75,80.64,49.4
630,51.82,81.52,49.4
605,51.84,81.74,49.86
313,50.87,80.72,49.4
314,50.39,80.32,49.85
306,50.45,80.99,49.89
298,51.27,80.24,49.85
410,51.94,81.63,50.19
290,50.87,80.68,50.14
354,51.74,80.65,49.86
335,51.76,80.62,50.12
395,51.81,81.3,49.87
682,52,81.54,50.06
298,51.84,81.26,50.18
291,51.32,80.9,49.88
278,51.35,80.94,50.17
52,51.81,81.7,50.21
37,52.04,81.64,50.4
41,51.79,81.62,50.33
322,50.94,81.6,48.77
353,49.65,81.94,49.85
243,49.84,81.69,49.86
124,49.96,81.76,50.3
189,49.85,81.7,50.07
110,50.03,81.7,50.22
290,50.54,82.08,48.77
307,50.06,81.67,49.4
297,50.06,81.45,49.89
293,50.91,81.38,49.88
54,50.24,81.71,50.32
314,51.02,82.48,48.77
356,51.42,82,49.4
689,51.5,82.88,49.4
1402,52,83.28,49.88
874,51.75,83.27,50.14
870,50.22,83.44,50.02
369,50.62,82.96,49.4
595,51.1,83.36,50.02
35,51.69,81.73,50.22
43,51.91,81.77,50.27
1155,52.13,82.36,50.17
1083,51.98,83.21,50.3
75,51.98,81.83,50.27
145,51.94,83.23,50.69
36,51.88,81.64,50.44
82,52.12,82.24,50.43
54,52.1,83.25,51.36
65,52.1,82.79,50.89
36,51.61,81.63,50.39
11,47.12,78.43,51.27
12,47.19,79.26,51.27
13,47.27,80.14,51.27
15,47.33,80.9,51.27
10,47.66,79.67,50.71
13,47.74,80.62,50.71
8,48.04,79.14,50.51
10,48.14,80.11,50.51
18,48.22,81.1,50.51
23,50.19,81.63,50.83
41,49.97,81.64,50.88
94,50,81.79,50.54
300,50.14,82.56,49.4
410,49.67,82.2,50.05
661,49.16,82.02,50.6
339,49.17,81.86,51.29
256,49.62,81.83,50.7
63,49.59,81.66,51.33
871,49.74,83.03,50.02
922,48.78,82.26,51.27
1160,49.26,82.63,50.65
1433,49.34,83.51,50.65
1451,48.86,83.11,51.27
19,46.5,81.24,51.89
19,47.32,81.38,51.87
15,47.27,80.14,51.9
15,47.33,80.9,51.9
2,65.43,78.56,60.62
2,65.55,78.62,60.59
11,64.94,79.27,60.7
4,65.25,79.02,60.7
5,65.15,79.14,60.7
12,62.41,78.26,60.57
13,62.31,78.38,60.55
13,62.53,78.36,60.55
14,62.65,78.47,60.62
14,62.77,78.61,60.72
15,62.76,78.54,60.6
14,62.55,78.63,60.72
15,62.54,78.55,60.59
14,62.43,78.47,60.52
15,62.67,78.69,60.72
12,62.63,78.25,60.57
11,62.51,78.15,60.57
11,62.73,78.13,60.57
10,62.61,78.03,60.41
13,62.75,78.34,60.55
11,63.07,78.19,60.67
10,63.17,78.09,60.57
10,63.26,78.01,60.42
10,62.95,78.1,60.68
9,63.15,77.95,60.45
9,63.05,77.99,60.57
9,62.93,77.95,60.45
9,62.71,77.95,60.44
9,62.83,78.01,60.57
12,62.85,78.23,60.57
9,63.26,77.95,60.28
9,63.05,77.91,60.39
9,62.83,77.92,60.37
10,62.62,77.95,60.25
7,63.05,77.83,60.26
8,62.82,77.83,60.25
7,63.18,77.83,60.22
9,62.61,77.84,60.13
8,64.41,78.26,60.66
11,64.41,78.36,60.66
13,64.31,78.44,60.64
11,64.53,78.42,60.65
14,64.43,78.54,60.61
6,64.63,78.24,60.66
8,64.63,78.34,60.67
6,64.51,78.18,60.67
4,64.73,78.16,60.67
3,64.61,78.07,60.57
2,64.83,78.05,60.56
3,64.71,77.99,60.43
8,64.07,78.18,60.68
12,64.07,78.29,60.67
7,64.3,78.19,60.67
5,64.39,78.09,60.57
4,64.49,78,60.42
12,64.19,78.35,60.66
6,64.17,78.1,60.68
4,64.38,77.96,60.45
4,64.27,77.99,60.57
6,64.15,77.97,60.45
6,64.05,78.01,60.57
7,63.94,77.99,60.45
9,63.95,78.13,60.57
5,64.85,78.27,60.57
5,64.97,78.37,60.56
4,65.09,78.48,60.64
4,65.21,78.58,60.62
5,65.11,78.73,60.72
5,65.1,78.66,60.59
8,64.75,78.39,60.55
11,64.65,78.52,60.62
10,64.77,78.66,60.72
10,64.76,78.58,60.6
8,64.87,78.48,60.53
15,64.55,78.67,60.72
14,64.55,78.6,60.59
13,64.67,78.74,60.71
6,64.99,78.6,60.6
8,64.89,78.72,60.72
7,65.01,78.82,60.71
11,64.79,78.84,60.71
9,64.91,78.94,60.7
6,65.13,78.92,60.53
8,65.03,79.04,60.51
4,65.32,78.62,60.51
3,65.33,78.72,60.57
5,65.23,78.8,60.55
2,65.58,78.99,60.7
3,65.45,78.78,60.55
4,65.35,78.9,60.53
3,65.19,78.35,60.57
3,65.31,78.45,60.55
4,65.07,78.25,60.41
4,64.95,78.15,60.41
2,65.17,78.13,60.41
3,65.04,78.07,60.27
3,64.6,77.93,60.36
3,64.72,77.96,60.28
2,64.93,77.95,60.28
5,64.05,77.93,60.39
4,64.27,77.92,60.4
5,64.48,77.96,60.28
2,65.05,77.97,60.25
4,64.05,77.84,60.28
3,64.28,77.83,60.28
5,63.94,77.84,60.22
3,64.39,77.84,60.23
2,64.61,77.84,60.24
14,63.09,78.44,60.64
16,63.21,78.54,60.62
16,63.11,78.69,60.72
16,63.1,78.61,60.59
13,62.97,78.32,60.56
14,62.87,78.43,60.54
16,63.33,78.67,60.72
16,63.32,78.6,60.6
16,63.23,78.75,60.72
17,63.55,78.62,60.61
17,63.45,78.74,60.72
17,63.35,78.85,60.71
15,62.99,78.55,60.61
15,62.89,78.67,60.72
16,63.01,78.77,60.71
16,62.79,78.79,60.71
17,62.91,78.89,60.71
17,63.13,78.87,60.71
18,63.25,78.97,60.7
18,63.03,78.99,60.7
19,63.15,79.09,60.7
17,62.7,79.02,60.7
18,62.49,79.18,60.7
20,62.94,79.22,60.7
13,63.97,78.34,60.56
15,64.09,78.44,60.54
16,64.22,78.53,60.51
17,64.32,78.6,60.5
18,64.33,78.69,60.57
15,63.87,78.46,60.54
16,63.98,78.52,60.52
17,63.99,78.62,60.58
17,63.77,78.6,60.6
17,63.89,78.7,60.72
17,63.67,78.75,60.72
18,63.66,78.67,60.59
18,63.79,78.81,60.71
18,64.11,78.68,60.56
19,64.01,78.79,60.71
19,64.23,78.77,60.54
21,64.13,78.89,60.7
20,63.91,78.91,60.7
22,64.03,79.01,60.7
24,64.26,79.1,60.7
23,64.49,79.23,60.7
18,64.45,78.76,60.55
20,64.35,78.87,60.52
15,64.7,79.06,60.7
20,64.47,78.97,60.5
17,64.57,78.85,60.52
19,63.57,78.83,60.55
23,63.82,79.14,60.7
21,63.69,78.93,60.52
21,63.38,79.18,60.7
20,63.47,78.95,60.52
22,63.59,79.05,60.51
25,63.61,79.31,60.7
27,64.05,79.27,60.7
25,63.17,79.35,60.7
13,63.41,78.29,60.56
13,63.19,78.31,60.57
15,63.31,78.4,60.55
12,63.29,78.19,60.57
12,63.85,78.25,60.57
13,63.63,78.27,60.57
14,63.75,78.37,60.56
10,63.73,78.15,60.57
9,63.83,78.05,60.42
15,63.53,78.39,60.56
16,63.65,78.48,60.54
16,63.43,78.49,60.54
17,63.56,78.59,60.52
11,63.51,78.17,60.57
10,63.61,78.07,60.42
11,63.39,78.08,60.41
9,63.62,77.99,60.28
8,63.83,77.98,60.28
10,63.4,77.98,60.25
6,63.53,77.85,60.22
8,63.38,77.85,60.11
6,63.73,77.85,60.22
11,61.97,78.3,60.57
13,62.09,78.4,60.56
10,61.55,78.32,60.65
10,61.41,78.24,60.57
11,61.64,78.39,60.65
12,61.65,78.48,60.66
11,61.43,78.47,60.65
12,61.55,78.57,60.63
10,61.31,78.36,60.56
12,61.87,78.42,60.56
12,61.77,78.55,60.63
13,61.67,78.67,60.6
13,61.99,78.51,60.54
14,61.89,78.65,60.6
13,61.79,78.8,60.72
14,61.78,78.72,60.58
10,61.63,78.22,60.57
10,61.85,78.2,60.57
10,61.73,78.1,60.41
11,61.75,78.32,60.57
10,61.51,78.12,60.41
10,61.61,78.05,60.27
9,61.72,77.95,60.22
10,61.62,77.99,60.12
9,61.5,77.97,60.23
8,61.73,77.84,60.09
8,61.51,77.85,60.09
14,62.21,78.51,60.41
15,62.33,78.6,60.41
16,62.45,78.71,60.55
17,62.57,78.81,60.52
15,62.11,78.62,60.42
15,62.01,78.75,60.56
15,61.91,78.86,60.54
16,62.26,79.06,60.7
18,62.47,78.93,60.51
17,62.35,78.83,60.52
16,62.23,78.72,60.4
16,62.13,78.84,60.53
17,62.03,78.97,60.51
12,61.33,78.56,60.52
12,61.22,78.65,60.5
12,61.23,78.74,60.56
12,61.44,78.63,60.51
13,61.45,78.72,60.57
13,61.35,78.8,60.55
13,61.57,78.79,60.56
15,61.69,78.88,60.53
12,61.13,78.82,60.54
12,61.03,78.94,60.52
12,61.38,79.13,60.7
14,61.47,78.9,60.53
15,61.59,79,60.51
13,61.25,78.92,60.52
13,61.15,79.04,60.5
17,61.82,79.1,60.51
22,62.06,79.37,60.7
19,62.05,79.22,60.5
19,61.62,79.41,60.7
17,61.61,79.26,60.5
26,61.85,79.54,60.7
13,60.94,79.17,60.5
15,61.18,79.45,60.7
15,61.17,79.3,60.5
14,60.74,79.49,60.7
15,60.73,79.34,60.5
21,60.97,79.62,60.7
24,61.41,79.58,60.7
30,61.65,79.79,60.7
29,61.21,79.83,60.7
29,61.45,80.06,60.7
24,60.53,79.66,60.7
29,60.77,79.88,60.7
29,60.33,79.93,60.7
29,60.57,80.15,60.7
28,60.13,80.21,60.7
28,60.37,80.5,60.7
27,60.17,80.75,60.7
29,61.01,80.11,60.7
27,61.25,80.39,60.7
26,61.05,80.7,60.7
27,60.81,80.43,60.7
24,61.03,80.88,60.42
27,60.63,80.72,60.7
24,60.62,80.88,60.26
12,62.19,78.28,60.57
11,62.07,78.19,60.57
10,61.95,78.08,60.41
10,61.84,78.03,60.27
11,62.29,78.17,60.57
10,62.5,78.01,60.3
10,62.39,78.04,60.41
10,62.26,78.02,60.3
10,62.17,78.07,60.41
10,62.06,78.02,60.29
10,61.84,77.98,60.12
10,61.97,77.95,60.22
10,62.17,77.96,60.23
10,62.39,77.95,60.24
8,61.95,77.84,60.09
9,62.39,77.84,60.12
9,62.17,77.85,60.1
6,59.97,78.26,60.41
7,60.09,78.36,60.41
7,59.87,78.38,60.41
8,59.99,78.48,60.41
8,60.21,78.46,60.41
8,60.33,78.56,60.42
9,59.77,78.5,60.41
12,59.67,78.62,60.42
8,60.11,78.58,60.42
9,59.89,78.6,60.42
9,60.01,78.7,60.55
9,60.23,78.67,60.4
10,60.13,78.8,60.53
13,59.79,78.71,60.4
12,59.91,78.82,60.53
13,60.03,78.92,60.51
18,59.57,78.73,60.4
20,59.82,79.05,60.51
18,59.69,78.83,60.38
26,59.38,79.09,60.51
22,59.47,78.85,60.38
22,59.58,78.95,60.37
26,59.62,79.36,60.7
25,59.61,79.21,60.5
7,60.41,78.22,60.41
8,60.53,78.32,60.41
7,60.31,78.34,60.41
8,60.43,78.44,60.41
8,60.63,78.2,60.41
8,60.51,78.12,60.26
7,60.19,78.24,60.41
7,60.29,78.11,60.41
7,60.39,78.05,60.27
6,60.07,78.14,60.41
6,59.95,78.06,60.27
6,60.17,78.05,60.27
9,60.75,78.3,60.41
9,60.97,78.28,60.41
10,60.87,78.4,60.41
9,60.85,78.18,60.41
8,60.72,78.11,60.27
9,60.65,78.42,60.41
9,60.55,78.54,60.41
10,61.09,78.38,60.41
11,61.21,78.48,60.41
10,60.88,78.57,60.51
10,60.89,78.66,60.57
10,60.77,78.52,60.41
11,60.99,78.5,60.41
10,60.67,78.64,60.4
10,60.79,78.74,60.55
12,61.11,78.6,60.41
11,61.01,78.72,60.56
11,60.91,78.84,60.53
8,60.84,78,60.22
7,60.85,77.86,60.08
10,60.45,78.65,60.4
11,60.57,78.75,60.38
11,60.35,78.77,60.38
12,60.47,78.87,60.36
13,60.25,78.89,60.36
16,60.14,79.02,60.36
12,60.69,78.85,60.37
13,60.81,78.95,60.37
15,60.5,79.21,60.5
14,60.37,79,60.36
17,60.27,79.12,60.36
13,60.59,78.98,60.36
14,60.71,79.08,60.36
21,60.09,79.21,60.37
21,60.28,79.34,60.37
23,60.3,79.53,60.5
26,59.85,79.49,60.5
27,60.09,79.7,60.5
10,61.19,78.26,60.41
9,61.29,78.14,60.41
10,61.39,78.07,60.27
9,61.07,78.16,60.41
9,61.16,78.08,60.27
9,60.96,78.09,60.27
9,60.96,78.02,60.13
9,61.16,78.01,60.13
10,61.39,78.01,60.12
9,61.28,77.98,60.22
8,61.07,77.85,60.07
8,61.29,77.85,60.09
21,57.2,78.35,60.74
20,56.98,78.37,60.74
21,57.09,78.29,60.74
20,56.65,78.3,60.73
21,56.86,78.31,60.74
25,57.06,78.01,60.78
26,57.06,78,60.82
23,57.12,78.01,60.75
28,57.11,77.95,60.76
28,57.18,77.97,60.76
23,57.17,78.03,60.75
28,57.16,77.89,60.76
29,57.22,77.94,60.76
27,57.27,77.89,60.69
27,57.21,77.86,60.69
23,57,78.02,60.75
27,57,77.95,60.76
26,56.89,77.96,60.76
23,56.9,78.02,60.75
27,57.11,77.86,60.69
26,57.05,77.9,60.69
26,56.99,77.87,60.69
28,56.94,77.91,60.76
22,56.95,78.05,60.75
25,56.78,77.96,60.76
22,56.79,78.02,60.75
26,56.67,77.97,60.76
22,56.68,78.03,60.75
27,56.72,77.93,60.76
22,56.73,78.06,60.75
26,56.88,77.87,60.68
25,56.83,77.92,60.68
25,56.77,77.88,60.68
26,56.83,77.85,60.69
25,56.55,77.89,60.68
25,56.61,77.94,60.68
25,56.66,77.88,60.68
26,56.72,77.86,60.69
25,56.6,77.86,60.69
25,56.5,77.88,60.61
21,57.56,78.65,60.72
20,57.12,78.69,60.72
21,57.33,78.49,60.74
21,57.45,78.59,60.73
20,57.23,78.61,60.73
20,57.34,78.67,60.72
21,57.81,78.89,60.71
20,57.71,79.01,60.7
24,58.69,78.81,60.53
24,58.81,78.91,60.51
23,58.59,78.93,60.7
23,58.71,79.03,60.7
21,57.93,78.99,60.7
20,57.82,79.11,60.7
23,58.73,79.29,60.7
27,59.45,80.03,60.7
27,59.69,80.28,60.7
27,59.93,80.54,60.7
26,60.17,80.88,60.44
19,56.56,78.63,60.72
19,56.45,78.57,60.73
21,48.16,81.18,54.4
21,48.69,81.38,54.4
23,48.15,81.18,55.02
24,48.69,81.38,55.02
25,48.69,81.18,55.65
27,49.1,81.38,55.65
22,49.1,81.18,56.27
25,49.6,81.38,56.27
9,53.71,80.07,60.7
10,53.9,79.81,60.7
10,53.02,79.89,60.7
9,53.28,80.13,60.7
10,52.84,80.16,60.7
9,53.12,80.48,60.7
14,52.77,79.67,60.5
13,52.58,79.91,60.5
16,52.53,79.46,60.2
16,52.33,79.7,60.2
19,52.29,79.26,59.86
18,52.09,79.5,59.86
8,53.39,80.72,60.7
8,53.54,80.4,60.7
7,53.61,80.83,60.7
20,51.33,80.93,59.4
18,51.89,79.74,59.86
18,51.69,79.98,59.86
17,51.64,80.69,59.39
11,52.75,80.62,60.71
13,52.38,80.16,60.5
16,52.13,79.94,60.2
16,51.93,80.18,60.2
16,51.87,80.47,60.03
13,52.22,80.45,60.53
15,51.94,80.29,60.38
15,51.94,80.54,60.4
20,49.6,81.18,56.9
20,50.03,81.38,56.9
20,50.01,81.18,57.52
18,50.62,81.38,57.53
14,54.97,79.4,60.7
9,54.14,80.02,60.7
8,53.95,80.33,60.7
7,53.79,80.66,60.7
13,52.14,80.76,60.5
13,52.13,80.75,60.08
17,51.94,80.99,59.44
18,51.42,81.18,58.79
20,50.56,81.18,58.16
8,53.37,80.88,60.46
6,53.8,80.88,60.46
7,53.61,80.88,60.46
10,52.8,80.89,60.27
12,52.25,80.9,59.48
16,52.11,81.16,58.83
18,51.55,81.38,58.17
16,55.36,78.88,60.71
16,55.26,79,60.7
15,55.17,79.23,60.7
15,55.04,79.02,60.51
14,54.94,79.14,60.5
16,55.48,78.98,60.7
15,55.38,79.1,60.7
14,55.41,79.36,60.7
15,54.48,78.95,60.36
14,54.73,79.27,60.5
15,54.6,79.06,60.36
12,54.09,79.55,60.7
11,54.33,79.76,60.7
15,54.38,79.08,60.36
14,54.5,79.18,60.36
14,54.29,79.31,60.5
12,54.54,79.59,60.7
13,54.53,79.44,60.5
18,54.89,78.48,60.41
17,54.78,78.6,60.42
16,54.69,78.71,60.4
16,54.58,78.83,60.38
16,54.8,78.81,60.38
15,54.7,78.93,60.36
17,55.12,78.62,60.49
17,55.13,78.72,60.56
17,55,78.58,60.41
17,54.91,78.69,60.4
16,55.03,78.8,60.53
16,55.25,78.78,60.54
16,55.14,78.9,60.52
15,54.93,78.92,60.36
15,54.83,79.04,60.36
21,55.19,78.12,60.57
22,54.95,78.01,60.3
22,55.07,78.03,60.42
20,55.09,78.24,60.41
19,54.99,78.36,60.41
18,56,78.58,60.73
17,55.8,78.84,60.71
17,55.92,78.95,60.7
16,55.71,78.96,60.7
16,55.82,79.06,60.7
19,55.77,78.41,60.74
19,55.89,78.51,60.73
18,55.67,78.53,60.73
18,55.78,78.6,60.73
21,55.53,78.19,60.68
20,55.64,78.25,60.67
19,55.66,78.35,60.67
19,55.42,78.36,60.66
20,55.42,78.27,60.66
20,55.31,78.22,60.57
19,55.55,78.44,60.65
22,55.41,78.1,60.57
23,55.29,78.02,60.42
17,55.57,78.69,60.72
18,55.56,78.61,60.6
17,55.47,78.77,60.71
17,55.69,78.75,60.71
17,55.59,78.86,60.71
19,55.21,78.34,60.41
19,55.33,78.43,60.54
18,55.11,78.46,60.41
18,55.23,78.54,60.51
18,55.45,78.52,60.53
17,55.34,78.61,60.5
17,55.35,78.7,60.57
22,56.63,78.12,60.75
20,56.31,78.29,60.74
21,56.3,78.22,60.68
21,56.51,78.25,60.69
20,56.43,78.35,60.74
22,56.41,78.17,60.7
24,56.5,77.95,60.68
23,56.45,78.01,60.68
24,56.56,78,60.68
23,56.51,78.06,60.68
20,56.21,78.37,60.65
19,56.11,78.49,60.62
19,56.33,78.47,60.62
18,56.23,78.63,60.72
19,56.22,78.56,60.6
19,55.99,78.4,60.65
20,55.86,78.33,60.67
21,55.86,78.23,60.67
21,55.97,78.15,60.68
22,55.85,78.06,60.57
21,55.75,78.19,60.57
22,55.63,78.08,60.57
23,55.72,77.99,60.42
23,55.51,78,60.42
21,56.19,78.18,60.7
23,56.29,78.03,60.68
24,56.39,77.92,60.57
23,56.07,78.04,60.69
24,56.17,77.94,60.57
23,55.95,77.96,60.57
21,56.08,78.21,60.67
20,56.1,78.31,60.67
28,57.55,77.88,60.66
28,57.66,77.88,60.67
28,57.46,77.88,60.66
26,57.26,77.89,60.57
25,57.05,77.88,60.56
24,56.83,77.88,60.54
24,56.6,77.88,60.54
18,58.39,77.92,60.4
19,58.19,77.89,60.54
25,57.83,77.9,60.56
23,58.05,77.89,60.55
16,58.5,77.92,60.38
5,59.16,77.94,60.41
12,58.73,77.93,60.39
17,58.61,77.95,60.31
8,58.95,77.93,60.4
6,59.29,78,60.25
5,59.52,77.99,60.25
5,59.72,77.96,60.24
5,59.95,77.95,60.25
6,60.06,77.97,60.2
6,60.18,77.99,60.12
7,60.39,78,60.12
6,60.29,77.96,60.22
8,60.72,78.03,60.12
8,60.5,78.02,60.1
9,59.53,78.3,60.25
9,59.65,78.4,60.25
13,59.43,78.42,60.25
13,59.55,78.52,60.25
7,59.75,78.28,60.25
6,59.85,78.16,60.26
6,59.63,78.18,60.26
6,59.73,78.11,60.12
24,58.53,78.27,60.41
24,58.41,78.17,60.41
12,59.31,78.31,60.25
8,59.41,78.19,60.26
7,59.53,78.14,60.12
16,58.97,78.23,60.41
21,58.75,78.25,60.41
21,58.87,78.35,60.41
11,59.28,78.16,60.14
12,59.19,78.22,60.26
10,59.07,78.12,60.41
9,59.16,78.08,60.3
15,58.85,78.13,60.41
14,58.95,78.07,60.28
24,58.65,78.37,60.41
24,58.77,78.48,60.41
21,58.63,78.15,60.41
19,58.72,78.07,60.27
23,58.51,78.08,60.27
19,59.33,78.54,60.25
19,59.45,78.64,60.25
18,59.21,78.43,60.25
17,59.09,78.33,60.25
22,58.99,78.45,60.25
24,58.89,78.57,60.41
22,59.11,78.55,60.25
24,59.01,78.67,60.41
25,58.79,78.69,60.4
25,58.91,78.78,60.38
23,59.23,78.65,60.25
25,59.13,78.77,60.39
23,59.35,78.76,60.25
25,59.25,78.87,60.38
25,58.94,79.12,60.5
25,59.03,78.89,60.37
25,59.15,78.99,60.36
28,59.89,79.94,60.5
25,59.18,79.4,60.7
25,59.17,79.25,60.5
27,59.65,79.73,60.5
27,59.41,79.53,60.7
25,58.97,79.57,60.7
26,59.21,79.78,60.7
24,58.44,78.56,60.5
24,58.45,78.65,60.56
25,58.55,78.49,60.41
25,58.67,78.59,60.41
24,58.57,78.72,60.55
24,58.69,78.81,60.38
24,58.8,78.91,60.36
22,58.26,78.97,60.7
23,58.35,78.73,60.55
23,58.47,78.83,60.52
25,57.96,78.2,60.67
26,58.07,78.09,60.57
24,58.16,78.01,60.42
23,57.87,78.37,60.67
24,57.86,78.28,60.66
23,58.39,78.04,60.29
25,58.08,78.26,60.66
24,58.09,78.35,60.66
24,58.29,78.07,60.41
25,58.19,78.19,60.57
24,57.99,78.44,60.65
25,58.43,78.39,60.41
24,58.33,78.49,60.52
24,58.22,78.58,60.5
23,58.23,78.67,60.56
25,58.31,78.29,60.41
25,58.21,78.4,60.54
24,58.1,78.51,60.52
23,57.77,78.46,60.65
23,57.89,78.56,60.62
22,57.67,78.57,60.61
21,57.79,78.71,60.72
22,57.78,78.64,60.59
22,58.13,78.75,60.55
23,58,78.6,60.51
22,58.01,78.69,60.57
22,57.91,78.77,60.55
22,58.03,78.87,60.53
24,57.75,78.22,60.67
26,57.85,78.11,60.69
25,58.06,77.96,60.47
26,57.95,77.99,60.57
25,57.63,78.12,60.68
26,57.84,77.98,60.45
26,57.73,78.01,60.57
22,57.19,78.18,60.75
22,57.31,78.3,60.69
22,57.41,78.16,60.75
24,57.45,78.03,60.69
26,57.61,77.95,60.6
26,57.5,77.97,60.68
25,57.56,78.02,60.69
24,57.51,78.08,60.69
25,57.28,77.99,60.69
23,57.23,78.05,60.69
24,57.34,78.04,60.69
23,57.29,78.1,60.68
25,57.38,77.96,60.58
23,57.53,78.23,60.67
23,57.64,78.29,60.66
22,57.65,78.39,60.66
22,57.55,78.48,60.64
22,57.43,78.41,60.66
22,57.42,78.31,60.65
28,57.61,77.82,60.59
28,57.38,77.83,60.58
26,57.16,77.82,60.54
25,56.96,77.82,60.54
25,56.83,77.82,60.44
25,56.6,77.82,60.44
25,56.72,77.83,60.53
28,57.71,77.82,60.54
28,57.84,77.83,60.44
18,58.05,77.82,60.46
16,57.94,77.82,60.54
14,58.28,77.83,60.38
17,58.39,77.83,60.28
16,58.17,77.83,60.41
17,58.51,77.84,60.25
6,59.15,77.84,60.28
14,58.72,77.84,60.26
10,58.95,77.84,60.27
7,59.28,77.86,60.13
4,59.41,77.85,60.22
4,59.53,77.85,60.11
4,59.73,77.84,60.11
5,59.94,77.84,60.12
5,60.07,77.85,60.08
6,60.29,77.85,60.09
7,60.64,77.86,60.07
7,60.5,77.86,59.97
24,55.95,77.92,60.41
24,56.16,77.91,60.4
24,56.39,77.91,60.41
23,54.95,77.94,60.28
24,55.08,77.92,60.38
24,55.85,77.93,60.38
24,55.74,77.91,60.4
24,55.29,77.92,60.39
24,55.51,77.92,60.37
23,54.19,77.99,60.24
23,54.41,77.99,60.25
23,54.62,77.97,60.25
23,54.85,77.95,60.25
24,53.62,78,60.12
24,53.41,78.01,60.13
23,53.85,78,60.12
23,53.98,77.98,60.22
23,53.75,78.01,60.08
24,53.31,78.03,60.07
24,53.1,78.03,60.07
25,52.75,78.01,60.09
25,52.97,78.04,59.97
25,52.87,78.02,60.07
25,52.64,78.05,59.92
26,52.3,78.05,59.94
26,52.53,78.05,59.95
26,52.42,78.05,59.92
28,51.87,78.06,59.78
27,52.09,78.06,59.79
30,51.55,78.06,59.55
29,51.13,78.06,59.24
7,49.33,78.41,58.61
8,49.57,78.61,58.61
8,49.13,78.65,58.61
10,49.37,78.85,58.61
23,46.87,80.62,55.02
12,48.95,79.11,58.15
16,48.55,79.59,57.52
18,48.15,80.07,56.9
18,47.75,80.57,56.27
23,47.33,80.9,55.65
23,48.24,80.86,55.65
23,47.33,80.9,55.02
6,49.1,78.06,58.93
6,48.69,78.06,58.93
7,48.89,78.43,58.61
7,48.65,78.29,58.61
7,49.1,78.27,58.61
5,49.54,78.06,58.93
5,49.95,78.06,58.93
7,49.78,78.38,58.61
7,49.54,78.25,58.61
7,49.99,78.24,58.61
9,48.47,78.69,58.14
23,46.46,80.24,55.65
11,48.07,79.19,57.52
13,47.67,79.67,56.9
14,47.27,80.14,56.27
22,46.87,80.62,55.65
12,47.97,78.06,58.61
14,47.77,78.06,58.61
10,48.22,78.06,58.61
9,48.42,78.06,58.61
10,47.99,78.38,58.15
13,47.59,78.79,57.52
14,47.19,79.26,56.9
19,46.64,79.94,56.27
20,47.51,78.06,58.15
25,47.1,78.06,57.52
26,46.56,78.06,56.9
26,46.21,78.06,56.27
24,46.13,78.46,55.64
22,46.42,79.33,55.65
24,46.4,78.48,55.65
25,46.65,78.26,56.27
21,46.71,78.86,56.58
21,47.54,78.24,57.52
22,47.12,78.43,56.9
23,46.13,78.47,55.02
23,46.46,80.24,55.02
22,46.42,79.33,55.02
23,46.4,78.48,55.02
14,50.86,78.06,58.93
5,50.41,78.06,58.93
6,50.23,78.06,58.67
8,50.66,78.06,58.93
22,53.21,78.29,59.94
22,52.99,78.31,59.94
21,53.11,78.41,59.94
23,53.08,78.21,59.94
24,52.65,78.24,59.94
23,52.77,78.33,59.94
23,52.55,78.35,59.94
22,52.67,78.45,59.94
22,52.89,78.43,59.94
21,53.01,78.53,59.94
21,52.79,78.55,59.94
20,52.91,78.65,59.94
23,52.87,78.22,59.94
24,52.74,78.18,59.96
23,52.45,78.47,59.79
23,52.35,78.59,59.79
22,52.57,78.57,59.79
22,52.46,78.69,59.79
20,52.69,78.78,59.86
21,52.25,78.82,59.86
19,52.49,79.02,59.86
22,52.05,79.06,59.55
21,51.85,79.3,59.55
24,51.41,79.34,59.24
21,51.65,79.54,59.55
23,51.21,79.58,59.24
20,51.45,79.78,59.55
20,51.27,80.24,59.4
20,50.86,80.68,58.77
20,50.5,80.96,58.15
22,48.24,80.86,55.02
24,48.68,81.01,55.65
7,50.22,78.35,58.62
8,50.01,78.57,58.61
10,50.45,78.54,58.61
12,50.25,78.77,58.61
14,49.83,79.03,58.15
17,49.43,79.51,57.52
19,49.03,79.99,56.9
20,48.63,80.47,56.27
21,49.1,80.82,56.27
20,49.57,80.98,56.9
19,49.51,80.39,56.9
20,49.99,80.77,57.52
19,49.91,79.91,57.52
25,50.97,79.38,58.93
23,50.79,79.84,58.77
21,50.39,80.32,58.15
26,51.37,78.9,59.24
25,51.17,79.14,58.93
24,51.61,79.1,59.24
25,52.01,78.62,59.55
25,51.81,78.86,59.24
27,51.78,78.41,59.55
27,51.57,78.66,59.24
18,50.49,78.98,58.61
22,50.73,79.18,58.61
18,50.31,79.43,58.15
7,50.42,78.23,58.61
22,50.89,78.5,58.93
9,50.66,78.32,58.61
16,50.69,78.74,58.61
25,51.09,78.29,58.93
10,50.86,78.21,58.61
26,51.13,78.7,58.93
21,50.93,78.94,58.61
29,51.54,78.27,59.24
27,51.33,78.44,58.93
27,51.98,78.26,59.55
25,52.43,78.26,59.79
26,52.3,78.21,59.79
25,52.53,78.2,59.79
26,52.22,78.39,59.55
18,54,78.56,60.41
17,54.13,78.65,60.4
17,53.91,78.67,60.4
17,54.03,78.77,60.38
19,53.89,78.46,60.25
18,53.79,78.58,60.25
20,54.21,78.32,60.25
19,54.33,78.42,60.25
19,54.11,78.44,60.25
18,54.23,78.54,60.25
18,54.45,78.52,60.25
17,54.57,78.62,60.25
17,54.35,78.64,60.25
16,54.24,78.75,60.39
16,54.47,78.74,60.25
16,54.37,78.85,60.37
16,54.14,78.87,60.37
15,54.26,78.97,60.36
15,53.61,79.12,60.36
14,53.84,79.23,60.37
14,53.85,79.42,60.5
16,53.7,78.92,60.25
17,53.8,78.8,60.25
15,53.82,79.02,60.25
16,53.92,78.9,60.25
15,54.05,79.08,60.36
15,53.4,79.27,60.37
14,53.41,79.46,60.5
13,53.65,79.58,60.5
14,53.21,79.63,60.5
12,53.45,79.83,60.5
16,53.17,79.19,60.18
15,52.97,79.43,60.2
21,53.65,78.25,60.1
21,53.43,78.27,60.1
20,53.55,78.38,60.1
22,53.53,78.17,60.1
20,53.77,78.36,60.1
19,53.67,78.48,60.1
21,54.09,78.22,60.1
21,53.87,78.24,60.1
20,53.99,78.34,60.1
21,53.96,78.15,60.11
22,53.75,78.19,59.96
22,53.31,78.21,59.94
19,53.02,78.75,59.94
20,53.13,78.63,59.94
18,53.14,78.85,59.94
19,53.24,78.73,59.94
17,53.37,78.95,60.18
21,53.33,78.39,59.94
20,53.23,78.51,59.94
20,53.45,78.5,59.94
19,53.35,78.61,59.94
19,53.57,78.6,60.1
18,53.69,78.7,60.1
18,53.46,78.72,60.1
17,53.58,78.82,60.1
18,52.93,78.98,59.86
17,52.73,79.22,59.86
20,54.65,78.28,60.25
19,54.77,78.38,60.25
19,54.55,78.4,60.25
18,54.67,78.5,60.25
20,54.43,78.3,60.25
20,54.31,78.2,60.26
21,54.19,78.15,60.12
21,54.53,78.18,60.26
21,54.41,78.14,60.14
20,54.87,78.26,60.25
21,54.63,78.12,60.14
21,54.75,78.16,60.26
21,54.85,78.1,60.14
21,54.97,78.14,60.26
25,56.06,77.83,60.38
25,55.95,77.83,60.28
25,56.29,77.83,60.38
25,56.18,77.83,60.28
25,56.39,77.83,60.31
25,56.51,77.82,60.39
25,55.06,77.83,60.25
25,55.85,77.83,60.24
26,55.72,77.83,60.27
26,55.29,77.83,60.26
25,55.51,77.83,60.26
25,54.19,77.85,60.11
25,54.41,77.85,60.13
25,54.63,77.85,60.13
25,54.85,77.84,60.13
26,53.52,77.85,60.07
25,53.97,77.85,60.09
25,54.09,77.85,60.07
26,53.75,77.86,59.95
27,53.31,77.86,59.94
27,52.74,77.86,59.95
27,52.88,77.86,59.93
28,52.65,77.86,59.79
27,53.1,77.86,59.94
29,52.29,77.86,59.79
28,52.53,77.86,59.79
28,52.43,77.86,59.78
30,51.98,77.86,59.55
31,51.54,77.86,59.24
23,51.13,77.86,58.93
6,49.1,77.86,58.61
8,48.69,77.86,58.61
6,49.54,77.86,58.61
5,49.98,77.86,58.61
16,48.08,77.86,58.15
24,47.5,77.86,57.52
26,47.05,77.86,56.89
25,46.44,77.86,56.27
24,46.02,77.86,55.65
22,46.02,77.86,55.02
6,50.86,77.86,58.61
5,50.41,77.86,58.61
5,50.66,77.86,58.61
16,47.33,81.18,52.52
16,48.15,81.38,52.51
16,48.69,81.38,53.15
17,48.16,81.18,53.14
19,49.1,81.38,53.77
19,48.69,81.18,53.77
19,48.24,80.86,53.77
21,48.68,81.01,54.4
18,46.2,78.06,53.76
20,46.76,79.75,53.77
19,46.65,78.26,53.77
21,46.71,78.86,53.77
21,46.2,78.06,54.39
21,46.76,79.75,54.4
21,46.65,78.26,54.4
21,46.71,78.86,54.4
15,46.2,78.06,53.13
20,46.76,79.75,53.15
17,46.65,78.26,53.15
19,46.71,78.86,53.15
18,47.27,80.14,53.15
16,47.33,80.9,52.52
20,47.27,80.14,54.4
19,47.27,80.14,53.77
19,47.75,80.57,53.77
21,47.75,80.57,54.4
19,48.63,80.47,54.4
17,47.75,80.57,53.15
13,46.21,78.06,52.49
18,46.76,79.74,52.52
15,46.65,78.26,52.52
17,46.71,78.86,52.52
11,46.55,78.06,51.86
15,47.19,79.26,51.9
13,47.12,78.43,51.9
10,47.06,78.06,51.2
17,47.27,80.14,52.52
19,46.4,77.86,54.39
16,46.4,77.86,53.75
13,46.42,77.86,53.11
11,46.44,77.86,52.46
10,47.01,77.86,51.83
9,47.39,77.86,51.1
9,47.04,78.06,50.78
8,47.47,78.12,50.7
9,47.57,78.74,50.71
8,47.34,77.86,50.6
8,47.82,78.14,50.51
9,47.54,78.24,50.89
10,47.59,78.79,50.89
11,47.67,79.67,50.89
13,47.75,80.57,50.89
355,52.04,81.53,50.33
279,50.87,80.65,50.31
316,51.78,80.59,50.31
293,51.89,81.21,50.32
272,51.37,80.9,50.32
280,50.91,81.33,50.22
275,50.95,81.48,50.34
274,50.92,81.25,50.34
24,48.68,81.31,50.51
17,47.33,81.18,51.22
22,48.15,81.38,51.11
18,48.15,81.19,50.78
25,48.69,81.38,50.6
320,50.47,81.2,49.4
301,50.67,81.18,49.88
288,50.69,81.14,50.21
312,50.24,81.22,49.88
272,50.08,81.47,50.1
299,50.46,81.12,50.09
300,50.23,81.18,50.2
123,50.2,81.59,50.25
293,50.2,81.13,50.33
280,50.74,81.42,50.34
281,50.67,81.08,50.33
129,50.18,81.52,50.34
282,50.32,81.44,50.35
36,50.23,81.62,50.56
285,50.76,81.5,50.24
277,50.78,81.51,50.35
92,51.85,81.89,50.14
956,51.94,82.4,49.88
210,51.64,81.98,49.86
356,51.83,81.73,50.07
323,51.35,81.12,49.4
286,51.6,81.54,49.86
300,50.87,80.73,49.87
289,51.13,81.13,49.87
244,51.67,81.46,50.24
278,51.13,81.1,50.2
309,51.57,81.1,49.87
286,51.77,81.33,50.07
281,51.33,81.01,50.07
293,51.59,81.07,50.18
106,51.61,81.61,50.26
53,51.91,81.59,50.33
109,51.55,81.59,50.35
285,50.91,81.38,50.1
60,51.54,81.67,50.26
218,51.4,81.78,49.86
81,51.64,81.84,50.07
309,50.94,81.6,49.4
287,51.16,81.58,49.86
278,50.94,81.58,50.23
235,50.54,82.08,49.4
172,50.08,81.89,49.86
236,50.3,81.64,49.88
119,50.08,81.93,50.19
297,50.72,81.6,49.87
117,50.09,81.81,50.07
58,50.3,81.79,50.24
39,50.28,81.72,50.52
252,51.02,82.48,49.4
137,51.44,82.22,49.86
177,51.2,82.02,49.86
464,51.49,82.88,50.02
179,51.74,83.27,50.61
344,50.62,82.96,50.02
360,51.1,83.36,50.65
38,51.76,81.77,50.33
241,51.98,82.33,50.3
87,51.9,83.27,51.3
96,51.92,82.83,50.8
35,51.56,81.72,50.31
34,51.91,81.65,50.66
48,52.11,82.17,50.81
49,52.1,82.81,51.36
29,51.55,81.63,50.58
10,47.54,78.24,51.27
11,47.59,78.79,51.27
12,47.67,79.67,51.27
13,47.75,80.57,51.27
9,48.06,79.17,50.71
11,48.15,80.08,50.71
15,48.23,80.96,50.7
8,48.37,78.53,50.51
10,48.53,79.59,50.51
13,48.62,80.6,50.51
27,50.26,81.75,50.78
18,50.32,81.63,50.88
23,49.99,81.65,51.31
68,50.03,81.79,50.83
102,50.1,81.94,50.49
296,50.14,82.56,50.02
500,49.2,82.05,51.27
393,49.66,82.2,50.64
169,49.63,81.86,51.3
25,49.62,81.66,51.93
1056,49.74,83.03,50.65
1158,49.26,82.63,51.27
1363,48.86,83.11,51.9
1549,49.34,83.51,51.27
6,50.01,81.66,52.59
16,47.33,81.18,51.88
17,48.15,81.38,51.86
14,47.67,79.67,51.9
14,47.75,80.57,51.9
22,63.45,80.1,60.7
26,63.65,79.84,60.7
3,65.42,78.54,60.52
2,65.55,78.7,60.57
2,65.54,78.6,60.5
2,65.67,78.76,60.54
7,65.17,79.39,60.7
12,64.94,79.27,60.5
19,64.74,79.51,60.7
25,64.53,79.76,60.7
5,65.25,79.02,60.52
7,65.15,79.14,60.5
3,65.38,79.23,60.7
12,62.41,78.27,60.41
13,62.31,78.39,60.41
14,62.53,78.37,60.41
14,62.65,78.45,60.53
15,62.76,78.52,60.52
16,62.77,78.61,60.58
15,62.54,78.53,60.51
15,62.55,78.63,60.57
14,62.43,78.49,60.41
16,62.67,78.69,60.55
13,62.63,78.25,60.41
11,62.51,78.15,60.41
11,62.73,78.12,60.41
11,62.61,78.06,60.26
14,62.75,78.35,60.41
12,63.07,78.21,60.57
11,63.26,78.04,60.29
11,63.17,78.09,60.41
11,62.95,78.11,60.57
10,63.05,78,60.42
10,62.83,78.01,60.41
13,62.85,78.23,60.41
10,63.18,77.96,60.22
10,63.05,77.94,60.26
10,62.82,77.95,60.25
11,62.61,77.99,60.13
8,63.05,77.84,60.12
8,62.95,77.83,60.23
9,62.82,77.84,60.12
8,63.17,77.85,60.1
9,62.51,77.85,60.07
9,62.73,77.85,60.07
10,64.41,78.31,60.56
13,64.31,78.42,60.54
11,64.53,78.41,60.55
14,64.43,78.51,60.52
7,64.63,78.29,60.57
6,64.51,78.19,60.57
4,64.73,78.17,60.57
5,64.61,78.07,60.41
5,64.72,78.04,60.3
3,64.93,78.03,60.3
3,64.83,78.05,60.41
10,64.07,78.23,60.57
9,64.29,78.21,60.57
6,64.49,78.04,60.3
7,64.39,78.1,60.41
12,64.19,78.33,60.56
7,64.17,78.12,60.57
6,64.27,78.02,60.42
8,64.05,78.03,60.42
10,63.95,78.13,60.41
6,64.85,78.27,60.41
7,64.97,78.37,60.41
5,65.09,78.47,60.54
7,65,78.57,60.52
4,65.21,78.56,60.53
6,65.1,78.64,60.5
6,65.11,78.73,60.57
10,64.75,78.39,60.41
11,64.65,78.5,60.52
10,64.76,78.56,60.51
11,64.77,78.66,60.57
10,64.87,78.5,60.41
14,64.54,78.58,60.51
15,64.55,78.67,60.57
14,64.67,78.74,60.55
9,64.89,78.72,60.56
8,65.01,78.82,60.54
12,64.79,78.84,60.52
10,64.91,78.94,60.51
8,65.13,78.91,60.38
11,65.03,79.03,60.36
7,65.25,79.01,60.37
9,65.15,79.13,60.36
5,65.33,78.67,60.41
6,65.23,78.79,60.4
3,65.58,78.99,60.51
4,65.45,78.77,60.39
5,65.35,78.89,60.38
2,65.29,78.24,60.41
4,65.19,78.35,60.41
2,65.41,78.34,60.41
4,65.31,78.46,60.41
2,65.28,78.07,60.29
6,65.07,78.25,60.25
5,64.95,78.16,60.26
5,65.04,78.11,60.14
3,65.17,78.14,60.26
4,64.61,77.97,60.24
3,64.83,77.97,60.25
7,64.05,77.97,60.27
6,64.28,77.96,60.28
6,64.39,77.98,60.23
9,63.94,78,60.22
3,65.04,78.01,60.13
4,64.17,77.84,60.22
6,63.94,77.85,60.1
4,64.39,77.85,60.1
3,64.62,77.85,60.12
2,64.83,77.85,60.13
2,64.95,77.85,60.07
15,63.09,78.42,60.54
15,63,78.52,60.52
16,63.21,78.51,60.52
16,63.1,78.59,60.5
17,63.11,78.69,60.57
14,62.97,78.33,60.41
15,62.87,78.45,60.42
16,63.32,78.58,60.51
17,63.33,78.67,60.58
18,63.23,78.75,60.55
18,63.45,78.73,60.57
19,63.35,78.85,60.53
16,62.89,78.67,60.57
18,63.01,78.77,60.55
17,62.79,78.79,60.53
18,62.91,78.89,60.52
19,63.13,78.87,60.53
20,63.25,78.97,60.51
20,63.03,78.99,60.51
21,63.15,79.09,60.5
19,62.7,79.02,60.5
22,62.5,79.33,60.7
20,62.49,79.18,60.5
22,62.94,79.22,60.5
26,62.74,79.46,60.7
26,62.3,79.5,60.7
28,62.53,79.71,60.7
29,62.09,79.75,60.7
27,62.33,79.97,60.7
24,61.93,80.61,60.7
17,61.94,80.88,60.43
30,61.89,80.02,60.7
26,62.13,80.28,60.7
27,61.69,80.31,60.7
24,61.52,80.69,60.7
18,61.53,80.88,60.25
14,63.97,78.35,60.41
16,64.09,78.45,60.42
17,64.21,78.55,60.41
18,64.33,78.65,60.41
16,63.87,78.47,60.41
17,63.75,78.57,60.52
17,63.99,78.57,60.42
18,63.89,78.7,60.56
18,63.66,78.66,60.5
19,63.67,78.75,60.57
20,63.79,78.81,60.54
19,64.11,78.67,60.4
20,64.01,78.79,60.54
20,64.23,78.76,60.39
21,64.13,78.89,60.52
21,63.91,78.91,60.52
22,64.03,79.01,60.51
23,64.26,79.1,60.5
24,64.5,79.38,60.7
23,64.49,79.23,60.5
18,64.45,78.75,60.39
21,64.35,78.86,60.37
16,64.7,79.06,60.5
21,64.47,78.97,60.36
18,64.57,78.84,60.37
20,63.57,78.82,60.39
24,63.82,79.14,60.5
21,63.69,78.92,60.37
22,63.38,79.18,60.5
20,63.47,78.94,60.37
22,63.59,79.04,60.36
29,63.62,79.46,60.7
25,63.61,79.31,60.5
29,63.86,79.59,60.7
27,64.09,79.8,60.7
29,64.06,79.42,60.7
26,64.05,79.27,60.5
28,64.3,79.55,60.7
28,63.18,79.5,60.7
24,63.17,79.35,60.5
28,63.41,79.63,60.7
28,62.97,79.67,60.7
25,63.21,79.88,60.7
24,62.77,79.92,60.7
21,63.01,80.14,60.7
24,62.57,80.2,60.7
20,62.81,80.49,60.7
23,62.41,80.65,60.7
15,62.42,80.88,60.43
14,63.41,78.29,60.41
14,63.19,78.31,60.41
15,63.31,78.41,60.41
12,63.29,78.19,60.41
13,63.85,78.25,60.41
13,63.63,78.27,60.41
15,63.75,78.37,60.41
11,63.84,78.09,60.29
11,63.73,78.15,60.41
15,63.53,78.39,60.41
16,63.65,78.49,60.41
16,63.43,78.51,60.42
17,63.55,78.61,60.42
12,63.51,78.17,60.41
11,63.62,78.1,60.29
12,63.38,78.1,60.26
10,63.53,78,60.22
9,63.73,78.01,60.22
11,63.38,78.01,60.11
8,63.53,77.85,60.09
9,63.39,77.86,59.97
8,63.29,77.85,60.07
7,63.73,77.86,60.09
12,61.97,78.3,60.41
13,62.09,78.4,60.41
11,61.53,78.34,60.56
10,61.41,78.24,60.41
12,61.65,78.44,60.56
11,61.43,78.45,60.54
12,61.55,78.55,60.54
11,61.31,78.36,60.41
13,61.87,78.42,60.41
13,61.77,78.53,60.54
13,61.68,78.64,60.51
14,61.99,78.53,60.41
14,61.87,78.62,60.51
14,61.78,78.7,60.49
14,61.79,78.8,60.56
11,61.63,78.22,60.41
11,61.85,78.2,60.41
10,61.73,78.1,60.26
12,61.75,78.32,60.41
10,61.62,78.09,60.14
10,61.51,78.13,60.26
10,61.73,77.99,60.09
10,61.51,78.01,60.09
9,61.73,77.85,59.95
9,61.51,77.86,59.95
15,62.21,78.5,60.25
16,62.33,78.61,60.25
16,62.45,78.7,60.39
17,62.57,78.8,60.38
15,62.11,78.62,60.25
16,62.01,78.74,60.4
16,61.91,78.86,60.38
18,62.26,79.06,60.5
18,62.47,78.92,60.36
17,62.35,78.82,60.38
17,62.23,78.73,60.25
17,62.13,78.84,60.38
18,62.02,78.96,60.37
12,61.33,78.58,60.41
13,61.23,78.7,60.4
13,61.45,78.68,60.41
14,61.35,78.8,60.39
15,61.57,78.78,60.4
16,61.69,78.87,60.38
13,61.13,78.81,60.38
14,61.03,78.94,60.37
15,61.38,79.13,60.5
15,61.47,78.89,60.38
16,61.59,79,60.36
14,61.25,78.91,60.37
15,61.15,79.04,60.36
18,61.82,79.06,60.37
21,62.06,79.37,60.5
20,62.05,79.18,60.37
18,61.61,79.22,60.37
19,61.62,79.41,60.5
23,61.85,79.54,60.5
15,60.93,79.14,60.36
17,61.17,79.26,60.37
17,61.18,79.45,60.5
17,60.73,79.3,60.37
17,60.74,79.49,60.5
20,60.97,79.62,60.5
21,61.41,79.58,60.5
27,61.65,79.78,60.5
26,61.21,79.82,60.5
29,61.45,80.03,60.5
23,60.53,79.66,60.5
27,60.77,79.86,60.5
28,60.33,79.9,60.5
29,60.57,80.11,60.5
28,60.13,80.16,60.5
28,60.37,80.4,60.51
28,60.17,80.59,60.51
23,60.17,80.88,59.98
29,61.01,80.08,60.5
29,61.25,80.3,60.51
28,61.05,80.55,60.51
29,60.81,80.34,60.51
27,61.03,80.69,60.28
20,61.01,80.88,59.97
28,60.63,80.58,60.51
26,60.62,80.68,60.13
12,60.62,80.88,59.44
12,62.19,78.28,60.41
11,62.07,78.18,60.41
11,61.95,78.09,60.26
11,61.84,78.07,60.14
11,62.29,78.17,60.41
11,62.39,78.07,60.26
11,62.17,78.08,60.26
10,61.95,77.99,60.09
11,62.39,77.99,60.12
10,62.17,78,60.1
9,62.07,77.85,60.07
9,61.94,77.85,59.95
9,62.17,77.86,59.98
9,62.3,77.85,60.07
7,59.97,78.26,60.25
8,60.09,78.36,60.25
8,59.87,78.38,60.25
9,59.99,78.48,60.25
9,60.21,78.46,60.25
10,60.33,78.56,60.25
10,59.77,78.5,60.25
14,59.67,78.62,60.25
10,60.11,78.58,60.25
11,59.89,78.6,60.25
10,60.01,78.69,60.4
11,60.23,78.68,60.25
11,60.13,78.79,60.38
15,59.79,78.72,60.25
14,59.9,78.81,60.38
15,60.03,78.92,60.36
19,59.57,78.74,60.25
20,59.69,78.84,60.25
21,59.81,79.02,60.37
23,59.47,78.86,60.25
25,59.38,79.05,60.37
23,59.59,78.96,60.25
25,59.61,79.18,60.37
26,59.62,79.36,60.5
8,60.41,78.22,60.25
9,60.53,78.32,60.25
8,60.31,78.34,60.25
9,60.43,78.44,60.25
8,60.63,78.2,60.26
8,60.5,78.14,60.11
7,60.19,78.24,60.25
8,60.39,78.09,60.14
7,60.29,78.12,60.26
6,59.95,78.1,60.14
7,60.18,78.09,60.14
6,60.07,78.14,60.26
9,60.75,78.3,60.25
10,60.97,78.28,60.25
10,60.87,78.4,60.25
9,60.72,78.15,60.14
9,60.85,78.18,60.26
10,60.65,78.42,60.25
10,60.55,78.54,60.25
11,61.09,78.38,60.25
12,61.21,78.48,60.25
11,60.77,78.52,60.25
11,60.99,78.5,60.25
11,60.89,78.62,60.41
11,60.67,78.64,60.25
11,60.79,78.73,60.39
12,61.11,78.6,60.25
12,61.01,78.72,60.4
12,60.91,78.83,60.38
9,60.85,78.04,60.08
8,60.85,77.86,59.94
11,60.45,78.66,60.25
12,60.57,78.76,60.25
12,60.35,78.78,60.25
13,60.47,78.88,60.25
14,60.25,78.9,60.25
18,60.15,79.02,60.25
13,60.69,78.86,60.25
15,60.81,78.96,60.25
16,60.37,79,60.25
19,60.27,79.12,60.25
15,60.59,78.98,60.25
16,60.71,79.08,60.25
17,60.49,79.18,60.36
23,60.05,79.25,60.19
24,60.29,79.45,60.2
26,59.85,79.49,60.2
26,60.09,79.69,60.2
10,61.19,78.26,60.25
10,61.29,78.14,60.26
10,61.4,78.11,60.14
10,61.16,78.11,60.14
10,61.07,78.17,60.26
9,60.96,78.13,60.14
9,61.07,78.03,60.07
9,61.29,78.02,60.09
8,61.07,77.86,59.94
8,61.28,77.86,59.94
20,56.89,78.53,60.74
19,57.01,78.63,60.73
19,56.9,78.71,60.72
19,56.79,78.65,60.73
20,57.21,78.42,60.74
21,57.2,78.36,60.67
21,57.09,78.32,60.68
20,56.99,78.44,60.74
21,56.98,78.38,60.67
20,57.11,78.51,60.74
20,56.65,78.37,60.73
21,56.62,78.3,60.68
20,56.77,78.43,60.73
19,56.67,78.55,60.73
20,56.55,78.45,60.74
21,56.97,78.2,60.75
21,56.75,78.22,60.74
20,56.87,78.34,60.68
22,57.07,78.09,60.75
26,57.06,77.97,60.76
27,57.16,77.89,60.68
25,57.11,77.95,60.68
26,57.22,77.94,60.68
24,57.17,78,60.69
25,57.26,77.91,60.61
22,56.85,78.1,60.75
25,57.05,77.9,60.6
26,56.94,77.91,60.68
25,57,77.96,60.69
25,56.89,77.97,60.69
24,56.95,78.02,60.68
24,56.78,77.98,60.69
24,56.67,77.99,60.69
25,56.72,77.93,60.68
23,56.73,78.04,60.69
24,56.83,77.91,60.59
24,56.6,77.92,60.58
19,57.37,78.93,60.7
19,57.49,79.03,60.7
19,57.27,79.05,60.7
19,57.38,79.15,60.7
21,57.57,78.73,60.72
21,57.56,78.65,60.58
20,57.47,78.81,60.71
21,57.69,78.79,60.71
20,57.59,78.91,60.71
19,57.03,78.85,60.71
19,57.15,78.95,60.7
19,57.13,78.76,60.72
20,57.12,78.69,60.58
19,57.25,78.83,60.71
21,57.33,78.5,60.64
21,57.45,78.59,60.6
20,57.23,78.61,60.6
20,57.35,78.74,60.72
20,57.34,78.67,60.58
21,57.81,78.89,60.52
19,57.61,79.24,60.7
20,57.71,79.01,60.51
20,57.85,79.37,60.7
24,58.59,78.93,60.36
24,58.71,79.03,60.36
24,58.59,78.93,60.51
24,58.71,79.03,60.5
21,57.93,78.99,60.51
20,57.82,79.11,60.5
22,58.49,79.16,60.7
21,58.05,79.2,60.7
23,58.73,79.29,60.5
23,58.74,79.44,60.7
24,58.77,79.82,60.7
25,59.01,80.04,60.7
26,59.49,80.63,60.7
27,59.45,79.99,60.5
25,59.25,80.33,60.7
27,59.69,80.21,60.5
25,59.29,80.81,60.7
28,59.93,80.43,60.51
26,59.74,80.78,60.7
23,58.57,80.09,60.7
23,58.81,80.34,60.7
20,58.4,80.84,60.7
24,59.05,80.64,60.7
27,60.17,80.68,60.29
24,59.5,80.88,60.44
24,59.29,80.88,60.44
24,59.76,80.88,60.25
20,58.4,80.88,60.53
23,59.05,80.88,60.45
18,56.81,78.87,60.71
18,56.69,78.77,60.71
18,56.59,78.89,60.71
18,56.71,78.99,60.7
19,56.57,78.7,60.72
19,56.56,78.63,60.59
18,56.35,78.69,60.72
19,56.45,78.57,60.6
18,56.47,78.79,60.71
18,57.17,79.28,60.7
17,56.72,79.24,60.7
18,56.93,79.08,60.7
19,57.41,79.41,60.7
20,57.89,79.91,60.7
21,58.13,80.15,60.7
19,57.69,80.17,60.7
19,57.93,80.49,60.7
15,55.85,79.32,60.7
16,56.05,79.16,60.7
16,56.28,79.28,60.7
17,57.49,80.52,60.7
18,57.72,80.73,60.7
16,57.73,80.88,60.43
15,57.29,80.77,60.7
21,48.69,81.18,54.4
21,49.1,81.38,54.4
23,48.69,81.18,55.02
24,49.1,81.38,55.02
25,49.1,81.18,55.65
27,49.6,81.38,55.65
22,49.59,81.18,56.27
24,50.02,81.38,56.27
11,53.7,80.04,60.5
12,53.89,79.79,60.5
13,53.02,79.87,60.5
11,53.26,80.09,60.5
12,52.82,80.12,60.5
10,53.08,80.38,60.51
15,52.77,79.66,60.2
14,52.57,79.9,60.2
17,52.53,79.46,59.86
16,52.33,79.7,59.86
19,52.29,79.26,59.55
19,52.09,79.5,59.55
9,53.33,80.56,60.51
9,53.51,80.32,60.51
8,53.56,80.65,60.51
16,51.33,80.93,58.15
17,51.51,80.79,58.77
16,52.13,79.94,59.86
16,51.93,80.18,59.86
19,51.89,79.74,59.55
18,51.69,79.98,59.55
15,51.87,80.48,59.4
12,52.68,80.51,60.52
14,52.37,80.14,60.2
15,52.37,80.14,59.86
14,52.17,80.39,60.19
14,52.15,80.45,60.39
14,52.17,80.39,59.86
19,50.01,81.18,56.9
19,50.62,81.38,56.9
18,50.57,81.18,57.52
16,51.56,81.38,57.53
13,54.98,79.55,60.7
14,54.97,79.4,60.5
13,55.21,79.68,60.7
10,54.57,79.97,60.7
12,54.77,79.72,60.7
11,55.01,79.93,60.7
9,54.81,80.2,60.7
7,54.2,80.61,60.7
8,54.38,80.25,60.7
8,54.63,80.52,60.7
11,54.13,80,60.5
9,53.94,80.27,60.51
7,54.46,80.76,60.7
7,54.02,80.81,60.7
8,53.75,80.53,60.51
9,53.3,80.68,60.3
8,53.75,80.68,60.3
8,53.55,80.68,60.3
11,52.7,80.71,60.14
13,52.13,80.76,59.43
16,51.94,80.99,58.79
17,51.42,81.18,58.16
6,54.48,80.88,60.47
6,54.22,80.88,60.47
6,54.02,80.88,60.26
7,53.35,80.88,60.02
6,53.78,80.88,60.02
7,53.59,80.88,60.02
10,52.79,80.89,59.49
13,52.25,80.9,58.81
15,52.11,81.16,58.17
16,55.36,78.88,60.52
15,55.26,79,60.51
14,55.17,79.23,60.5
15,55.05,79.02,60.36
14,54.94,79.14,60.36
15,55.61,79.19,60.7
15,55.48,78.98,60.51
15,55.38,79.1,60.5
14,55.42,79.51,60.7
14,55.41,79.36,60.5
15,54.48,78.96,60.25
15,54.6,79.06,60.25
14,54.73,79.24,60.36
13,54.09,79.55,60.5
12,54.33,79.75,60.5
15,54.38,79.08,60.25
14,54.5,79.18,60.25
14,54.33,79.27,60.36
13,54.52,79.4,60.37
13,54.54,79.58,60.5
18,54.89,78.48,60.25
17,54.79,78.6,60.25
16,54.69,78.72,60.25
16,54.58,78.84,60.25
16,54.81,78.82,60.25
15,54.7,78.94,60.25
17,55.01,78.58,60.25
17,55.13,78.68,60.4
17,54.91,78.7,60.25
16,55.03,78.79,60.38
16,55.25,78.77,60.39
16,55.15,78.9,60.37
15,54.92,78.92,60.25
15,54.82,79.04,60.25
21,55.19,78.12,60.41
22,55.06,78.06,60.27
20,55.09,78.24,60.25
19,54.99,78.36,60.25
18,56.01,78.65,60.72
18,56,78.58,60.6
18,56.13,78.71,60.72
18,55.91,78.73,60.72
17,56.03,78.82,60.71
17,55.8,78.84,60.53
16,55.92,78.95,60.51
16,55.71,78.96,60.51
16,55.82,79.06,60.5
19,55.77,78.41,60.65
19,55.89,78.51,60.63
18,55.67,78.53,60.62
18,55.79,78.66,60.72
18,55.78,78.59,60.6
21,55.53,78.2,60.57
20,55.65,78.3,60.57
20,55.43,78.32,60.57
20,55.31,78.22,60.41
19,55.55,78.41,60.55
22,55.41,78.1,60.41
22,55.29,78.05,60.28
18,55.56,78.59,60.51
17,55.57,78.68,60.57
17,55.47,78.77,60.55
17,55.69,78.75,60.55
16,55.59,78.86,60.52
19,55.21,78.34,60.25
19,55.33,78.44,60.41
18,55.11,78.46,60.25
18,55.23,78.56,60.41
18,55.45,78.54,60.41
17,55.35,78.66,60.41
21,56.54,78.2,60.67
23,56.63,78.1,60.68
21,56.3,78.19,60.67
20,56.31,78.29,60.67
20,56.42,78.36,60.66
22,56.41,78.11,60.68
23,56.51,78.01,60.57
20,56.2,78.36,60.55
19,56.1,78.47,60.53
19,56.33,78.45,60.53
19,56.22,78.53,60.51
18,56.23,78.63,60.58
20,55.99,78.38,60.55
20,55.87,78.28,60.57
21,55.97,78.16,60.57
22,55.85,78.06,60.41
21,55.75,78.18,60.41
23,55.72,78.02,60.29
22,55.63,78.08,60.41
22,55.51,78.03,60.28
22,56.18,78.13,60.68
23,56.29,78.02,60.56
23,56.39,77.96,60.43
23,56.07,78.04,60.57
23,56.17,77.97,60.42
23,55.95,77.99,60.43
21,56.09,78.26,60.57
27,57.61,77.9,60.58
26,57.39,77.91,60.55
25,57.16,77.89,60.53
25,56.97,77.89,60.52
24,56.83,77.91,60.43
24,56.6,77.91,60.43
24,56.72,77.89,60.52
21,58.28,77.93,60.38
22,58.39,77.96,60.28
22,58.16,77.92,60.4
27,57.71,77.91,60.53
27,57.84,77.93,60.44
24,58.05,77.91,60.46
20,57.94,77.9,60.53
21,58.51,77.97,60.25
7,59.15,77.98,60.28
17,58.72,77.97,60.26
11,58.95,77.97,60.27
9,59.28,78.04,60.13
5,59.41,78.01,60.22
6,59.53,78.02,60.11
5,59.73,78,60.11
6,59.94,78,60.12
6,60.07,78.01,60.08
7,60.29,78,60.09
8,60.64,78.04,60.07
8,60.5,78.04,59.97
10,59.53,78.3,60.1
10,59.65,78.4,60.1
15,59.43,78.42,60.1
15,59.55,78.52,60.1
8,59.75,78.28,60.1
7,59.85,78.16,60.1
7,59.74,78.14,59.98
7,59.63,78.18,60.1
24,58.53,78.27,60.25
25,58.41,78.17,60.26
14,59.31,78.31,60.1
9,59.52,78.16,59.98
10,59.41,78.21,60.1
18,58.97,78.23,60.25
22,58.75,78.25,60.25
22,58.87,78.35,60.25
14,59.19,78.22,60.1
13,59.07,78.13,60.26
18,58.95,78.11,60.14
18,58.85,78.14,60.26
24,58.65,78.37,60.25
24,58.77,78.47,60.25
22,58.73,78.12,60.14
22,58.63,78.15,60.26
24,58.51,78.12,60.14
20,59.33,78.54,60.1
20,59.45,78.64,60.1
19,59.21,78.43,60.1
19,59.09,78.33,60.1
23,58.99,78.45,60.1
24,58.89,78.57,60.25
23,59.11,78.55,60.1
24,59.01,78.67,60.25
25,58.79,78.69,60.25
25,58.91,78.79,60.25
23,59.23,78.65,60.1
25,59.13,78.77,60.25
23,59.35,78.76,60.1
25,59.25,78.87,60.25
25,59.03,78.89,60.25
25,58.93,79.1,60.36
25,59.15,78.99,60.25
27,59.89,79.93,60.2
25,59.16,79.21,60.37
25,59.18,79.4,60.5
26,59.65,79.73,60.2
26,59.41,79.53,60.5
24,58.97,79.57,60.5
26,59.21,79.77,60.5
25,58.55,78.49,60.25
24,58.45,78.61,60.41
25,58.67,78.59,60.25
24,58.57,78.71,60.39
24,58.69,78.81,60.25
24,58.81,78.91,60.25
22,58.26,78.96,60.51
23,58.35,78.73,60.39
23,58.46,78.83,60.37
25,57.97,78.21,60.57
25,58.17,78.05,60.29
26,58.07,78.09,60.41
24,57.87,78.33,60.57
25,58.29,78.09,60.26
25,58.19,78.19,60.41
25,58.09,78.31,60.56
24,57.98,78.42,60.55
25,58.43,78.39,60.25
24,58.33,78.51,60.41
23,58.23,78.63,60.41
25,58.31,78.29,60.25
24,58.21,78.41,60.41
23,58.11,78.53,60.41
23,57.77,78.44,60.55
23,57.89,78.53,60.53
22,57.67,78.55,60.52
22,57.78,78.62,60.51
21,57.79,78.71,60.57
22,58.12,78.75,60.39
22,58,78.65,60.41
22,57.91,78.76,60.4
22,58.02,78.86,60.38
24,57.75,78.23,60.57
26,57.85,78.11,60.57
26,57.95,78.02,60.42
25,57.63,78.12,60.56
26,57.74,78.04,60.42
22,57.19,78.16,60.68
22,57.31,78.25,60.67
23,57.41,78.14,60.68
25,57.51,78.03,60.57
23,57.29,78.05,60.57
24,57.38,78,60.45
23,57.53,78.25,60.57
23,57.65,78.35,60.56
22,57.55,78.46,60.54
22,57.43,78.36,60.56
27,57.52,77.82,60.54
26,57.37,77.83,60.44
25,57.17,77.83,60.42
25,56.95,77.83,60.41
25,56.73,77.83,60.4
28,57.73,77.83,60.41
24,57.95,77.83,60.41
19,58.29,77.84,60.24
21,58.06,77.83,60.36
21,58.17,77.83,60.28
18,58.63,77.84,60.2
21,58.5,77.85,60.12
9,59.07,77.84,60.23
19,58.73,77.85,60.12
14,58.95,77.85,60.13
13,58.85,77.84,60.22
9,59.2,77.86,60.07
5,59.4,77.86,60.09
5,59.52,77.86,59.97
4,59.62,77.85,60.07
5,59.73,77.85,59.97
5,59.86,77.85,60.07
6,59.96,77.86,59.91
6,60.07,77.86,59.94
7,60.29,77.86,59.95
7,60.18,77.86,59.91
8,60.64,77.86,59.94
7,60.42,77.86,59.92
24,56.06,77.92,60.38
23,55.95,77.96,60.28
24,56.29,77.91,60.37
24,56.18,77.94,60.28
23,56.39,77.93,60.31
24,56.52,77.92,60.38
23,55.06,77.96,60.25
23,55.85,77.96,60.24
24,55.72,77.94,60.27
23,55.29,77.96,60.26
23,55.51,77.94,60.26
23,54.19,78.02,60.11
22,54.41,78.02,60.13
22,54.63,78.01,60.13
23,54.85,77.99,60.12
24,53.52,78.02,60.07
23,53.97,78.01,60.09
23,54.09,78.02,60.07
23,53.75,78.05,59.95
24,53.31,78.05,59.94
24,53.1,78.05,59.94
25,52.74,78.05,59.95
25,52.88,78.05,59.93
26,52.65,78.06,59.79
27,52.29,78.06,59.79
26,52.53,78.06,59.79
26,52.43,78.06,59.78
29,51.98,78.06,59.55
30,51.54,78.06,59.24
25,51.13,78.06,58.93
9,49.35,78.63,58.14
19,47.27,80.14,55.02
12,48.95,79.11,57.52
16,48.55,79.59,56.9
17,48.15,80.07,56.27
21,47.75,80.57,55.65
20,48.63,80.47,55.65
22,47.75,80.57,55.02
6,49.1,78.06,58.61
7,48.69,78.06,58.61
8,48.88,78.35,58.15
6,49.54,78.06,58.61
6,49.98,78.06,58.61
8,49.78,78.32,58.15
10,48.47,78.68,57.52
20,46.76,79.75,55.65
12,48.07,79.19,56.9
13,47.67,79.67,56.27
17,47.27,80.14,55.65
13,48.08,78.06,58.15
15,47.98,78.38,57.52
15,47.59,78.79,56.9
15,47.19,79.26,56.27
23,47.52,78.06,57.52
25,47.09,78.06,56.89
25,46.56,78.06,56.27
25,46.21,78.06,55.65
24,46.65,78.26,55.65
21,46.71,78.86,55.65
22,47.54,78.24,56.9
22,47.12,78.43,56.27
23,46.2,78.06,55.02
21,46.76,79.75,55.02
23,46.65,78.26,55.02
22,46.71,78.86,55.02
8,50.86,78.06,58.61
6,50.41,78.06,58.61
6,50.66,78.06,58.61
22,53.21,78.29,59.79
23,52.99,78.31,59.79
22,53.11,78.41,59.79
23,53.09,78.22,59.79
23,52.77,78.33,59.79
24,52.65,78.25,59.79
24,52.55,78.35,59.79
23,52.67,78.45,59.79
22,52.89,78.43,59.79
21,53.01,78.53,59.79
22,52.79,78.55,59.79
21,52.91,78.65,59.79
24,52.86,78.23,59.79
24,52.75,78.2,59.79
23,52.46,78.58,59.55
21,52.69,78.78,59.55
22,52.25,78.82,59.55
20,52.49,79.02,59.55
23,52.05,79.06,59.24
22,51.85,79.3,59.24
18,50.5,80.96,57.52
24,51.41,79.34,58.93
21,51.65,79.54,59.24
19,51.89,79.74,59.24
23,51.21,79.58,58.93
21,51.45,79.78,59.24
19,51.69,79.98,59.24
20,51.27,80.24,58.77
18,50.86,80.68,58.15
23,48.68,81.01,55.02
20,48.63,80.47,55.02
22,49.1,80.82,55.65
21,49.57,80.98,56.27
9,50.24,78.58,58.15
13,49.83,79.03,57.52
15,49.43,79.51,56.9
18,49.03,79.99,56.27
19,49.51,80.39,56.27
19,49.99,80.77,56.9
17,49.91,79.91,56.9
18,50.39,80.32,57.52
15,50.31,79.43,57.52
23,50.97,79.38,58.61
22,51.21,79.58,58.61
19,50.79,79.84,58.15
26,51.37,78.9,58.93
23,51.17,79.14,58.61
25,51.61,79.1,58.93
23,51.41,79.34,58.61
26,52.01,78.62,59.24
26,51.81,78.86,58.93
28,51.78,78.41,59.24
27,51.57,78.66,58.93
16,50.89,78.5,58.61
17,51.09,78.29,58.61
21,51.13,78.7,58.61
7,50.62,78.29,58.14
14,50.71,78.96,58.15
29,51.54,78.27,58.93
22,51.33,78.44,58.61
29,51.98,78.26,59.24
26,52.41,78.24,59.55
27,52.22,78.39,59.24
18,54.01,78.56,60.25
17,54.13,78.66,60.25
17,53.91,78.68,60.25
17,54.02,78.78,60.25
19,53.89,78.46,60.1
18,53.79,78.58,60.1
20,54.21,78.32,60.1
19,54.33,78.42,60.1
19,54.11,78.44,60.1
18,54.23,78.54,60.1
18,54.45,78.52,60.1
17,54.57,78.62,60.1
17,54.35,78.64,60.1
16,54.25,78.76,60.25
16,54.47,78.74,60.1
16,54.36,78.86,60.25
16,54.14,78.88,60.25
15,54.26,78.98,60.25
15,53.61,79.15,60.18
14,53.85,79.35,60.2
16,53.7,78.92,60.1
16,53.82,79.02,60.1
17,53.8,78.8,60.1
16,53.92,78.9,60.1
15,54.05,79.11,60.18
14,53.41,79.39,60.2
13,53.65,79.58,60.2
14,53.21,79.62,60.2
13,53.45,79.83,60.2
16,53.17,79.18,59.86
16,52.97,79.42,59.86
21,53.65,78.26,59.94
22,53.43,78.28,59.94
21,53.55,78.38,59.94
22,53.53,78.2,59.95
20,53.77,78.36,59.94
20,53.67,78.48,59.94
21,54.09,78.23,59.94
21,53.87,78.24,59.94
20,53.99,78.34,59.94
21,53.97,78.18,59.96
22,53.75,78.2,59.79
23,53.31,78.22,59.79
20,53.02,78.75,59.79
19,53.14,78.85,59.79
20,53.13,78.63,59.79
19,53.24,78.73,59.79
17,53.37,78.95,59.86
21,53.33,78.39,59.79
20,53.45,78.5,59.79
21,53.23,78.51,59.79
20,53.35,78.61,59.79
18,53.58,78.71,59.86
19,52.93,78.98,59.55
18,52.73,79.22,59.55
20,54.65,78.27,60.1
19,54.77,78.38,60.1
19,54.55,78.4,60.1
18,54.67,78.5,60.1
20,54.43,78.3,60.1
20,54.31,78.21,60.1
21,54.19,78.18,59.95
21,54.53,78.19,60.1
20,54.87,78.26,60.1
21,54.75,78.17,60.1
21,54.97,78.16,60.11
25,56.06,77.83,60.25
25,56.29,77.83,60.25
25,56.5,77.83,60.26
25,55.18,77.84,60.23
25,55.05,77.85,60.13
25,55.85,77.85,60.11
25,55.64,77.83,60.22
25,55.3,77.85,60.13
25,55.51,77.84,60.15
25,55.4,77.83,60.22
25,54.32,77.86,60.07
25,54.18,77.86,59.95
25,54.52,77.85,60.07
25,54.74,77.85,60.07
25,54.96,77.85,60.07
26,53.52,77.86,59.94
26,53.64,77.86,59.91
26,53.96,77.86,59.95
26,53.86,77.86,59.92
25,54.09,77.86,59.94
26,53.75,77.86,59.79
27,53.31,77.86,59.79
28,52.75,77.86,59.79
28,52.88,77.86,59.78
29,52.64,77.86,59.6
27,53.09,77.86,59.78
29,52.4,77.86,59.55
31,51.98,77.86,59.24
30,51.54,77.86,58.93
11,51.13,77.86,58.61
9,48.89,77.86,58.14
6,49.77,77.86,58.15
20,48.05,77.86,57.52
25,47.49,77.86,56.89
25,47.03,77.86,56.27
24,46.42,77.86,55.65
22,46.4,77.86,55.02
6,50.59,77.86,58.14
16,48.69,81.38,52.52
16,48.16,81.18,52.52
17,49.09,81.38,53.15
17,48.69,81.18,53.15
17,48.24,80.86,53.15
19,49.58,81.38,53.78
19,48.68,81.01,53.77
19,49.1,81.18,53.77
18,48.63,80.47,53.77
20,49.1,80.82,54.4
18,46.54,78.06,53.76
19,47.19,79.26,53.77
19,47.12,78.43,53.77
20,46.54,78.06,54.39
18,47.19,79.26,54.4
21,47.12,78.43,54.4
15,46.55,78.06,53.13
19,47.19,79.26,53.15
17,47.12,78.43,53.15
17,47.67,79.67,53.15
16,47.75,80.57,52.52
16,47.67,79.67,54.4
17,47.67,79.67,53.77
17,48.15,80.07,53.77
18,48.15,80.07,54.4
17,49.03,79.99,54.4
16,48.15,80.07,53.15
13,46.56,78.06,52.5
17,47.19,79.26,52.52
15,47.12,78.43,52.52
11,47.08,78.06,51.87
12,47.54,78.24,51.9
13,47.59,78.79,51.9
10,47.47,78.06,51.2
16,47.67,79.67,52.52
18,46.99,77.86,54.39
16,46.99,77.86,53.77
13,47.01,77.86,53.13
11,47.02,77.86,52.49
10,47.44,77.86,51.84
9,47.92,77.86,51.11
9,47.46,78.06,50.78
8,47.91,78.29,50.7
8,47.87,77.86,50.61
9,47.98,78.38,50.89
10,48.07,79.19,50.89
11,48.15,80.07,50.89
14,48.24,80.86,50.89
272,51.7,81.4,50.34
273,51.14,81.05,50.33
285,51.62,81.03,50.32
274,51.1,81.48,50.26
270,51.12,81.41,50.34
264,50.94,81.51,50.35
18,48.68,81.13,50.7
20,49.1,81.03,50.51
17,48.16,81.18,51.21
22,48.69,81.38,51.11
19,48.69,81.18,50.78
25,49.09,81.38,50.61
304,50.48,81.41,49.86
303,50.29,81.26,50.12
146,50.3,81.63,50.14
294,50.67,81.21,50.1
286,50.32,81.45,50.29
293,50.48,81.34,50.26
289,50.46,81.32,50.34
275,50.39,81.47,50.35
217,50.4,81.56,50.35
44,50.36,81.62,50.6
289,50.7,81.59,50.12
269,50.8,81.6,50.28
117,50.72,81.51,50.42
68,51.44,82.22,50.18
57,51.65,81.99,50.18
166,51.72,82.4,50.13
291,51.37,81.34,49.86
213,51.57,81.54,50.13
282,51.14,81.17,50.08
291,51.54,81.14,50.07
275,51.38,81.28,50.25
241,51.64,81.54,50.35
50,51.36,81.59,50.48
274,51.17,81.57,50.12
184,51.41,81.7,50.12
44,51.31,81.65,50.5
89,51.38,81.84,50.2
284,50.96,81.82,49.86
278,50.98,81.73,50.07
96,51.2,82.02,50.18
268,50.94,81.61,50.29
144,50.54,82.07,50.02
42,50.32,81.79,50.46
38,50.42,81.69,50.58
37,50.49,81.67,50.56
149,51.02,82.48,50.02
131,51.71,83.29,51.26
143,51.48,82.88,50.64
394,50.62,82.96,50.65
17,50.43,81.6,50.84
37,51.77,81.8,50.55
60,51.93,82.28,50.7
72,51.9,82.84,51.3
29,51.47,81.74,50.54
36,52.1,82.15,51.37
29,51.91,81.65,50.94
25,51.54,81.64,50.89
10,47.98,78.38,51.27
11,48.07,79.19,51.27
12,48.15,80.07,51.27
14,48.24,80.86,51.27
9,48.43,78.62,50.7
10,48.54,79.59,50.71
12,48.63,80.52,50.71
8,48.68,78.09,50.5
9,48.91,79.06,50.51
11,49.02,80.03,50.51
39,50.3,81.83,50.72
76,50.32,82.1,50.49
92,50.56,82.3,50.49
21,50.41,81.73,50.84
14,50.3,81.64,51.33
11,50,81.66,51.95
51,50.05,81.82,51.29
98,50.1,81.95,50.8
324,50.14,82.56,50.65
359,49.67,82.21,51.27
85,49.65,81.87,51.91
893,49.26,82.63,51.9
1197,49.74,83.03,51.27
1528,49.34,83.51,51.9
11,50.06,81.86,52.54
6,50.46,81.66,52.69
10,51.65,81.66,52.63
15,48.16,81.18,51.88
17,48.69,81.38,51.86
13,48.07,79.19,51.9
14,48.15,80.07,51.9
14,48.24,80.86,51.9
18,63.05,80.72,60.7
19,63.25,80.46,60.7
26,63.45,80.07,60.5
20,63.69,80.37,60.7
28,63.65,79.83,60.5
22,63.89,80.06,60.7
23,64.33,80.01,60.7
13,63.05,80.88,60.44
8,62.38,80.88,59.97
2,65.53,78.44,60.41
2,65.65,78.54,60.41
4,65.43,78.56,60.41
3,65.55,78.65,60.41
2,65.77,78.63,60.41
3,65.67,78.75,60.39
2,65.89,78.73,60.39
3,65.79,78.85,60.37
13,64.97,79.22,60.36
7,65.17,79.39,60.5
8,65.18,79.54,60.7
19,64.74,79.51,60.5
14,64.98,79.72,60.7
25,64.53,79.75,60.5
20,64.77,79.97,60.7
4,65.38,79.23,60.5
2,65.82,79.19,60.5
2,65.62,79.43,60.7
13,62.41,78.27,60.25
14,62.31,78.39,60.25
14,62.53,78.37,60.25
15,62.65,78.47,60.41
16,62.77,78.57,60.42
15,62.43,78.49,60.25
15,62.55,78.58,60.41
17,62.67,78.68,60.4
13,62.63,78.25,60.25
12,62.51,78.15,60.26
12,62.62,78.09,60.14
12,62.73,78.13,60.26
14,62.75,78.35,60.25
13,63.07,78.21,60.41
12,63.17,78.09,60.26
11,62.95,78.11,60.41
11,63.05,78.04,60.27
11,62.83,78.05,60.26
13,62.85,78.23,60.25
11,63.17,78,60.1
11,63.05,77.98,60.12
10,62.95,77.95,60.23
11,62.82,77.98,60.12
11,62.51,78.01,60.07
11,62.73,78,60.07
9,62.95,77.84,60.09
9,63.16,77.85,59.95
9,62.51,77.86,59.94
9,62.72,77.85,59.94
10,62.84,77.86,59.91
11,64.41,78.31,60.41
14,64.31,78.43,60.41
12,64.53,78.41,60.41
15,64.43,78.53,60.41
9,64.63,78.29,60.41
8,64.51,78.19,60.41
6,64.73,78.17,60.41
7,64.61,78.09,60.26
5,64.83,78.08,60.27
12,64.07,78.23,60.41
10,64.29,78.21,60.41
9,64.39,78.11,60.26
13,64.19,78.33,60.41
8,64.28,78.05,60.29
9,64.17,78.11,60.41
9,64.06,78.06,60.29
11,63.95,78.14,60.26
8,64.85,78.27,60.25
9,64.97,78.37,60.25
7,65.09,78.47,60.41
9,64.99,78.59,60.41
6,65.21,78.58,60.41
8,65.11,78.69,60.41
12,64.75,78.39,60.25
13,64.65,78.51,60.41
12,64.87,78.49,60.25
13,64.77,78.61,60.41
16,64.55,78.63,60.41
16,64.67,78.73,60.39
12,64.89,78.71,60.4
10,65.01,78.81,60.38
14,64.79,78.83,60.37
13,64.91,78.93,60.36
12,65.13,78.91,60.25
14,65.03,79.03,60.25
11,65.25,79.02,60.25
13,65.15,79.14,60.25
7,65.34,79.19,60.37
8,65.33,78.68,60.25
10,65.23,78.8,60.25
7,65.45,78.78,60.25
9,65.35,78.9,60.25
4,65.57,78.95,60.37
4,65.29,78.23,60.25
6,65.19,78.35,60.25
4,65.41,78.34,60.25
6,65.31,78.46,60.25
2,65.51,78.22,60.25
2,65.39,78.12,60.26
2,65.5,78.09,60.14
8,65.07,78.26,60.1
7,64.95,78.17,60.11
5,65.17,78.16,60.11
6,64.62,78.01,60.12
4,64.83,78.01,60.13
7,64.17,77.98,60.22
8,64.39,78.01,60.1
10,63.94,78.03,60.1
4,64.95,78.03,60.07
3,65.18,78.02,60.09
6,64.17,77.85,60.1
6,64.06,77.86,60.07
5,64.29,77.85,60.07
8,63.94,77.86,59.95
5,64.4,77.86,59.97
4,64.53,77.85,60.07
3,64.73,77.85,60.07
3,64.94,77.86,59.94
2,65.17,77.86,59.95
2,65.07,77.86,59.92
15,63.09,78.43,60.41
16,62.99,78.55,60.41
16,63.21,78.53,60.41
17,63.11,78.65,60.41
14,62.97,78.33,60.25
15,62.87,78.45,60.25
17,63.33,78.63,60.41
18,63.23,78.74,60.4
18,63.45,78.73,60.41
19,63.35,78.84,60.38
17,62.89,78.66,60.4
18,63.01,78.76,60.39
18,62.79,78.78,60.38
19,62.91,78.88,60.37
19,63.13,78.86,60.38
20,63.24,78.96,60.36
20,63.03,78.98,60.36
21,63.15,79.09,60.36
19,62.69,78.98,60.36
21,62.97,79.18,60.36
20,62.49,79.15,60.37
22,62.5,79.33,60.5
24,62.74,79.46,60.5
24,62.29,79.5,60.5
27,62.53,79.7,60.5
27,62.09,79.74,60.5
28,62.33,79.95,60.5
26,61.93,80.49,60.51
10,61.91,80.88,60.03
22,61.94,80.69,60.29
29,61.89,79.99,60.5
29,62.13,80.22,60.51
29,61.69,80.25,60.5
27,61.52,80.54,60.51
24,61.53,80.68,60.12
7,61.55,80.88,59.44
15,63.97,78.35,60.25
16,64.09,78.45,60.25
17,64.21,78.55,60.25
18,64.33,78.65,60.25
16,63.87,78.47,60.25
17,63.77,78.59,60.41
18,63.99,78.57,60.25
19,63.89,78.69,60.4
19,63.67,78.71,60.41
20,63.78,78.8,60.39
19,64.11,78.67,60.25
20,64.01,78.78,60.38
20,64.23,78.77,60.25
21,64.13,78.89,60.37
21,63.91,78.91,60.37
22,64.03,79.01,60.36
23,64.25,79.07,60.36
23,64.49,79.19,60.37
24,64.5,79.38,60.5
19,64.45,78.75,60.25
21,64.35,78.87,60.25
22,64.47,78.97,60.25
20,64.57,78.85,60.25
17,64.69,79.03,60.36
19,63.57,78.83,60.25
21,63.69,78.93,60.25
23,63.82,79.11,60.36
20,63.47,78.95,60.25
21,63.59,79.05,60.25
22,63.37,79.15,60.36
24,63.61,79.27,60.37
27,63.62,79.45,60.5
28,63.86,79.58,60.5
28,64.09,79.79,60.5
25,64.05,79.23,60.37
28,64.06,79.42,60.5
28,64.3,79.54,60.5
23,63.17,79.31,60.37
26,63.18,79.49,60.5
27,63.41,79.62,60.5
27,62.97,79.66,60.5
27,63.21,79.87,60.5
27,62.77,79.91,60.5
25,63.01,80.12,60.5
27,62.57,80.16,60.5
23,62.81,80.4,60.51
25,62.41,80.51,60.51
20,62.42,80.69,60.29
14,63.41,78.29,60.25
14,63.19,78.31,60.25
15,63.31,78.41,60.25
13,63.29,78.19,60.25
13,63.85,78.25,60.25
14,63.63,78.26,60.25
15,63.75,78.37,60.25
12,63.73,78.16,60.26
15,63.53,78.39,60.25
16,63.65,78.49,60.25
16,63.43,78.51,60.25
17,63.55,78.61,60.25
12,63.51,78.17,60.25
12,63.39,78.13,60.12
11,63.53,78.03,60.09
11,63.73,78.04,60.09
11,63.39,78.04,59.97
11,63.29,78.02,60.07
9,63.52,77.86,59.94
9,63.3,77.86,59.93
8,63.72,77.86,59.95
8,63.85,77.86,59.92
12,61.97,78.3,60.25
14,62.09,78.4,60.25
9,61.41,77.86,59.92
11,61.53,78.34,60.41
11,61.41,78.24,60.25
12,61.65,78.44,60.41
12,61.43,78.46,60.41
13,61.55,78.57,60.41
11,61.31,78.36,60.25
13,61.87,78.42,60.25
13,61.77,78.54,60.41
14,61.67,78.66,60.41
14,61.99,78.52,60.25
14,61.89,78.64,60.41
15,61.79,78.76,60.4
11,61.63,78.22,60.25
11,61.85,78.2,60.25
11,61.73,78.13,60.11
12,61.75,78.32,60.25
11,61.51,78.15,60.11
11,61.73,78.03,59.95
10,61.51,78.04,59.95
9,61.63,77.86,59.92
9,61.74,77.86,59.81
9,61.84,77.85,59.92
9,61.51,77.86,59.79
15,62.21,78.5,60.1
16,62.33,78.61,60.1
17,62.45,78.71,60.25
18,62.57,78.81,60.25
16,62.11,78.62,60.1
16,62.01,78.74,60.25
17,62.23,78.73,60.1
17,61.91,78.86,60.25
19,62.47,78.93,60.25
18,62.35,78.83,60.25
17,62.13,78.84,60.25
18,62.03,78.96,60.25
19,62.25,79.02,60.36
13,61.33,78.58,60.25
14,61.23,78.7,60.25
14,61.45,78.68,60.25
15,61.35,78.8,60.25
15,61.57,78.78,60.25
17,61.69,78.88,60.25
14,61.13,78.82,60.25
15,61.03,78.94,60.25
16,61.47,78.9,60.25
17,61.59,79,60.25
15,61.25,78.92,60.25
16,61.15,79.04,60.25
16,61.37,79.1,60.36
19,61.82,79.1,60.18
21,62.06,79.3,60.2
21,61.62,79.34,60.2
23,61.85,79.53,60.2
18,60.94,79.17,60.18
20,61.18,79.37,60.2
21,60.73,79.41,60.2
23,60.97,79.61,60.2
22,61.41,79.57,60.2
25,61.65,79.77,60.2
25,61.21,79.81,60.2
27,61.45,80.01,60.2
25,60.53,79.65,60.2
26,60.77,79.85,60.2
27,60.33,79.89,60.2
28,60.57,80.09,60.2
28,60.13,80.13,60.2
28,60.37,80.33,60.2
27,60.16,80.49,60.2
24,60.17,80.68,59.91
14,60.16,80.88,59.45
27,61.01,80.05,60.2
28,61.25,80.25,60.2
28,61.05,80.46,60.2
28,60.81,80.3,60.2
24,61.01,80.68,59.9
10,61.03,80.88,59.46
4,60.64,80.88,58.79
27,60.61,80.48,60.05
17,60.62,80.68,59.41
13,62.19,78.28,60.25
12,62.07,78.18,60.25
11,61.94,78.12,60.11
11,62.39,78.1,60.14
12,62.29,78.17,60.26
11,62.17,78.12,60.12
10,62.07,78.01,60.07
11,61.94,78.03,59.95
11,62.17,78.04,59.98
11,62.3,78.01,60.07
9,62.08,77.86,59.93
9,61.95,77.86,59.81
9,62.29,77.86,59.94
7,59.97,78.26,60.1
8,60.09,78.36,60.1
9,59.87,78.38,60.1
10,59.99,78.48,60.1
10,60.21,78.46,60.1
11,60.33,78.56,60.1
11,59.77,78.5,60.1
16,59.67,78.62,60.1
11,60.11,78.58,60.1
13,59.89,78.6,60.1
12,60.01,78.7,60.25
12,60.23,78.68,60.1
13,60.13,78.8,60.25
16,59.79,78.72,60.1
16,59.91,78.82,60.25
17,60.03,78.92,60.25
20,59.57,78.74,60.1
21,59.69,78.84,60.1
23,59.47,78.86,60.1
23,59.59,78.96,60.1
22,59.82,79.05,60.18
25,59.38,79.09,60.18
25,59.62,79.29,60.2
8,60.41,78.22,60.1
9,60.53,78.32,60.1
9,60.31,78.34,60.1
10,60.43,78.44,60.1
9,60.63,78.21,60.1
9,60.5,78.17,59.98
8,60.19,78.24,60.1
8,60.29,78.14,60.11
7,60.07,78.15,60.1
10,60.75,78.3,60.1
11,60.97,78.28,60.1
11,60.87,78.4,60.1
10,60.85,78.19,60.1
10,60.65,78.42,60.1
11,60.55,78.54,60.1
12,61.09,78.38,60.1
13,61.21,78.48,60.1
12,60.77,78.52,60.1
12,60.99,78.5,60.1
12,60.89,78.62,60.25
12,60.67,78.64,60.1
12,60.79,78.74,60.25
13,61.11,78.6,60.1
13,61.01,78.72,60.25
13,60.91,78.84,60.25
9,60.85,78.06,59.94
8,60.85,77.86,59.79
12,60.45,78.66,60.1
13,60.57,78.76,60.1
13,60.35,78.78,60.1
15,60.47,78.88,60.1
16,60.25,78.9,60.1
17,60.37,79,60.1
19,60.15,79.02,60.1
20,60.27,79.12,60.1
14,60.69,78.86,60.1
16,60.59,78.98,60.1
16,60.81,78.96,60.1
17,60.71,79.08,60.1
20,60.5,79.21,60.18
24,60.06,79.25,59.86
24,60.29,79.45,59.86
25,59.85,79.49,59.86
26,60.09,79.69,59.86
11,61.19,78.26,60.1
11,61.29,78.16,60.11
10,61.07,78.18,60.11
10,61.07,78.05,59.94
10,61.28,78.05,59.94
9,61.06,77.86,59.79
9,61.28,77.86,59.79
9,61.18,77.86,59.76
9,61.41,77.86,59.78
20,56.89,78.53,60.63
19,57.01,78.63,60.6
19,56.91,78.78,60.72
19,56.9,78.71,60.58
19,56.79,78.65,60.59
21,57.2,78.33,60.65
21,57.21,78.43,60.66
21,57.09,78.27,60.67
21,56.98,78.35,60.65
20,56.99,78.44,60.66
20,57.11,78.51,60.64
20,56.64,78.37,60.66
21,56.64,78.27,60.66
20,56.77,78.44,60.65
19,56.67,78.55,60.62
20,56.54,78.45,60.64
22,56.97,78.18,60.68
22,56.75,78.19,60.68
21,56.88,78.28,60.67
23,57.07,78.07,60.68
24,57.17,77.96,60.57
23,56.85,78.09,60.68
24,56.95,77.97,60.57
24,56.84,77.95,60.45
23,56.73,77.99,60.57
23,56.6,77.96,60.45
19,57.37,78.93,60.52
19,57.49,79.03,60.5
19,57.27,79.05,60.5
19,57.38,79.15,60.5
21,57.56,78.63,60.5
21,57.57,78.72,60.56
20,57.47,78.81,60.54
21,57.69,78.79,60.55
20,57.59,78.91,60.52
19,57.03,78.85,60.54
19,57.15,78.95,60.52
20,57.12,78.67,60.49
19,57.13,78.76,60.56
19,57.25,78.83,60.54
21,57.33,78.48,60.54
21,57.45,78.57,60.51
20,57.22,78.59,60.51
20,57.34,78.65,60.49
20,57.35,78.74,60.55
21,57.81,78.88,60.38
21,57.93,78.98,60.36
19,57.61,79.24,60.5
20,57.7,79,60.36
20,57.82,79.11,60.36
20,57.86,79.52,60.7
20,57.85,79.37,60.5
24,58.59,78.93,60.25
24,58.71,79.03,60.25
23,58.53,79.12,60.37
23,58.49,79.16,60.5
21,58.05,79.2,60.5
22,58.29,79.41,60.7
23,58.72,79.25,60.37
23,58.74,79.44,60.5
23,58.53,79.61,60.7
21,58.09,79.65,60.7
22,58.33,79.87,60.7
24,58.77,79.81,60.5
25,59.01,80.02,60.5
26,59.49,80.49,60.51
26,59.45,79.97,60.2
26,59.25,80.25,60.51
27,59.69,80.17,60.2
25,59.29,80.63,60.51
27,59.93,80.36,60.2
26,59.74,80.61,60.51
23,58.57,80.06,60.5
21,58.37,80.42,60.7
22,58.61,80.67,60.7
24,58.81,80.28,60.5
20,58.18,80.72,60.7
21,58.4,80.66,60.51
24,59.05,80.51,60.51
22,58.84,80.81,60.7
25,59.5,80.68,60.29
24,59.29,80.68,60.29
25,59.76,80.68,60.12
20,58.4,80.68,60.37
23,59.05,80.68,60.3
20,59.05,80.88,59.99
22,59.5,80.88,59.99
21,59.29,80.88,59.99
14,59.75,80.88,59.46
18,58.16,80.88,60.43
20,58.59,80.88,60.44
20,58.85,80.88,60.25
17,56.49,79.11,60.7
18,56.81,78.87,60.53
18,56.69,78.77,60.55
18,56.59,78.89,60.52
17,56.71,78.99,60.51
17,56.15,78.93,60.7
17,56.26,79.03,60.7
18,56.25,78.8,60.71
17,56.37,78.91,60.7
19,56.56,78.61,60.5
18,56.57,78.7,60.56
19,56.46,78.54,60.51
18,56.35,78.69,60.56
18,56.47,78.78,60.54
17,56.97,79.52,60.7
18,57.17,79.28,60.5
17,56.74,79.39,60.7
17,56.72,79.24,60.5
18,56.93,79.08,60.51
18,57.42,79.56,60.7
18,57.41,79.41,60.5
19,57.65,79.69,60.7
17,57.21,79.73,60.7
18,57.45,79.95,60.7
20,57.89,79.89,60.5
21,58.13,80.11,60.5
19,57.69,80.14,60.5
19,57.93,80.39,60.51
15,55.86,79.47,60.7
15,55.85,79.32,60.5
14,56.09,79.6,60.7
16,56.05,79.15,60.5
15,56.3,79.43,60.7
16,56.28,79.28,60.5
14,56.33,79.81,60.7
14,56.57,80.03,60.7
15,56.53,79.56,60.7
15,56.77,79.77,60.7
16,57.01,79.98,60.7
16,57.25,80.23,60.7
17,57.49,80.42,60.51
18,57.72,80.58,60.51
14,56.81,80.28,60.7
14,57.05,80.56,60.7
17,57.73,80.69,60.29
15,57.29,80.61,60.51
13,57.73,80.88,59.98
11,57.29,80.88,59.99
14,57.3,80.88,60.44
12,55.45,79.89,60.7
11,55.69,80.12,60.7
14,55.65,79.64,60.7
13,55.89,79.85,60.7
10,56.17,80.67,60.7
11,55.93,80.39,60.7
12,56.13,80.07,60.7
12,56.37,80.33,60.7
9,56.17,80.88,60.45
10,55.25,80.16,60.7
9,55.5,80.47,60.7
8,55.06,80.5,60.7
8,55.29,80.73,60.7
7,55.3,80.88,60.46
9,55.76,80.71,60.7
7,55.77,80.88,60.25
7,54.87,80.74,60.7
5,54.87,80.88,60.26
21,49.1,81.18,54.4
22,49.59,81.38,54.4
23,49.1,81.18,55.02
25,49.59,81.38,55.02
24,49.59,81.18,55.65
26,50.01,81.38,55.65
21,50,81.18,56.27
23,50.6,81.38,56.27
11,53.69,80.03,60.2
12,53.89,79.79,60.2
13,53.01,79.86,60.2
12,53.25,80.06,60.2
13,52.81,80.1,60.2
12,53.05,80.32,60.2
15,52.77,79.66,59.86
15,52.57,79.9,59.86
17,52.53,79.46,59.55
17,52.33,79.7,59.55
20,52.29,79.26,59.24
20,52.09,79.5,59.24
11,53.3,80.46,60.2
11,53.49,80.27,60.2
10,53.52,80.53,60.2
15,51.33,80.93,57.52
15,51.64,80.68,58.15
16,51.87,80.48,58.77
13,52.61,80.44,60.06
16,52.15,80.18,59.39
18,50.57,81.18,56.9
17,51.56,81.38,56.9
15,51.42,81.18,57.53
12,52.11,81.16,57.53
13,54.96,79.36,60.37
13,54.98,79.55,60.5
13,55.21,79.67,60.5
11,54.57,79.96,60.5
12,54.77,79.71,60.5
12,55.01,79.92,60.5
10,54.81,80.17,60.5
8,54.18,80.49,60.51
10,54.37,80.21,60.5
9,54.62,80.43,60.51
11,54.13,79.99,60.2
10,53.93,80.23,60.2
8,54.44,80.61,60.51
8,53.98,80.64,60.51
10,53.73,80.44,60.2
7,54.46,80.68,60.3
7,54.19,80.68,60.3
7,53.99,80.68,60.12
9,53.29,80.68,59.92
8,53.75,80.68,59.92
8,53.55,80.68,59.92
11,52.7,80.72,59.43
14,52.13,80.76,58.79
14,51.94,80.99,58.15
5,54.47,80.88,60.03
5,54.21,80.88,60.03
5,54.02,80.88,59.48
6,53.54,80.88,59.49
11,52.8,80.89,58.82
12,52.25,80.9,58.16
16,55.36,78.88,60.37
15,55.26,79,60.36
14,55.17,79.2,60.36
15,55.04,79.02,60.25
14,54.94,79.14,60.25
15,55.61,79.19,60.5
15,55.48,78.98,60.36
15,55.38,79.1,60.36
14,55.4,79.32,60.37
13,55.42,79.51,60.5
15,54.48,78.96,60.1
14,54.6,79.06,60.1
14,54.38,79.08,60.1
14,54.5,79.18,60.1
13,54.73,79.27,60.18
13,54.09,79.55,60.2
12,54.33,79.75,60.2
14,54.29,79.31,60.19
13,54.53,79.51,60.2
18,54.89,78.48,60.1
17,54.79,78.6,60.1
16,54.69,78.72,60.1
16,54.58,78.84,60.1
16,54.81,78.82,60.1
15,54.7,78.94,60.1
17,55.01,78.58,60.1
17,55.13,78.68,60.25
17,54.91,78.7,60.1
16,55.03,78.8,60.25
16,55.25,78.78,60.25
15,55.14,78.9,60.25
15,54.92,78.92,60.1
15,54.82,79.04,60.1
15,55.04,79.02,60.1
14,54.94,79.14,60.1
21,55.19,78.13,60.26
21,55.06,78.1,60.14
20,55.09,78.24,60.1
19,54.99,78.36,60.1
18,56,78.55,60.52
18,56.01,78.65,60.58
18,56.13,78.71,60.56
17,55.91,78.73,60.56
17,56.03,78.82,60.54
17,55.81,78.83,60.38
16,55.93,78.94,60.37
16,55.7,78.96,60.36
15,55.82,79.06,60.36
19,55.77,78.4,60.55
19,55.89,78.49,60.53
18,55.66,78.51,60.53
18,55.78,78.57,60.52
18,55.79,78.66,60.58
21,55.53,78.2,60.41
20,55.65,78.3,60.41
20,55.43,78.32,60.41
20,55.31,78.22,60.25
19,55.55,78.42,60.41
21,55.41,78.11,60.26
22,55.3,78.1,60.14
17,55.57,78.64,60.41
17,55.47,78.76,60.39
17,55.69,78.74,60.4
16,55.58,78.85,60.37
19,55.21,78.34,60.1
19,55.33,78.44,60.25
18,55.11,78.46,60.1
18,55.23,78.56,60.25
18,55.45,78.54,60.25
17,55.35,78.66,60.25
21,56.53,78.23,60.57
22,56.63,78.11,60.57
21,56.31,78.24,60.57
20,56.43,78.34,60.55
22,56.41,78.13,60.57
23,56.51,78.02,60.42
20,56.21,78.36,60.41
19,56.11,78.49,60.41
19,56.33,78.47,60.41
18,56.23,78.58,60.41
20,55.99,78.38,60.41
20,55.87,78.28,60.41
21,55.97,78.16,60.41
22,55.85,78.08,60.26
21,55.75,78.18,60.25
22,55.52,78.07,60.16
22,55.63,78.09,60.26
22,56.19,78.15,60.57
23,56.29,78.02,60.41
23,56.39,78,60.31
23,56.18,78.01,60.29
22,56.07,78.05,60.41
22,55.95,78.03,60.3
21,56.09,78.26,60.41
26,57.52,77.91,60.53
25,57.38,77.93,60.44
24,57.17,77.92,60.42
24,56.95,77.92,60.4
24,56.73,77.92,60.4
24,58.29,77.97,60.24
25,58.06,77.94,60.36
24,58.17,77.96,60.28
27,57.73,77.94,60.41
26,57.95,77.93,60.4
20,58.63,77.98,60.2
23,58.5,78.01,60.12
10,59.07,77.99,60.23
21,58.73,78.01,60.12
16,58.95,78.01,60.13
15,58.85,77.98,60.22
11,59.2,78.05,60.07
7,59.4,78.04,60.09
7,59.52,78.04,59.97
5,59.62,78.01,60.07
6,59.73,78.03,59.97
6,59.86,78.01,60.07
7,59.96,78.05,59.91
7,60.07,78.04,59.94
8,60.29,78.04,59.95
7,60.18,78.05,59.91
9,60.64,78.06,59.94
8,60.42,78.05,59.92
11,59.53,78.29,59.94
12,59.65,78.4,59.94
16,59.43,78.42,59.94
16,59.55,78.52,59.94
9,59.75,78.28,59.94
7,59.84,78.19,59.95
8,59.63,78.2,59.95
25,58.53,78.27,60.1
25,58.41,78.18,60.1
16,59.31,78.31,59.94
12,59.41,78.22,59.94
20,58.97,78.24,60.1
23,58.75,78.25,60.1
23,58.87,78.35,60.1
17,59.19,78.23,59.94
17,59.06,78.16,60.12
21,58.85,78.16,60.11
25,58.65,78.37,60.1
24,58.77,78.47,60.1
24,58.63,78.17,60.1
20,59.33,78.54,59.94
21,59.45,78.64,59.94
21,59.21,78.43,59.94
21,59.09,78.33,59.94
24,58.99,78.45,59.94
23,59.11,78.55,59.94
24,58.89,78.57,60.1
24,59.01,78.67,60.1
25,58.79,78.69,60.1
25,58.91,78.79,60.1
23,59.23,78.65,59.94
23,59.35,78.76,59.94
25,59.13,78.77,60.1
25,59.03,78.89,60.1
25,59.25,78.87,60.1
25,59.15,78.99,60.1
25,58.94,79.13,60.18
26,59.89,79.93,59.86
25,59.17,79.33,60.2
26,59.65,79.73,59.86
26,59.41,79.53,60.2
24,58.97,79.56,60.2
25,59.21,79.77,60.2
25,58.55,78.49,60.1
24,58.45,78.61,60.25
25,58.67,78.59,60.1
24,58.57,78.71,60.25
24,58.69,78.81,60.1
24,58.81,78.91,60.1
24,58.59,78.93,60.1
24,58.71,79.03,60.1
23,58.35,78.73,60.25
23,58.47,78.83,60.25
22,58.25,78.92,60.37
25,57.97,78.21,60.41
26,58.07,78.11,60.26
24,57.87,78.33,60.41
25,58.29,78.13,60.14
25,58.19,78.19,60.26
25,58.09,78.31,60.41
24,57.99,78.43,60.41
25,58.43,78.39,60.1
24,58.33,78.51,60.25
23,58.23,78.63,60.25
25,58.31,78.29,60.1
24,58.21,78.41,60.25
23,58.11,78.53,60.25
23,57.77,78.45,60.41
23,57.89,78.55,60.41
22,57.67,78.57,60.41
22,57.79,78.67,60.41
22,58.13,78.75,60.25
22,58.01,78.65,60.25
22,57.91,78.77,60.25
22,58.03,78.87,60.25
24,57.75,78.23,60.41
26,57.95,78.06,60.3
25,57.85,78.11,60.41
25,57.74,78.08,60.29
24,57.63,78.13,60.41
22,57.19,78.17,60.57
22,57.31,78.27,60.57
23,57.41,78.15,60.57
24,57.5,78.06,60.42
23,57.29,78.06,60.42
23,57.53,78.25,60.41
23,57.65,78.35,60.41
22,57.55,78.47,60.41
22,57.43,78.37,60.41
26,57.51,77.83,60.41
26,57.3,77.83,60.39
25,57.07,77.83,60.38
25,57.18,77.83,60.28
25,56.64,77.84,60.22
25,56.94,77.83,60.28
25,56.73,77.83,60.28
26,57.62,77.83,60.38
27,57.74,77.84,60.28
28,57.94,77.84,60.28
23,58.29,77.85,60.12
25,58.07,77.84,60.24
21,58.63,77.85,60.08
24,58.41,77.85,60.07
13,59.06,77.85,60.1
17,58.85,77.85,60.09
11,59.21,77.86,59.94
7,59.4,77.86,59.94
5,59.63,77.86,59.93
6,59.98,77.86,59.81
5,59.85,77.86,59.94
7,60.07,77.86,59.79
7,60.29,77.86,59.79
7,60.19,77.86,59.78
8,60.63,77.86,59.79
8,60.43,77.86,59.79
23,56.06,77.96,60.25
23,56.29,77.95,60.25
23,56.5,77.95,60.26
23,55.18,77.97,60.23
23,55.05,78,60.13
23,55.85,78,60.11
23,55.64,77.95,60.22
23,55.3,78,60.13
23,55.51,77.98,60.15
23,55.4,77.96,60.22
22,54.32,78.04,60.07
22,54.18,78.05,59.95
22,54.52,78.03,60.07
22,54.74,78.02,60.07
22,54.96,78.01,60.07
24,53.52,78.05,59.94
23,53.64,78.05,59.91
23,53.96,78.04,59.95
23,53.86,78.05,59.92
23,54.09,78.05,59.93
23,53.75,78.06,59.79
24,53.31,78.06,59.79
25,53.09,78.06,59.78
26,52.75,78.06,59.79
25,52.88,78.06,59.78
27,52.64,78.06,59.6
28,52.4,78.06,59.55
30,51.98,78.06,59.24
30,51.54,78.06,58.93
14,51.13,78.06,58.61
9,49.35,78.63,57.52
15,47.67,79.67,55.02
12,48.95,79.11,56.9
15,48.55,79.59,56.27
18,48.15,80.07,55.65
17,49.03,79.99,55.65
18,48.15,80.07,55.02
8,48.89,78.06,58.14
9,48.89,78.35,57.52
7,49.77,78.06,58.15
8,49.77,78.32,57.52
12,48.47,78.68,56.9
16,47.19,79.26,55.65
12,48.07,79.19,56.27
14,47.67,79.67,55.65
18,48.06,78.06,57.52
17,47.98,78.38,56.9
16,47.59,78.79,56.27
24,47.51,78.06,56.89
24,47.09,78.06,56.27
24,46.55,78.06,55.65
22,47.54,78.24,56.27
22,47.12,78.43,55.65
22,46.54,78.06,55.02
17,47.19,79.26,55.02
22,47.12,78.43,55.02
6,50.59,78.06,58.14
24,53.1,78.32,59.55
25,52.66,78.36,59.55
23,52.9,78.54,59.55
25,52.84,78.23,59.54
25,52.46,78.58,59.24
23,52.69,78.78,59.24
24,52.25,78.82,59.24
21,52.49,79.02,59.24
24,52.05,79.06,58.93
23,51.85,79.3,58.93
17,50.5,80.96,56.9
17,50.86,80.68,57.52
20,51.67,79.76,58.77
17,51.27,80.24,58.15
22,49.1,80.82,55.02
17,49.03,79.99,55.02
22,49.57,80.98,55.65
19,49.51,80.39,55.65
19,49.99,80.77,56.27
9,50.24,78.58,57.52
12,49.83,79.03,56.9
15,49.43,79.51,56.27
16,49.91,79.91,56.27
16,50.39,80.32,56.9
14,50.31,79.43,56.9
16,50.79,79.84,57.52
8,50.61,78.29,57.52
11,50.71,78.96,57.52
23,51.37,78.9,58.61
23,51.61,79.1,58.61
17,51.19,79.36,58.15
27,52.01,78.62,58.93
23,51.81,78.86,58.61
28,51.78,78.41,58.93
23,51.57,78.66,58.61
24,51.54,78.27,58.61
9,51.12,78.49,58.15
29,51.98,78.26,58.93
28,52.42,78.24,59.24
28,52.22,78.39,58.93
18,54.01,78.56,60.1
17,54.13,78.66,60.1
17,53.91,78.68,60.1
17,54.02,78.78,60.1
19,53.89,78.46,59.94
19,53.79,78.58,59.94
20,54.21,78.32,59.94
19,54.33,78.42,59.94
19,54.11,78.44,59.94
18,54.23,78.54,59.94
18,54.45,78.52,59.94
17,54.57,78.62,59.94
17,54.35,78.64,59.94
17,54.47,78.74,59.94
16,54.25,78.76,60.1
16,54.36,78.86,60.1
16,54.14,78.88,60.1
15,54.26,78.98,60.1
15,53.61,79.15,59.86
14,53.85,79.35,59.86
16,53.81,78.91,59.86
15,54.05,79.11,59.86
15,53.41,79.39,59.86
13,53.65,79.59,59.86
14,53.21,79.62,59.86
12,53.45,79.83,59.85
17,53.17,79.18,59.55
16,52.97,79.42,59.55
14,51.33,80.93,56.9
22,53.65,78.26,59.79
22,53.43,78.28,59.79
21,53.55,78.38,59.79
23,53.52,78.21,59.79
21,53.77,78.36,59.79
20,53.67,78.48,59.79
20,53.89,78.46,59.79
19,53.79,78.58,59.79
21,54.09,78.23,59.79
21,53.87,78.25,59.79
20,53.99,78.34,59.79
22,53.75,78.2,59.63
22,53.97,78.19,59.79
24,53.31,78.22,59.55
20,53.13,78.74,59.55
18,53.37,78.95,59.55
22,53.34,78.5,59.55
19,53.58,78.71,59.55
20,52.93,78.98,59.24
19,52.73,79.22,59.24
20,54.65,78.28,59.94
19,54.77,78.38,59.94
19,54.55,78.4,59.94
18,54.67,78.5,59.94
20,54.43,78.29,59.94
21,54.3,78.22,59.94
21,54.19,78.18,59.82
21,54.53,78.21,59.94
20,54.87,78.26,59.94
21,54.75,78.19,59.94
21,54.97,78.19,59.95
25,56.07,77.84,60.12
25,56.28,77.84,60.12
25,56.51,77.84,60.12
25,56.41,77.84,60.2
25,55.97,77.85,60.07
25,55.19,77.85,60.09
25,55.08,77.86,59.92
25,55.74,77.85,60.07
25,55.85,77.86,59.98
25,55.62,77.84,60.1
25,55.41,77.85,60.09
25,54.32,77.86,59.94
25,54.19,77.86,59.81
25,54.52,77.86,59.94
25,54.75,77.86,59.94
25,54.96,77.86,59.94
26,53.51,77.86,59.79
26,53.64,77.86,59.79
26,53.75,77.86,59.6
26,53.97,77.86,59.79
26,53.86,77.86,59.78
25,54.1,77.86,59.78
27,53.3,77.86,59.55
28,52.83,77.86,59.54
27,53.09,77.86,59.55
30,52.42,77.86,59.24
31,51.98,77.86,58.93
22,51.54,77.86,58.61
6,51.12,77.86,58.16
12,48.87,77.86,57.52
7,49.76,77.86,57.52
23,48.05,77.86,56.9
24,47.48,77.86,56.27
23,47.01,77.86,55.64
21,47,77.86,55.02
6,50.58,77.86,57.52
16,49.09,81.38,52.52
15,48.69,81.18,52.52
15,48.24,80.86,52.52
17,49.57,81.38,53.16
17,48.68,81.01,53.15
17,49.1,81.18,53.15
16,48.63,80.47,53.15
20,49.99,81.38,53.78
19,49.59,81.18,53.77
18,49.1,80.82,53.77
15,49.03,79.99,53.77
21,49.57,80.98,54.4
18,49.51,80.39,54.4
18,47.07,78.06,53.77
18,47.54,78.24,53.77
19,47.59,78.79,53.77
20,47.07,78.06,54.39
20,47.54,78.24,54.4
19,47.59,78.79,54.4
15,47.08,78.06,53.14
16,47.54,78.24,53.15
18,47.59,78.79,53.15
16,48.07,79.19,53.15
15,48.15,80.07,52.52
14,48.07,79.19,54.4
15,48.07,79.19,53.77
15,48.55,79.59,53.77
15,48.55,79.59,54.4
13,49.43,79.51,54.4
14,48.55,79.59,53.15
13,47.08,78.06,52.51
14,47.54,78.24,52.52
16,47.59,78.79,52.52
11,47.49,78.06,51.87
11,47.98,78.38,51.89
9,48,78.06,51.21
15,48.07,79.19,52.52
18,47.46,77.86,54.4
16,47.45,77.86,53.78
14,47.45,77.86,53.14
11,47.45,77.86,52.5
10,47.96,77.86,51.86
9,48.66,77.85,51.15
30,51.34,81.53,50.62
8,47.98,78.06,50.78
2,49.2,77.72,50.66
8,48.67,77.85,50.63
9,48.47,78.67,50.89
16,48.68,81.01,50.89
11,48.55,79.59,50.89
12,48.63,80.47,50.89
263,51.08,81.57,50.3
100,50.94,81.51,50.43
258,51.1,81.5,50.35
271,51.39,81.26,50.34
15,49.1,80.9,50.7
28,49.6,81.25,50.49
13,49.51,80.46,50.51
17,48.69,81.18,51.21
22,49.08,81.38,51.13
19,49.09,81.19,50.78
23,49.66,81.4,50.66
17,50.24,81.25,50.47
19,50.19,81.43,50.52
20,50.72,81.44,50.47
292,50.47,81.44,50.18
151,50.5,81.48,50.41
23,50.5,81.65,50.64
92,50.42,81.56,50.45
42,50.43,81.61,50.56
18,50.43,81.59,50.66
242,50.69,81.7,50.23
88,50.78,81.59,50.45
26,50.85,81.42,50.48
22,50.74,81.51,50.57
53,51.44,82.22,50.49
38,51.63,82.01,50.48
71,51.71,82.39,50.61
278,51.36,81.36,50.13
217,51.17,81.67,50.26
82,51.29,81.65,50.41
41,51.34,81.57,50.52
36,51.36,81.84,50.47
220,50.96,81.84,50.19
44,51.2,82.02,50.49
77,50.94,81.61,50.47
32,50.95,81.48,50.47
49,50.76,82.06,50.49
47,50.52,81.87,50.48
47,50.58,81.73,50.55
29,50.54,81.68,50.63
130,51.48,82.88,51.27
107,51.02,82.48,50.65
452,50.62,82.96,51.27
20,50.52,81.69,50.82
16,50.44,81.62,51.32
17,50.44,81.56,50.89
46,51.9,82.27,51.31
30,51.75,81.83,50.85
25,51.42,81.77,50.83
32,51.29,81.59,50.61
22,51.75,81.65,51.35
28,51.34,81.54,50.84
10,48.47,78.68,51.27
15,48.68,81.01,51.27
11,48.55,79.59,51.27
13,48.63,80.47,51.27
8,48.78,78.23,50.68
10,48.94,79.09,50.71
12,49.03,80,50.71
9,49.25,78.49,50.5
12,49.42,79.5,50.51
12,49.34,77.75,50.49
12,55.76,81.94,50.5
69,50.32,82.09,50.8
83,50.56,82.3,50.8
29,50.51,81.9,50.8
24,50.4,81.77,51.31
8,50.29,81.64,51.99
98,50.1,81.98,51.24
23,50.07,81.84,51.92
1112,49.74,83.03,51.9
234,49.66,82.21,51.9
347,50.14,82.56,51.27
16,51.73,81.65,51.98
23,50.1,82.02,52.5
9,50.45,81.63,51.88
7,50.51,81.83,52.61
9,51.51,81.84,52.56
7,50.93,81.64,52.59
15,48.69,81.18,51.88
16,49.09,81.38,51.88
12,48.47,78.68,51.9
14,48.68,81.01,51.9
13,48.55,79.59,51.9
13,48.63,80.47,51.9
21,63.05,80.58,60.51
22,63.25,80.37,60.51
17,63.5,80.69,60.7
19,63.93,80.65,60.7
25,63.45,80.06,60.2
23,63.69,80.3,60.51
26,63.65,79.82,60.2
26,63.89,80.03,60.5
26,64.33,79.99,60.5
20,64.13,80.31,60.7
18,64.17,80.8,60.7
21,64.57,80.26,60.7
17,63.05,80.68,60.29
15,62.38,80.68,59.9
15,64.17,80.88,60.47
15,63.93,80.88,60.47
12,63.46,80.88,60.46
6,63.05,80.88,59.99
7,63.46,80.88,60.01
3,62.36,80.88,59.46
2,66.01,78.83,60.38
2,66.13,78.93,60.36
2,65.91,78.96,60.36
2,66.03,79.06,60.36
4,65.53,78.44,60.25
4,65.65,78.54,60.25
6,65.43,78.56,60.25
6,65.55,78.66,60.25
4,65.77,78.64,60.25
5,65.67,78.76,60.25
4,65.89,78.74,60.25
5,65.79,78.86,60.25
2,65.63,78.32,60.25
2,65.75,78.42,60.25
3,65.87,78.52,60.25
3,65.99,78.62,60.25
18,64.93,79.27,60.19
9,65.17,79.36,60.37
8,65.18,79.54,60.5
5,65.42,79.68,60.7
22,64.74,79.5,60.2
13,64.98,79.71,60.5
9,65.21,79.93,60.7
26,64.53,79.74,60.2
20,64.77,79.96,60.5
15,65.01,80.2,60.7
2,66.25,79.04,60.36
15,65.05,80.74,60.7
2,66.15,79.16,60.36
3,65.85,79.15,60.37
3,65.62,79.43,60.5
13,62.41,78.26,60.1
14,62.31,78.39,60.1
14,62.53,78.37,60.1
15,62.65,78.47,60.25
16,62.77,78.57,60.25
15,62.43,78.49,60.1
16,62.55,78.59,60.25
17,62.67,78.69,60.25
13,62.63,78.24,60.1
12,62.51,78.16,60.1
12,62.73,78.14,60.1
14,62.75,78.35,60.1
13,63.07,78.21,60.25
12,63.16,78.12,60.11
12,63.05,78.08,60.14
12,62.95,78.11,60.26
12,62.83,78.08,60.14
13,62.85,78.23,60.1
11,63.16,78.03,59.95
11,62.95,77.99,60.09
12,62.84,78.03,59.91
11,62.51,78.04,59.94
11,62.72,78.03,59.94
9,62.95,77.85,59.95
10,63.17,77.86,59.81
9,63.07,77.86,59.92
10,62.5,77.86,59.79
10,62.72,77.86,59.79
10,62.63,77.86,59.76
10,62.85,77.86,59.78
13,64.41,78.31,60.25
15,64.31,78.43,60.25
14,64.53,78.41,60.25
16,64.43,78.53,60.25
11,64.63,78.29,60.25
10,64.51,78.19,60.25
9,64.62,78.13,60.14
7,64.83,78.12,60.14
8,64.73,78.18,60.26
13,64.07,78.23,60.25
11,64.29,78.21,60.25
10,64.39,78.14,60.11
14,64.19,78.33,60.25
10,64.17,78.12,60.26
12,63.95,78.17,60.11
10,64.85,78.27,60.1
11,64.97,78.37,60.1
9,65.09,78.47,60.25
12,64.99,78.59,60.25
9,65.21,78.58,60.25
11,65.11,78.69,60.25
13,64.75,78.39,60.1
15,64.65,78.51,60.25
14,64.87,78.49,60.1
15,64.77,78.61,60.25
17,64.55,78.63,60.25
17,64.67,78.73,60.25
14,64.89,78.71,60.25
13,65.01,78.81,60.25
17,64.79,78.83,60.25
15,64.91,78.93,60.25
15,65.13,78.91,60.1
15,65.25,79.02,60.1
17,65.03,79.03,60.1
16,65.15,79.14,60.1
12,65.38,79.23,60.19
11,65.33,78.68,60.1
13,65.23,78.8,60.1
11,65.45,78.78,60.1
12,65.35,78.9,60.1
9,65.58,78.99,60.18
5,65.29,78.24,60.1
8,65.19,78.35,60.1
6,65.41,78.34,60.1
9,65.31,78.46,60.1
3,65.51,78.22,60.1
3,65.4,78.15,60.11
2,65.61,78.13,60.11
10,65.07,78.26,59.94
10,64.95,78.2,59.95
8,65.17,78.19,59.96
7,64.53,78.03,60.07
6,64.73,78.03,60.07
9,64.17,78.02,60.1
10,64.06,78.03,60.07
9,64.4,78.05,59.97
9,64.29,78.03,60.07
11,63.94,78.06,59.95
2,65.39,78.02,60.1
6,64.94,78.05,59.94
5,65.17,78.05,59.95
6,65.07,78.06,59.92
5,65.28,78.06,59.82
6,64.17,77.86,59.95
7,64.07,77.86,59.94
6,64.3,77.86,59.93
8,63.95,77.86,59.79
4,64.52,77.86,59.94
4,64.73,77.86,59.94
3,64.93,77.86,59.79
2,65.17,77.86,59.79
2,65.07,77.86,59.79
2,65.29,77.86,59.6
15,63.09,78.43,60.25
16,62.99,78.55,60.25
16,63.21,78.53,60.25
17,63.11,78.65,60.25
14,62.97,78.33,60.1
15,62.87,78.45,60.1
17,63.33,78.63,60.25
18,63.23,78.75,60.25
18,63.45,78.73,60.25
19,63.35,78.85,60.25
17,62.89,78.67,60.25
18,63.01,78.77,60.25
18,62.79,78.79,60.25
19,62.91,78.89,60.25
19,63.13,78.87,60.25
20,63.25,78.97,60.25
20,63.03,78.99,60.25
21,63.15,79.09,60.25
20,62.7,79.02,60.18
21,62.93,79.22,60.19
21,62.5,79.26,60.2
23,62.74,79.46,60.2
23,62.29,79.5,60.2
25,62.53,79.7,60.2
25,62.09,79.73,60.2
26,62.33,79.94,60.2
27,61.93,80.4,60.2
19,61.91,80.68,59.96
27,61.89,79.97,60.2
28,62.13,80.18,60.2
28,61.69,80.21,60.2
26,61.51,80.45,60.04
13,61.55,80.68,59.41
15,63.97,78.35,60.1
16,64.09,78.45,60.1
17,64.21,78.55,60.1
19,64.33,78.65,60.1
16,63.87,78.47,60.1
17,63.77,78.59,60.25
17,63.99,78.57,60.1
19,63.89,78.69,60.25
19,63.67,78.71,60.25
20,63.79,78.81,60.25
19,64.11,78.67,60.1
20,64.01,78.79,60.25
20,64.23,78.77,60.1
21,64.13,78.89,60.25
21,63.91,78.91,60.25
22,64.03,79.01,60.25
23,64.26,79.1,60.18
24,64.5,79.31,60.2
19,64.45,78.75,60.1
20,64.57,78.85,60.1
21,64.35,78.87,60.1
22,64.47,78.97,60.1
20,64.7,79.07,60.18
19,63.57,78.83,60.1
20,63.69,78.93,60.1
20,63.47,78.95,60.1
21,63.59,79.05,60.1
22,63.82,79.14,60.18
22,63.38,79.18,60.18
24,63.62,79.38,60.2
26,63.86,79.58,60.2
27,64.09,79.78,60.2
25,64.06,79.34,60.2
26,64.3,79.54,60.2
23,63.18,79.42,60.2
25,63.41,79.62,60.2
24,62.97,79.66,60.2
25,63.21,79.86,60.2
25,62.77,79.9,60.2
24,63.01,80.1,60.2
25,62.57,80.14,60.2
23,62.81,80.34,60.2
22,62.39,80.43,60.04
14,63.41,78.29,60.1
14,63.19,78.31,60.1
15,63.31,78.41,60.1
13,63.29,78.19,60.1
14,63.85,78.25,60.1
14,63.63,78.27,60.1
15,63.75,78.37,60.1
13,63.73,78.19,60.1
15,63.53,78.39,60.1
16,63.65,78.49,60.1
16,63.43,78.51,60.1
17,63.55,78.61,60.1
13,63.51,78.19,60.1
13,63.4,78.16,59.98
11,63.52,78.05,59.94
11,63.72,78.06,59.95
11,63.85,78.06,59.92
12,63.3,78.04,59.93
9,63.51,77.86,59.79
9,63.3,77.86,59.78
9,63.71,77.86,59.79
8,63.85,77.86,59.79
13,61.97,78.3,60.1
14,62.09,78.4,60.1
10,61.41,78.05,59.92
12,61.53,78.34,60.25
11,61.41,78.24,60.1
13,61.65,78.44,60.25
13,61.43,78.46,60.25
14,61.55,78.56,60.25
12,61.31,78.36,60.1
14,61.87,78.42,60.1
14,61.77,78.54,60.25
15,61.67,78.66,60.25
15,61.99,78.52,60.1
15,61.89,78.64,60.25
16,61.79,78.76,60.25
12,61.63,78.22,60.1
12,61.85,78.21,60.1
12,61.74,78.16,59.96
13,61.75,78.32,60.1
12,61.51,78.18,59.96
11,61.63,78.05,59.92
11,61.74,78.06,59.81
11,61.84,78.03,59.92
11,61.51,78.06,59.79
9,61.64,77.86,59.78
9,61.85,77.86,59.78
9,61.51,77.86,59.6
15,62.21,78.5,59.94
16,62.33,78.61,59.94
17,62.45,78.71,60.1
18,62.57,78.81,60.1
18,62.35,78.83,60.1
19,62.47,78.93,60.1
16,62.11,78.62,59.94
17,62.23,78.73,59.94
17,62.01,78.74,60.1
18,62.13,78.84,60.1
17,61.91,78.86,60.1
18,62.03,78.96,60.1
19,62.26,79.06,60.18
14,61.33,78.58,60.1
14,61.23,78.7,60.1
15,61.45,78.68,60.1
16,61.35,78.8,60.1
16,61.57,78.78,60.1
17,61.47,78.9,60.1
17,61.69,78.88,60.1
18,61.59,79,60.1
15,61.13,78.82,60.1
16,61.25,78.92,60.1
16,61.03,78.94,60.1
17,61.15,79.04,60.1
18,61.38,79.14,60.18
19,61.82,79.09,59.86
20,62.06,79.29,59.86
21,61.62,79.33,59.86
22,61.85,79.53,59.86
20,60.94,79.17,59.86
22,61.18,79.37,59.86
23,60.73,79.41,59.86
24,60.97,79.61,59.86
23,61.41,79.57,59.86
24,61.65,79.77,59.86
24,61.21,79.81,59.86
25,61.45,80.01,59.86
25,60.53,79.65,59.86
25,60.77,79.85,59.86
26,60.33,79.89,59.86
26,60.57,80.09,59.86
26,60.13,80.13,59.86
25,60.37,80.33,59.86
25,60.16,80.49,59.86
25,59.93,80.36,59.86
18,60.16,80.68,59.42
5,60.15,80.88,58.79
25,61.01,80.05,59.86
25,61.25,80.25,59.86
25,61.06,80.46,59.86
25,60.81,80.31,59.86
16,61.03,80.68,59.42
2,61.04,80.88,58.79
19,60.61,80.48,59.39
8,60.64,80.68,58.78
13,62.19,78.28,60.1
12,62.07,78.18,60.1
12,61.94,78.15,59.96
12,62.29,78.17,60.1
12,62.17,78.15,59.99
11,62.08,78.04,59.93
11,61.95,78.05,59.81
11,62.29,78.05,59.94
9,62.08,77.86,59.78
10,62.29,77.86,59.79
8,59.97,78.26,59.94
9,60.09,78.36,59.94
10,59.87,78.38,59.94
11,59.99,78.48,59.94
11,60.21,78.46,59.94
12,60.33,78.56,59.94
13,59.77,78.5,59.94
17,59.67,78.62,59.94
12,60.11,78.58,59.94
14,60.23,78.68,59.94
14,59.89,78.6,59.94
18,59.79,78.72,59.94
14,60.01,78.7,60.1
15,60.13,78.8,60.1
17,59.91,78.82,60.1
18,60.03,78.92,60.1
23,59.58,78.85,59.86
23,59.82,79.05,59.86
25,59.38,79.09,59.86
25,59.61,79.29,59.86
9,60.41,78.23,59.95
10,60.53,78.31,59.94
10,60.31,78.34,59.94
11,60.43,78.44,59.94
10,60.63,78.22,59.95
9,60.19,78.24,59.94
8,60.29,78.17,59.96
8,60.07,78.18,59.95
11,60.75,78.3,59.94
11,60.97,78.28,59.94
12,60.87,78.4,59.94
11,60.85,78.21,59.94
11,60.65,78.42,59.94
12,60.55,78.54,59.94
12,61.09,78.38,59.94
13,61.21,78.48,59.94
13,60.77,78.52,59.94
13,60.67,78.64,59.94
13,60.99,78.5,59.94
14,61.11,78.6,59.94
13,60.89,78.62,60.1
13,60.79,78.74,60.1
14,61.01,78.72,60.1
15,60.91,78.84,60.1
10,60.85,78.06,59.79
9,60.85,77.86,59.55
15,60.46,78.77,59.86
20,60.26,79.01,59.86
18,60.7,78.97,59.86
21,60.5,79.21,59.86
24,60.06,79.25,59.55
24,60.29,79.45,59.55
25,59.85,79.49,59.55
25,60.09,79.69,59.55
12,61.19,78.26,59.94
11,61.29,78.19,59.95
11,61.07,78.2,59.94
10,61.06,78.06,59.79
11,61.28,78.06,59.79
11,61.18,78.06,59.76
11,61.41,78.06,59.78
9,61.06,77.86,59.55
9,61.32,77.86,59.55
20,56.89,78.51,60.54
20,57.01,78.61,60.51
19,56.9,78.69,60.49
19,56.91,78.78,60.56
19,56.79,78.62,60.51
21,57.21,78.38,60.56
21,57.09,78.29,60.57
21,56.99,78.4,60.56
20,57.11,78.5,60.54
21,56.65,78.32,60.57
20,56.77,78.42,60.55
19,56.67,78.53,60.53
20,56.55,78.44,60.54
22,56.97,78.19,60.57
21,56.75,78.21,60.57
21,56.87,78.31,60.57
23,57.07,78.07,60.57
23,57.17,78,60.43
23,56.85,78.09,60.57
23,56.94,78,60.42
23,56.73,78.01,60.42
19,57.37,78.92,60.37
19,57.48,79.02,60.36
19,57.26,79.05,60.36
19,57.38,79.15,60.36
21,57.57,78.69,60.4
20,57.47,78.8,60.39
21,57.69,78.78,60.39
20,57.59,78.9,60.37
19,57.02,78.84,60.39
19,57.14,78.94,60.37
19,57.12,78.72,60.4
19,57.24,78.82,60.38
21,57.33,78.49,60.41
21,57.45,78.59,60.41
20,57.23,78.61,60.41
20,57.35,78.7,60.4
21,57.81,78.89,60.25
21,57.93,78.99,60.25
21,58.02,79.17,60.36
20,57.71,79.01,60.25
20,57.82,79.11,60.25
19,57.61,79.21,60.36
20,57.84,79.33,60.37
20,57.86,79.52,60.5
23,58.49,79.17,60.19
21,58.29,79.4,60.5
23,58.73,79.37,60.2
22,58.53,79.61,60.5
21,58.09,79.65,60.5
22,58.33,79.85,60.5
23,58.77,79.8,60.2
24,59.01,80,60.2
26,59.49,80.4,60.2
25,59.45,79.97,59.86
25,59.25,80.21,60.2
25,59.69,80.17,59.86
25,59.29,80.51,60.2
25,59.74,80.5,60.04
22,58.57,80.04,60.2
22,58.37,80.33,60.51
22,58.61,80.54,60.51
23,58.81,80.24,60.2
21,58.39,80.54,60.29
20,58.18,80.57,60.51
24,59.05,80.42,60.2
23,58.84,80.64,60.51
21,59.05,80.68,59.91
23,59.5,80.68,59.91
22,59.29,80.68,59.91
18,59.75,80.68,59.42
19,58.16,80.68,60.29
21,58.59,80.68,60.29
21,58.85,80.68,60.12
6,59.74,80.88,58.79
14,59.26,80.88,59.45
15,58.17,80.88,59.99
17,58.57,80.88,60
13,58.85,80.88,59.45
17,56.49,79.11,60.5
18,56.81,78.86,60.38
18,56.69,78.76,60.39
18,56.59,78.88,60.37
17,56.7,78.98,60.37
17,56.15,78.93,60.51
16,56.26,79.03,60.5
17,56.25,78.8,60.53
17,56.37,78.91,60.51
18,56.57,78.66,60.41
19,56.45,78.56,60.41
18,56.35,78.68,60.4
18,56.47,78.78,60.38
17,56.97,79.52,60.5
18,57.21,79.24,60.36
17,56.72,79.2,60.37
16,56.74,79.39,60.5
18,56.93,79.04,60.37
18,57.4,79.37,60.37
18,57.42,79.55,60.5
19,57.65,79.68,60.5
17,57.21,79.72,60.5
18,57.45,79.93,60.5
19,57.89,79.88,60.2
20,58.13,80.08,60.2
18,57.69,80.12,60.2
19,57.93,80.33,60.2
14,55.84,79.28,60.37
14,55.86,79.47,60.5
14,56.09,79.6,60.5
15,56.05,79.12,60.36
15,56.28,79.24,60.37
15,56.3,79.42,60.5
14,56.33,79.8,60.5
14,56.57,80.01,60.5
15,56.53,79.55,60.5
16,56.77,79.76,60.5
16,57.01,79.97,60.5
16,57.25,80.19,60.5
17,57.49,80.35,60.2
17,57.72,80.49,60.2
12,56.65,80.68,60.7
15,56.81,80.23,60.5
15,57.29,80.5,60.2
15,57.05,80.45,60.51
15,57.73,80.68,59.91
13,57.29,80.68,59.91
15,57.29,80.68,60.29
8,57.5,80.88,59.46
10,56.69,80.88,60.25
12,55.45,79.88,60.5
12,55.69,80.09,60.5
13,55.65,79.64,60.5
13,55.89,79.84,60.5
11,56.17,80.53,60.51
11,55.93,80.32,60.51
13,56.13,80.05,60.5
13,56.37,80.27,60.51
10,56.17,80.68,60.3
7,56.17,80.88,60
11,55.25,80.13,60.5
10,55.49,80.38,60.51
9,55.05,80.41,60.51
9,55.29,80.58,60.51
8,55.3,80.68,60.3
5,55.3,80.88,60.01
10,55.75,80.57,60.51
8,55.77,80.68,60.13
4,55.77,80.88,59.46
8,54.85,80.6,60.51
7,54.86,80.68,60.13
3,54.87,80.88,59.48
21,49.59,81.18,54.4
23,50,81.38,54.4
23,49.59,81.18,55.02
25,50.01,81.38,55.02
23,50,81.18,55.65
26,50.58,81.38,55.65
19,50.56,81.18,56.27
21,51.54,81.38,56.27
11,53.69,80.03,59.86
12,53.89,79.79,59.86
14,53.01,79.86,59.86
12,53.26,80.07,59.85
13,52.81,80.1,59.86
12,53.05,80.32,59.86
16,52.77,79.66,59.55
15,52.57,79.9,59.55
16,52.77,79.66,59.24
16,52.57,79.9,59.24
18,52.53,79.46,59.24
18,52.33,79.7,59.24
21,52.29,79.26,58.93
21,52.09,79.5,58.93
10,53.29,80.46,59.86
10,53.49,80.27,59.86
9,53.73,80.44,59.86
9,53.52,80.53,59.86
14,51.64,80.69,57.52
15,51.87,80.48,58.14
13,52.62,80.45,59.4
16,52.15,80.18,58.77
15,51.42,81.18,56.9
14,52.11,81.16,56.9
13,51.94,80.99,57.52
10,52.25,80.9,57.53
13,54.97,79.47,60.2
12,55.21,79.67,60.2
11,54.57,79.95,60.2
12,54.77,79.71,60.2
11,55.01,79.91,60.2
10,54.81,80.15,60.2
9,54.17,80.41,60.2
10,54.37,80.19,60.2
9,54.61,80.37,60.2
10,54.13,79.99,59.86
10,53.93,80.23,59.86
8,54.43,80.51,60.2
8,53.96,80.52,60.04
6,54.46,80.68,59.93
7,54.19,80.68,59.93
6,53.99,80.68,59.43
8,53.5,80.68,59.43
12,52.7,80.72,58.79
13,52.13,80.76,58.15
4,54.4,80.88,59.48
5,54.01,80.88,58.92
7,53.57,80.88,58.81
10,52.8,80.89,58.17
16,55.36,78.88,60.25
15,55.26,79,60.25
14,55.17,79.23,60.18
15,55.48,78.98,60.25
15,55.38,79.1,60.25
15,55.61,79.17,60.36
13,55.41,79.43,60.2
15,54.49,79.07,59.86
13,54.73,79.27,59.86
12,54.09,79.55,59.86
11,54.33,79.75,59.86
13,54.29,79.31,59.86
12,54.53,79.51,59.86
18,54.89,78.48,59.94
17,54.79,78.6,59.94
16,54.69,78.83,59.86
17,55.01,78.58,59.94
17,54.91,78.7,59.94
17,55.13,78.68,60.1
16,55.03,78.8,60.1
16,55.25,78.78,60.1
15,55.14,78.9,60.1
14,54.93,79.03,59.86
21,55.19,78.15,60.11
20,55.09,78.25,59.94
19,54.99,78.36,59.94
18,56.01,78.6,60.42
18,56.12,78.7,60.4
17,55.91,78.72,60.4
17,56.02,78.82,60.39
16,55.81,78.84,60.25
16,55.92,78.94,60.25
16,55.7,78.96,60.25
15,55.82,79.06,60.25
19,55.77,78.4,60.41
19,55.89,78.51,60.41
18,55.67,78.52,60.41
18,55.79,78.62,60.41
21,55.53,78.2,60.25
20,55.65,78.3,60.25
20,55.43,78.32,60.25
20,55.31,78.23,60.1
19,55.55,78.42,60.25
21,55.41,78.13,60.11
17,55.57,78.64,60.25
16,55.47,78.76,60.25
17,55.69,78.74,60.25
16,55.59,78.86,60.25
19,55.21,78.34,59.94
18,55.11,78.46,59.94
19,55.33,78.44,60.1
18,55.23,78.56,60.1
18,55.45,78.54,60.1
17,55.35,78.66,60.1
21,56.53,78.23,60.41
22,56.63,78.11,60.41
21,56.31,78.24,60.41
20,56.43,78.35,60.41
22,56.41,78.13,60.41
22,56.5,78.05,60.27
20,56.21,78.36,60.25
19,56.11,78.48,60.25
19,56.33,78.46,60.25
18,56.23,78.58,60.25
20,55.99,78.38,60.25
20,55.87,78.28,60.25
21,55.97,78.17,60.26
22,55.85,78.12,60.12
21,55.75,78.18,60.1
21,55.62,78.12,60.11
22,56.19,78.14,60.41
22,56.29,78.05,60.27
22,56.07,78.07,60.26
20,56.09,78.26,60.25
25,57.51,77.95,60.4
24,57.3,77.94,60.38
24,57.07,77.93,60.38
24,57.18,77.96,60.28
23,56.64,77.97,60.22
24,56.94,77.96,60.28
23,56.73,77.95,60.28
25,58.29,78.01,60.12
26,58.07,77.98,60.24
25,57.62,77.96,60.38
26,57.74,77.98,60.28
27,57.94,77.97,60.28
23,58.63,78.02,60.08
25,58.41,78.03,60.07
14,59.06,78.03,60.1
19,58.85,78.02,60.09
13,59.21,78.06,59.94
9,59.4,78.06,59.94
6,59.63,78.04,59.93
7,59.98,78.06,59.81
6,59.85,78.04,59.94
8,60.07,78.06,59.79
8,60.29,78.06,59.79
8,60.19,78.06,59.78
9,60.63,78.06,59.79
9,60.43,78.06,59.79
13,59.53,78.29,59.79
13,59.65,78.4,59.79
17,59.43,78.42,59.79
18,59.55,78.52,59.79
10,59.75,78.28,59.79
8,59.86,78.21,59.78
9,59.63,78.21,59.79
25,58.53,78.27,59.94
26,58.41,78.21,59.94
18,59.31,78.31,59.79
14,59.41,78.22,59.79
22,58.97,78.24,59.94
25,58.75,78.26,59.94
24,58.87,78.35,59.94
19,59.19,78.23,59.79
19,59.06,78.19,59.95
23,58.85,78.19,59.96
25,58.65,78.37,59.94
25,58.77,78.47,59.94
25,58.63,78.2,59.95
21,59.33,78.54,59.79
22,59.45,78.64,59.79
24,59.23,78.65,59.79
24,59.35,78.76,59.79
22,59.21,78.43,59.79
22,59.09,78.33,59.79
24,58.99,78.45,59.79
24,59.11,78.55,59.79
25,58.9,78.68,59.86
25,59.14,78.88,59.86
24,58.94,79.12,59.86
24,59.89,79.93,59.55
25,59.17,79.32,59.86
24,59.65,79.73,59.55
25,59.41,79.53,59.86
24,58.97,79.56,59.86
24,59.21,79.77,59.86
25,58.55,78.49,59.94
24,58.45,78.61,60.1
25,58.67,78.59,59.94
24,58.57,78.71,60.1
23,58.35,78.73,60.1
23,58.47,78.83,60.1
24,58.7,78.92,59.86
22,58.26,78.96,60.18
25,57.97,78.21,60.25
25,58.07,78.14,60.11
24,57.87,78.33,60.25
25,58.19,78.2,60.1
25,58.09,78.31,60.25
24,57.99,78.43,60.25
25,58.43,78.39,59.94
24,58.33,78.51,60.1
23,58.23,78.63,60.1
25,58.31,78.29,59.94
24,58.21,78.41,60.1
23,58.11,78.53,60.1
23,57.77,78.45,60.25
23,57.89,78.55,60.25
22,57.67,78.57,60.25
22,57.79,78.67,60.25
22,58.13,78.75,60.1
22,58.01,78.65,60.1
21,57.91,78.77,60.1
22,58.03,78.87,60.1
24,57.75,78.23,60.25
25,57.85,78.12,60.26
24,57.63,78.14,60.26
22,57.19,78.17,60.41
22,57.31,78.27,60.41
24,57.5,78.1,60.29
23,57.41,78.15,60.41
23,57.28,78.09,60.27
23,57.53,78.25,60.25
23,57.65,78.35,60.25
22,57.55,78.47,60.25
22,57.43,78.37,60.25
26,57.5,77.84,60.28
25,57.29,77.84,60.26
25,57.07,77.84,60.25
25,56.84,77.84,60.23
25,56.64,77.85,60.09
26,57.62,77.85,60.24
28,57.84,77.84,60.23
25,58.2,77.85,60.07
27,58.07,77.85,60.1
25,58.62,77.86,59.94
26,58.41,77.86,59.94
15,59.05,77.86,59.95
22,58.85,77.86,59.95
24,58.74,77.86,59.92
19,58.97,77.86,59.92
13,59.21,77.86,59.79
8,59.41,77.86,59.78
6,59.63,77.86,59.78
6,59.85,77.86,59.78
7,60.16,77.86,59.55
9,60.62,77.86,59.55
8,60.42,77.86,59.56
23,56.07,77.99,60.12
23,56.28,77.98,60.12
23,56.51,77.99,60.12
23,56.41,77.96,60.2
22,55.97,78.02,60.07
22,55.19,78.01,60.09
22,55.08,78.05,59.92
23,55.74,78,60.07
22,55.85,78.04,59.98
23,55.62,78,60.1
23,55.41,78.01,60.09
22,54.32,78.06,59.94
23,54.19,78.06,59.81
22,54.52,78.05,59.94
22,54.75,78.05,59.94
22,54.96,78.04,59.94
24,53.51,78.06,59.79
23,53.64,78.06,59.79
24,53.75,78.06,59.6
23,53.97,78.06,59.79
23,53.86,78.06,59.78
23,54.1,78.06,59.78
25,53.3,78.06,59.55
25,53.09,78.06,59.55
27,52.83,78.06,59.54
29,52.42,78.06,59.24
30,51.98,78.06,58.93
23,51.54,78.06,58.61
7,51.12,78.06,58.16
9,49.35,78.63,56.9
13,48.07,79.19,55.02
12,48.95,79.11,56.27
15,48.55,79.59,55.65
14,49.43,79.51,55.65
15,48.55,79.59,55.02
10,48.88,78.06,57.52
10,48.89,78.35,56.9
7,49.76,78.06,57.52
8,49.77,78.32,56.9
13,48.47,78.68,56.27
17,47.59,78.79,55.65
13,48.07,79.19,55.65
21,48.06,78.06,56.9
18,47.98,78.38,56.27
24,47.51,78.06,56.27
23,47.08,78.06,55.64
22,47.54,78.24,55.65
22,47.07,78.06,55.02
21,47.54,78.24,55.02
18,47.59,78.79,55.02
7,50.58,78.06,57.52
25,53.1,78.32,59.24
26,52.66,78.36,59.24
24,52.9,78.54,59.24
27,52.84,78.23,59.24
26,52.46,78.58,58.93
24,52.69,78.78,58.93
25,52.25,78.82,58.93
23,52.49,79.02,58.93
22,52.05,79.06,58.61
21,52.29,79.26,58.61
22,51.85,79.3,58.61
20,52.09,79.5,58.61
18,50.5,80.96,56.27
15,50.86,80.68,56.9
16,51.67,79.76,58.15
15,51.27,80.24,57.52
22,49.57,80.98,55.02
19,49.51,80.39,55.02
14,49.43,79.51,55.02
19,49.99,80.77,55.65
16,49.91,79.91,55.65
16,50.39,80.32,56.27
9,50.24,78.58,56.9
11,49.83,79.03,56.27
13,50.31,79.43,56.27
14,50.79,79.84,56.9
8,50.61,78.29,56.89
10,50.71,78.96,56.9
13,51.19,79.36,57.52
8,51.12,78.5,57.52
9,51.53,78.27,58.14
25,51.98,78.26,58.61
24,52.01,78.62,58.61
24,51.77,78.41,58.61
13,51.59,78.88,58.15
29,52.42,78.24,58.93
25,52.22,78.39,58.61
18,54.02,78.67,59.86
20,54.21,78.31,59.78
19,54.33,78.42,59.79
19,54.11,78.44,59.79
18,54.23,78.54,59.79
18,54.45,78.52,59.79
18,54.57,78.62,59.79
18,54.35,78.64,59.79
17,54.47,78.74,59.79
16,54.25,78.87,59.86
16,53.61,79.15,59.55
14,53.85,79.35,59.55
17,53.81,78.91,59.55
15,54.05,79.11,59.55
15,53.41,79.39,59.55
13,53.65,79.59,59.55
14,53.21,79.62,59.55
12,53.45,79.82,59.54
18,53.17,79.18,59.24
17,52.97,79.42,59.24
14,51.33,80.93,56.27
13,51.64,80.69,56.9
23,53.54,78.3,59.55
21,53.78,78.46,59.55
22,53.98,78.27,59.55
25,53.3,78.22,59.24
22,53.13,78.74,59.24
19,53.37,78.95,59.24
23,53.34,78.5,59.24
21,53.58,78.71,59.24
22,52.93,78.98,58.93
20,52.73,79.22,58.93
20,54.65,78.28,59.79
19,54.77,78.38,59.79
19,54.55,78.4,59.79
18,54.67,78.5,59.79
20,54.43,78.3,59.79
21,54.53,78.22,59.79
21,54.31,78.22,59.79
20,54.87,78.27,59.79
21,54.75,78.21,59.79
21,54.96,78.2,59.79
25,56.18,77.85,60.07
25,56.41,77.85,60.08
25,55.97,77.86,59.94
25,55.19,77.86,59.95
25,55.32,77.86,59.92
25,55.09,77.86,59.78
25,55.72,77.86,59.94
25,55.4,77.86,59.97
25,55.52,77.85,60.05
25,54.31,77.86,59.78
25,54.53,77.86,59.79
25,54.74,77.86,59.79
25,54.96,77.86,59.79
25,54.86,77.86,59.76
26,53.56,77.86,59.54
26,53.99,77.86,59.55
28,53.3,77.86,59.24
29,52.82,77.86,59.24
28,53.09,77.86,59.24
31,52.42,77.86,58.93
25,51.98,77.86,58.61
7,51.52,77.86,58.14
6,51.1,77.86,57.52
16,48.87,77.86,56.9
8,49.76,77.86,56.9
23,48.04,77.86,56.27
23,47.46,77.86,55.65
20,47.46,77.86,55.02
6,50.58,77.86,56.89
21,50.55,81.38,53.78
16,49.6,81.38,52.53
15,48.68,81.01,52.52
15,49.1,81.18,52.52
14,48.63,80.47,52.52
18,49.97,81.38,53.18
18,49.58,81.18,53.15
16,49.1,80.82,53.15
14,49.03,79.99,53.15
19,49.57,80.98,53.77
20,49.99,81.18,53.77
17,49.51,80.39,53.77
13,49.43,79.51,53.77
19,49.99,80.77,54.4
15,49.91,79.91,54.4
18,47.5,78.06,53.77
18,47.98,78.38,53.77
20,47.5,78.06,54.4
19,47.98,78.38,54.4
15,47.5,78.06,53.14
16,47.98,78.38,53.15
15,48.47,78.68,53.14
14,48.55,79.59,52.52
16,48.47,78.68,54.4
16,48.47,78.68,53.77
13,48.95,79.11,53.77
11,49.83,79.03,54.4
13,48.95,79.11,54.4
13,48.95,79.11,53.15
13,47.5,78.06,52.51
14,47.98,78.38,52.52
10,48.02,78.06,51.88
7,48.77,78.02,51.22
14,48.47,78.68,52.52
18,48.02,77.86,54.41
16,48,77.86,53.79
14,47.98,77.86,53.17
11,47.97,77.86,52.53
10,48.64,77.85,51.93
4,49.13,77.84,51.35
4,49.2,77.73,52.01
18,50.36,81.42,50.76
18,50.36,81.42,50.57
31,51.34,81.46,50.57
29,51.33,81.44,50.76
4,49.33,77.72,50.77
2,49.13,77.84,50.6
8,48.8,78.01,50.78
9,48.9,78.29,50.87
10,48.95,79.11,50.89
12,49.03,79.99,50.89
14,49.11,80.83,50.89
96,51.12,81.54,50.43
24,51.12,81.41,50.47
17,50.44,81.3,50.48
24,51.1,81.47,50.55
18,49.6,81.13,50.65
13,49.51,80.42,50.71
16,50.43,81.09,50.47
20,50.93,81.28,50.48
17,50.59,81.18,50.47
15,49.97,80.85,50.49
14,49.91,79.92,50.51
17,49.09,81.18,51.22
19,49.62,81.39,51.2
18,49.68,81.25,50.77
19,50.13,81.41,50.76
17,50.23,81.2,50.55
17,50.19,81.36,50.57
19,50.58,81.37,50.5
120,50.48,81.55,50.42
19,50.44,81.51,50.59
17,50.44,81.48,50.8
74,50.68,81.68,50.47
28,50.85,81.51,50.59
27,50.66,81.58,50.61
55,51.67,82.38,51.27
45,51.44,82.22,50.8
31,51.61,82.03,50.8
68,51.18,81.65,50.46
27,51.35,81.88,50.79
55,50.97,81.83,50.49
35,51.2,82.02,50.8
31,51.18,81.55,50.6
28,50.95,81.59,50.58
36,50.76,82.06,50.8
107,51.02,82.48,51.27
23,50.64,81.79,50.79
20,50.56,81.72,51.29
18,50.53,81.6,50.87
16,50.44,81.56,51.32
24,51.59,81.81,51.3
25,51.25,81.58,50.85
23,51.34,81.55,51.32
8,48.91,78.3,51.27
11,48.95,79.11,51.27
12,49.03,79.99,51.27
14,49.1,80.82,51.27
10,49.3,78.56,50.68
12,49.43,79.51,50.71
9,49.45,77.73,50.64
8,49.49,78.19,50.5
13,49.76,78.08,50.5
14,49.81,79,50.51
18,50.08,77.57,50.49
10,55.7,82.03,50.68
10,55.53,81.27,50.49
22,55.01,81.59,50.5
32,51.5,81.41,50.53
32,51.52,81.41,50.71
55,50.53,82.12,51.27
283,50.14,82.56,51.9
49,50.11,82,51.89
14,50.39,81.79,51.93
17,51.58,81.81,51.92
16,51.33,81.55,52
18,50.54,82.14,52.51
17,50.57,81.74,51.82
13,50.45,81.57,52.02
8,50.93,81.79,52.49
18,50.91,81.54,52.38
15,49.1,81.18,51.89
16,49.62,81.39,51.9
11,48.9,78.31,51.9
12,48.95,79.11,51.9
12,49.03,79.99,51.9
14,49.1,80.82,51.9
21,63.05,80.48,60.2
23,63.25,80.31,60.2
15,63.72,80.82,60.7
20,63.5,80.55,60.51
22,63.93,80.52,60.51
21,63.65,79.82,59.86
19,63.45,80.06,59.86
24,63.69,80.26,60.2
26,63.89,80.02,60.2
27,64.33,79.98,60.2
24,64.13,80.26,60.5
21,64.17,80.63,60.51
23,64.57,80.21,60.5
18,64.82,80.53,60.7
18,64.37,80.61,60.7
20,64.17,80.68,60.3
19,63.93,80.68,60.3
16,63.46,80.68,60.3
10,63.05,80.68,59.91
11,63.46,80.68,59.92
8,62.36,80.68,59.42
15,64.38,80.88,60.47
11,64.38,80.88,60.04
9,63.93,80.88,60.03
10,64.17,80.88,60.03
10,63.73,80.88,60.26
3,66.01,78.84,60.25
3,66.13,78.94,60.25
4,65.91,78.96,60.25
4,66.03,79.06,60.25
6,65.53,78.44,60.1
6,65.65,78.54,60.1
9,65.43,78.56,60.1
9,65.55,78.66,60.1
6,65.77,78.64,60.1
8,65.67,78.76,60.1
6,65.89,78.74,60.1
8,65.79,78.86,60.1
2,65.73,78.2,60.1
4,65.63,78.32,60.1
2,65.85,78.3,60.1
4,65.75,78.42,60.1
2,66.21,78.6,60.25
2,66.33,78.7,60.25
2,66.11,78.72,60.25
2,66.23,78.82,60.25
2,65.97,78.4,60.1
4,65.87,78.52,60.1
3,66.09,78.5,60.1
4,65.99,78.62,60.1
3,65.65,79.89,60.7
6,65.45,80.16,60.7
21,64.94,79.26,59.86
14,65.18,79.47,60.2
5,65.42,79.67,60.5
24,64.74,79.5,59.86
18,64.98,79.7,60.2
9,65.21,79.92,60.5
25,64.53,79.74,59.86
23,64.77,79.94,60.2
15,65.01,80.17,60.5
10,65.26,80.49,60.7
2,66.45,78.8,60.25
2,66.35,78.92,60.25
2,66.37,79.14,60.36
2,66.27,79.26,60.36
3,66.25,79.04,60.25
17,65.05,80.59,60.51
13,65.06,80.88,60.48
10,65.05,80.88,60.06
4,66.15,79.16,60.25
2,66.09,79.35,60.36
7,65.81,79.19,60.19
2,65.86,79.63,60.5
8,65.62,79.43,60.2
13,62.41,78.27,59.94
14,62.31,78.39,59.94
14,62.53,78.37,59.94
15,62.43,78.49,59.94
15,62.65,78.47,60.1
16,62.77,78.57,60.1
16,62.55,78.59,60.1
17,62.67,78.69,60.1
13,62.63,78.25,59.94
13,62.51,78.19,59.95
13,62.73,78.17,59.95
14,62.75,78.35,59.94
13,63.07,78.21,60.1
13,63.16,78.16,59.96
12,62.95,78.13,60.11
13,62.85,78.23,59.94
12,63.17,78.05,59.81
12,63.07,78.03,59.92
12,62.95,78.03,59.95
12,62.85,78.05,59.78
12,62.5,78.06,59.79
12,62.72,78.05,59.79
12,62.63,78.06,59.76
10,62.95,77.86,59.79
10,63.08,77.86,59.78
10,62.59,77.86,59.55
10,62.85,77.86,59.55
14,64.41,78.31,60.1
16,64.31,78.43,60.1
15,64.53,78.41,60.1
17,64.43,78.53,60.1
12,64.63,78.29,60.1
11,64.51,78.2,60.1
9,64.73,78.19,60.1
13,64.07,78.23,60.1
11,64.4,78.17,59.98
12,64.29,78.21,60.1
14,64.19,78.33,60.1
11,64.17,78.15,60.11
13,63.95,78.2,59.95
12,64.85,78.28,59.94
12,64.97,78.37,59.94
11,65.09,78.47,60.1
14,64.99,78.59,60.1
11,65.21,78.58,60.1
14,65.11,78.69,60.1
14,64.75,78.39,59.94
15,64.87,78.49,59.94
16,64.65,78.51,60.1
16,64.77,78.61,60.1
18,64.55,78.63,60.1
18,64.67,78.73,60.1
16,64.89,78.71,60.1
16,65.01,78.81,60.1
18,64.79,78.83,60.1
18,64.91,78.93,60.1
19,65.14,79.02,59.86
18,65.38,79.23,59.86
15,65.34,78.79,59.86
14,65.58,78.99,59.86
10,65.3,78.35,59.86
5,65.51,78.21,59.88
11,65.07,78.26,59.79
11,64.94,78.21,59.79
9,65.17,78.2,59.79
9,64.52,78.05,59.94
8,64.73,78.06,59.94
10,64.17,78.05,59.95
11,64.07,78.06,59.94
10,64.3,78.05,59.93
11,63.95,78.06,59.79
3,65.5,78.04,59.87
5,65.29,78.06,59.6
7,64.93,78.06,59.79
6,65.17,78.06,59.79
7,65.07,78.06,59.79
7,64.17,77.86,59.79
7,64.07,77.86,59.79
6,64.3,77.86,59.78
8,63.95,77.86,59.6
5,64.51,77.86,59.78
4,64.73,77.86,59.79
3,65.05,77.86,59.55
15,63.09,78.43,60.1
16,62.99,78.55,60.1
16,63.21,78.53,60.1
17,63.11,78.65,60.1
14,62.97,78.33,59.94
15,62.87,78.45,59.94
17,63.33,78.63,60.1
18,63.23,78.75,60.1
18,63.45,78.73,60.1
19,63.35,78.85,60.1
17,62.89,78.67,60.1
18,63.01,78.77,60.1
18,62.79,78.79,60.1
18,62.91,78.89,60.1
19,63.13,78.87,60.1
19,63.25,78.97,60.1
19,63.03,78.99,60.1
20,63.15,79.09,60.1
18,62.7,79.02,59.86
19,62.94,79.22,59.86
19,62.5,79.26,59.86
19,62.74,79.46,59.86
21,62.29,79.5,59.86
20,62.53,79.7,59.86
23,62.09,79.73,59.86
22,62.33,79.94,59.86
25,61.89,79.97,59.86
25,62.13,80.18,59.86
26,61.69,80.21,59.86
25,61.92,80.4,59.87
16,61.52,80.45,59.39
4,61.57,80.68,58.78
15,63.97,78.35,59.94
16,64.09,78.45,59.94
17,64.21,78.55,59.94
18,64.33,78.65,59.94
16,63.87,78.47,59.94
17,63.99,78.57,59.94
17,63.77,78.59,60.1
18,63.89,78.69,60.1
18,63.67,78.71,60.1
19,63.79,78.81,60.1
18,64.11,78.67,59.94
19,64.23,78.77,59.94
20,64.01,78.79,60.1
21,64.13,78.89,60.1
20,63.91,78.91,60.1
22,64.03,79.01,60.1
21,64.26,79.1,59.86
23,64.5,79.3,59.86
20,64.46,78.86,59.86
21,64.7,79.06,59.86
18,63.58,78.94,59.86
20,63.82,79.14,59.86
19,63.38,79.18,59.86
20,63.62,79.38,59.86
22,63.86,79.58,59.86
23,64.09,79.78,59.86
22,64.06,79.34,59.86
24,64.3,79.54,59.86
19,63.18,79.42,59.86
20,63.41,79.62,59.86
19,62.97,79.66,59.86
19,63.21,79.86,59.86
20,62.77,79.9,59.86
18,63.01,80.1,59.86
20,62.57,80.14,59.86
17,62.81,80.34,59.86
11,62.37,80.43,59.4
14,63.41,78.29,59.94
14,63.19,78.31,59.94
15,63.31,78.41,59.94
13,63.29,78.21,59.95
14,63.85,78.26,59.94
14,63.63,78.27,59.94
15,63.75,78.37,59.94
13,63.73,78.2,59.95
15,63.53,78.39,59.94
16,63.65,78.49,59.94
16,63.43,78.51,59.94
17,63.55,78.61,59.94
13,63.51,78.2,59.95
12,63.51,78.06,59.79
12,63.71,78.06,59.79
11,63.85,78.06,59.79
12,63.3,78.06,59.78
9,63.51,77.86,59.55
10,63.29,77.86,59.55
9,63.77,77.86,59.54
13,61.97,78.3,59.94
14,62.09,78.4,59.94
12,61.53,78.34,60.1
13,61.65,78.44,60.1
13,61.43,78.46,60.1
14,61.55,78.56,60.1
12,61.41,78.25,59.94
13,61.31,78.36,59.94
14,61.87,78.42,59.94
15,61.99,78.52,59.94
15,61.77,78.54,60.1
15,61.67,78.66,60.1
16,61.89,78.64,60.1
16,61.79,78.76,60.1
12,61.63,78.23,59.94
12,61.74,78.18,59.82
12,61.85,78.21,59.94
13,61.75,78.32,59.94
12,61.51,78.2,59.79
11,61.64,78.06,59.78
11,61.85,78.05,59.78
11,61.51,78.06,59.6
9,61.75,77.86,59.55
15,62.21,78.5,59.79
16,62.33,78.61,59.79
16,62.11,78.62,59.79
17,62.23,78.73,59.79
17,62.46,78.82,59.86
18,62.02,78.85,59.86
19,62.26,79.06,59.86
16,61.34,78.69,59.86
18,61.58,78.89,59.86
18,61.14,78.93,59.86
20,61.38,79.13,59.86
18,61.82,79.09,59.55
18,62.06,79.29,59.55
20,61.62,79.33,59.55
20,61.85,79.53,59.55
21,60.94,79.17,59.55
22,61.18,79.37,59.55
23,60.73,79.41,59.55
23,60.97,79.61,59.55
22,61.41,79.57,59.55
21,61.65,79.77,59.55
22,61.21,79.81,59.55
21,61.45,80.01,59.55
24,60.53,79.65,59.55
23,60.77,79.85,59.55
24,60.33,79.89,59.55
23,60.57,80.09,59.55
21,60.15,80.3,59.39
9,60.15,80.68,58.78
20,61.03,80.25,59.4
6,61.04,80.68,58.78
11,60.62,80.48,58.77
3,60.64,80.68,58.15
13,62.19,78.29,59.94
12,62.07,78.2,59.95
12,61.95,78.17,59.82
13,62.29,78.2,59.95
11,62.08,78.06,59.78
11,62.29,78.06,59.79
10,62.18,77.86,59.55
9,59.97,78.27,59.79
11,60.09,78.36,59.79
12,59.87,78.38,59.79
12,59.99,78.48,59.79
12,60.21,78.46,59.79
13,60.33,78.56,59.79
14,60.11,78.58,59.79
15,60.23,78.68,59.79
15,59.77,78.5,59.79
15,59.89,78.6,59.79
18,59.67,78.62,59.79
19,59.79,78.72,59.79
18,60.02,78.81,59.86
23,59.58,78.85,59.55
24,59.82,79.05,59.55
25,59.38,79.09,59.55
25,59.61,79.29,59.55
10,60.41,78.23,59.79
11,60.53,78.31,59.79
11,60.31,78.34,59.79
12,60.43,78.44,59.79
11,60.63,78.23,59.79
9,60.19,78.25,59.79
9,60.29,78.19,59.79
9,60.07,78.2,59.79
12,60.75,78.3,59.79
12,60.97,78.28,59.79
13,60.87,78.4,59.79
11,60.85,78.22,59.79
12,60.65,78.42,59.79
13,60.55,78.54,59.79
13,60.77,78.52,59.79
14,60.67,78.64,59.79
13,61.09,78.38,59.79
14,60.99,78.5,59.79
14,61.21,78.48,59.79
15,61.11,78.6,59.79
15,60.9,78.73,59.86
11,60.85,78.06,59.55
9,60.86,77.86,59.24
17,60.46,78.77,59.55
21,60.26,79.01,59.55
19,60.7,78.97,59.55
22,60.5,79.21,59.55
24,60.06,79.25,59.24
23,60.29,79.45,59.24
24,59.85,79.49,59.24
23,60.09,79.69,59.24
12,61.19,78.27,59.79
12,61.41,78.25,59.79
13,61.31,78.36,59.79
12,61.29,78.2,59.79
12,61.07,78.21,59.79
11,61.06,78.06,59.55
11,61.32,78.06,59.55
10,61.06,77.86,59.24
10,61.34,77.86,59.24
3,55.85,81.31,50.74
5,55.62,81.14,50.65
20,56.89,78.53,60.41
19,57.01,78.63,60.41
19,56.91,78.74,60.4
19,56.79,78.64,60.41
21,57.21,78.39,60.41
21,57.09,78.29,60.41
21,56.99,78.41,60.41
20,57.11,78.51,60.41
21,56.65,78.33,60.41
20,56.77,78.43,60.41
19,56.67,78.55,60.41
20,56.55,78.45,60.41
22,56.97,78.19,60.41
21,56.75,78.21,60.41
21,56.87,78.31,60.41
23,57.18,78.04,60.3
23,57.07,78.07,60.41
23,56.94,78.04,60.3
23,56.73,78.04,60.29
22,56.85,78.09,60.41
19,57.37,78.93,60.25
19,57.49,79.03,60.25
18,57.26,79.05,60.25
19,57.38,79.15,60.25
21,57.57,78.69,60.25
20,57.47,78.81,60.25
21,57.69,78.79,60.25
20,57.59,78.91,60.25
18,57.03,78.85,60.25
18,57.15,78.95,60.25
19,57.13,78.73,60.25
19,57.25,78.83,60.25
21,57.33,78.49,60.25
21,57.45,78.59,60.25
20,57.23,78.61,60.25
20,57.35,78.71,60.25
21,57.81,78.89,60.1
21,57.93,78.99,60.1
20,57.71,79.01,60.1
20,57.82,79.11,60.1
21,58.06,79.2,60.19
19,57.61,79.24,60.18
19,57.85,79.44,60.2
23,58.49,79.16,59.86
21,58.29,79.4,60.2
23,58.73,79.36,59.86
22,58.53,79.6,60.2
20,58.09,79.64,60.2
21,58.33,79.84,60.2
22,58.77,79.8,59.86
23,59.01,80,59.86
23,59.45,79.97,59.55
23,59.25,80.21,59.86
23,59.69,80.17,59.55
24,59.49,80.4,59.86
22,59.05,80.42,59.86
22,59.29,80.51,59.86
19,59.74,80.5,59.4
21,58.57,80.04,59.86
21,58.37,80.29,60.2
21,58.81,80.24,59.86
22,58.61,80.45,60.2
19,58.17,80.47,60.2
22,58.84,80.53,60.04
10,59.74,80.68,58.78
17,59.26,80.68,59.42
17,58.17,80.68,59.91
19,58.57,80.68,59.91
16,58.85,80.68,59.42
2,59.74,80.88,58.15
6,59.22,80.88,58.78
7,58.84,80.88,58.9
11,58.35,80.88,59.46
17,56.49,79.08,60.36
18,56.81,78.87,60.25
18,56.69,78.77,60.25
17,56.59,78.89,60.25
17,56.71,78.99,60.25
17,56.14,78.92,60.37
16,56.26,79.02,60.36
17,56.24,78.8,60.38
17,56.37,78.9,60.37
18,56.57,78.67,60.25
19,56.45,78.57,60.25
18,56.35,78.69,60.25
18,56.47,78.79,60.25
16,56.97,79.52,60.2
17,57.17,79.28,60.19
16,56.73,79.32,60.2
17,56.94,79.08,60.18
18,57.41,79.48,60.2
18,57.65,79.68,60.2
17,57.21,79.72,60.2
17,57.45,79.92,60.2
18,57.89,79.88,59.86
19,58.13,80.08,59.86
17,57.69,80.12,59.86
17,57.93,80.33,59.86
14,55.85,79.4,60.2
14,56.09,79.59,60.2
15,56.05,79.16,60.18
15,56.29,79.36,60.2
14,56.33,79.8,60.2
14,56.57,80,60.2
15,56.53,79.55,60.2
15,56.77,79.76,60.2
16,57.01,79.96,60.2
16,57.25,80.16,60.2
15,57.49,80.35,59.86
14,57.28,80.5,59.86
16,57.72,80.49,59.86
14,56.81,80.2,60.2
15,57.05,80.38,60.2
13,56.65,80.54,60.51
10,57.5,80.68,59.42
11,56.69,80.68,60.13
4,57.5,80.88,58.79
5,56.68,80.88,59.46
12,55.45,79.87,60.2
11,55.69,80.07,60.2
13,55.65,79.63,60.2
12,55.89,79.83,60.2
11,56.17,80.44,60.2
11,55.93,80.27,60.2
12,56.13,80.03,60.2
12,56.37,80.24,60.2
9,56.17,80.68,59.92
4,56.17,80.88,59.46
11,55.25,80.11,60.2
10,55.49,80.32,60.2
9,55.05,80.35,60.2
9,55.28,80.48,60.2
6,55.29,80.68,59.92
3,55.29,80.88,59.47
2,55.76,80.88,58.8
9,55.75,80.47,60.04
5,55.77,80.68,59.42
3,54.88,80.88,58.8
8,54.84,80.5,60.04
5,54.86,80.68,59.43
21,50,81.18,54.4
23,50.56,81.38,54.4
25,51.52,81.38,53.77
23,50,81.18,55.02
25,50.57,81.38,55.02
21,50.55,81.18,55.65
24,51.53,81.38,55.65
16,51.42,81.18,56.27
13,52.11,81.16,56.27
11,53.7,80.03,59.54
12,53.89,79.79,59.55
13,53.03,80.1,59.39
17,52.55,79.68,58.77
10,53.52,80.39,59.39
13,51.87,80.48,57.52
13,52.62,80.46,58.77
15,52.15,80.18,58.15
13,51.94,80.99,56.9
9,52.26,80.9,56.9
12,52.13,80.76,57.52
9,52.8,80.89,57.53
12,54.97,79.47,59.86
11,55.21,79.67,59.86
10,54.57,79.95,59.86
11,54.77,79.71,59.86
10,55.01,79.91,59.86
9,54.81,80.15,59.86
8,54.17,80.41,59.86
9,54.37,80.19,59.86
8,54.61,80.37,59.86
7,54.43,80.51,59.86
10,54.13,79.99,59.55
9,53.93,80.23,59.55
8,53.97,80.52,59.4
6,54.38,80.68,59.42
6,53.98,80.68,58.9
8,53.52,80.69,58.79
12,52.7,80.72,58.15
4,54.38,80.88,58.8
6,53.6,80.88,58.17
16,55.36,78.88,60.1
15,55.26,79,60.1
15,55.48,78.98,60.1
14,55.38,79.1,60.1
13,55.17,79.23,59.86
14,55.61,79.2,60.18
12,55.41,79.43,59.86
15,54.49,79.07,59.55
13,54.73,79.27,59.55
13,54.09,79.55,59.55
11,54.33,79.75,59.55
14,54.29,79.31,59.55
12,54.53,79.51,59.55
18,54.89,78.48,59.79
18,54.79,78.6,59.79
18,55.01,78.58,59.79
17,54.91,78.7,59.79
16,54.69,78.83,59.55
16,55.14,78.79,59.86
15,54.93,79.03,59.55
21,55.19,78.18,59.96
20,55.09,78.25,59.79
19,55.21,78.34,59.79
19,54.99,78.36,59.79
19,55.11,78.46,59.79
18,56.01,78.6,60.25
18,56.13,78.7,60.25
17,55.91,78.72,60.25
17,56.03,78.82,60.25
16,55.81,78.84,60.1
16,55.92,78.94,60.1
15,55.7,78.96,60.1
15,55.82,79.06,60.1
19,55.77,78.4,60.25
19,55.89,78.5,60.25
18,55.67,78.52,60.25
18,55.79,78.62,60.25
21,55.41,78.17,59.99
21,55.53,78.2,60.1
20,55.65,78.3,60.1
20,55.43,78.32,60.1
19,55.55,78.42,60.1
20,55.31,78.23,59.95
17,55.57,78.64,60.1
16,55.47,78.76,60.1
17,55.69,78.74,60.1
16,55.59,78.86,60.1
18,55.34,78.55,59.86
21,56.53,78.23,60.25
22,56.63,78.11,60.26
24,56.61,77.86,59.97
21,56.31,78.24,60.25
20,56.43,78.35,60.25
22,56.41,78.13,60.26
22,56.51,78.09,60.14
20,56.21,78.36,60.1
19,56.11,78.48,60.1
19,56.33,78.46,60.1
18,56.23,78.58,60.1
19,55.99,78.38,60.1
20,55.87,78.28,60.1
21,55.97,78.17,60.1
21,55.85,78.15,59.99
21,55.74,78.2,59.95
22,56.29,78.09,60.14
21,56.19,78.15,60.26
22,56.07,78.1,60.14
20,56.09,78.26,60.1
24,57.5,77.99,60.28
24,57.29,77.98,60.26
23,57.07,77.97,60.25
23,56.84,77.97,60.23
23,56.64,78,60.09
26,58.2,78.03,60.07
26,58.07,78.02,60.1
25,57.62,78,60.24
26,57.84,77.99,60.23
25,58.62,78.05,59.94
26,58.41,78.05,59.94
17,59.05,78.06,59.95
22,58.85,78.05,59.95
24,58.74,78.06,59.92
20,58.97,78.05,59.92
16,59.21,78.06,59.79
10,59.41,78.06,59.78
7,59.63,78.06,59.78
7,59.85,78.06,59.78
9,60.16,78.06,59.55
10,60.62,78.06,59.55
10,60.42,78.06,59.56
18,59.54,78.41,59.55
13,59.75,78.25,59.55
26,58.53,78.28,59.79
25,58.31,78.29,59.79
25,58.43,78.39,59.79
26,58.41,78.22,59.79
20,59.3,78.26,59.55
23,58.97,78.25,59.79
25,58.75,78.26,59.79
25,58.87,78.35,59.79
21,59.07,78.2,59.79
25,58.85,78.2,59.79
25,58.65,78.37,59.79
25,58.77,78.47,59.79
25,58.55,78.49,59.79
25,58.67,78.59,59.79
26,58.62,78.21,59.79
24,59.34,78.65,59.55
24,59.1,78.44,59.55
25,58.9,78.68,59.55
25,59.14,78.88,59.55
24,58.94,79.12,59.55
22,59.89,79.93,59.24
20,59.68,80.17,59.23
24,59.17,79.32,59.55
23,59.65,79.73,59.24
25,59.41,79.53,59.55
23,58.97,79.56,59.55
21,59.45,79.97,59.23
23,59.21,79.77,59.55
24,58.7,78.92,59.55
24,58.46,78.72,59.86
22,58.26,78.96,59.86
25,58.18,78.21,59.95
25,57.97,78.21,60.1
24,57.87,78.33,60.1
24,58.09,78.31,60.1
23,57.99,78.43,60.1
24,58.22,78.52,59.86
22,57.77,78.45,60.1
22,57.89,78.55,60.1
21,57.67,78.57,60.1
21,57.79,78.67,60.1
22,58.02,78.76,59.86
24,57.75,78.23,60.1
25,57.85,78.15,60.11
24,57.63,78.17,60.11
25,58.19,78.22,59.79
22,57.19,78.17,60.26
22,57.31,78.27,60.25
23,57.41,78.16,60.26
23,57.28,78.13,60.14
22,57.65,78.35,60.1
21,57.55,78.47,60.1
22,57.43,78.37,60.1
23,57.53,78.25,60.1
26,57.42,77.85,60.23
25,57.27,77.85,60.13
26,57.52,77.86,60.07
25,57.07,77.85,60.11
25,56.84,77.85,60.1
25,56.97,77.85,60.07
26,57.63,77.86,60.1
28,57.85,77.85,60.1
27,57.74,77.85,60.07
28,57.96,77.85,60.07
27,58.17,77.86,59.94
28,58.19,77.86,59.79
27,58.61,77.86,59.79
28,58.41,77.86,59.79
18,59.07,77.86,59.79
25,58.85,77.86,59.79
27,58.75,77.86,59.79
22,58.97,77.86,59.79
15,59.31,77.86,59.55
8,59.75,77.86,59.55
8,60.15,77.86,59.24
9,60.62,77.86,59.24
9,60.41,77.86,59.24
23,56.18,78,60.07
23,56.41,78,60.08
22,55.97,78.05,59.94
22,55.19,78.05,59.95
22,55.32,78.05,59.92
22,55.09,78.06,59.78
22,55.72,78.04,59.94
22,55.4,78.04,59.97
22,55.52,78.02,60.05
22,54.31,78.06,59.78
22,54.53,78.06,59.79
22,54.74,78.06,59.79
22,54.96,78.06,59.79
22,54.86,78.06,59.76
24,53.56,78.06,59.54
23,53.99,78.06,59.55
26,53.3,78.06,59.24
27,53.09,78.06,59.24
28,52.82,78.06,59.24
30,52.42,78.06,58.93
25,51.98,78.06,58.61
8,51.52,78.06,58.14
6,51.1,78.06,57.52
10,49.35,78.63,56.27
15,48.47,78.68,55.02
12,48.95,79.11,55.65
11,49.83,79.03,55.65
12,48.95,79.11,55.02
14,48.87,78.06,56.9
12,48.89,78.35,56.27
8,49.76,78.06,56.9
8,49.77,78.32,56.27
22,48.05,78.06,56.27
23,47.5,78.06,55.65
16,48.28,78.56,55.65
21,47.5,78.06,55.02
20,47.98,78.38,55.02
7,50.58,78.06,56.89
27,53.1,78.32,58.93
27,52.66,78.36,58.93
26,52.9,78.54,58.93
28,52.84,78.23,58.93
24,52.46,78.58,58.61
23,52.69,78.78,58.61
23,52.25,78.82,58.61
22,52.49,79.02,58.61
14,52.07,79.28,58.15
19,50.5,80.96,55.65
15,50.86,80.68,56.27
13,51.67,79.76,57.52
13,51.27,80.24,56.9
20,49.99,80.77,55.02
15,49.91,79.91,55.02
11,49.83,79.03,55.02
16,50.39,80.32,55.65
13,50.31,79.43,55.65
9,50.24,78.58,55.65
14,50.79,79.84,56.27
9,50.33,78.5,56.27
10,50.71,78.96,56.27
11,51.19,79.36,56.9
8,51.12,78.5,56.9
7,51.53,78.27,57.52
9,51.59,78.88,57.52
25,52.42,78.24,58.61
10,52,78.44,58.15
15,51.33,80.93,55.65
19,54.02,78.67,59.55
20,54.22,78.42,59.55
18,54.46,78.63,59.55
17,54.25,78.87,59.55
17,53.61,79.15,59.24
15,53.85,79.35,59.24
18,53.81,78.91,59.24
16,54.05,79.11,59.24
15,53.41,79.39,59.24
13,53.65,79.59,59.24
15,53.21,79.62,59.24
13,53.45,79.83,59.24
19,53.17,79.18,58.93
17,52.97,79.42,58.93
12,51.64,80.69,56.27
12,51.87,80.48,56.9
24,53.53,78.29,59.24
22,53.78,78.45,59.24
23,53.98,78.27,59.24
26,53.3,78.22,58.93
23,53.13,78.74,58.93
20,53.37,78.95,58.93
24,53.34,78.5,58.93
22,53.58,78.71,58.93
22,52.93,78.98,58.61
19,53.17,79.18,58.61
20,52.73,79.22,58.61
18,52.97,79.42,58.61
20,54.66,78.39,59.55
21,54.42,78.26,59.55
21,54.86,78.25,59.55
25,56.19,77.86,59.94
24,56.4,77.85,59.94
24,56.64,77.86,59.86
24,56.53,77.86,59.92
25,55.97,77.86,59.79
25,55.19,77.86,59.79
25,55.33,77.86,59.79
25,55.08,77.86,59.6
25,55.75,77.86,59.78
25,55.53,77.86,59.84
25,54.42,77.86,59.55
25,54.85,77.86,59.55
27,53.58,77.86,59.24
27,53.98,77.86,59.24
29,53.3,77.86,58.93
30,52.82,77.86,58.93
29,53.09,77.86,58.93
26,52.42,77.86,58.61
7,51.99,77.86,58.14
6,51.51,77.86,57.52
6,51.1,77.86,56.9
18,48.87,77.86,56.27
11,49.75,77.86,56.27
22,48.03,77.86,55.65
20,48.02,77.86,55.03
7,50.57,77.86,56.27
23,51.53,81.39,53.16
19,50.52,81.39,53.19
21,50.54,81.18,53.77
20,50.5,80.96,54.4
16,49.62,81.2,52.52
17,49.95,81.39,52.68
2,49.33,77.75,51.24
13,49.03,79.99,52.52
15,49.1,80.82,52.52
17,49.57,80.98,53.15
18,49.98,81.18,53.16
15,49.51,80.39,53.15
12,49.43,79.51,53.15
18,49.99,80.77,53.77
14,49.91,79.91,53.77
11,49.83,79.03,53.77
17,50.39,80.32,54.4
12,50.31,79.43,54.4
10,50.24,78.58,54.4
17,48.04,78.06,53.78
19,48.04,78.06,54.4
15,48.03,78.06,53.16
15,48.88,78.33,53.14
13,48.95,79.11,52.52
13,49.32,78.48,54.08
13,49.35,78.62,53.14
13,48.02,78.06,52.52
4,49.25,77.98,51.36
10,48.73,78.03,51.91
13,48.89,78.32,52.51
5,49.33,77.75,51.94
15,49.3,77.86,54.12
14,48.78,77.86,53.23
12,48.69,77.86,52.62
10,49.09,77.84,51.99
3,49.34,77.72,52.38
17,50.39,81.42,50.91
17,50.43,81.33,50.79
17,50.43,81.32,50.57
17,50.44,81.42,50.92
28,51.42,81.41,50.91
26,51.34,81.43,50.92
25,51.25,81.39,50.81
28,51.27,81.41,50.56
16,49.66,81.06,50.84
9,49.51,77.72,50.84
4,49.27,77.97,50.72
10,49.35,78.56,50.87
12,49.43,79.51,50.89
13,49.51,80.4,50.89
26,51.3,81.25,50.5
27,51.24,81.35,50.5
16,50.42,81.08,50.57
21,50.93,81.34,50.59
17,50.59,81.21,50.57
15,49.97,80.8,50.66
14,49.91,79.92,50.71
22,51.06,81.16,50.48
23,51.17,81.08,50.48
16,50.46,80.93,50.48
18,50.68,81.03,50.48
18,50.77,81.14,50.48
16,50.39,80.31,50.51
17,50.32,79.42,50.51
16,49.65,81.23,51.24
17,50.2,81.41,51.29
17,50.28,81.24,50.6
17,50.18,81.31,50.8
21,50.52,81.51,50.57
17,50.55,81.4,50.58
18,50.52,81.46,50.82
16,50.44,81.46,51.31
27,50.78,81.9,51.23
34,51.38,82.09,51.27
24,51.12,81.58,50.79
21,50.74,81.62,50.8
17,50.56,81.59,51.3
26,50.96,81.82,50.8
24,51.33,81.43,51.32
22,51.22,81.57,51.29
15,49.64,81.03,51.27
4,49.33,78.09,51.43
10,49.36,78.61,51.26
12,49.43,79.51,51.27
13,49.51,80.39,51.27
12,49.8,78.09,50.67
9,49.56,78.27,50.66
13,49.83,79.02,50.71
16,50.09,77.52,50.65
3,50.88,77.65,50.65
18,50.56,78,50.5
18,50.26,78.51,50.5
27,51.63,81.4,51.31
31,51.93,81.39,51.03
10,55.54,81.96,50.85
10,55.43,81.39,50.64
19,54.96,81.66,50.68
13,55.26,81.11,50.49
31,54.42,81.25,50.5
28,51.38,81.3,50.56
37,51.93,81.35,50.48
31,51.5,81.29,50.49
31,51.65,81.18,50.47
25,51.38,80.91,50.48
28,51.44,81.31,50.76
36,51.86,81.4,50.67
18,51.33,81.43,52.02
20,51.2,81.42,52.38
33,50.54,82.13,51.89
19,50.73,81.86,51.73
8,50.94,81.92,52.36
18,51.21,81.58,51.93
16,50.57,81.61,51.94
16,50.45,81.45,52.01
18,50.9,81.56,52.26
17,50.61,81.44,52.38
15,49.65,81.22,51.9
16,50.2,81.41,51.97
15,49.64,81.03,51.89
9,49.3,78.11,51.89
11,49.35,78.63,51.9
12,49.43,79.51,51.9
13,49.51,80.39,51.9
3,50.88,77.64,51.6
13,63.04,80.48,59.86
16,63.25,80.31,59.86
18,63.72,80.65,60.51
21,63.5,80.46,60.2
14,63.5,80.46,59.86
23,63.93,80.44,60.2
24,64.33,79.98,59.86
16,63.65,79.82,59.55
22,63.89,80.02,59.86
13,63.45,80.06,59.55
19,63.69,80.26,59.86
26,64.13,80.22,60.2
23,64.17,80.52,60.2
25,64.57,80.18,60.2
20,64.81,80.43,60.51
18,64.63,80.77,60.7
22,64.37,80.49,60.51
20,64.38,80.68,60.3
16,64.38,80.68,59.93
13,63.93,80.68,59.93
15,64.17,80.68,59.93
15,63.73,80.68,60.13
3,63.24,80.68,59.42
13,64.65,80.88,60.28
2,64.14,80.88,59.49
2,63.73,80.88,59.47
6,66.01,78.84,60.1
5,66.13,78.94,60.1
7,65.91,78.96,60.1
6,66.03,79.06,60.1
10,65.54,78.55,59.86
10,65.78,78.75,59.86
5,65.74,78.32,59.87
2,65.95,78.2,59.95
2,66.07,78.28,59.94
3,66.21,78.6,60.1
3,66.33,78.7,60.1
4,66.11,78.72,60.1
4,66.23,78.82,60.1
6,65.98,78.51,59.86
3,65.94,80.7,60.7
2,65.89,80.12,60.7
4,65.7,80.47,60.7
3,65.65,79.88,60.5
6,65.45,80.12,60.5
21,64.94,79.26,59.55
20,65.18,79.47,59.86
10,65.42,79.67,60.2
22,64.74,79.5,59.55
22,64.98,79.7,59.86
14,65.21,79.91,60.2
22,64.53,79.74,59.55
24,64.77,79.94,59.86
24,64.57,80.18,59.86
18,65.01,80.14,60.2
19,65.05,80.49,60.2
7,65.49,80.72,60.7
12,65.25,80.4,60.51
2,65.74,78.06,59.55
2,66.47,79.02,60.25
2,66.57,78.9,60.1
3,66.47,79.02,60.1
3,66.45,78.8,60.1
4,66.35,78.92,60.1
3,66.37,79.14,60.25
3,66.27,79.26,60.25
4,66.37,79.14,60.1
4,66.27,79.26,60.1
5,66.25,79.04,60.1
5,66.15,79.16,60.1
17,65.05,80.68,60.31
15,65.05,80.68,59.94
4,65.9,80.88,60.45
7,65.49,80.88,60.27
2,65.04,80.88,59.5
2,66.29,79.48,60.37
5,66.05,79.39,60.19
13,65.82,79.19,59.86
6,65.86,79.63,60.2
15,65.62,79.43,59.86
13,62.41,78.27,59.79
14,62.53,78.37,59.79
14,62.31,78.39,59.79
15,62.43,78.49,59.79
16,62.66,78.58,59.86
13,62.63,78.25,59.79
13,62.51,78.2,59.79
13,62.73,78.19,59.8
14,62.75,78.35,59.79
15,62.87,78.45,59.79
13,63.18,78.17,59.82
13,63.07,78.21,59.94
14,62.97,78.33,59.79
13,62.95,78.16,59.96
13,62.85,78.24,59.79
12,63.08,78.05,59.78
12,62.95,78.05,59.79
12,62.85,78.06,59.55
12,62.59,78.06,59.55
10,63.05,77.86,59.55
9,62.59,77.86,59.24
9,62.85,77.86,59.24
14,64.41,78.31,59.94
16,64.31,78.43,59.94
15,64.53,78.41,59.94
17,64.43,78.53,59.94
13,64.63,78.29,59.94
12,64.51,78.21,59.95
11,64.73,78.21,59.94
13,64.07,78.24,59.94
13,64.29,78.22,59.94
15,64.19,78.33,59.94
12,64.18,78.19,59.96
13,63.95,78.2,59.79
14,64.75,78.39,59.79
12,64.85,78.28,59.79
13,64.97,78.37,59.79
15,64.87,78.49,59.79
15,65.1,78.58,59.86
17,64.66,78.62,59.86
19,64.9,78.82,59.86
19,65.14,79.02,59.55
19,65.38,79.23,59.55
16,65.34,78.79,59.55
17,65.58,78.99,59.55
11,65.3,78.36,59.55
7,65.49,78.23,59.55
10,65.06,78.24,59.55
9,64.51,78.06,59.78
9,64.73,78.06,59.79
11,64.17,78.06,59.79
11,64.07,78.06,59.79
10,64.3,78.06,59.78
11,63.95,78.06,59.6
4,65.48,78.06,59.55
7,65.05,78.06,59.55
7,64.19,77.86,59.55
5,64.62,77.86,59.55
3,65.06,77.86,59.24
2,65.46,77.86,59.24
16,63.1,78.54,59.86
17,63.34,78.74,59.86
17,62.9,78.78,59.86
18,63.14,78.98,59.86
16,62.7,79.02,59.55
16,62.94,79.22,59.55
16,62.5,79.26,59.55
16,62.74,79.46,59.55
17,62.29,79.5,59.55
15,62.53,79.7,59.55
18,62.09,79.73,59.55
16,62.33,79.94,59.55
18,61.91,80.17,59.4
7,61.54,80.45,58.77
14,63.97,78.35,59.79
15,63.87,78.47,59.79
16,64.09,78.45,59.79
17,63.99,78.57,59.79
17,64.21,78.55,59.79
18,64.11,78.67,59.79
18,64.33,78.65,59.79
19,64.23,78.77,59.79
17,63.78,78.7,59.86
19,64.02,78.9,59.86
19,64.26,79.1,59.55
21,64.5,79.3,59.55
18,64.46,78.86,59.55
20,64.7,79.06,59.55
16,63.58,78.94,59.55
17,63.82,79.14,59.55
16,63.38,79.18,59.55
17,63.62,79.38,59.55
18,63.86,79.58,59.55
19,64.09,79.78,59.55
19,64.06,79.34,59.55
21,64.3,79.54,59.55
16,63.18,79.42,59.55
15,63.41,79.62,59.55
15,62.97,79.66,59.55
14,63.21,79.86,59.55
10,62.79,80.12,59.4
3,62.37,80.42,58.77
14,63.41,78.29,59.79
14,63.19,78.31,59.78
15,63.31,78.41,59.79
13,63.29,78.22,59.79
13,63.85,78.26,59.79
14,63.63,78.28,59.79
14,63.75,78.37,59.79
13,63.72,78.21,59.79
15,63.53,78.39,59.79
15,63.65,78.49,59.79
15,63.43,78.51,59.79
16,63.55,78.61,59.79
13,63.51,78.21,59.79
12,63.51,78.06,59.55
11,63.77,78.06,59.54
12,63.29,78.06,59.55
9,63.5,77.86,59.24
9,63.3,77.86,59.24
8,63.78,77.86,59.24
13,61.97,78.3,59.78
14,62.09,78.4,59.79
14,61.87,78.42,59.79
15,61.99,78.52,59.79
14,61.54,78.45,59.86
16,61.78,78.65,59.86
12,61.63,78.24,59.79
13,61.75,78.32,59.78
13,61.85,78.22,59.79
12,61.51,78.2,59.63
11,61.75,78.06,59.55
9,61.74,77.86,59.24
15,62.22,78.61,59.55
16,62.46,78.82,59.55
17,62.02,78.85,59.55
17,62.26,79.06,59.55
16,61.34,78.69,59.55
18,61.58,78.89,59.55
19,61.14,78.93,59.55
20,61.38,79.13,59.55
17,61.82,79.09,59.24
15,62.06,79.29,59.24
18,61.62,79.33,59.24
16,61.85,79.53,59.24
20,60.94,79.17,59.24
20,61.18,79.37,59.24
22,60.73,79.41,59.24
21,60.97,79.61,59.24
19,61.41,79.57,59.24
17,61.65,79.77,59.24
20,61.21,79.81,59.24
18,61.45,80.01,59.24
22,60.53,79.65,59.24
21,60.77,79.85,59.24
22,60.33,79.89,59.24
20,60.57,80.09,59.24
14,60.15,80.3,58.77
4,60.15,80.68,58.15
5,60.62,80.48,58.15
12,61.03,80.25,58.77
2,61.04,80.68,58.15
13,62.19,78.29,59.79
13,62.29,78.21,59.79
13,62.07,78.21,59.79
11,62.18,78.06,59.55
9,62.18,77.86,59.24
13,59.98,78.38,59.55
15,60.22,78.57,59.55
18,59.78,78.61,59.55
20,60.02,78.81,59.55
24,59.58,78.85,59.24
24,59.82,79.05,59.24
25,59.38,79.09,59.24
24,59.61,79.29,59.24
12,60.42,78.34,59.55
12,60.63,78.23,59.55
11,60.17,78.24,59.55
13,60.86,78.31,59.55
14,60.66,78.53,59.55
15,61.1,78.49,59.55
17,60.9,78.73,59.55
12,60.86,78.06,59.24
10,60.86,77.86,58.93
19,60.46,78.77,59.24
22,60.26,79.01,59.24
20,60.7,78.97,59.24
22,60.5,79.21,59.24
23,60.06,79.25,58.93
22,60.29,79.45,58.93
23,59.85,79.49,58.93
21,60.09,79.69,58.93
13,61.3,78.29,59.55
12,61.07,78.21,59.55
12,61.06,78.06,59.24
12,61.34,78.06,59.24
10,61.06,77.86,58.93
10,61.34,77.86,58.93
7,55.49,81.29,50.77
9,55.43,81.02,50.66
20,56.89,78.53,60.25
19,57.01,78.63,60.25
19,56.91,78.75,60.25
19,56.79,78.65,60.25
21,57.21,78.39,60.25
21,57.09,78.29,60.25
20,56.99,78.41,60.25
20,57.11,78.51,60.25
20,56.65,78.33,60.25
20,56.77,78.43,60.25
19,56.67,78.55,60.25
20,56.55,78.45,60.25
22,56.97,78.19,60.26
21,56.75,78.2,60.25
21,56.87,78.31,60.25
23,57.07,78.09,60.26
22,56.85,78.1,60.26
19,57.37,78.93,60.1
19,57.49,79.03,60.1
18,57.26,79.05,60.1
18,57.38,79.15,60.1
20,57.57,78.69,60.1
20,57.47,78.81,60.1
21,57.69,78.79,60.1
20,57.59,78.91,60.1
18,57.03,78.85,60.1
18,57.15,78.95,60.1
19,57.13,78.73,60.1
19,57.25,78.83,60.1
21,57.33,78.49,60.1
21,57.45,78.59,60.1
20,57.23,78.61,60.1
20,57.35,78.71,60.1
20,57.82,79,59.86
20,58.05,79.2,59.86
18,57.61,79.24,59.86
19,57.85,79.44,59.86
22,58.49,79.16,59.55
21,58.29,79.4,59.86
23,58.73,79.36,59.55
22,58.53,79.6,59.86
19,58.09,79.64,59.86
20,58.33,79.84,59.86
21,58.77,79.8,59.55
22,59.01,80,59.55
19,59.27,80.35,59.4
12,59.73,80.5,58.78
20,58.57,80.04,59.55
20,58.81,80.24,59.55
19,58.37,80.3,59.86
20,58.62,80.45,59.86
18,58.16,80.47,59.86
17,58.84,80.53,59.4
5,59.74,80.68,58.15
9,59.22,80.68,58.77
10,58.84,80.68,58.87
14,58.35,80.68,59.42
2,59.2,80.88,58.15
5,58.37,80.88,58.79
16,56.49,79.12,60.18
18,56.81,78.87,60.1
18,56.69,78.77,60.1
17,56.59,78.89,60.1
17,56.71,78.99,60.1
17,56.26,78.91,60.18
18,56.57,78.67,60.1
19,56.45,78.57,60.1
18,56.35,78.69,60.1
18,56.47,78.79,60.1
15,56.97,79.52,59.86
17,57.17,79.28,59.86
15,56.73,79.32,59.86
17,56.93,79.08,59.86
17,57.41,79.48,59.86
17,57.65,79.68,59.86
16,57.21,79.72,59.86
16,57.45,79.92,59.86
17,57.89,79.88,59.55
17,58.13,80.08,59.55
15,57.69,80.12,59.55
15,57.93,80.33,59.55
13,55.85,79.39,59.86
13,56.09,79.59,59.86
15,56.05,79.15,59.86
14,56.29,79.36,59.86
12,56.33,79.8,59.86
12,56.57,80,59.86
14,56.53,79.56,59.86
14,56.77,79.76,59.86
14,57.01,79.96,59.86
15,57.25,80.16,59.86
13,56.81,80.2,59.86
13,57.05,80.38,59.86
12,57.5,80.42,59.39
12,56.65,80.45,60.04
6,57.5,80.68,58.78
8,56.68,80.68,59.42
2,57.5,80.88,58.15
3,56.68,80.88,58.79
10,55.45,79.87,59.86
10,55.69,80.07,59.86
12,55.65,79.63,59.86
11,55.89,79.83,59.86
10,55.93,80.27,59.86
10,56.17,80.44,59.86
11,56.13,80.03,59.86
11,56.37,80.24,59.86
6,56.17,80.68,59.42
2,56.17,80.88,58.79
9,55.25,80.11,59.86
9,55.49,80.32,59.86
7,55.28,80.48,59.86
8,55.05,80.35,59.86
5,55.28,80.68,59.42
2,55.28,80.88,58.8
2,55.76,80.88,58.16
7,55.75,80.47,59.39
4,55.76,80.68,58.78
3,54.88,80.88,58.16
6,54.85,80.5,59.4
4,54.87,80.68,58.78
20,51.33,80.93,54.4
22,50.55,81.18,54.4
26,51.52,81.38,54.39
23,51.41,81.18,53.77
21,52.11,81.16,53.76
22,50.55,81.18,55.02
26,51.53,81.38,55.02
18,51.41,81.18,55.65
13,52.11,81.16,55.65
12,51.94,80.99,56.27
8,52.26,80.9,56.27
11,53.69,80.03,59.24
9,53.93,80.23,59.24
12,53.89,79.79,59.24
10,54.13,79.99,59.24
13,53.03,80.1,58.77
15,52.55,79.68,58.15
10,53.51,80.39,58.78
13,52.62,80.46,58.15
13,52.15,80.18,57.52
10,52.13,80.76,56.9
8,52.8,80.89,56.9
10,52.7,80.72,57.52
6,53.6,80.88,57.53
12,54.97,79.47,59.55
10,55.21,79.67,59.55
10,54.57,79.95,59.55
11,54.77,79.71,59.55
9,55.01,79.91,59.55
8,54.81,80.15,59.55
8,54.39,80.34,59.39
7,53.96,80.53,58.93
5,54.36,80.68,58.77
4,54.35,80.88,58.16
8,53.54,80.69,58.15
15,55.37,78.99,59.86
13,55.17,79.23,59.55
14,55.61,79.19,59.86
12,55.41,79.43,59.55
15,54.49,79.07,59.24
13,54.73,79.27,59.24
13,54.09,79.55,59.24
11,54.33,79.75,59.24
14,54.29,79.31,59.24
12,54.53,79.51,59.24
18,54.9,78.59,59.55
17,54.69,78.83,59.24
16,55.14,78.79,59.55
15,54.93,79.03,59.24
20,55.3,78.24,59.79
21,55.19,78.2,59.79
20,55.1,78.36,59.55
18,56.01,78.6,60.1
18,56.13,78.7,60.1
17,55.91,78.72,60.1
17,56.03,78.82,60.1
16,55.81,78.95,59.86
19,55.77,78.4,60.1
19,55.89,78.5,60.1
18,55.67,78.52,60.1
18,55.79,78.62,60.1
20,55.54,78.32,59.87
17,55.58,78.75,59.86
18,55.34,78.55,59.55
21,56.53,78.23,60.1
22,56.62,78.14,60.11
22,56.61,78.03,59.97
21,56.31,78.24,60.1
20,56.43,78.35,60.1
22,56.41,78.14,60.1
20,56.21,78.36,59.94
19,56.11,78.48,59.94
19,56.33,78.46,59.94
18,56.23,78.58,59.94
19,55.99,78.38,59.94
20,55.87,78.28,59.94
21,55.97,78.2,59.95
21,55.75,78.21,59.79
21,56.19,78.15,60.1
20,56.09,78.27,59.94
24,57.42,78,60.23
23,57.27,78.02,60.12
24,57.52,78.05,60.07
23,57.07,78.01,60.11
23,56.84,78.01,60.1
23,56.97,78.02,60.07
26,57.96,78.02,60.07
26,58.17,78.05,59.94
25,57.63,78.03,60.1
26,57.85,78.02,60.1
25,57.74,78.03,60.07
26,58.19,78.06,59.79
26,58.61,78.06,59.79
26,58.41,78.06,59.79
20,59.07,78.06,59.79
24,58.85,78.06,59.79
25,58.75,78.06,59.79
22,58.97,78.06,59.79
17,59.31,78.06,59.55
9,59.75,78.06,59.55
10,60.15,78.06,59.24
12,60.62,78.06,59.24
11,60.41,78.06,59.24
21,59.54,78.41,59.24
15,59.75,78.25,59.24
22,59.31,78.26,59.24
26,58.42,78.31,59.55
26,58.86,78.28,59.55
25,58.66,78.48,59.55
26,58.62,78.21,59.55
24,59.34,78.65,59.24
25,59.1,78.43,59.24
25,58.9,78.68,59.24
25,59.14,78.88,59.24
24,58.94,79.12,59.24
18,59.67,79.95,58.77
24,59.17,79.32,59.24
23,59.41,79.53,59.24
22,58.97,79.56,59.24
22,59.21,79.77,59.24
24,58.7,78.92,59.24
24,58.46,78.72,59.55
22,58.26,78.96,59.55
24,57.98,78.33,59.86
24,58.22,78.52,59.55
22,58.02,78.76,59.55
22,57.78,78.56,59.86
24,57.74,78.23,59.87
25,58.19,78.22,59.55
22,57.31,78.27,60.1
23,57.4,78.18,60.11
22,57.19,78.18,60.1
22,57.54,78.37,59.87
25,57.2,77.85,60.07
25,57.41,77.86,60.1
26,57.52,77.86,59.92
24,56.87,77.86,59.85
27,57.72,77.86,59.86
27,57.99,77.86,59.84
28,58.18,77.86,59.55
28,58.62,77.86,59.55
28,58.41,77.86,59.55
27,58.9,77.86,59.55
19,59.3,77.86,59.24
10,59.74,77.86,59.24
9,60.15,77.86,58.93
10,60.62,77.86,58.93
10,60.41,77.86,58.93
22,56.19,78.04,59.94
22,56.4,78.03,59.94
22,56.64,78.05,59.86
22,56.53,78.04,59.92
22,55.97,78.06,59.79
22,55.19,78.06,59.79
22,55.33,78.06,59.79
23,55.08,78.06,59.6
22,55.75,78.06,59.78
22,55.53,78.05,59.84
23,54.42,78.06,59.55
23,54.85,78.06,59.55
25,53.58,78.06,59.24
24,53.98,78.06,59.24
27,53.3,78.06,58.93
28,53.09,78.06,58.93
29,52.82,78.06,58.93
26,52.42,78.06,58.61
8,51.99,78.06,58.14
6,51.51,78.06,57.52
6,51.1,78.06,56.9
16,48.87,78.06,56.27
9,49.75,78.06,56.27
22,48.05,78.06,55.65
21,48.04,78.06,55.02
11,49.32,78.48,55.33
7,50.57,78.06,56.27
27,53.1,78.32,58.61
27,52.83,78.23,58.61
25,52.66,78.36,58.61
25,52.9,78.54,58.61
12,52.47,78.8,58.15
11,52.07,79.28,57.52
18,51.33,80.93,55.02
20,50.5,80.96,55.02
16,50.86,80.68,55.65
12,51.67,79.76,56.9
13,51.27,80.24,56.27
16,50.39,80.32,55.02
13,50.31,79.43,55.02
10,50.24,78.58,55.02
14,50.79,79.84,55.65
8,50.61,78.29,55.65
10,50.71,78.96,55.65
11,51.19,79.36,56.27
8,51.12,78.5,56.27
7,51.53,78.27,56.9
9,51.59,78.88,56.9
10,52.42,78.24,58.15
7,52,78.44,57.52
13,51.64,80.69,55.64
20,54.02,78.67,59.24
21,54.22,78.42,59.24
19,54.46,78.63,59.24
17,54.25,78.87,59.24
17,53.61,79.15,58.93
15,53.85,79.35,58.93
19,53.81,78.91,58.93
17,54.05,79.11,58.93
14,53.43,79.61,58.77
11,51.87,80.48,56.27
11,52.15,80.18,56.9
25,53.53,78.29,58.93
23,53.78,78.45,58.93
24,53.98,78.27,58.93
27,53.3,78.22,58.61
24,53.13,78.74,58.61
21,53.37,78.95,58.61
25,53.34,78.5,58.61
23,53.58,78.71,58.61
16,52.95,79.2,58.15
21,54.66,78.39,59.24
22,54.42,78.26,59.24
22,54.86,78.25,59.24
25,56.18,77.86,59.79
24,56.4,77.86,59.79
24,56.3,77.86,59.76
24,56.53,77.86,59.78
25,55.97,77.86,59.55
25,55.27,77.86,59.54
25,55.74,77.86,59.55
25,55.53,77.86,59.56
26,54.42,77.86,59.24
26,54.86,77.86,59.24
28,53.58,77.86,58.93
27,53.98,77.86,58.93
30,53.3,77.86,58.61
30,52.81,77.86,58.61
30,53.09,77.86,58.61
8,52.41,77.86,58.15
5,52,77.86,57.52
6,51.51,77.86,56.9
6,51.1,77.86,56.27
9,50.57,77.86,55.65
16,49.31,77.86,55.34
11,50.58,77.86,54.42
25,51.74,81.39,51.89
7,55.43,81.02,51.22
21,51.37,81.4,52.66
23,51.86,81.39,52.44
18,50.62,81.4,52.54
17,50.32,81.4,52.68
22,52.11,81.16,53.12
21,51.42,81.2,53.15
19,50.52,81.2,53.17
21,51.33,80.93,53.77
20,50.5,80.96,53.77
18,50.86,80.68,54.4
15,49.61,81.01,52.49
17,49.97,81.22,52.65
2,49.34,77.5,51.59
6,49.51,77.75,51.9
7,49.51,77.74,51.26
12,49.43,79.51,52.52
14,49.51,80.39,52.52
17,49.99,80.77,53.14
13,49.91,79.91,53.15
11,49.83,79.03,53.15
16,50.39,80.32,53.77
12,50.31,79.43,53.77
10,50.24,78.58,53.77
14,50.79,79.84,54.4
9,50.61,78.29,54.4
10,50.71,78.96,54.4
15,49.31,78.06,54.1
15,48.83,78.05,53.18
12,49.77,78.3,53.14
12,49.35,78.62,52.52
11,49.3,78.11,52.36
12,48.78,78.04,52.56
9,49.22,77.98,51.93
4,49.45,77.72,52.25
11,50.59,77.86,53.82
14,49.73,77.86,53.26
12,49.13,77.85,52.58
5,49.69,77.8,52.38
3,50.15,77.69,52.38
9,51.12,77.86,53.81
17,50.49,81.31,50.91
17,50.47,81.27,50.73
17,50.55,81.21,50.62
17,50.54,81.33,50.91
24,51.31,81.29,50.92
23,51.23,81.34,50.91
25,51.21,81.36,50.72
20,50.93,81.38,50.8
17,50.43,81.11,50.63
15,50,80.83,50.85
15,50.11,77.51,50.83
12,49.74,78.12,50.86
13,49.83,79.03,50.89
14,49.91,79.91,50.89
22,51.15,81.09,50.58
22,51.05,81.2,50.59
17,50.46,80.93,50.62
18,50.68,81.06,50.6
19,50.77,81.18,50.6
16,50.39,80.31,50.7
16,50.31,79.43,50.71
20,50.89,80.69,50.49
19,50.8,79.83,50.51
21,50.75,78.9,50.51
16,50.24,81.17,50.78
16,50.28,81.28,51.28
18,50.6,81.42,50.76
17,50.56,81.39,51.29
22,51.21,81.34,51.29
20,50.91,81.6,51.27
15,49.99,80.78,51.27
11,49.77,78.14,51.28
13,49.83,79.03,51.27
13,49.91,79.91,51.27
3,50.88,77.77,51.22
5,50.75,77.57,50.76
16,50.5,78.02,50.66
17,50.24,78.54,50.69
3,50.88,77.77,50.66
23,50.84,78.1,50.49
24,51.48,81.25,51.33
27,51.76,81.21,51.12
30,52.11,81.16,51.1
7,55.89,80.74,50.49
10,55.35,81.47,50.84
15,54.96,81.68,50.87
31,53.75,81.02,50.65
12,55.17,81.13,50.64
26,54.44,81.28,50.67
21,54.89,80.81,50.5
36,54.01,80.91,50.5
33,53.67,80.9,50.65
37,53.79,80.76,50.49
26,51.36,81.23,50.71
36,52.04,81.18,50.49
32,51.8,81.22,50.61
28,51.6,81.12,50.57
24,51.34,80.89,50.6
29,51.74,80.76,50.49
30,51.72,81.25,50.78
35,52.11,81.14,50.62
20,51.21,81.34,51.94
20,51.11,81.32,52.26
17,50.91,81.61,51.88
17,50.68,81.35,52.26
17,50.57,81.38,51.93
16,50.28,81.28,51.92
14,49.99,80.78,51.89
10,49.75,78.15,51.88
12,49.83,79.03,51.9
13,49.91,79.91,51.9
4,50.75,77.57,51.57
3,50.88,77.77,52
8,63.45,80.06,59.24
12,63.65,79.82,59.24
18,63.72,80.53,60.04
6,63.28,80.4,59.39
7,63.69,80.26,59.24
11,63.89,80.02,59.24
20,64.33,79.98,59.55
22,64.13,80.22,59.86
18,63.93,80.44,59.86
18,64.17,80.52,59.86
16,63.89,80.02,59.55
12,63.69,80.26,59.55
22,64.81,80.37,60.2
20,64.63,80.61,60.51
24,64.37,80.41,60.2
22,64.37,80.41,59.86
18,64.65,80.68,60.14
5,64.13,80.68,59.43
4,63.73,80.68,59.42
2,64.63,80.88,59.51
9,66.02,78.95,59.86
12,65.54,78.55,59.55
13,65.78,78.75,59.55
7,65.74,78.32,59.55
3,65.95,78.22,59.79
2,66.55,78.68,60.1
2,66.67,78.78,60.1
2,66.31,78.48,60.1
2,66.43,78.58,60.1
3,66.19,78.38,59.94
2,66.29,78.27,59.78
3,66.07,78.28,59.79
3,66.19,78.38,59.79
2,66.17,78.21,59.79
8,65.98,78.51,59.55
6,66.22,78.71,59.86
5,65.94,80.56,60.51
2,66.13,80.32,60.51
3,65.89,80.09,60.5
5,65.69,80.38,60.51
7,65.65,79.87,60.2
10,65.45,80.11,60.2
19,64.94,79.26,59.24
21,65.18,79.47,59.55
17,65.42,79.67,59.86
19,64.74,79.5,59.24
22,64.98,79.7,59.55
19,65.21,79.91,59.86
18,64.53,79.74,59.24
15,64.33,79.98,59.24
17,64.77,79.94,59.24
14,64.57,80.18,59.24
22,64.81,80.37,59.86
21,65.01,80.14,59.86
19,65.05,80.49,59.86
21,64.77,79.94,59.55
19,64.57,80.18,59.55
18,65.25,80.34,59.86
10,65.49,80.58,60.51
15,65.25,80.34,60.2
3,65.74,78.06,59.24
2,66.7,79.11,60.18
5,66.46,78.91,59.86
3,66.5,79.35,60.19
8,66.26,79.15,59.86
7,65.9,80.68,60.3
12,65.49,80.68,60.13
5,65.04,80.68,59.43
2,66.16,80.88,60.45
3,65.9,80.88,60.01
3,66.3,79.59,60.2
4,66.09,79.83,60.2
10,66.06,79.39,59.86
16,65.82,79.19,59.55
12,65.86,79.63,59.86
18,65.62,79.43,59.55
14,62.42,78.38,59.55
15,62.66,78.58,59.55
13,62.61,78.24,59.55
13,63.07,78.22,59.79
13,62.95,78.18,59.8
13,62.86,78.35,59.55
12,63.05,78.06,59.55
11,62.85,78.06,59.24
11,62.59,78.06,59.24
9,63.06,77.86,59.24
9,62.59,77.86,58.93
9,62.85,77.86,58.93
14,64.41,78.31,59.79
16,64.31,78.43,59.79
15,64.53,78.41,59.79
17,64.43,78.53,59.79
13,64.63,78.29,59.79
12,64.51,78.22,59.79
12,64.73,78.22,59.79
13,64.07,78.24,59.79
13,64.29,78.23,59.78
14,64.19,78.33,59.79
13,64.18,78.2,59.79
13,63.95,78.2,59.63
14,64.86,78.39,59.55
15,65.1,78.58,59.55
17,64.66,78.62,59.55
18,64.9,78.82,59.55
18,65.14,79.02,59.24
19,65.38,79.23,59.24
16,65.34,78.79,59.24
17,65.58,78.99,59.24
11,65.3,78.36,59.24
8,65.48,78.23,59.24
10,65.07,78.24,59.24
9,64.62,78.06,59.55
11,64.19,78.06,59.55
4,65.46,78.06,59.24
7,65.06,78.06,59.24
7,64.18,77.86,59.24
5,64.62,77.86,59.24
4,65.06,77.86,58.93
2,65.46,77.86,58.93
14,63.1,78.54,59.55
15,63.34,78.74,59.55
15,62.9,78.78,59.55
16,63.14,78.98,59.55
13,62.7,79.02,59.24
13,62.94,79.22,59.24
13,62.5,79.26,59.24
12,62.74,79.46,59.24
14,62.29,79.5,59.24
11,62.53,79.7,59.24
14,62.09,79.73,59.24
11,62.33,79.94,59.24
8,61.91,80.17,58.77
3,61.54,80.45,58.15
15,63.98,78.45,59.55
16,64.22,78.66,59.55
16,63.78,78.7,59.55
17,64.02,78.9,59.55
16,64.26,79.1,59.24
18,64.5,79.3,59.24
16,64.46,78.86,59.24
18,64.7,79.06,59.24
14,63.58,78.94,59.24
14,63.82,79.14,59.24
13,63.38,79.18,59.24
13,63.62,79.38,59.24
14,63.86,79.58,59.24
15,64.09,79.78,59.24
16,64.06,79.34,59.24
17,64.3,79.54,59.24
12,63.18,79.42,59.24
11,63.41,79.62,59.24
11,62.97,79.66,59.24
9,63.21,79.86,59.24
3,62.79,80.12,58.77
13,63.3,78.32,59.55
13,63.74,78.29,59.55
14,63.54,78.5,59.55
13,63.51,78.22,59.55
11,63.5,78.06,59.24
11,63.78,78.06,59.24
11,63.3,78.06,59.24
9,63.5,77.86,58.93
9,63.3,77.86,58.93
8,63.78,77.86,58.93
14,61.98,78.41,59.55
15,61.54,78.44,59.55
16,61.78,78.65,59.55
13,61.74,78.27,59.55
12,61.74,78.06,59.24
9,61.74,77.86,58.93
14,62.22,78.61,59.24
14,62.46,78.82,59.24
15,62.02,78.85,59.24
15,62.26,79.06,59.24
17,61.34,78.69,59.24
17,61.58,78.89,59.24
19,61.14,78.93,59.24
19,61.38,79.13,59.24
15,61.82,79.09,58.93
13,62.06,79.29,58.93
15,61.62,79.33,58.93
13,61.85,79.53,58.93
19,60.94,79.17,58.93
18,61.18,79.37,58.93
20,60.73,79.41,58.93
18,60.97,79.61,58.93
13,61.43,79.79,58.77
2,60.15,80.68,57.52
3,60.62,80.48,57.52
9,60.15,80.3,58.15
6,61.03,80.25,58.15
17,60.55,79.87,58.77
13,62.18,78.25,59.55
11,62.18,78.06,59.24
9,62.18,77.86,58.93
15,59.98,78.38,59.24
17,60.22,78.57,59.24
21,59.78,78.61,59.24
21,60.02,78.81,59.24
24,59.58,78.85,58.93
24,59.82,79.05,58.93
24,59.38,79.09,58.93
24,59.61,79.29,58.93
14,60.42,78.34,59.24
13,60.62,78.23,59.24
13,60.16,78.24,59.24
14,60.86,78.31,59.24
16,60.66,78.53,59.24
16,61.1,78.49,59.24
18,60.9,78.73,59.24
13,60.86,78.06,58.93
10,60.86,77.86,58.61
20,60.46,78.77,58.93
22,60.26,79.01,58.93
20,60.7,78.97,58.93
21,60.5,79.21,58.93
22,60.06,79.25,58.61
20,60.29,79.45,58.61
21,59.85,79.49,58.61
18,60.09,79.69,58.61
14,61.29,78.29,59.24
13,61.07,78.21,59.24
13,61.06,78.06,58.93
12,61.34,78.06,58.93
10,61.06,77.86,58.61
10,61.33,77.86,58.61
9,55.3,81.02,50.77
7,55.88,80.9,50.63
20,56.89,78.53,60.1
19,57.01,78.63,60.1
19,56.91,78.75,60.1
19,56.79,78.65,60.1
21,57.21,78.39,60.1
21,57.09,78.29,60.1
20,56.99,78.41,60.1
20,57.11,78.51,60.1
20,56.65,78.33,60.1
20,56.77,78.43,60.1
19,56.67,78.55,60.1
20,56.55,78.45,60.1
22,56.97,78.19,60.1
21,56.75,78.21,60.1
21,56.87,78.31,60.1
22,57.07,78.13,60.12
22,56.85,78.13,60.11
18,57.38,79.04,59.86
20,57.58,78.8,59.86
18,57.14,78.84,59.86
20,57.34,78.6,59.86
20,57.82,79,59.55
20,58.05,79.2,59.55
18,57.61,79.24,59.55
18,57.85,79.44,59.55
21,58.49,79.16,59.24
20,58.29,79.4,59.55
22,58.73,79.36,59.24
21,58.53,79.6,59.55
18,58.09,79.64,59.55
19,58.33,79.84,59.55
20,58.77,79.8,59.24
18,58.57,80.04,59.24
20,59.01,80,59.24
17,58.81,80.24,59.24
13,59.26,80.36,58.76
7,59.73,80.5,58.15
2,59.74,80.68,57.52
16,58.4,80.39,59.4
13,58.83,80.54,58.91
5,59.2,80.68,58.15
8,58.37,80.68,58.77
2,58.38,80.88,58.15
16,56.49,79.12,59.86
17,56.7,78.88,59.86
16,56.26,78.91,59.86
18,56.46,78.68,59.86
14,56.97,79.52,59.55
16,57.17,79.28,59.55
15,56.73,79.32,59.55
16,56.93,79.08,59.55
16,57.41,79.48,59.55
16,57.65,79.68,59.55
15,57.21,79.72,59.55
15,57.45,79.92,59.55
15,57.89,79.88,59.24
15,58.13,80.08,59.24
14,57.69,80.12,59.24
14,57.93,80.33,59.24
13,55.85,79.39,59.55
12,56.09,79.59,59.55
14,56.05,79.15,59.55
13,56.29,79.36,59.55
11,56.33,79.8,59.55
11,56.57,80,59.55
13,56.53,79.56,59.55
13,56.77,79.76,59.55
11,57.03,80.16,59.4
8,57.49,80.42,58.77
9,56.65,80.45,59.39
4,57.5,80.68,58.15
5,56.68,80.68,58.78
3,54.88,80.88,57.53
10,55.45,79.87,59.55
9,55.69,80.07,59.55
11,55.65,79.63,59.55
10,55.89,79.83,59.55
9,56.15,80.24,59.4
4,56.17,80.68,58.78
7,55.27,80.29,59.4
4,55.27,80.68,58.78
2,55.28,80.88,58.16
5,55.74,80.47,58.77
3,55.76,80.68,58.15
5,54.85,80.5,58.77
4,54.87,80.68,58.15
17,51.64,80.69,54.4
22,51.41,81.18,54.39
21,52.11,81.16,54.39
20,51.94,80.99,53.77
18,52.25,80.9,53.77
21,51.41,81.18,55.02
18,52.11,81.16,55.02
12,51.94,80.99,55.65
10,52.25,80.9,55.65
10,52.13,80.76,56.27
8,52.8,80.89,56.28
10,53.91,80.03,58.76
10,53.49,80.39,58.15
13,53.03,80.1,58.15
12,52.55,79.68,57.52
11,52.62,80.45,57.52
6,53.6,80.88,56.9
9,52.7,80.71,56.9
4,54.35,80.88,57.53
8,53.54,80.68,57.52
12,54.97,79.47,59.24
10,55.21,79.67,59.24
9,54.57,79.95,59.24
10,54.77,79.71,59.24
9,55.01,79.91,59.24
8,54.81,80.15,59.24
7,54.39,80.34,58.77
5,54.32,80.68,58.15
15,55.37,78.99,59.55
13,55.17,79.23,59.24
14,55.61,79.19,59.55
12,55.41,79.43,59.24
16,54.49,79.07,58.93
14,54.73,79.27,58.93
13,54.31,79.53,58.77
19,54.9,78.59,59.24
17,54.69,78.83,58.93
17,55.14,78.79,59.24
15,54.93,79.03,58.93
21,55.28,78.23,59.54
21,55.1,78.37,59.24
17,56.02,78.71,59.86
15,55.81,78.95,59.55
19,55.78,78.51,59.86
20,55.54,78.33,59.55
17,55.58,78.75,59.55
19,55.34,78.55,59.24
21,56.63,78.17,59.95
21,56.53,78.23,59.94
21,56.31,78.24,59.94
20,56.43,78.35,59.94
21,56.41,78.17,59.95
20,56.21,78.36,59.79
19,56.11,78.48,59.79
19,56.33,78.46,59.79
18,56.23,78.58,59.79
20,55.99,78.38,59.79
21,55.97,78.21,59.79
20,55.87,78.28,59.79
21,55.75,78.22,59.55
21,56.19,78.18,59.95
20,56.09,78.27,59.79
23,57.2,78.02,60.07
24,57.41,78.04,60.1
25,57.52,78.06,59.92
23,56.87,78.05,59.85
26,57.99,78.05,59.84
25,57.72,78.06,59.86
26,58.18,78.06,59.55
27,58.62,78.06,59.55
27,58.41,78.06,59.55
25,58.9,78.06,59.55
20,59.3,78.06,59.24
12,59.74,78.06,59.24
12,60.15,78.06,58.93
13,60.62,78.06,58.93
13,60.41,78.06,58.93
23,59.54,78.41,58.93
18,59.75,78.25,58.93
24,59.31,78.26,58.93
26,58.42,78.31,59.24
26,58.85,78.28,59.24
25,58.66,78.48,59.24
26,58.63,78.21,59.24
25,59.34,78.65,58.93
26,59.1,78.43,58.93
25,58.9,78.68,58.93
25,59.14,78.88,58.93
13,59.67,79.95,58.15
23,58.94,79.12,58.93
20,59.19,79.54,58.77
23,58.7,78.92,58.93
23,58.46,78.72,59.24
21,58.26,78.96,59.24
24,57.98,78.33,59.55
24,58.22,78.52,59.24
21,58.02,78.76,59.24
22,57.78,78.56,59.55
24,57.72,78.24,59.55
25,58.18,78.22,59.24
22,57.54,78.37,59.55
22,57.29,78.24,59.87
25,57.3,77.86,59.86
25,56.85,77.86,59.55
27,57.7,77.86,59.55
28,57.98,77.86,59.55
28,58.18,77.86,59.24
29,58.62,77.86,59.24
28,58.42,77.86,59.24
28,58.89,77.86,59.24
21,59.3,77.86,58.93
11,59.74,77.86,58.93
10,60.15,77.86,58.61
10,60.62,77.86,58.61
11,60.41,77.86,58.61
22,56.18,78.06,59.79
22,56.4,78.05,59.79
22,56.3,78.06,59.76
22,56.53,78.06,59.78
22,55.97,78.06,59.55
23,55.27,78.06,59.54
22,55.74,78.06,59.55
23,55.53,78.06,59.56
24,54.42,78.06,59.24
24,54.86,78.06,59.24
27,53.58,78.06,58.93
26,53.98,78.06,58.93
28,53.3,78.06,58.61
28,53.09,78.06,58.61
28,52.81,78.06,58.61
9,52.41,78.06,58.15
6,52,78.06,57.52
6,51.51,78.06,56.9
7,51.1,78.06,56.27
8,50.58,78.06,55.65
14,49.31,78.06,55.33
16,52.87,78.39,58.15
8,52.47,78.8,57.52
10,52.07,79.28,56.9
15,51.64,80.69,55.02
17,50.86,80.68,55.02
12,51.67,79.76,56.27
13,51.27,80.24,55.65
14,50.79,79.84,55.02
9,50.61,78.29,55.02
10,50.71,78.96,55.02
11,51.19,79.36,55.65
8,51.12,78.5,55.65
7,51.53,78.27,56.27
9,51.59,78.88,56.27
6,52.41,78.24,57.52
7,52,78.44,56.9
12,51.87,80.48,55.65
21,54.02,78.67,58.93
22,54.22,78.42,58.93
20,54.46,78.63,58.93
18,54.25,78.87,58.93
18,53.61,79.15,58.61
15,53.85,79.35,58.61
19,53.81,78.91,58.61
17,54.05,79.11,58.61
14,53.43,79.61,58.15
10,52.61,80.45,56.9
11,52.15,80.18,56.27
11,52.55,79.68,56.9
26,53.53,78.29,58.61
24,53.78,78.45,58.61
25,53.98,78.27,58.61
20,53.31,78.21,58.3
20,53.35,78.71,58.14
12,52.95,79.2,57.52
22,54.66,78.39,58.93
23,54.42,78.26,58.93
23,54.86,78.25,58.93
10,50.58,78.06,54.4
24,56.18,77.86,59.56
24,56.44,77.86,59.55
25,55.98,77.86,59.24
26,55.26,77.86,59.24
25,55.74,77.86,59.24
25,55.53,77.86,59.24
27,54.42,77.86,58.93
26,54.86,77.86,58.93
30,53.58,77.86,58.61
29,53.98,77.86,58.61
22,53.3,77.86,58.25
13,52.93,77.86,58.13
5,52.4,77.86,57.52
6,52,77.86,56.9
6,51.51,77.86,56.27
7,51.1,77.86,55.65
10,50.58,77.86,55.03
9,51.11,77.86,54.41
25,52.11,81.16,51.8
23,51.58,81.23,51.89
22,53.75,81.02,51.21
23,53.67,80.9,51.21
8,55.29,81.06,52.38
10,54.38,81.08,52.38
7,55.43,81.02,52
5,55.86,80.89,51.17
7,55.3,81.02,51.25
19,52.24,80.9,53.13
24,52.11,81.16,52.47
22,51.69,81.21,52.42
21,51.28,81.24,52.61
18,50.34,81.24,52.65
18,50.61,81.27,52.45
20,51.94,80.99,53.14
20,51.33,80.95,53.14
19,50.49,80.98,53.13
18,51.64,80.69,53.77
19,50.86,80.68,53.77
15,51.27,80.24,54.4
15,49.99,80.78,52.52
10,50.08,77.46,51.54
11,49.83,79.03,52.52
12,49.91,79.91,52.52
15,50.39,80.32,53.15
11,50.31,79.43,53.15
10,50.24,78.57,53.14
13,50.79,79.84,53.77
10,50.61,78.29,53.77
10,50.71,78.96,53.77
12,51.19,79.36,54.4
9,51.12,78.5,54.4
10,50.58,78.06,53.79
13,49.74,78.05,53.19
12,49.24,78,52.47
11,49.75,78.26,52.5
6,49.74,77.89,52.25
3,50.13,77.65,52.25
12,50.65,77.86,53.24
11,49.71,77.85,52.69
10,50.67,77.79,52.38
9,51.11,78.06,53.79
7,51.52,77.86,53.81
11,51.14,77.86,53.33
22,51.16,81.11,50.8
21,51.06,81.22,50.81
17,50.44,80.99,50.82
18,50.62,81.13,50.81
18,50.74,81.23,50.81
16,50.39,80.34,50.88
16,50.5,78,50.85
16,50.25,78.55,50.88
15,50.31,79.43,50.89
19,50.87,80.7,50.66
18,50.79,79.84,50.71
20,50.73,78.94,50.7
23,51.3,80.25,50.51
23,51.21,79.34,50.51
30,51.23,78.35,50.5
20,51.04,81.21,51.27
16,50.43,81.05,51.27
18,50.74,81.24,51.26
15,50.39,80.32,51.27
14,50.48,78.01,51.27
15,50.23,78.55,51.27
14,50.31,79.43,51.27
7,50.75,77.82,51.25
10,51.07,77.84,51.19
6,50.75,77.82,50.77
20,50.76,78.19,50.65
14,51.07,77.84,50.64
24,53.3,80.89,51.14
22,51.34,80.99,51.27
26,51.95,80.99,51.21
27,52.24,80.9,51.13
26,52.71,80.89,51.11
3,56.26,80.39,50.5
6,55.79,80.61,50.66
11,55.34,80.4,50.5
11,55.12,81.13,50.84
22,54.44,81.29,50.86
30,53.88,81.01,50.76
18,54.85,80.8,50.67
32,54.09,80.91,50.65
32,54.35,80.47,50.5
30,53.79,80.76,50.76
34,53.32,80.89,50.62
33,53.88,80.65,50.64
36,53.44,80.61,50.5
30,51.9,81.03,50.63
23,51.33,80.92,50.82
27,51.56,81.07,50.79
26,51.66,80.7,50.63
30,51.97,80.6,50.5
29,51.96,80.98,50.76
33,52.24,80.9,50.63
35,52.68,80.89,50.62
33,52.67,80.68,50.5
19,51.04,81.21,51.89
16,50.43,81.04,51.89
17,50.74,81.25,51.89
14,50.39,80.32,51.9
12,50.23,78.55,51.89
12,50.31,79.43,51.9
5,50.75,77.82,51.92
13,51.06,77.84,51.99
4,63.67,80.05,58.77
6,63.72,80.53,59.4
2,63.27,80.4,58.77
22,64.63,80.51,60.05
11,64.15,80.36,59.4
6,64.63,80.68,59.44
12,66.02,78.95,59.55
12,65.54,78.55,59.24
13,65.78,78.75,59.24
8,65.74,78.32,59.24
4,65.95,78.22,59.55
2,66.66,78.67,59.86
2,66.42,78.47,59.86
4,66.18,78.3,59.55
9,65.98,78.51,59.24
8,66.22,78.71,59.55
2,66.39,78.2,59.55
2,66.37,80.54,60.51
3,66.16,80.66,60.51
7,65.94,80.46,60.2
4,66.13,80.27,60.2
5,65.89,80.07,60.2
9,65.69,80.32,60.2
14,65.65,79.87,59.86
16,65.45,80.11,59.86
16,64.94,79.26,58.93
15,64.74,79.5,58.93
19,65.18,79.47,59.24
20,65.42,79.67,59.55
19,64.98,79.7,59.24
20,65.21,79.91,59.55
8,64.55,79.96,58.77
14,65.03,80.31,59.39
14,65.49,80.48,60.04
2,65.94,78.06,59.24
4,65.74,78.06,58.93
2,65.74,77.86,58.61
4,66.7,79.11,59.86
7,66.46,78.91,59.55
5,66.5,79.35,59.86
10,66.26,79.15,59.55
3,66.37,80.68,60.3
4,66.16,80.68,60.3
6,65.9,80.68,59.92
4,65.5,80.68,59.43
2,66.17,80.88,60.01
2,66.54,79.79,60.2
3,66.33,80.03,60.2
7,66.3,79.59,59.86
9,66.09,79.83,59.86
14,66.06,79.39,59.55
16,65.82,79.19,59.24
16,65.86,79.63,59.55
18,65.62,79.43,59.24
13,62.42,78.38,59.24
13,62.66,78.58,59.24
12,62.61,78.24,59.24
13,63.06,78.23,59.55
12,62.86,78.35,59.24
11,63.06,78.06,59.24
10,62.85,78.06,58.93
10,62.59,78.06,58.93
9,63.06,77.86,58.93
8,62.59,77.86,58.61
8,62.85,77.86,58.61
14,64.42,78.42,59.55
12,64.62,78.26,59.55
13,64.18,78.27,59.55
13,64.86,78.39,59.24
15,65.1,78.58,59.24
15,64.66,78.62,59.24
17,64.9,78.82,59.24
16,65.14,79.02,58.93
16,65.38,79.23,58.93
15,65.34,78.79,58.93
15,65.58,78.99,58.93
11,65.3,78.36,58.93
8,65.48,78.23,58.93
10,65.07,78.24,58.93
9,64.62,78.06,59.24
10,64.18,78.06,59.24
5,65.46,78.06,58.93
7,65.06,78.06,58.93
7,64.18,77.86,58.93
6,64.62,77.86,58.93
4,65.06,77.86,58.61
3,65.46,77.86,58.61
13,63.1,78.54,59.24
13,63.34,78.74,59.24
13,62.9,78.78,59.24
13,63.14,78.98,59.24
11,62.7,79.02,58.93
9,62.94,79.22,58.93
11,62.5,79.26,58.93
9,62.74,79.46,58.93
8,62.31,79.72,58.77
3,61.91,80.17,58.15
13,63.98,78.44,59.24
14,64.22,78.66,59.24
14,63.78,78.7,59.24
15,64.02,78.9,59.24
13,64.26,79.1,58.93
14,64.5,79.3,58.93
14,64.46,78.86,58.93
15,64.7,79.06,58.93
11,63.58,78.94,58.93
11,63.82,79.14,58.93
10,63.38,79.18,58.93
10,63.62,79.38,58.93
9,64.08,79.56,58.77
6,63.19,79.64,58.77
12,63.3,78.32,59.24
12,63.73,78.29,59.24
13,63.54,78.5,59.24
12,63.51,78.22,59.24
10,63.5,78.06,58.93
10,63.78,78.06,58.93
10,63.3,78.06,58.93
8,63.5,77.86,58.61
8,63.3,77.86,58.61
8,63.78,77.86,58.61
14,61.98,78.41,59.24
15,61.54,78.44,59.24
15,61.78,78.65,59.24
13,61.75,78.27,59.24
12,61.74,78.06,58.93
9,61.74,77.86,58.61
13,62.22,78.61,58.93
12,62.46,78.82,58.93
14,62.02,78.85,58.93
12,62.26,79.06,58.93
16,61.34,78.69,58.93
16,61.58,78.89,58.93
18,61.14,78.93,58.93
17,61.38,79.13,58.93
13,61.82,79.09,58.61
11,62.06,79.29,58.61
13,61.62,79.33,58.61
10,61.85,79.53,58.61
18,60.94,79.17,58.61
16,61.18,79.37,58.61
18,60.73,79.41,58.61
16,60.97,79.61,58.61
8,61.43,79.79,58.15
2,60.62,80.48,56.9
5,60.15,80.3,57.52
4,61.03,80.25,57.52
12,60.55,79.87,58.15
12,62.19,78.25,59.24
11,62.18,78.06,58.93
9,62.18,77.86,58.61
18,59.98,78.38,58.93
19,60.22,78.57,58.93
22,59.78,78.61,58.93
22,60.02,78.81,58.93
24,59.58,78.85,58.61
23,59.82,79.05,58.61
23,59.38,79.09,58.61
22,59.61,79.29,58.61
16,60.42,78.34,58.93
15,60.62,78.23,58.93
15,60.16,78.24,58.93
15,60.86,78.31,58.93
17,60.66,78.53,58.93
16,61.1,78.49,58.93
18,60.9,78.73,58.93
11,60.85,77.86,58.25
13,60.86,78.06,58.61
21,60.46,78.77,58.61
22,60.26,79.01,58.61
20,60.7,78.97,58.61
20,60.5,79.21,58.61
18,60.07,79.47,58.15
14,61.29,78.29,58.93
14,61.07,78.21,58.93
13,61.06,78.06,58.61
12,61.33,78.06,58.61
11,61.22,77.86,58.13
6,55.76,80.74,50.77
2,56.75,80.88,50.6
19,56.9,78.64,59.86
21,57.1,78.4,59.86
20,56.66,78.44,59.86
21,56.85,78.25,59.87
18,57.38,79.04,59.55
20,57.58,78.8,59.55
18,57.14,78.84,59.55
20,57.34,78.6,59.55
19,57.82,79,59.24
19,58.05,79.2,59.24
17,57.61,79.24,59.24
17,57.85,79.44,59.24
20,58.49,79.16,58.93
19,58.29,79.4,59.24
20,58.73,79.36,58.93
19,58.53,79.6,59.24
17,58.09,79.64,59.24
17,58.33,79.84,59.24
15,58.79,80.04,58.76
9,59.28,80.35,58.14
4,59.73,80.5,57.52
3,59.2,80.68,57.52
11,58.39,80.39,58.77
5,58.38,80.68,58.14
15,56.49,79.12,59.55
17,56.7,78.88,59.55
16,56.26,78.91,59.55
18,56.46,78.68,59.55
14,56.97,79.52,59.24
15,57.17,79.28,59.24
14,56.73,79.32,59.24
16,56.93,79.08,59.24
15,57.41,79.48,59.24
15,57.65,79.68,59.24
13,57.21,79.72,59.24
13,57.45,79.92,59.24
11,57.91,80.11,58.77
12,55.85,79.39,59.24
11,56.09,79.59,59.24
14,56.05,79.15,59.24
13,56.29,79.36,59.24
10,56.33,79.8,59.24
10,56.57,80,59.24
12,56.53,79.56,59.24
12,56.77,79.76,59.24
5,57.49,80.42,58.15
8,57.03,80.16,58.77
6,56.65,80.44,58.77
2,57.5,80.68,57.52
3,56.68,80.68,58.15
2,55.76,80.88,56.9
4,54.88,80.88,56.9
2,55.28,80.88,57.53
2,55.76,80.68,57.52
4,54.87,80.68,57.52
9,55.45,79.87,59.24
8,55.69,80.07,59.24
10,55.65,79.63,59.24
9,55.89,79.83,59.24
7,56.15,80.24,58.77
3,56.17,80.68,58.15
4,55.74,80.47,58.15
6,55.27,80.29,58.77
5,54.85,80.5,58.15
3,55.28,80.68,58.15
16,51.87,80.48,54.4
19,51.94,80.99,54.39
17,52.25,80.9,54.4
18,52.12,80.76,53.77
17,52.77,80.89,53.79
16,51.94,80.99,55.02
14,52.25,80.9,55.02
11,52.13,80.76,55.65
10,52.8,80.89,55.65
9,52.7,80.72,56.27
7,53.6,80.88,56.28
10,53.91,80.04,58.15
5,54.35,80.88,56.9
11,53.2,80.2,57.52
7,53.54,80.68,56.9
5,54.32,80.68,57.52
12,54.97,79.47,58.93
10,55.21,79.67,58.93
9,54.79,79.93,58.77
7,54.4,80.35,58.15
15,55.37,78.99,59.24
13,55.17,79.23,58.93
13,55.61,79.19,59.24
11,55.41,79.43,58.93
16,54.49,79.07,58.61
14,54.73,79.27,58.61
12,54.31,79.53,58.15
19,54.9,78.59,58.93
17,54.69,78.83,58.61
17,55.14,78.79,58.93
15,54.93,79.03,58.61
22,55.28,78.23,59.24
21,55.1,78.37,58.93
17,56.02,78.71,59.55
15,55.81,78.95,59.24
19,55.78,78.51,59.55
21,55.54,78.33,59.24
17,55.58,78.75,59.24
19,55.34,78.55,58.93
21,56.31,78.25,59.79
21,56.53,78.24,59.79
20,56.43,78.35,59.79
21,56.4,78.19,59.8
19,56.22,78.47,59.55
21,55.74,78.22,59.24
21,56.19,78.2,59.79
21,55.98,78.3,59.55
24,57.3,78.06,59.86
23,56.85,78.06,59.55
26,57.98,78.06,59.55
26,57.7,78.06,59.55
26,58.18,78.06,59.24
27,58.62,78.06,59.24
27,58.42,78.06,59.24
27,58.89,78.06,59.24
23,59.3,78.06,58.93
15,59.74,78.06,58.93
14,60.15,78.06,58.61
14,60.62,78.06,58.61
14,60.41,78.06,58.61
20,59.75,78.25,58.61
24,59.54,78.41,58.61
25,59.31,78.26,58.61
25,58.42,78.31,58.93
27,58.85,78.28,58.93
25,58.66,78.48,58.93
26,58.63,78.21,58.93
25,59.34,78.65,58.61
26,59.1,78.43,58.61
25,58.9,78.68,58.61
24,59.14,78.88,58.61
10,59.67,79.95,57.52
17,59.19,79.54,58.15
22,58.94,79.12,58.61
19,58.73,79.36,58.61
22,58.7,78.92,58.61
23,58.46,78.72,58.93
19,58.49,79.16,58.61
21,58.26,78.96,58.93
24,57.98,78.33,59.24
23,58.22,78.52,58.93
21,58.02,78.76,58.93
22,57.78,78.56,59.24
24,57.72,78.24,59.24
25,58.18,78.22,58.93
23,57.54,78.37,59.24
23,57.3,78.25,59.55
26,57.3,77.86,59.55
25,56.86,77.86,59.24
28,57.7,77.86,59.24
28,57.97,77.86,59.24
28,58.18,77.86,58.93
29,58.62,77.86,58.93
28,58.42,77.86,58.93
29,58.89,77.86,58.93
23,59.3,77.86,58.61
12,59.74,77.86,58.61
13,60.37,77.86,58.14
22,56.18,78.06,59.56
22,56.44,78.06,59.55
23,55.98,78.06,59.24
24,55.26,78.06,59.24
23,55.74,78.06,59.24
23,55.53,78.06,59.24
25,54.42,78.06,58.93
24,54.86,78.06,58.93
28,53.58,78.06,58.61
27,53.98,78.06,58.61
19,53.3,78.06,58.25
13,52.93,78.06,58.13
5,52.4,78.06,57.52
6,52,78.06,56.9
7,51.51,78.06,56.27
7,51.1,78.06,55.65
9,50.58,78.06,55.02
8,52.86,78.39,57.52
14,51.87,80.48,55.02
8,52.47,78.8,56.9
10,52.07,79.28,56.27
12,51.67,79.76,55.65
15,51.27,80.24,55.02
12,51.19,79.36,55.02
9,51.12,78.5,55.02
8,51.53,78.27,55.65
10,51.59,78.88,55.65
7,52.41,78.24,56.9
8,52,78.44,56.27
12,52.15,80.18,55.64
21,54.02,78.67,58.61
23,54.22,78.42,58.61
20,54.46,78.63,58.61
18,54.25,78.87,58.61
16,53.83,79.13,58.15
12,53.43,79.61,57.52
10,53.03,80.1,56.9
10,52.61,80.45,56.27
11,52.62,80.46,55.64
11,52.55,79.68,56.27
10,52.95,79.2,56.9
24,53.76,78.35,58.15
13,53.35,78.69,57.52
22,54.66,78.39,58.61
24,54.42,78.26,58.61
23,54.86,78.25,58.61
8,51.1,78.06,54.4
25,56.18,77.86,59.24
25,56.45,77.86,59.24
25,55.98,77.86,58.93
26,55.26,77.86,58.93
25,55.74,77.86,58.93
25,55.53,77.86,58.93
28,54.42,77.86,58.61
27,54.86,77.86,58.61
28,53.78,77.86,58.14
6,52.95,77.86,57.52
5,52.4,77.86,56.9
6,52,77.86,56.27
6,51.51,77.86,55.65
8,51.1,77.86,55.03
7,51.51,77.86,54.42
15,53.46,80.88,53.25
19,52.74,80.89,53.18
18,53.31,80.89,51.92
22,52.24,80.9,51.83
22,51.94,80.99,51.86
20,51.34,80.98,51.89
20,52.71,80.89,51.85
8,55.82,80.88,53.22
8,54.91,80.89,53.25
12,53.9,80.89,53.17
4,56.3,80.88,51.27
15,53.75,81.02,52
15,53.67,80.9,51.99
12,53.97,80.99,52.38
20,53.88,81.02,51.24
20,53.79,80.76,51.25
8,55.18,81.11,52.25
8,54.91,80.99,52.38
9,54.41,81.15,52.25
14,54.44,81.29,51.26
6,55.81,80.89,51.95
7,55.3,81.02,51.92
5,55.75,80.73,51.23
15,52.15,80.18,54.39
17,51.87,80.48,53.77
18,52.12,80.76,53.14
21,52.24,80.9,52.49
22,51.94,80.99,52.5
20,51.33,80.98,52.51
17,50.47,81.04,52.5
18,51.64,80.69,53.14
18,50.87,80.7,53.14
13,51.67,79.76,54.4
16,51.27,80.24,53.77
14,50.39,80.32,52.52
9,50.48,78,51.88
11,50.23,78.54,52.51
11,50.31,79.43,52.52
13,50.79,79.84,53.15
10,50.63,78.28,53.13
10,50.71,78.96,53.15
12,51.19,79.36,53.77
9,51.12,78.5,53.77
8,51.53,78.27,54.4
10,51.59,78.88,54.4
11,50.62,78.05,53.17
11,49.75,78,52.58
5,50.57,77.87,52.25
11,50.71,77.85,52.67
10,51.11,78.06,53.28
8,51.51,78.06,53.79
7,51.98,77.86,53.82
8,51.5,77.86,53.2
19,50.87,80.75,50.85
18,50.79,79.84,50.89
19,50.72,78.24,50.85
19,50.71,78.94,50.88
22,51.28,80.24,50.7
22,51.2,79.35,50.71
26,51.16,78.45,50.68
26,51.69,79.78,50.51
33,51.6,77.99,50.5
30,51.64,78.8,50.51
18,50.87,80.72,51.27
16,50.79,79.84,51.27
17,50.72,78.25,51.27
17,50.71,78.96,51.27
13,50.95,77.99,51.24
25,51.56,77.85,51.14
15,50.94,77.99,50.77
29,51.56,77.85,50.61
22,53.36,80.72,51.22
22,51.64,80.7,51.27
24,52.12,80.76,51.22
24,52.66,80.72,51.21
3,56.2,80.28,50.69
9,55.72,79.91,50.51
6,55.69,80.53,50.85
11,55.28,80.33,50.68
17,54.8,79.95,50.51
14,54.86,80.81,50.86
27,54.11,80.91,50.84
26,54.38,80.43,50.69
36,53.88,80.08,50.51
27,53.93,80.59,50.85
30,53.39,80.72,50.77
31,53.48,80.48,50.68
33,53.03,80.25,50.51
30,52.2,80.29,50.5
25,51.65,80.72,50.84
27,51.91,80.51,50.66
28,52.12,80.76,50.76
30,52.64,80.53,50.68
29,52.64,80.72,50.77
17,50.87,80.72,51.89
14,50.79,79.84,51.9
12,50.72,78.25,51.89
13,50.71,78.96,51.9
11,50.95,77.99,51.93
19,51.52,77.85,51.94
2,66.9,78.87,59.86
12,64.62,80.51,59.4
3,64.15,80.36,58.77
13,66.02,78.95,59.24
12,65.54,78.55,58.93
13,65.78,78.75,58.93
8,65.74,78.32,58.93
5,65.95,78.22,59.24
4,66.66,78.67,59.55
4,66.42,78.47,59.55
4,66.18,78.3,59.24
9,65.98,78.51,58.93
9,66.22,78.71,59.24
2,66.39,78.21,59.24
13,64.94,79.26,58.61
11,64.74,79.5,58.61
3,64.55,79.96,58.15
3,66.37,80.44,60.2
4,66.16,80.54,60.2
9,65.94,80.46,59.86
8,66.13,80.27,59.86
11,65.89,80.07,59.86
13,65.69,80.32,59.86
17,65.65,79.87,59.55
16,65.45,80.11,59.55
10,64.98,79.7,58.61
12,65.18,79.47,58.61
16,65.18,79.47,58.93
14,64.98,79.7,58.93
16,65.65,79.87,59.24
14,65.45,80.11,59.24
19,65.42,79.67,59.24
18,65.21,79.91,59.24
6,65.03,80.31,58.77
9,65.49,80.48,59.39
2,66.18,78.06,58.93
3,65.94,78.06,58.93
4,65.74,78.06,58.61
2,66.94,79.31,59.86
5,66.7,79.11,59.55
8,66.46,78.91,59.24
3,66.74,79.55,59.86
8,66.5,79.35,59.55
11,66.26,79.15,59.24
3,66.37,80.68,59.92
2,66.61,80.68,59.92
4,66.17,80.68,59.92
3,65.91,80.68,59.43
2,66.61,80.52,60.2
2,66.57,80.23,60.2
5,66.54,79.79,59.86
7,66.33,80.03,59.86
11,66.3,79.59,59.55
13,66.09,79.83,59.55
14,66.06,79.39,59.24
15,65.82,79.19,58.93
16,65.86,79.63,59.24
15,65.62,79.43,58.93
12,62.42,78.38,58.93
12,62.66,78.58,58.93
11,62.61,78.24,58.93
12,63.06,78.23,59.24
11,62.86,78.35,58.93
10,63.06,78.06,58.93
9,62.85,78.06,58.61
10,62.59,78.06,58.61
8,63.06,77.86,58.61
7,62.65,77.86,58.14
13,64.42,78.42,59.24
11,64.63,78.26,59.24
12,64.19,78.27,59.24
12,64.86,78.39,58.93
13,65.1,78.58,58.93
13,64.66,78.62,58.93
15,64.9,78.82,58.93
13,65.14,79.02,58.61
13,65.38,79.23,58.61
13,65.34,78.79,58.61
13,65.58,78.99,58.61
8,65.48,78.23,58.61
9,65.07,78.24,58.61
10,65.3,78.36,58.61
9,64.62,78.06,58.93
10,64.18,78.06,58.93
6,65.46,78.06,58.61
7,65.06,78.06,58.61
7,64.18,77.86,58.61
6,64.62,77.86,58.61
3,65.26,77.86,58.14
11,63.1,78.54,58.93
11,63.34,78.74,58.93
11,62.9,78.78,58.93
11,63.14,78.98,58.93
9,62.7,79.02,58.61
7,62.94,79.22,58.61
9,62.5,79.26,58.61
7,62.74,79.46,58.61
4,62.31,79.72,58.15
2,61.91,80.17,57.52
11,63.98,78.44,58.93
12,64.22,78.66,58.93
12,63.78,78.7,58.93
12,64.02,78.9,58.93
10,64.26,79.1,58.61
11,64.5,79.3,58.61
11,64.46,78.86,58.61
12,64.7,79.06,58.61
9,63.58,78.94,58.61
9,63.82,79.14,58.61
8,63.38,79.18,58.61
7,63.62,79.38,58.61
4,64.08,79.56,58.15
3,63.19,79.64,58.15
11,63.3,78.32,58.93
11,63.73,78.29,58.93
11,63.54,78.5,58.93
11,63.51,78.22,58.93
9,63.5,78.06,58.61
9,63.78,78.06,58.61
9,63.3,78.06,58.61
7,63.58,77.86,58.15
13,61.98,78.41,58.93
15,61.54,78.44,58.93
15,61.78,78.65,58.93
13,61.75,78.27,58.93
12,61.74,78.06,58.61
10,61.75,77.86,58.15
12,62.22,78.61,58.61
11,62.46,78.82,58.61
13,62.02,78.85,58.61
11,62.26,79.06,58.61
16,61.34,78.69,58.61
15,61.58,78.89,58.61
17,61.14,78.93,58.61
16,61.38,79.13,58.61
9,61.84,79.31,58.15
6,61.43,79.79,57.52
14,60.95,79.39,58.15
4,60.15,80.3,56.9
3,61.03,80.25,56.9
9,60.55,79.87,57.52
12,62.19,78.25,58.93
10,62.18,78.06,58.61
8,62.17,77.86,58.15
20,59.98,78.38,58.61
21,60.22,78.57,58.61
23,59.78,78.61,58.61
23,60.02,78.81,58.61
21,59.6,79.07,58.15
16,60.62,78.23,58.61
17,60.16,78.24,58.61
18,60.42,78.34,58.61
14,60.85,78.06,58.25
16,60.86,78.31,58.61
19,60.66,78.53,58.61
17,61.1,78.49,58.61
19,60.9,78.73,58.61
19,60.48,78.99,58.15
14,60.07,79.47,57.52
15,61.29,78.29,58.61
15,61.07,78.21,58.61
14,61.22,78.06,58.13
12,61.2,77.86,57.52
3,56.76,80.88,51.43
19,56.9,78.64,59.55
21,57.1,78.4,59.55
20,56.66,78.43,59.55
21,56.86,78.26,59.55
17,57.38,79.04,59.24
20,57.58,78.8,59.24
18,57.14,78.84,59.24
20,57.34,78.6,59.24
18,57.82,79,58.93
18,58.05,79.2,58.93
16,57.61,79.24,58.93
16,57.85,79.44,58.93
16,58.31,79.62,58.77
11,58.79,80.05,58.14
6,59.28,80.35,57.52
3,59.73,80.5,56.9
7,58.37,80.39,58.14
3,58.38,80.68,57.52
15,56.49,79.12,59.24
17,56.7,78.88,59.24
16,56.26,78.91,59.24
18,56.46,78.68,59.24
13,56.97,79.52,58.93
15,57.17,79.28,58.93
13,56.73,79.32,58.93
16,56.93,79.08,58.93
8,57.91,80.11,58.15
12,57.43,79.7,58.77
12,55.85,79.39,58.93
10,56.09,79.59,58.93
13,56.05,79.15,58.93
12,56.29,79.36,58.93
3,57.49,80.42,57.52
6,57.03,80.16,58.15
10,56.55,79.78,58.77
4,56.65,80.44,58.15
2,56.68,80.68,57.52
3,55.76,80.88,56.27
6,54.88,80.88,56.27
3,55.28,80.88,56.9
2,55.76,80.68,56.9
4,54.87,80.68,56.9
2,56.17,80.68,57.52
3,55.74,80.47,57.52
5,54.85,80.5,57.52
3,55.28,80.68,57.52
5,56.15,80.24,58.15
8,55.67,79.85,58.77
5,55.27,80.29,58.15
16,52.12,80.76,54.4
16,52.79,80.89,54.41
15,52.62,80.45,54.39
8,55.79,80.88,53.82
16,52.69,80.71,53.77
14,53.55,80.88,53.81
9,54.89,80.88,53.84
14,52.13,80.76,55.02
13,52.79,80.89,55.02
10,52.7,80.72,55.65
10,53.59,80.88,55.65
7,54.35,80.88,56.27
8,53.54,80.68,56.27
9,53.49,80.39,56.27
9,53.91,80.04,57.52
9,53.49,80.39,56.89
6,54.32,80.68,56.9
7,54.4,80.35,57.52
11,54.31,79.53,57.52
11,54.97,79.47,58.61
10,55.21,79.67,58.61
8,54.79,79.93,58.15
15,55.37,78.99,58.93
13,55.17,79.23,58.61
13,55.61,79.19,58.93
11,55.41,79.43,58.61
20,54.9,78.59,58.61
17,55.14,78.79,58.61
15,54.71,79.05,58.15
22,55.28,78.23,58.93
21,55.1,78.37,58.61
17,56.02,78.71,59.24
15,55.81,78.95,58.93
19,55.78,78.51,59.24
21,55.54,78.33,58.93
17,55.58,78.75,58.93
19,55.34,78.55,58.61
21,56.41,78.28,59.55
19,56.22,78.47,59.24
22,55.74,78.22,58.93
21,56.18,78.21,59.56
21,55.98,78.3,59.24
25,57.3,78.06,59.55
24,56.86,78.06,59.24
26,57.97,78.06,59.24
26,57.7,78.06,59.24
26,58.18,78.06,58.93
27,58.62,78.06,58.93
27,58.42,78.06,58.93
27,58.89,78.06,58.93
24,59.3,78.06,58.61
17,59.74,78.06,58.61
16,60.37,78.06,58.14
24,59.53,78.33,58.15
27,58.85,78.28,58.61
26,58.63,78.21,58.61
25,58.42,78.31,58.61
25,58.66,78.48,58.61
24,59.12,78.65,58.14
7,59.67,79.95,56.9
14,59.19,79.54,57.52
19,58.72,79.14,58.15
23,58.46,78.72,58.61
20,58.26,78.96,58.61
23,58.22,78.52,58.61
24,57.98,78.33,58.93
21,58.02,78.76,58.61
22,57.78,78.56,58.93
24,57.72,78.24,58.93
25,58.18,78.22,58.61
23,57.54,78.37,58.93
23,57.3,78.25,59.24
27,57.3,77.86,59.24
26,56.86,77.86,58.93
28,57.7,77.86,58.93
28,57.97,77.86,58.93
28,58.18,77.86,58.61
29,58.62,77.86,58.61
28,58.42,77.86,58.61
29,58.89,77.86,58.61
21,59.52,77.86,58.15
16,60.4,77.86,57.52
23,56.18,78.06,59.24
23,56.45,78.06,59.24
23,55.98,78.06,58.93
24,55.26,78.06,58.93
23,55.74,78.06,58.93
23,55.53,78.06,58.93
26,54.42,78.06,58.61
25,54.86,78.06,58.61
26,53.78,78.06,58.14
7,52.95,78.06,57.52
6,52.4,78.06,56.9
7,52,78.06,56.27
7,51.51,78.06,55.65
8,51.1,78.06,55.02
7,52.86,78.39,56.9
13,52.15,80.18,55.02
9,52.47,78.8,56.27
11,52.07,79.28,55.65
13,51.67,79.76,55.02
8,51.53,78.27,55.02
10,51.59,78.88,55.02
8,52.41,78.24,56.27
9,52,78.44,55.65
11,52.55,79.68,55.65
13,52.62,80.45,55.02
20,54.23,78.64,58.14
13,53.83,79.13,57.52
11,53.43,79.61,56.9
10,53.03,80.1,56.27
11,53.03,80.11,55.65
10,52.95,79.2,56.27
16,53.77,78.35,57.52
10,53.35,78.69,56.9
23,54.65,78.33,58.14
8,51.51,78.06,54.4
25,56.18,77.86,58.93
25,56.45,77.86,58.93
26,55.98,77.86,58.61
26,55.26,77.86,58.61
26,55.74,77.86,58.61
26,55.53,77.86,58.61
28,54.64,77.86,58.15
16,53.76,77.86,57.52
6,52.95,77.86,56.9
6,52.4,77.86,56.27
6,52,77.86,55.65
7,51.51,77.86,55.03
7,51.99,77.86,54.42
16,53.34,80.89,52.63
14,53.47,80.69,53.19
19,52.72,80.89,52.54
16,52.62,80.45,53.77
17,52.67,80.71,53.16
15,53.36,80.72,51.9
21,52.12,80.76,51.87
20,51.64,80.69,51.9
19,52.66,80.72,51.88
6,56.22,80.88,53.18
8,55.82,80.89,52.61
12,53.87,80.9,52.67
8,54.96,80.9,52.68
8,55.35,80.88,53.28
5,55.77,80.69,53.17
10,54.33,80.88,53.28
7,54.89,80.7,53.18
12,53.94,80.7,53.09
4,56.09,79.36,50.51
4,56.27,80.88,51.89
3,56.22,80.69,51.34
13,53.88,81.02,51.92
13,53.79,80.76,51.93
10,54.35,80.92,52.38
11,54.07,80.96,52.25
17,54.12,80.91,51.26
18,53.94,80.59,51.27
9,54.44,81.3,51.88
10,54.84,80.8,51.27
8,54.86,80.95,52.25
6,55.68,80.52,51.26
5,55.71,80.72,51.91
13,52.55,79.68,54.4
16,52.15,80.18,53.77
17,51.87,80.48,53.14
19,52.12,80.76,52.51
12,52.07,79.28,54.4
19,51.64,80.69,52.52
18,50.87,80.73,52.52
14,51.67,79.76,53.77
16,51.27,80.24,53.15
13,50.79,79.84,52.52
10,50.64,78.24,52.5
11,50.71,78.96,52.52
12,51.19,79.36,53.15
9,51.12,78.5,53.15
8,51.53,78.27,53.77
10,51.59,78.88,53.77
10,52,78.44,54.4
10,50.66,78.01,52.57
13,51.5,77.86,52.63
8,51.48,78.06,53.16
8,51.99,78.06,53.79
8,52.38,77.86,53.82
8,51.98,77.86,53.21
21,51.27,80.26,50.88
20,51.19,79.36,50.89
24,51.1,78.48,50.87
24,51.68,79.77,50.71
31,51.52,78.14,50.69
26,51.61,78.85,50.71
30,52.1,79.26,50.51
34,52.07,78.23,50.51
19,51.27,80.24,51.27
18,51.19,79.36,51.27
21,51.12,78.5,51.27
24,51.48,78.03,51.22
25,52.01,77.86,51.12
29,51.46,78.03,50.77
29,52.08,77.86,50.6
20,53.52,80.42,51.27
23,52.61,80.45,51.27
22,51.87,80.48,51.27
3,56.14,80.23,50.88
7,55.69,79.87,50.7
11,55.21,79.44,50.51
10,55.26,80.33,50.87
14,54.8,79.94,50.71
30,54.31,79.53,50.51
21,54.37,80.42,50.88
30,53.9,80.03,50.7
34,53.43,79.64,50.51
27,53.54,80.43,50.87
29,53.03,80.16,50.7
31,52.57,79.73,50.51
27,52.6,80.46,50.87
27,52.17,80.21,50.69
25,51.89,80.5,50.86
17,51.27,80.24,51.9
14,51.19,79.36,51.9
15,51.12,78.5,51.89
18,51.47,78.03,51.91
18,51.98,77.86,51.92
2,67.14,79.07,59.55
3,66.9,78.87,59.55
3,64.61,80.51,58.77
12,65.62,79.43,58.61
12,65.82,79.19,58.61
12,66.02,78.95,58.93
11,65.54,78.55,58.61
12,65.78,78.75,58.61
8,65.74,78.32,58.61
5,65.95,78.22,58.93
5,66.66,78.67,59.24
5,66.42,78.47,59.24
5,66.18,78.3,58.93
9,65.98,78.51,58.61
9,66.22,78.71,58.93
2,66.62,78.28,59.24
3,66.39,78.21,58.93
2,66.86,78.42,59.24
7,64.96,79.48,58.15
2,65.03,80.31,58.15
3,66.61,80.52,59.86
6,66.16,80.54,59.86
5,66.37,80.44,59.86
10,65.91,80.26,59.4
11,65.43,79.89,58.77
5,65.5,80.48,58.77
4,65.73,78.06,58.25
2,66.18,78.06,58.61
3,65.94,78.06,58.61
2,66.98,79.75,59.86
3,66.94,79.31,59.55
6,66.7,79.11,59.24
8,66.46,78.91,58.93
5,66.74,79.55,59.55
8,66.5,79.35,59.24
11,66.26,79.15,58.93
2,66.81,80.42,60.2
4,66.77,79.99,59.86
4,66.57,80.23,59.86
2,67.01,80.19,59.86
2,66.81,80.42,59.86
7,66.54,79.79,59.55
10,66.33,80.03,59.55
11,66.3,79.59,59.24
8,66.54,79.79,59.24
13,66.09,79.83,59.24
9,66.33,80.03,59.24
12,66.06,79.39,58.93
10,66.06,79.39,58.61
13,65.86,79.63,58.93
10,65.86,79.63,58.61
10,62.61,78.24,58.61
11,62.42,78.38,58.61
11,62.66,78.58,58.61
11,63.06,78.23,58.93
10,62.86,78.35,58.61
9,63.06,78.06,58.61
8,62.65,78.06,58.14
7,63.06,77.86,58.15
6,62.65,77.86,57.52
12,64.42,78.42,58.93
11,64.63,78.26,58.93
11,64.19,78.27,58.93
11,64.86,78.39,58.61
12,65.1,78.58,58.61
12,64.66,78.62,58.61
13,64.9,78.82,58.61
9,65.36,79.01,58.15
8,65.28,78.31,58.14
8,64.62,78.06,58.61
9,64.18,78.06,58.61
6,65.26,78.06,58.14
6,64.4,77.86,58.15
3,65.28,77.86,57.52
10,63.1,78.54,58.61
10,63.34,78.74,58.61
10,62.9,78.78,58.61
9,63.14,78.98,58.61
6,62.72,79.24,58.15
3,62.31,79.72,57.52
10,63.98,78.44,58.61
11,64.22,78.66,58.61
10,63.78,78.7,58.61
10,64.02,78.9,58.61
7,64.48,79.08,58.15
2,64.08,79.56,57.52
5,63.6,79.16,58.15
2,63.19,79.64,57.52
10,63.73,78.29,58.61
10,63.51,78.22,58.61
10,63.3,78.32,58.61
10,63.54,78.5,58.61
8,63.58,78.06,58.15
6,63.58,77.86,57.52
13,61.98,78.41,58.61
13,61.74,78.27,58.61
15,61.54,78.44,58.61
14,61.78,78.65,58.61
12,61.75,78.06,58.15
9,61.75,77.86,57.52
10,62.24,78.84,58.15
8,61.84,79.31,57.52
15,61.36,78.91,58.15
4,61.43,79.79,56.9
12,60.95,79.39,57.52
2,60.15,80.3,56.27
2,61.03,80.25,56.27
7,60.55,79.87,56.9
11,62.18,78.25,58.61
10,62.17,78.06,58.15
7,62.16,77.86,57.52
19,59.6,79.07,57.52
22,60,78.6,58.15
19,60.4,78.3,58.14
18,60.88,78.53,58.15
18,60.48,78.99,57.52
12,60.07,79.47,56.9
3,56.73,80.88,52.84
16,61.25,78.28,58.13
15,61.2,78.06,57.52
12,61.2,77.86,56.89
2,56.7,80.68,51.52
19,56.9,78.64,59.24
21,57.1,78.4,59.24
20,56.66,78.43,59.24
22,56.86,78.26,59.24
17,57.38,79.04,58.93
19,57.58,78.8,58.93
18,57.14,78.84,58.93
20,57.34,78.6,58.93
18,57.82,79,58.61
17,58.05,79.2,58.61
16,57.61,79.24,58.61
15,57.85,79.44,58.61
13,58.31,79.62,58.15
8,58.79,80.06,57.52
4,59.28,80.35,56.9
2,59.73,80.5,56.27
5,58.37,80.39,57.52
14,56.49,79.12,58.93
17,56.7,78.88,58.93
16,56.26,78.91,58.93
18,56.46,78.68,58.93
12,56.97,79.52,58.61
14,57.17,79.28,58.61
13,56.73,79.32,58.61
15,56.93,79.08,58.61
6,57.91,80.11,57.52
10,57.43,79.7,58.15
2,57.49,80.42,56.9
11,55.85,79.39,58.61
10,56.09,79.59,58.61
13,56.05,79.15,58.61
12,56.29,79.36,58.61
4,57.03,80.16,57.52
8,56.55,79.78,58.15
3,56.65,80.44,57.52
4,55.77,80.88,55.65
7,54.88,80.88,55.65
2,56.17,80.88,56.27
4,55.28,80.88,56.27
3,55.76,80.68,56.27
5,54.87,80.68,56.27
2,56.17,80.68,56.9
3,55.74,80.47,56.9
5,54.85,80.5,56.9
3,55.28,80.68,56.9
4,56.15,80.24,57.52
7,55.67,79.85,58.15
5,55.27,80.29,57.52
4,56.7,80.88,54.1
7,55.78,80.88,54.42
15,52.7,80.72,54.4
14,53.58,80.88,54.42
10,54.88,80.88,54.43
13,53.03,80.1,54.39
6,56.2,80.88,53.8
9,55.3,80.88,53.83
5,55.77,80.68,53.79
11,54.33,80.88,53.83
14,53.52,80.68,53.79
8,54.87,80.68,53.8
13,53.49,80.39,53.77
13,52.7,80.72,55.02
12,53.59,80.88,55.03
9,54.35,80.88,55.65
10,53.54,80.69,55.65
10,53.49,80.4,55.65
7,54.32,80.68,56.27
9,53.91,80.04,56.27
8,54.11,80.16,56.9
10,54.31,79.53,56.9
8,54.79,79.93,57.52
13,54.71,79.05,57.52
15,55.37,78.99,58.61
13,55.61,79.19,58.61
11,55.19,79.45,58.15
23,55.28,78.23,58.61
19,55.12,78.59,58.15
17,56.02,78.71,58.93
15,55.81,78.95,58.61
19,55.78,78.51,58.93
21,55.54,78.33,58.61
17,55.58,78.75,58.61
21,56.41,78.28,59.24
19,56.22,78.47,58.93
22,55.74,78.22,58.61
21,56.19,78.21,59.24
21,55.98,78.3,58.93
25,57.3,78.06,59.24
24,56.86,78.06,58.93
26,57.97,78.06,58.93
26,57.7,78.06,58.93
26,58.18,78.06,58.61
27,58.62,78.06,58.61
27,58.42,78.06,58.61
28,58.89,78.06,58.61
24,59.53,78.33,57.52
19,60.4,78.06,57.52
23,59.52,78.06,58.15
24,58.64,78.36,58.15
22,59.12,78.65,57.52
5,59.67,79.95,56.27
11,59.19,79.54,56.9
17,58.72,79.14,57.52
20,58.24,78.72,58.14
22,57.78,78.56,58.61
24,58.19,78.21,58.3
24,57.98,78.33,58.61
24,57.72,78.24,58.61
23,57.54,78.37,58.61
24,57.3,78.25,58.93
27,57.3,77.86,58.93
27,56.86,77.86,58.61
28,57.7,77.86,58.61
28,57.97,77.86,58.61
26,58.18,77.86,58.25
28,58.66,77.86,58.14
24,59.52,77.86,57.52
19,60.4,77.86,56.9
23,56.18,78.06,58.93
23,56.45,78.06,58.93
23,55.98,78.06,58.61
24,55.26,78.06,58.61
23,55.74,78.06,58.61
24,55.53,78.06,58.61
26,54.64,78.06,58.15
16,53.76,78.06,57.52
6,52.95,78.06,56.9
7,52.4,78.06,56.27
7,52,78.06,55.65
7,51.51,78.06,55.02
8,52.86,78.39,56.27
12,52.55,79.68,55.02
10,52.47,78.8,55.65
12,52.07,79.28,55.02
8,52.41,78.24,55.65
9,52,78.44,55.02
11,52.95,79.2,55.65
12,53.03,80.1,55.02
16,54.24,78.64,57.52
11,53.83,79.13,56.9
10,53.43,79.61,56.27
10,53.43,79.61,55.65
10,53.77,78.35,56.9
10,53.35,78.69,56.27
18,54.65,78.33,57.52
8,51.99,78.06,54.4
26,56.18,77.86,58.61
26,56.45,77.86,58.61
26,55.98,77.86,58.15
27,55.46,77.86,58.14
23,54.64,77.86,57.52
7,53.76,77.86,56.9
7,52.95,77.86,56.27
7,52.4,77.86,55.65
6,51.99,77.86,55.03
8,52.4,77.86,54.42
8,57.75,78.14,50.51
15,53.39,80.71,52.56
14,53.51,80.4,53.13
14,53.03,80.1,53.77
16,52.61,80.45,53.14
18,52.66,80.72,52.53
13,53.52,80.42,51.9
18,52.61,80.45,51.9
19,51.87,80.48,51.89
5,56.25,80.88,52.55
4,56.19,80.68,53.16
6,55.73,80.71,52.54
8,55.41,80.9,52.78
10,54.34,80.9,52.71
12,53.94,80.74,52.56
7,54.91,80.75,52.57
4,55.73,80.48,53.13
6,55.31,80.7,53.21
7,54.86,80.52,53.12
12,53.96,80.56,52.99
10,54.34,80.7,53.21
3,57.36,78.68,50.51
6,56.48,78.78,50.51
11,55.6,78.89,50.51
4,56.08,79.37,50.71
2,56.64,80.45,51.56
4,56.21,80.68,51.89
3,56.15,80.23,51.27
9,54.39,80.81,52.25
10,54.12,80.91,51.88
11,53.94,80.59,51.89
13,54.39,80.41,51.27
8,55.26,80.3,51.27
5,55.66,80.51,51.89
7,54.84,80.81,51.88
11,55.49,78.03,50.51
12,52.95,79.2,54.4
14,52.55,79.68,53.77
16,52.15,80.18,53.14
18,51.87,80.48,52.52
11,52.47,78.8,54.4
13,52.07,79.28,53.77
14,51.67,79.76,53.15
16,51.27,80.24,52.52
12,51.19,79.36,52.52
11,51.12,78.51,52.51
9,51.49,78.26,53.12
11,51.59,78.88,53.15
10,52.41,78.24,54.4
10,52,78.44,53.77
12,51.46,78.04,52.56
12,51.97,77.86,52.6
9,51.99,78.06,53.17
10,52.4,78.06,53.79
12,52.93,77.86,53.82
8,52.36,77.86,53.23
22,51.67,79.76,50.89
28,51.45,78.23,50.88
24,51.59,78.88,50.89
26,52.08,79.27,50.71
29,52.03,78.36,50.7
32,52.49,77.94,50.51
33,52.51,78.68,50.51
20,51.67,79.76,51.27
23,51.47,78.23,51.28
21,51.59,78.88,51.27
24,51.99,78.05,51.22
24,52.35,77.85,51.13
30,52.02,78.05,50.78
29,52.44,77.86,50.61
17,53.91,80.01,51.27
22,53.03,80.1,51.27
22,52.15,80.18,51.27
7,55.67,79.87,50.89
11,55.2,79.45,50.71
18,54.72,78.98,50.51
13,54.79,79.93,50.89
23,54.31,79.53,50.71
33,53.84,79.08,50.51
25,53.91,80.03,50.88
29,53.43,79.62,50.71
33,52.97,79.17,50.51
26,53.03,80.11,50.89
27,52.56,79.7,50.71
25,52.16,80.2,50.88
12,55.12,78.41,50.51
16,51.67,79.76,51.9
17,51.47,78.23,51.89
15,51.59,78.88,51.9
17,51.99,78.05,51.9
17,52.33,77.85,51.92
2,67.1,78.63,59.24
3,67.14,79.07,59.24
4,66.9,78.87,59.24
7,65.84,79.41,58.15
11,66.02,78.95,58.61
9,66.26,79.15,58.61
8,65.76,78.55,58.15
6,65.95,78.22,58.61
5,66.66,78.67,58.93
8,66.46,78.91,58.61
5,66.42,78.47,58.93
5,66.18,78.3,58.61
9,66.22,78.71,58.61
3,66.62,78.28,58.93
3,66.39,78.21,58.61
2,66.86,78.42,58.93
3,64.96,79.48,57.52
5,65.43,79.89,58.15
4,66.41,80.46,59.39
6,65.91,80.26,58.77
2,66.11,78.06,58.14
2,67.18,79.51,59.55
3,66.98,79.75,59.55
4,66.94,79.31,59.24
6,66.7,79.11,58.93
6,66.74,79.55,59.24
8,66.5,79.35,58.93
4,66.79,80.19,59.4
7,66.32,79.81,58.77
10,63.06,78.23,58.61
9,62.64,78.42,58.14
8,63.06,78.06,58.15
7,62.65,78.06,57.52
6,63.06,77.86,57.52
6,62.65,77.86,56.9
10,64.63,78.26,58.61
10,64.19,78.27,58.61
11,64.42,78.42,58.61
6,65.29,78.31,57.52
5,65.36,79.01,57.52
9,64.88,78.61,58.15
7,64.4,78.06,58.15
5,65.28,78.06,57.52
5,64.4,77.86,57.52
3,65.28,77.86,56.9
7,63.12,78.76,58.15
4,62.72,79.24,57.52
2,62.31,79.72,56.9
4,64.48,79.08,57.52
8,64,78.66,58.14
3,63.6,79.16,57.52
8,63.51,78.37,58.15
6,63.58,78.06,57.52
4,63.58,77.86,56.9
13,61.76,78.46,58.15
11,61.75,78.06,57.52
8,61.75,77.86,56.9
8,62.24,78.84,57.52
6,61.84,79.31,56.9
13,61.36,78.91,57.52
4,61.43,79.79,56.27
10,60.95,79.39,56.9
2,60.15,80.3,55.65
5,60.55,79.87,56.27
10,62.18,78.25,58.15
9,62.16,78.06,57.52
7,62.16,77.86,56.9
17,59.6,79.07,56.9
22,60,78.6,57.52
20,60.41,78.31,57.52
18,60.88,78.55,57.52
16,60.48,78.99,56.9
10,60.07,79.47,56.27
3,56.7,80.68,52.84
16,61.24,78.28,57.52
15,61.2,78.06,56.89
12,61.2,77.86,56.27
3,58.66,78.09,50.51
15,57.85,77.86,50.63
19,56.9,78.64,58.93
22,57.1,78.4,58.93
20,56.66,78.43,58.93
22,56.86,78.26,58.93
17,57.38,79.04,58.61
19,57.58,78.8,58.61
18,57.14,78.84,58.61
20,57.34,78.6,58.61
16,57.83,79.22,58.15
11,58.31,79.62,57.52
6,58.79,80.06,56.9
2,59.28,80.35,56.27
3,58.37,80.39,56.9
4,57.91,80.11,56.9
14,56.49,79.12,58.61
16,56.7,78.88,58.61
15,56.26,78.91,58.61
18,56.46,78.68,58.61
8,57.43,79.7,57.52
12,56.95,79.3,58.15
3,57.03,80.16,56.9
6,56.55,79.78,57.52
11,56.07,79.37,58.15
2,56.65,80.44,56.9
2,56.69,80.88,55.34
6,55.77,80.88,55.03
9,54.88,80.88,55.03
3,56.17,80.88,55.65
6,55.28,80.88,55.65
3,55.76,80.68,55.65
7,54.87,80.68,55.65
2,56.17,80.68,56.27
3,55.74,80.47,56.27
6,54.85,80.5,56.27
4,55.28,80.68,56.27
3,56.15,80.24,56.9
6,55.67,79.85,57.52
5,55.27,80.29,56.9
3,56.69,80.68,54.09
6,56.18,80.88,54.41
9,55.29,80.88,54.43
5,55.76,80.68,54.4
12,54.34,80.88,54.42
13,53.53,80.68,54.4
8,54.87,80.68,54.41
13,53.49,80.39,54.39
12,53.43,79.61,54.4
4,56.18,80.68,53.78
4,55.74,80.47,53.77
6,55.29,80.68,53.8
7,54.85,80.5,53.77
11,54.31,80.68,53.79
12,53.91,80.04,53.77
11,54.34,80.88,55.03
12,53.54,80.68,55.02
11,53.49,80.39,55.02
8,54.32,80.68,55.65
9,53.91,80.04,55.65
7,54.4,80.35,56.27
9,54.31,79.53,56.27
7,54.79,79.93,56.9
11,54.71,79.05,56.9
10,55.19,79.45,57.52
16,55.12,78.59,57.52
17,56.02,78.71,58.61
19,55.78,78.51,58.61
22,55.5,78.3,58.14
14,55.59,78.97,58.15
21,56.41,78.28,58.93
19,56.22,78.47,58.61
22,56.19,78.21,58.93
21,55.98,78.3,58.61
26,57.3,78.06,58.93
24,56.86,78.06,58.61
22,59.53,78.33,56.9
21,60.4,78.06,56.9
20,59.12,78.65,56.9
26,57.97,78.06,58.61
25,58.18,78.06,58.25
26,57.7,78.06,58.61
22,58.65,78.36,57.52
24,59.52,78.06,57.52
26,58.66,78.06,58.14
4,59.67,79.95,55.65
9,59.19,79.54,56.27
14,58.72,79.14,56.9
19,58.23,78.7,57.52
22,57.75,78.4,58.15
23,57.3,78.25,58.61
27,57.3,77.86,58.61
25,56.87,77.86,58.15
25,57.81,77.86,58.13
25,58.64,77.86,57.52
24,59.52,77.86,56.9
20,60.39,77.86,56.27
23,56.18,78.06,58.61
24,56.45,78.06,58.61
23,55.98,78.06,58.15
24,55.46,78.06,58.14
21,54.64,78.06,57.52
8,53.76,78.06,56.9
8,52.95,78.06,56.27
8,52.4,78.06,55.65
8,52,78.06,55.02
9,52.86,78.39,55.64
9,52.41,78.24,55.02
11,52.95,79.2,55.02
11,52.47,78.8,55.02
10,53.35,78.69,55.65
11,53.43,79.61,55.02
9,53.77,78.35,56.27
12,54.24,78.64,56.9
10,53.83,79.13,56.27
10,53.83,79.13,55.65
13,54.65,78.33,56.9
9,52.4,78.06,54.4
26,56.38,77.86,58.14
24,55.98,77.86,57.52
24,55.46,77.86,57.52
11,54.64,77.86,56.9
8,53.75,77.86,56.27
8,52.95,77.86,55.65
7,52.4,77.86,55.03
10,52.94,77.86,54.42
2,58.24,78.7,50.89
5,57.75,78.3,50.71
14,57.29,77.95,50.51
14,57.29,77.86,50.64
12,53.91,80.03,53.15
13,53.43,79.61,53.77
13,53.52,80.41,52.52
15,53.03,80.1,53.14
17,52.61,80.45,52.52
11,53.91,80.01,51.9
16,53.03,80.1,51.9
18,52.15,80.18,51.9
2,57.03,80.16,53.15
2,56.65,80.44,52.83
4,56.2,80.68,52.53
3,56.15,80.24,53.15
5,55.69,80.5,52.49
6,55.32,80.74,52.68
7,54.87,80.56,52.48
11,53.98,80.59,52.48
10,54.37,80.74,52.6
5,55.27,80.3,53.14
10,54.39,80.36,53.14
13,56.88,77.86,50.64
2,57.36,78.77,50.71
12,56.88,78.22,50.51
12,56,78.3,50.51
11,55.98,77.86,50.63
5,56.48,78.85,50.71
10,55.6,78.94,50.71
4,56.07,79.37,50.89
2,56.55,79.78,51.27
6,55.67,79.85,51.27
3,56.15,80.24,51.9
11,54.79,79.93,51.27
6,55.26,80.3,51.89
9,54.39,80.41,51.89
11,55.49,78.19,50.7
11,55.48,77.86,50.62
13,53.75,77.86,53.82
11,53.35,78.69,54.4
13,52.95,79.2,53.77
15,52.55,79.68,53.15
17,52.15,80.18,52.52
11,52.86,78.39,54.4
12,52.47,78.8,53.77
13,52.07,79.28,53.15
15,51.67,79.76,52.52
12,51.47,78.25,52.51
12,51.59,78.88,52.52
11,52.41,78.24,53.77
10,52,78.44,53.14
12,51.98,78.06,52.55
11,52.34,77.86,52.62
10,52.39,78.05,53.17
12,52.94,78.06,53.79
10,52.84,77.86,53.29
24,52.07,79.28,50.89
26,52,78.44,50.89
30,52.44,78.12,50.7
28,52.49,78.76,50.71
33,52.92,78.16,50.51
21,52.07,79.28,51.27
22,52,78.44,51.27
23,52.39,78.03,51.22
22,52.7,77.84,51.15
29,52.42,78.04,50.79
30,52.84,77.85,50.61
12,54.31,79.53,51.27
19,53.43,79.61,51.27
21,52.55,79.68,51.27
11,55.19,79.45,50.89
15,54.72,79.02,50.71
23,54.25,78.47,50.51
19,54.31,79.53,50.89
26,53.83,79.11,50.71
33,53.37,78.59,50.51
25,53.43,79.61,50.89
28,52.96,79.19,50.71
25,52.55,79.68,50.89
12,55.11,78.52,50.7
14,54.66,78.06,50.51
12,54.72,77.86,50.61
16,52.07,79.28,51.9
16,52,78.44,51.9
16,52.39,78.03,51.91
15,52.69,77.84,51.93
2,67.34,78.83,58.93
2,67.1,78.63,58.93
3,67.14,79.07,58.93
4,66.9,78.87,58.93
6,66.7,79.11,58.61
7,66.5,79.35,58.61
3,66.32,79.81,58.15
3,65.84,79.41,57.52
6,65.76,78.56,57.52
5,66.66,78.67,58.61
5,66.42,78.47,58.61
3,66.62,78.28,58.61
7,66.24,78.93,58.15
5,66.14,78.28,58.14
3,66.86,78.42,58.61
2,66.42,80.46,58.77
2,65.91,80.26,58.15
2,66.09,78.06,57.52
2,67.21,79.95,59.55
2,67.38,79.27,58.93
2,67.18,79.51,59.24
4,66.98,79.75,59.24
2,67.21,79.95,59.24
4,66.94,79.31,58.93
4,66.94,79.31,58.61
4,66.74,79.55,58.61
5,66.74,79.55,58.93
8,63.06,78.23,58.15
8,62.64,78.42,57.52
6,63.06,78.06,57.52
6,62.65,78.06,56.9
5,63.06,77.86,56.9
5,62.65,77.86,56.27
4,65.29,78.31,56.9
3,65.36,79.01,56.9
6,64.88,78.61,57.52
8,64.41,78.34,58.15
6,64.4,78.06,57.52
4,65.28,78.06,56.9
4,64.4,77.86,56.9
2,65.28,77.86,56.27
5,63.12,78.76,57.52
3,62.72,79.24,56.9
2,62.31,79.72,56.27
2,64.48,79.08,56.9
5,64,78.66,57.52
2,63.6,79.16,56.9
6,63.51,78.37,57.52
5,63.58,78.06,56.9
3,63.58,77.86,56.27
12,61.76,78.47,57.52
11,61.75,78.06,56.9
8,61.75,77.86,56.27
7,62.24,78.84,56.9
5,61.84,79.31,56.27
12,61.36,78.91,56.9
3,61.43,79.79,55.65
9,60.95,79.39,56.27
4,60.55,79.87,55.65
9,62.17,78.25,57.52
8,62.16,78.06,56.9
6,62.16,77.86,56.27
15,59.6,79.07,56.27
21,60,78.6,56.9
21,60.41,78.31,56.9
18,60.88,78.55,56.9
15,60.48,78.99,56.27
8,60.07,79.47,55.65
15,61.24,78.28,56.89
15,61.2,78.06,56.27
13,61.2,77.86,55.65
3,58.66,78.25,50.71
3,58.66,78.36,50.89
13,58.64,77.86,50.62
10,57.85,78.05,50.79
14,57.89,77.86,51.11
19,56.9,78.64,58.61
21,57.1,78.4,58.61
22,56.86,78.26,58.61
20,56.66,78.43,58.61
17,57.36,78.82,58.15
13,57.83,79.22,57.52
8,58.31,79.62,56.9
4,58.79,80.06,56.27
2,58.37,80.39,56.27
2,57.91,80.11,56.27
6,57.43,79.7,56.9
10,56.95,79.3,57.52
15,56.48,78.9,58.15
2,57.03,80.16,56.27
5,56.55,79.78,56.9
9,56.07,79.37,57.52
2,56.69,80.68,55.33
4,56.17,80.88,55.03
8,55.29,80.88,55.03
4,55.76,80.68,55.02
8,54.87,80.68,55.02
2,56.17,80.68,55.65
3,55.74,80.47,55.65
6,54.85,80.5,55.65
5,55.28,80.68,55.65
3,56.15,80.24,56.27
6,55.67,79.85,56.9
5,55.27,80.29,56.27
2,56.65,80.44,54.08
4,56.17,80.68,54.4
4,55.74,80.47,54.4
7,55.28,80.68,54.41
8,54.85,80.5,54.4
11,54.32,80.68,54.41
11,53.91,80.04,54.4
11,53.83,79.13,54.4
3,56.15,80.24,53.77
5,55.27,80.29,53.77
10,54.4,80.35,53.77
10,54.31,79.53,53.77
10,54.32,80.68,55.03
10,53.91,80.04,55.02
8,54.4,80.35,55.65
9,54.31,79.53,55.65
7,54.79,79.93,56.27
10,54.71,79.05,56.27
9,55.19,79.45,56.9
13,55.12,78.59,56.9
19,55.49,78.3,57.52
13,55.59,78.97,57.52
21,56.41,78.28,58.61
22,56.19,78.21,58.61
18,56,78.51,58.15
25,57.3,78.06,58.61
22,56.87,78.06,58.15
20,59.53,78.33,56.27
21,60.39,78.06,56.27
17,59.12,78.65,56.27
20,58.65,78.36,56.9
23,59.52,78.06,56.9
24,58.64,78.06,57.52
23,57.81,78.06,58.13
3,59.67,79.95,55.02
7,59.19,79.54,55.65
12,58.72,79.14,56.27
16,58.23,78.7,56.9
19,57.75,78.4,57.52
21,57.3,78.25,58.15
23,57.29,77.86,58.15
21,56.88,77.86,57.52
23,57.84,77.86,57.52
22,58.64,77.86,56.9
22,59.51,77.86,56.27
20,60.39,77.86,55.65
23,56.38,78.06,58.14
20,55.98,78.06,57.52
21,55.46,78.06,57.52
12,54.64,78.06,56.9
9,53.75,78.06,56.27
9,52.95,78.06,55.65
9,52.4,78.06,55.02
10,53.77,78.35,55.65
11,53.16,78.57,55.02
10,53.83,79.13,55.02
11,54.65,78.33,56.27
10,54.23,78.64,55.96
10,52.95,78.06,54.4
23,56.39,77.86,57.52
18,55.98,77.86,56.9
16,55.46,77.86,56.9
9,54.63,77.86,56.27
9,53.75,77.86,55.65
9,52.95,77.86,55.03
11,53.75,77.86,54.41
11,54.64,77.86,53.81
5,58.23,78.7,51.27
4,57.75,78.4,50.89
10,57.29,78.13,50.71
11,57.28,78.05,50.79
13,57.32,77.86,51.11
10,54.31,79.53,53.15
12,53.83,79.13,53.77
11,53.91,80.01,52.52
13,53.43,79.61,53.15
15,53.03,80.1,52.52
9,54.31,79.53,51.9
13,53.43,79.61,51.9
17,52.55,79.68,51.9
2,56.55,79.78,53.15
3,56.15,80.24,52.52
4,55.67,79.85,53.15
5,55.26,80.31,52.52
7,54.79,79.93,53.15
9,54.39,80.38,52.51
2,57.83,79.22,51.27
13,56.88,77.86,51.09
2,57.36,78.82,50.89
12,56.88,78.05,50.79
13,56.39,77.86,50.63
8,56.88,78.36,50.71
13,56.41,77.98,50.51
11,54.66,77.86,53.25
11,56,78.43,50.71
11,55.95,77.86,50.98
12,55.98,78.05,50.79
2,56.95,79.3,51.27
5,56.48,78.9,50.89
2,56.55,79.78,51.9
10,55.59,78.97,50.89
5,56.07,79.37,51.27
9,55.19,79.45,51.27
5,55.67,79.85,51.9
8,54.79,79.93,51.9
12,55.48,78.29,50.89
12,55.45,78.05,50.79
11,54.89,77.85,51.12
11,55.49,77.86,51.09
13,53.78,77.86,53.28
12,53.75,78.06,53.79
11,53.77,78.35,54.4
12,53.35,78.69,53.77
14,52.95,79.2,53.15
15,52.55,79.68,52.52
12,52.86,78.39,53.77
13,52.47,78.8,53.15
14,52.07,79.28,52.52
11,52.42,78.23,53.13
12,52,78.44,52.52
12,52.39,78.03,52.56
11,52.72,77.85,52.67
12,52.89,78.04,53.22
12,53.22,77.85,53.18
26,52.42,78.22,50.89
25,52.47,78.8,50.89
28,52.89,78.3,50.7
30,53.33,77.91,50.51
21,52.43,78.21,51.26
21,52.47,78.8,51.27
22,52.9,77.84,51.14
21,52.79,77.99,51.23
27,52.86,78.03,50.78
29,53.23,77.85,50.63
11,54.71,79.05,51.27
15,53.83,79.13,51.27
20,52.95,79.2,51.27
13,54.71,79.05,50.89
20,54.24,78.57,50.7
26,53.77,78.11,50.51
22,53.83,79.13,50.89
27,53.36,78.67,50.7
25,52.95,79.2,50.89
12,55.11,78.58,50.89
15,54.65,78.22,50.7
11,54.63,77.82,51.15
13,54.68,78.03,50.78
21,53.73,77.81,50.74
12,54.59,77.83,50.74
21,53.9,77.85,50.62
16,52.43,78.21,51.9
16,52.47,78.8,51.9
15,52.9,77.84,51.94
15,52.79,78,51.91
4,52.64,77.59,50.6
2,52.52,77.48,50.51
3,52.38,77.48,50.56
2,67.34,78.83,58.61
2,67.1,78.63,58.61
3,67.14,79.07,58.61
4,66.9,78.87,58.61
3,66.72,79.33,58.15
4,65.76,78.56,56.9
4,66.24,78.93,57.52
4,66.13,78.29,57.52
4,66.64,78.48,58.15
2,66.09,78.06,56.89
2,67.2,79.73,58.77
6,63.06,78.23,57.52
7,62.64,78.42,56.9
5,63.06,78.06,56.9
6,62.65,78.06,56.27
4,63.06,77.86,56.27
5,62.65,77.86,55.65
3,65.29,78.31,56.27
4,64.88,78.61,56.9
6,64.41,78.34,57.52
4,64.4,78.06,56.9
3,65.28,78.06,56.27
3,64.4,77.86,56.27
4,63.12,78.76,56.9
3,62.72,79.24,56.27
4,64,78.66,56.9
5,63.51,78.37,56.9
4,63.58,78.06,56.27
3,63.58,77.86,55.65
11,61.76,78.47,56.9
10,61.75,78.06,56.27
8,61.75,77.86,55.65
6,62.24,78.84,56.27
5,61.84,79.31,55.65
11,61.36,78.91,56.27
2,61.43,79.79,55.02
7,60.95,79.39,55.65
3,60.55,79.87,55.02
8,62.17,78.25,56.9
8,62.16,78.06,56.27
6,62.16,77.86,55.65
4,58.72,79.14,53.77
12,59.6,79.07,55.65
19,60,78.6,56.27
4,59.19,79.54,54.4
20,60.41,78.31,56.27
17,60.88,78.55,56.27
13,60.48,78.99,55.65
7,60.07,79.47,55.02
2,59.67,79.95,54.4
15,61.24,78.28,56.27
14,61.2,78.06,55.65
14,61.2,77.86,55.02
8,58.64,78.05,50.79
8,58.65,78.36,51.27
14,58.65,77.86,51.13
11,57.86,78.06,51.21
10,57.97,77.86,51.81
19,56.88,78.45,58.15
15,57.36,78.82,57.52
10,57.83,79.22,56.9
6,58.31,79.62,56.27
2,58.79,80.06,55.65
4,57.43,79.7,56.27
8,56.95,79.3,56.9
13,56.48,78.9,57.52
4,56.55,79.78,56.27
8,56.07,79.37,56.9
3,56.17,80.68,55.02
4,55.74,80.47,55.02
7,54.85,80.5,55.02
6,55.28,80.68,55.02
3,56.15,80.24,55.65
5,55.67,79.85,56.27
5,55.27,80.29,55.65
3,56.15,80.24,54.4
6,55.27,80.29,54.4
10,54.4,80.35,54.4
10,54.31,79.53,54.4
10,54.23,78.64,54.4
2,56.55,79.78,53.77
4,55.67,79.85,53.77
8,54.79,79.93,53.77
9,54.71,79.05,53.77
9,54.4,80.35,55.02
9,54.31,79.53,55.02
7,54.79,79.93,55.65
9,54.71,79.05,55.65
8,55.19,79.45,56.27
11,55.12,78.59,56.27
15,55.49,78.3,56.89
11,55.59,78.97,56.9
20,56.4,78.27,58.14
16,56,78.51,57.52
21,57.29,78.06,58.15
19,56.88,78.06,57.52
10,59.12,78.65,54.4
8,58.65,78.36,53.77
20,60.39,78.06,55.65
18,59.53,78.33,55.65
15,59.12,78.65,55.65
17,58.65,78.36,56.27
22,59.51,78.06,56.27
21,58.64,78.06,56.9
21,57.84,78.06,57.52
5,59.19,79.54,55.02
9,58.72,79.14,55.65
13,58.23,78.7,56.27
16,57.75,78.4,56.9
18,57.29,78.25,57.52
5,58.72,79.14,54.4
6,58.23,78.7,53.77
20,60.39,77.86,55.02
21,57.28,77.86,57.52
19,56.88,77.86,56.9
17,59.51,77.86,54.4
9,58.65,77.86,53.78
5,57.94,77.86,53.22
20,57.84,77.86,56.9
19,58.63,77.86,56.27
20,59.51,77.86,55.65
20,56.39,78.06,57.52
16,55.98,78.06,56.9
16,55.46,78.06,56.89
10,54.63,78.06,56.27
10,53.75,78.06,55.65
10,52.95,78.06,55.02
10,53.77,78.35,55.02
10,54.65,78.33,55.65
10,54.23,78.64,55.02
11,53.75,78.06,54.4
11,54.63,78.07,53.78
19,56.39,77.86,56.9
13,55.97,77.86,56.29
11,55.45,77.86,56.28
10,54.63,77.86,55.65
10,53.75,77.86,55.03
10,54.63,77.86,54.4
10,55.43,77.86,53.79
4,58.23,78.7,53.15
7,58.23,78.7,51.9
7,57.75,78.4,51.27
7,57.29,78.25,50.89
11,57.29,78.05,51.21
10,57.33,77.85,51.64
11,55.12,78.58,51.27
11,54.63,77.82,51.94
9,54.71,79.05,53.15
11,54.23,78.64,53.77
10,54.31,79.53,52.52
12,53.83,79.13,53.15
13,53.43,79.61,52.52
9,54.71,79.05,51.9
11,53.83,79.13,51.9
15,52.95,79.2,51.9
11,54.65,78.33,53.77
11,54.53,77.85,52.88
7,56.88,77.86,53.34
2,57.83,79.22,53.15
9,55.9,77.86,53.34
3,56.95,79.3,53.15
2,56.55,79.78,52.52
4,56.07,79.37,53.15
4,55.67,79.85,52.52
6,55.19,79.45,53.15
7,54.79,79.93,52.52
3,57.83,79.22,51.9
12,56.89,77.85,51.59
3,57.36,78.82,51.27
12,56.88,78.05,51.2
12,56.33,77.86,51.11
7,56.88,78.45,50.89
12,56.41,78.16,50.71
13,56.39,78.05,50.79
9,55.12,78.58,53.14
11,54.65,78.05,53.19
11,54.89,77.85,52.61
9,55.44,77.86,53.25
12,55.96,78.06,51.1
11,56,78.51,50.89
3,56.95,79.3,51.9
5,56.48,78.9,51.27
4,56.07,79.37,51.9
9,55.59,78.97,51.27
7,55.19,79.45,51.9
6,56.89,77.84,51.84
12,54.8,78.01,51.22
12,55.51,78.29,51.28
12,55.49,78.05,51.22
11,54.88,77.85,51.9
11,55.57,77.85,51.59
13,53.79,77.84,52.87
13,53.78,78.04,53.21
12,53.77,78.35,53.77
13,53.35,78.71,53.15
14,52.95,79.2,52.52
11,52.96,77.86,52.81
13,52.43,78.21,52.51
13,52.88,78.38,53.14
14,52.47,78.8,52.52
12,52.92,77.84,52.5
13,52.81,78.01,52.58
13,53.27,78.03,53.1
11,53.18,77.84,52.86
21,52.95,77.72,51.14
27,53.31,78.09,50.69
24,52.88,78.37,50.89
20,53.03,77.97,51.22
19,52.88,78.36,51.27
26,53.26,78.01,50.79
26,53.23,77.75,50.74
13,54.24,78.65,51.27
18,53.35,78.72,51.27
17,54.24,78.64,50.89
24,53.76,78.26,50.7
24,53.35,78.72,50.89
14,54.63,78.29,50.89
12,54.5,77.93,51.22
9,54.63,77.74,51.15
21,53.74,77.91,50.87
14,54.46,77.95,50.87
21,53.88,78.01,50.78
13,54.24,77.74,50.74
10,52.65,77.59,51.08
14,52.95,77.72,51.95
14,53.03,77.97,51.91
15,52.88,78.36,51.9
12,52.65,77.59,51.86
7,53.58,77.59,50.62
10,52.8,77.41,50.78
5,52.98,77.59,50.58
5,52.7,77.29,50.7
2,52.99,77.18,50.51
3,53.56,77.43,50.51
5,52.58,77.29,50.75
4,52.38,77.41,51.01
2,52.6,76.74,50.51
8,52.38,77.41,51.76
2,67.12,78.85,58.15
2,66.72,79.33,57.52
2,65.76,78.56,56.27
2,66.24,78.93,56.9
3,66.13,78.29,56.89
3,66.64,78.48,57.52
5,63.06,78.23,56.9
6,62.64,78.42,56.27
4,63.06,78.06,56.27
5,62.65,78.06,55.65
3,63.06,77.86,55.65
4,62.65,77.86,55.03
2,65.29,78.31,55.64
2,64.88,78.61,56.27
4,64.41,78.34,56.9
3,64.4,78.06,56.27
2,65.28,78.06,55.64
2,64.4,77.86,55.65
3,63.12,78.76,56.27
2,62.72,79.24,55.65
2,64,78.66,56.27
3,63.51,78.37,56.27
3,63.58,78.06,55.65
2,63.57,77.86,55.02
11,61.76,78.47,56.27
10,61.75,78.06,55.65
8,61.75,77.86,55.02
5,62.24,78.84,55.65
4,61.84,79.31,55.02
10,61.36,78.91,55.65
2,61.43,79.79,54.4
6,60.95,79.39,55.02
3,60.55,79.87,54.4
8,62.17,78.25,56.27
7,62.16,78.06,55.65
6,62.16,77.86,55.03
3,58.72,79.14,53.15
3,59.19,79.54,53.77
8,59.12,78.65,53.77
13,59.53,78.33,54.4
10,59.6,79.07,55.02
17,60,78.6,55.65
8,59.6,79.07,54.4
19,60.41,78.31,55.65
15,60.88,78.55,55.65
11,60.48,78.99,55.02
5,60.07,79.47,54.4
2,59.67,79.95,53.77
14,61.24,78.28,55.65
14,61.2,78.06,55.02
5,58.65,78.36,53.15
14,61.19,77.86,54.41
18,60.39,77.86,54.4
11,59.5,77.86,53.79
5,58.66,77.86,53.17
2,58.72,79.14,51.9
12,58.64,78.06,51.22
11,58.65,78.36,51.89
13,58.67,77.86,51.86
8,58,77.85,52.55
10,57.91,78.04,51.86
2,57.65,77.85,51.99
16,56.88,78.45,57.52
13,57.36,78.82,56.9
8,57.83,79.22,56.27
4,58.31,79.62,55.65
3,57.43,79.7,55.65
6,56.95,79.3,56.27
11,56.48,78.9,56.9
3,56.55,79.78,55.65
7,56.07,79.37,56.27
2,56.15,80.24,55.02
5,55.67,79.85,55.65
5,55.27,80.29,55.02
2,58.31,79.62,54.4
2,57.43,79.7,54.4
2,56.55,79.78,54.4
4,55.67,79.85,54.4
8,54.79,79.93,54.4
10,54.65,78.33,54.4
9,54.71,79.05,54.4
3,57.83,79.22,53.77
3,56.95,79.3,53.77
4,56.07,79.37,53.77
7,55.19,79.45,53.77
9,55.12,78.59,53.77
9,55.93,77.86,53.76
8,56.36,77.86,53.23
8,54.79,79.93,55.02
9,54.71,79.05,55.02
8,55.19,79.45,55.65
10,55.12,78.59,55.65
12,55.49,78.3,56.27
10,55.59,78.97,56.27
18,56.4,78.27,57.52
14,56,78.51,56.9
16,59.53,78.33,55.02
18,60.39,78.06,55.02
12,59.12,78.65,55.02
19,57.28,78.06,57.52
16,56.88,78.06,56.9
15,59.51,78.06,54.4
11,58.65,78.36,54.4
9,58.64,78.06,53.77
5,57.89,78.05,53.18
19,59.51,78.06,55.65
15,58.65,78.36,55.65
18,58.63,78.06,56.27
18,57.84,78.06,56.9
7,58.72,79.14,55.02
11,58.23,78.7,55.65
14,57.74,78.4,56.27
16,57.29,78.25,56.9
7,58.23,78.7,54.4
7,57.74,78.4,53.77
19,59.51,77.86,55.02
19,57.28,77.86,56.9
16,56.88,77.86,56.29
14,58.64,77.86,54.4
9,57.88,77.86,53.78
5,57.31,77.85,53.23
9,56.9,77.86,53.75
14,57.84,77.86,56.28
16,58.64,77.86,55.65
16,56.39,78.06,56.9
13,55.98,78.06,56.28
12,55.46,78.06,56.27
10,54.63,78.06,55.65
10,54.65,78.33,55.02
10,53.75,78.06,55.02
10,54.63,78.06,54.4
10,55.45,78.07,53.78
15,56.38,77.86,56.29
11,55.94,77.86,55.79
10,55.45,77.86,55.66
10,54.63,77.86,55.02
10,55.45,77.86,54.39
6,58.23,78.7,52.52
4,57.74,78.39,53.14
4,57.26,77.84,52.91
9,57.74,78.38,51.9
9,57.29,78.24,51.28
10,57.28,78.01,51.75
2,57.31,77.76,51.84
12,54.63,78.28,51.27
10,55.11,78.58,51.89
11,54.5,77.93,51.91
9,54.63,77.74,51.94
10,54.63,77.82,52.52
9,54.71,79.05,52.52
11,54.23,78.63,53.14
12,53.83,79.13,52.52
10,54.24,78.65,51.9
13,53.35,78.72,51.9
10,54.65,78.31,53.14
11,54.47,78.01,52.78
11,54.58,77.83,52.72
12,54.28,77.84,52.82
13,53.74,77.81,52.72
7,56.87,78.04,53.28
4,57.36,78.82,53.15
3,57.83,79.22,52.52
8,55.95,78.05,53.28
3,56.95,79.3,52.52
5,56.48,78.9,53.15
4,56.07,79.37,52.52
6,55.59,78.97,53.15
6,55.19,79.45,52.52
5,57.36,78.82,51.9
11,56.87,78.02,51.71
12,56.27,77.85,51.64
8,56.88,78.45,51.27
13,56.34,78.05,51.22
11,56.4,78.27,50.89
9,55.11,78.58,52.52
8,55.51,78.28,53.13
11,54.82,78.02,52.54
9,55.47,78.05,53.18
9,55.34,77.86,52.72
2,56.31,77.84,52.91
6,56.48,78.9,51.9
10,56,78.52,51.27
7,55.59,78.97,51.9
8,56.86,77.96,51.97
8,56.32,77.78,51.84
11,54.8,78.01,51.9
11,55.52,78.26,51.9
12,55.61,78.02,51.68
12,55.34,77.85,51.91
13,53.8,78,52.76
13,53.75,78.33,53.14
13,53.35,78.72,52.52
13,53.06,78,52.7
13,53.3,78.17,52.99
12,52.95,77.72,52.54
13,53.04,77.98,52.42
14,52.88,78.36,52.52
13,53.26,77.99,52.75
12,53.23,77.75,52.72
12,52.61,77.59,52.49
8,52.79,77.59,52.83
6,52.71,77.59,53.18
19,53.08,77.72,51.22
23,53.3,78.16,50.9
18,53.22,78.16,51.27
23,53.62,77.65,50.74
23,53.32,77.78,50.87
15,53.76,78.25,51.27
12,54.35,78.07,51.27
21,53.77,78.31,50.89
11,54.5,77.76,51.23
3,54.63,77.64,51.14
15,54.17,77.76,50.87
2,54.5,77.63,50.74
13,52.81,77.43,51.19
14,53.08,77.72,51.92
14,53.2,78.15,51.87
6,54.63,77.63,51.94
13,52.82,77.43,51.89
12,53.62,77.43,50.78
9,52.84,77.22,50.87
12,53.09,77.42,50.75
4,53.1,77.04,50.7
6,53.62,77.26,50.7
2,53.52,76.61,50.51
2,52.94,76.19,50.51
11,52.38,77.41,52.45
8,52.38,77.41,53.1
7,52.58,77.24,51.15
3,52.75,76.62,50.7
11,52.58,77.24,51.84
3,52.55,75.76,50.51
5,52.38,76.75,50.98
9,52.38,76.73,51.8
2,66.12,78.29,56.27
2,66.64,78.48,56.9
4,63.06,78.23,56.27
5,62.64,78.42,55.65
4,63.06,78.06,55.65
5,62.65,78.06,55.02
3,63.06,77.86,55.02
4,62.65,77.86,54.42
3,64.41,78.34,56.27
2,64.4,78.06,55.65
3,63.12,78.76,55.65
2,62.72,79.24,55.02
2,64,78.66,55.65
3,63.51,78.37,55.65
2,63.57,78.06,55.02
2,63.58,77.86,54.41
10,61.76,78.47,55.65
9,61.75,78.06,55.02
8,61.75,77.86,54.41
5,62.24,78.84,55.02
3,61.84,79.31,54.4
8,61.36,78.91,55.02
2,61.43,79.79,53.77
5,60.95,79.39,54.4
2,60.55,79.87,53.77
7,62.17,78.25,55.65
7,62.16,78.06,55.02
6,62.16,77.86,54.41
2,58.72,79.14,52.52
2,59.19,79.54,53.15
5,59.12,78.65,53.15
11,59.53,78.33,53.77
6,59.6,79.07,53.77
17,60.41,78.31,55.02
14,60,78.6,54.71
8,58.65,78.36,52.52
11,58.67,77.86,52.52
14,60.88,78.55,55.02
9,60.48,78.99,54.4
4,60.07,79.47,53.77
13,61.24,78.28,55.02
13,61.19,78.06,54.4
16,60.39,78.06,54.4
12,59.51,78.06,53.78
6,58.64,78.06,53.15
14,61.18,77.86,53.82
16,60.37,77.86,53.81
4,59.48,77.86,53.18
4,59.12,78.65,51.9
2,59.53,78.33,51.27
13,58.65,78.06,51.88
2,60.36,77.86,51.1
8,59.47,77.86,51.86
8,57.93,78.03,52.53
7,57.66,77.84,52.51
6,57.54,77.99,52.05
14,56.88,78.45,56.9
11,57.36,78.82,56.27
6,57.83,79.22,55.65
3,58.31,79.62,55.02
2,57.43,79.7,55.02
5,56.95,79.3,55.65
10,56.48,78.9,56.27
2,56.55,79.78,55.02
6,56.07,79.37,55.65
4,55.67,79.85,55.02
4,57.83,79.22,54.4
3,56.96,79.28,54.41
4,56.07,79.37,54.4
7,55.19,79.45,54.4
9,55.12,78.59,54.4
9,55.9,77.86,54.26
5,57.36,78.82,53.77
6,56.48,78.9,53.77
9,55.49,78.3,53.77
7,55.59,78.97,53.77
9,56.37,77.86,53.76
9,55.96,78.06,53.77
7,56.38,78.03,53.16
7,55.19,79.45,55.02
9,55.12,78.59,55.02
11,55.51,78.28,55.63
9,55.59,78.97,55.65
15,56.4,78.27,56.9
12,56,78.51,56.27
17,59.51,78.06,55.02
13,58.65,78.36,55.02
17,57.28,78.06,56.9
15,56.88,78.06,56.28
13,58.64,78.06,54.4
9,57.85,78.07,53.77
5,57.26,78.03,53.16
9,56.89,78.05,53.75
16,58.64,78.06,55.65
16,57.84,78.06,56.27
9,58.23,78.7,55.02
12,57.73,78.4,55.64
14,57.29,78.25,56.27
10,57.74,78.4,54.4
9,57.29,78.24,53.78
16,58.64,77.86,55.02
15,57.29,77.86,56.29
13,56.9,77.86,55.74
12,57.88,77.86,54.38
9,56.94,77.85,54.14
9,57.33,77.86,53.77
13,57.87,77.86,55.66
15,56.39,78.06,56.28
12,55.96,78.04,55.77
11,55.47,78.05,55.65
10,54.63,78.06,55.02
10,55.47,78.05,54.4
12,56.35,77.85,55.7
10,55.46,77.86,55.03
9,56.07,77.84,54.48
2,52.62,77.58,54.38
3,52.38,77.41,53.74
5,57.26,78.21,53.09
7,57.75,78.37,52.52
4,57.2,77.99,52.79
8,57.4,78.18,52.12
9,57.26,78.2,51.87
4,57.22,77.81,51.97
4,56.85,77.68,51.84
10,54.68,78.3,52.48
11,54.63,78.28,51.89
11,54.35,78.07,51.9
10,54.5,77.75,51.91
11,54.5,77.93,52.42
9,54.63,77.74,52.52
12,53.76,78.25,51.9
11,54.23,78.63,52.53
11,54.44,78.24,52.69
11,54.46,77.95,52.59
12,54.22,77.99,52.7
13,53.75,77.91,52.59
11,54.24,77.73,52.72
6,56.88,78.45,53.14
5,57.36,78.82,52.52
5,56.48,78.9,52.52
7,56,78.51,53.14
6,55.59,78.97,52.52
9,56.88,78.43,51.9
11,56.38,78.26,51.29
12,56.31,78.01,51.75
8,55.52,78.25,52.52
9,55.39,78.03,52.65
11,55.48,77.85,52.39
4,56.35,77.99,52.79
2,54.87,77.59,51.1
5,54.85,77.59,51.9
7,56.86,78.08,52.15
9,55.99,78.51,51.9
8,55.91,77.69,51.84
9,56.36,77.85,51.97
11,55.38,78.02,51.96
9,55.7,77.72,51.98
9,55.65,77.6,52.01
6,55.72,77.58,51.7
5,55.83,77.6,51.68
2,54.56,77.42,50.77
2,54.58,77.23,50.7
7,54.63,77.63,52.52
8,54.52,77.62,52.72
13,53.08,77.73,52.43
13,53.75,78.32,52.54
13,53.29,78.15,52.63
14,53.17,78.13,52.35
12,53.6,77.65,52.72
13,53.32,77.78,52.59
10,53.6,77.6,52.87
12,52.78,77.42,52.47
7,52.94,77.43,52.77
7,53.63,77.59,53.28
4,52.87,77.4,53.16
17,53.36,77.83,51.26
21,53.65,77.57,50.87
13,54.13,77.78,51.27
5,54.5,77.54,51.21
4,54.38,77.52,50.87
14,52.85,77.21,51.24
13,53.36,77.83,51.9
7,54.5,77.54,51.91
13,52.86,77.22,51.9
11,53.65,77.2,50.89
3,54.11,77.42,50.75
8,53.22,76.95,50.88
3,53.57,76.53,50.71
3,54.06,76.97,50.7
2,53.95,76.08,50.51
2,54.46,76.52,50.51
4,52.93,76.54,50.86
3,53.05,76.13,50.71
2,52.86,75.26,50.51
2,53.4,75.66,50.51
12,52.58,77.24,52.49
5,52.58,77.24,53.13
12,52.38,76.73,52.46
8,52.38,76.72,53.11
7,52.58,76.64,51.12
3,52.72,75.7,50.71
11,52.58,76.63,51.86
5,52.38,75.78,50.97
9,52.38,75.75,51.79
3,52.67,74.36,50.51
4,63.06,78.23,55.65
4,62.64,78.42,55.02
3,63.06,78.06,55.02
4,62.65,78.06,54.4
2,63.06,77.86,54.41
3,62.65,77.86,53.83
2,64.41,78.34,55.65
2,63.12,78.76,55.02
2,63.51,78.37,55.02
2,63.58,78.06,54.4
9,61.76,78.47,55.02
8,61.75,78.06,54.4
8,61.75,77.86,53.83
4,62.24,78.84,54.4
3,61.84,79.31,53.77
7,61.36,78.91,54.4
4,60.95,79.39,53.77
2,60.55,79.87,53.15
6,62.17,78.25,55.02
6,62.16,78.06,54.4
5,62.16,77.86,53.83
2,59.19,79.54,52.52
3,59.12,78.65,52.52
7,59.53,78.33,53.14
5,59.6,79.07,53.15
15,60.41,78.31,54.4
11,60,78.6,53.77
10,58.65,78.06,52.52
6,59.47,77.86,52.53
12,60.88,78.55,54.4
8,60.48,78.99,53.77
4,60.07,79.47,53.15
12,61.24,78.28,54.4
12,61.19,78.06,53.79
15,60.38,78.06,53.78
6,59.5,78.06,53.16
12,61.2,77.86,53.27
9,60.32,77.86,53.24
2,60.48,78.99,51.27
2,60.07,79.47,51.9
4,59.53,78.33,51.9
2,59.6,79.07,51.9
2,60,78.6,51.27
2,60.48,77.85,51.62
2,60.38,78.06,51.2
6,59.5,78.06,51.88
2,60.09,77.85,51.86
6,57.55,77.98,52.49
3,57.58,77.76,52.47
2,57.45,77.8,52.07
2,52.38,77.42,54.37
2,52.38,77.42,54.99
13,56.88,78.45,56.27
9,57.35,78.83,55.64
4,57.83,79.22,55.02
4,56.96,79.3,55.03
9,56.48,78.87,55.63
4,56.07,79.37,55.02
12,56.94,77.84,55.36
7,57.36,78.81,54.41
6,56.5,78.89,54.41
9,55.51,78.29,54.41
7,55.59,78.97,54.4
9,56.46,77.85,54.2
9,55.95,78.05,54.28
8,56.88,78.45,53.77
9,56.38,78.06,53.77
6,56.41,78.24,53.1
8,56,78.51,53.77
10,55.53,78.27,55.02
7,55.59,78.97,55.02
14,56.4,78.27,56.27
11,56.01,78.49,55.63
15,58.64,78.06,55.02
15,57.29,78.06,56.28
13,56.89,78.04,55.7
11,57.85,78.06,54.39
10,57.3,78.06,53.77
9,56.89,78.01,54.2
14,57.86,78.06,55.66
10,57.74,78.39,55.03
12,57.28,78.23,55.59
10,57.25,78.2,54.41
13,57.32,77.86,55.69
12,57.68,77.85,55.32
12,57.91,77.86,55
10,57.33,77.85,54.31
11,57.04,77.84,55.2
8,56.52,77.84,55.3
12,56.37,78.03,55.65
10,55.48,78.04,55.02
9,56.06,77.84,55
2,56.83,77.59,51.64
6,56.52,77.77,54.42
9,56.14,77.99,54.52
7,56.28,77.75,54.54
3,53.66,77.58,53.83
2,52.82,77.39,53.75
2,52.58,77.24,53.76
3,52.38,76.72,53.75
5,57.22,78.18,52.69
7,57.39,78.19,52.42
2,57.23,77.81,52.69
5,57.17,77.88,52.13
6,56.27,77.62,51.84
5,56.82,77.63,51.97
11,54.13,77.77,51.9
10,54.5,77.75,52.42
11,54.33,78.11,52.34
13,53.77,78.07,52.33
12,54.18,78.1,52.56
9,54.45,77.6,52.86
12,54.17,77.74,52.59
8,54.85,77.59,52.6
5,54.6,77.58,53.26
6,56.88,78.44,52.51
6,56.4,78.22,52.61
7,55.99,78.5,52.52
10,56.37,78.22,51.9
9,55.7,77.72,52.47
10,55.56,78,52.36
3,56.34,77.85,52.69
2,55.91,77.69,52.82
7,55.63,77.6,52.52
2,55.8,77.59,53.18
2,55.44,77.58,51.07
7,55.36,77.58,51.8
3,54.78,77.43,51.2
5,54.77,77.43,51.9
8,56.01,77.66,51.97
9,55.83,77.72,52.07
8,56.38,77.92,52.13
7,55.76,77.45,52.06
6,55.81,77.42,51.79
6,55.92,77.45,51.8
4,56.21,77.59,51.59
3,54.54,77.16,50.88
2,54.96,76.89,50.7
9,54.41,77.52,52.59
8,54.5,77.54,52.42
12,53.63,77.57,52.59
13,53.36,77.84,52.36
10,53.63,77.46,52.75
11,52.87,77.22,52.54
7,53.66,77.42,53.2
4,52.88,77.2,53.14
15,53.65,77.37,51.27
7,54.29,77.4,51.26
13,53.16,76.96,51.25
12,53.65,77.36,51.9
9,54.29,77.38,51.9
13,53.17,76.96,51.9
4,54.08,76.91,50.89
4,53.6,76.49,50.89
3,53.98,76.03,50.71
3,54.47,76.45,50.71
2,54.37,75.57,50.51
10,52.85,76.55,51.23
12,52.86,76.55,51.9
4,53.18,76.08,50.88
3,52.89,75.65,50.86
3,52.99,75.22,50.71
3,53.48,75.63,50.71
2,53.29,74.75,50.51
2,53.85,75.16,50.51
11,52.58,76.63,52.5
5,52.58,76.63,53.13
11,52.38,75.74,52.47
9,52.38,75.74,53.12
5,52.58,75.72,51.11
10,52.58,75.71,51.86
7,52.38,74.41,51.32
3,52.83,74.34,50.71
2,53.25,73.72,50.51
6,52.38,72.81,51.31
3,52.59,72.71,50.51
3,63.06,78.23,55.02
4,62.64,78.42,54.4
3,63.06,78.06,54.4
3,62.65,78.06,53.79
2,63.06,77.86,53.83
2,62.64,77.86,53.31
2,63.12,78.76,54.4
2,63.51,78.37,54.4
8,61.76,78.47,54.4
8,61.75,78.06,53.79
8,61.73,77.86,53.36
3,62.24,78.84,53.77
2,61.84,79.31,53.15
6,61.36,78.91,53.77
3,60.95,79.39,53.15
6,62.17,78.25,54.4
5,62.16,78.07,53.79
5,62.11,77.86,53.26
2,60.95,79.39,51.9
4,59.53,78.33,52.52
4,59.6,79.07,52.52
13,60.41,78.31,53.77
8,60,78.6,53.14
4,59.5,78.06,52.52
2,60.12,77.85,52.54
10,60.88,78.55,53.77
7,60.48,78.99,53.15
3,60.07,79.47,52.52
11,61.24,78.28,53.77
10,61.22,78.03,53.19
10,60.36,78.05,53.18
11,61.22,77.84,52.91
5,60.55,77.85,52.91
2,60.88,78.54,51.27
3,60.48,78.99,51.9
4,60,78.6,51.9
2,60.41,78.3,51.28
2,60.52,77.82,51.84
2,60.55,78.02,51.72
3,60.17,78.03,51.92
2,60.4,77.81,51.98
2,57.45,77.8,52.43
2,52.38,76.73,54.37
7,57.38,78.82,55.04
11,56.89,78.43,55.64
10,56.89,77.97,55.26
6,56.49,78.87,55.03
8,56.89,78.43,54.41
9,56.46,78,54.26
9,56.41,78.27,53.78
8,56,78.51,54.39
12,56.41,78.22,55.61
9,56.01,78.5,55.02
12,57.65,78.02,55.31
12,57.89,78.05,55
10,57.24,78.18,55.01
13,57.29,78.04,55.65
10,57.26,78.03,54.35
12,57.31,77.84,54.97
11,57,77.83,55
10,56.96,77.96,55.14
3,56.51,77.77,55.14
8,56.52,77.96,55.21
10,56.12,77.97,54.98
5,56.28,77.75,54.89
3,56.81,77.44,51.75
4,54.56,77.58,53.82
3,54.55,77.58,54.41
4,56.71,77.69,54.42
6,56.55,77.82,54.52
9,56.28,78.18,54.58
6,56.38,77.77,54.6
5,56.28,77.64,54.54
3,53.68,77.39,53.78
2,52.85,77.18,53.75
2,52.58,76.63,53.76
4,52.38,75.74,53.75
3,57.17,77.91,52.41
6,56.31,77.51,51.97
4,56.8,77.58,52.13
8,55.3,77.59,52.59
9,54.39,77.44,52.76
12,54.13,77.76,52.36
7,54.78,77.42,52.53
3,55.35,77.58,53.26
5,54.57,77.39,53.19
7,55.83,77.72,52.43
3,56.01,77.66,52.69
6,56.38,77.97,52.39
5,55.74,77.46,52.49
3,55.43,77.4,51.18
7,55.38,77.4,51.84
4,54.57,77.17,51.26
5,54.57,77.17,51.9
2,56.23,77.39,51.19
5,55.87,77.3,52.12
5,55.93,77.32,51.93
5,56.25,77.43,51.71
7,56.06,77.63,52.13
2,55.45,77.1,50.88
3,54.96,76.81,50.88
2,55.36,76.37,50.71
9,54.3,77.37,52.34
12,53.66,77.45,52.35
11,53.66,77.2,52.57
11,53.17,76.95,52.52
6,53.66,77.19,53.13
5,53.18,76.94,53.14
7,54.08,76.9,51.27
8,53.6,76.49,51.27
8,54.08,76.89,51.9
10,53.6,76.49,51.9
4,54.48,76.41,50.89
4,54,76.01,50.89
3,54.39,75.54,50.71
2,54.88,75.95,50.71
11,52.86,76.55,52.52
5,52.86,76.55,53.15
8,53.12,76.08,51.25
11,53.13,76.08,51.9
6,52.83,75.67,51.22
10,52.83,75.67,51.9
4,53.53,75.6,50.89
3,53.12,75.19,50.88
3,53.39,74.74,50.71
3,53.9,75.14,50.71
11,52.58,75.71,52.5
7,52.58,75.71,53.13
10,52.38,74.39,52.78
9,52.38,72.81,52.79
6,52.58,74.38,51.45
3,53.04,74.35,50.87
2,53.17,73.13,50.51
2,53.37,73.71,50.71
5,52.58,72.79,51.44
6,52.38,71.7,51.3
3,52.78,72.7,50.71
2,53.02,71.64,50.51
2,63.06,78.23,54.4
3,62.64,78.42,53.77
2,63.06,78.06,53.79
2,62.64,78.04,53.23
2,62.63,77.84,52.93
7,61.76,78.47,53.77
7,61.74,78.05,53.29
3,62.24,78.84,53.15
2,61.84,79.31,52.52
5,61.36,78.91,53.15
3,60.95,79.39,52.52
5,62.17,78.25,53.77
5,62.12,78.03,53.17
5,62.1,77.84,52.92
2,61.36,78.91,51.9
6,60,78.59,52.52
10,60.41,78.29,53.14
3,60.21,78.02,52.52
8,60.88,78.53,53.14
5,60.48,78.99,52.52
8,61.27,78.25,53.12
7,61.26,77.99,52.79
6,60.62,77.99,52.8
9,61.22,77.79,52.82
3,60.51,77.82,52.82
3,60.88,78.52,51.9
2,60.63,77.93,51.97
3,60.53,78.26,51.79
4,60.32,78.27,51.99
2,60.53,77.91,52.07
2,59.4,77.58,51.86
2,54.54,77.58,55.02
2,52.38,75.74,54.38
8,56.9,78.4,55.01
10,56.51,78.16,55.12
9,56.31,78.18,54.92
8,56.47,78.21,54.37
11,57.25,77.99,54.97
4,56.99,77.72,54.84
9,56.91,77.93,54.95
2,56.69,77.69,55.14
4,56.55,77.82,55.04
5,56.38,77.77,54.86
3,56.28,77.64,54.91
3,55.4,77.58,53.79
4,55.41,77.58,54.41
3,54.55,77.38,53.79
2,54.55,77.38,54.4
3,56.22,77.58,53.76
3,56.69,77.66,54.52
5,56.55,77.88,54.63
3,56.38,77.57,54.6
4,55.98,77.59,54.46
3,56.24,77.59,54.14
2,53.68,77.16,53.75
2,53.18,76.94,53.77
2,52.86,76.55,53.77
3,52.58,75.71,53.76
5,52.38,74.39,54.07
7,52.38,72.8,54.08
4,56.33,77.4,52.14
2,56.8,77.57,52.41
7,55.34,77.42,52.55
7,54.41,77.18,52.68
6,54.63,77.16,52.45
2,55.38,77.39,53.2
3,54.54,77.14,53.14
5,56.06,77.62,52.41
3,55.86,77.3,52.44
4,55.42,77.11,51.25
5,55.45,77.12,51.9
5,54.96,76.83,51.26
6,54.96,76.82,51.9
2,56.32,77.09,51.89
2,55.84,76.76,50.89
2,55.36,76.33,50.89
9,54.08,76.89,52.52
10,53.6,76.49,52.52
5,54.08,76.88,53.14
5,53.6,76.49,53.15
5,54.48,76.41,51.27
5,54,76.01,51.27
6,54.48,76.41,51.9
8,54,76.01,51.9
3,54.88,75.93,50.89
3,54.41,75.53,50.89
10,53.13,76.08,52.52
10,52.83,75.67,52.52
5,53.13,76.08,53.15
6,52.83,75.67,53.15
5,53.53,75.6,51.27
9,53.53,75.6,51.9
5,53.07,75.2,51.25
9,53.08,75.2,51.9
4,53.93,75.13,50.89
3,53.45,74.72,50.89
9,52.58,74.38,52.81
8,52.58,72.79,52.82
8,52.38,71.73,52.8
6,52.93,74.33,51.55
2,53.43,73.85,50.86
2,53.31,73.13,50.71
5,52.89,72.7,51.52
5,52.58,71.67,51.43
2,53.16,71.64,50.71
2,63.06,78.23,53.77
2,62.64,78.4,53.14
2,62.24,78.84,52.52
4,61.36,78.91,52.52
5,61.76,78.46,53.14
4,62.14,78.22,53.1
4,62.1,77.99,52.79
3,62.17,77.77,52.82
2,61.76,78.45,51.9
7,60.62,78.2,52.73
5,60.37,78.27,52.49
2,60.53,77.91,52.43
2,61.27,78.23,51.9
5,61.29,78.23,52.61
5,60.88,78.51,52.52
3,61.26,77.86,52.69
3,60.63,77.93,52.69
2,60.73,77.7,52.82
2,60.7,78.03,52.13
2,60.04,77.59,51.9
2,60.29,77.59,51.58
2,55.35,77.58,55.03
3,56.89,77.73,54.82
2,56.68,77.66,55.04
5,56.6,77.94,54.81
2,56.38,77.57,54.87
4,56.09,77.61,54.86
2,55.42,77.38,53.78
2,55.42,77.38,54.41
2,54.54,77.12,53.77
2,56.66,77.56,54.63
2,54.08,76.87,53.77
2,53.6,76.49,53.77
2,53.13,76.08,53.77
2,52.83,75.67,53.77
3,52.58,74.38,54.08
5,52.58,72.79,54.08
4,55.46,77.13,52.52
2,56.31,77.32,52.35
4,54.96,76.82,52.52
2,55.84,76.76,51.27
2,55.84,76.75,51.89
3,55.36,76.33,51.27
3,55.36,76.33,51.9
5,54.48,76.41,52.52
7,54,76.01,52.52
2,54.48,76.41,53.15
3,54,76.01,53.15
3,54.88,75.93,51.27
4,54.41,75.53,51.27
3,54.88,75.93,51.9
5,54.41,75.53,51.9
9,53.53,75.6,52.52
10,53.08,75.2,52.52
4,53.53,75.6,53.15
6,53.08,75.2,53.15
5,53.93,75.13,51.27
6,53.93,75.13,51.9
5,53.45,74.72,51.27
7,53.45,74.72,51.9
2,54.3,74.31,50.88
8,52.93,74.32,52.83
7,52.89,72.69,52.83
7,52.58,71.69,52.82
4,53.42,73.4,51.53
3,53.25,71.64,51.52
3,61.76,78.45,52.51
3,62.14,78.2,52.63
3,60.7,78.05,52.41
2,61.28,77.98,52.39
2,56.68,77.6,54.82
2,53.08,75.2,53.77
4,52.89,72.69,54.08
2,52.93,74.32,54.08
2,54.88,75.93,52.52
3,54.41,75.53,52.52
2,54.81,75.05,51.27
2,54.81,75.05,51.9
6,53.93,75.13,52.52
8,53.45,74.72,52.52
3,53.93,75.13,53.15
5,53.45,74.72,53.15
3,54.29,74.2,51.57
5,53.42,73.4,52.83
5,53.25,71.64,52.83
2,53.98,70.68,51.52
2,54.14,72.45,51.52
2,53.42,73.4,54.08
2,54.29,74.21,52.83
3,53.98,70.68,52.83
3,54.14,72.45,52.83
13,48.81,94.65,40.4
6,48.88,94.81,40.4
9,48.87,94.7,40.4
20,48.75,94.6,40.4
13,48.81,94.65,40.55
14,48.86,94.59,40.4
8,48.93,94.75,40.4
6,48.94,94.86,40.4
5,48.89,94.92,40.4
18,48.7,94.66,40.4
27,48.69,94.55,40.4
9,48.88,94.81,40.55
6,48.88,94.81,40.46
12,48.81,94.65,40.46
5,48.89,94.92,40.46
11,48.76,94.71,40.55
8,48.82,94.76,40.4
12,48.76,94.71,40.4
5,48.83,94.87,40.4
4,48.84,94.98,40.4
15,48.75,94.6,40.55
12,48.87,94.7,40.55
9,48.87,94.7,40.46
11,48.92,94.64,40.4
15,48.75,94.6,40.46
21,48.8,94.54,40.4
12,48.81,94.65,40.51
15,48.86,94.59,40.55
13,48.86,94.59,40.46
17,48.92,94.53,40.4
17,48.8,94.54,40.55
13,48.7,94.66,40.55
13,48.7,94.66,40.46
14,48.75,94.6,40.51
18,48.69,94.55,40.46
12,48.93,94.75,40.55
10,48.94,94.86,40.55
7,48.93,94.75,40.46
5,48.94,94.86,40.46
10,48.98,94.69,40.4
8,48.99,94.8,40.4
6,49,94.91,40.4
5,48.95,94.97,40.4
31,48.75,94.49,40.4
17,48.65,94.72,40.4
23,48.64,94.61,40.4
29,48.64,94.5,40.4
4,48.95,94.97,40.46
4,48.9,95.03,40.4
7,48.88,94.81,40.51
8,48.82,94.76,40.51
8,48.82,94.76,40.46
10,48.82,94.76,40.55
8,48.83,94.87,40.55
5,48.83,94.87,40.46
10,48.76,94.71,40.51
11,48.76,94.71,40.46
5,48.89,94.92,40.51
4,48.84,94.98,40.46
13,48.59,94.67,40.46
12,48.65,94.72,40.46
11,48.65,94.72,40.55
10,48.71,94.77,40.55
8,48.89,94.92,40.55
17,48.54,94.73,40.4
7,48.77,94.82,40.4
11,48.71,94.77,40.4
15,48.6,94.78,40.4
3,48.96,95.08,40.4
4,48.78,94.93,40.4
3,48.79,95.04,40.4
16,48.69,94.55,40.55
13,48.59,94.67,40.55
9,48.98,94.69,40.46
14,48.98,94.69,40.55
9,48.87,94.7,40.51
14,48.92,94.64,40.55
10,48.92,94.64,40.46
15,48.97,94.58,40.4
17,48.8,94.54,40.46
24,48.86,94.48,40.4
13,48.86,94.59,40.51
18,48.92,94.53,40.55
15,48.92,94.53,40.46
23,48.97,94.47,40.4
35,48.8,94.43,40.4
16,48.8,94.54,40.51
19,48.86,94.48,40.55
19,48.75,94.49,40.55
20,48.75,94.49,40.46
13,48.7,94.66,40.51
14,48.64,94.61,40.55
16,48.64,94.61,40.46
16,48.69,94.55,40.51
19,48.64,94.5,40.46
8,48.93,94.75,40.51
12,48.99,94.8,40.55
15,49.04,94.74,40.55
6,48.94,94.86,40.51
10,49,94.91,40.55
8,49.04,94.74,40.46
7,48.99,94.8,40.46
5,49,94.91,40.46
4,49.01,95.02,40.46
10,49.04,94.74,40.4
15,49.03,94.63,40.4
7,49.05,94.85,40.4
5,49.06,94.96,40.4
4,49.01,95.02,40.4
41,48.85,94.37,40.4
36,48.69,94.44,40.4
26,48.58,94.45,40.4
20,48.59,94.67,40.4
23,48.58,94.56,40.4
14,48.53,94.62,40.46
17,48.48,94.68,40.4
4,48.95,94.97,40.51
3,48.9,95.03,40.46
3,48.85,95.09,40.4
6,48.83,94.87,40.51
7,48.77,94.82,40.51
7,48.77,94.82,40.46
8,48.77,94.82,40.55
6,48.78,94.93,40.55
5,48.78,94.93,40.46
9,48.71,94.77,40.51
9,48.71,94.77,40.46
4,48.84,94.98,40.51
3,48.79,95.04,40.46
13,48.59,94.67,40.51
11,48.65,94.72,40.51
12,48.54,94.73,40.46
10,48.6,94.78,40.46
14,48.43,94.74,40.4
10,48.6,94.78,40.55
11,48.54,94.73,40.55
8,48.66,94.83,40.55
5,48.79,95.04,40.55
8,48.95,94.97,40.55
6,48.84,94.98,40.55
15,48.49,94.79,40.4
6,48.72,94.88,40.4
10,48.66,94.83,40.4
14,48.55,94.84,40.4
3,48.91,95.14,40.4
3,49.02,95.13,40.4
3,48.96,95.08,40.46
4,48.73,94.99,40.4
3,48.74,95.1,40.4
18,48.64,94.5,40.55
14,48.53,94.62,40.55
12,48.48,94.68,40.46
14,48.42,94.63,40.55
23,49.08,94.57,40.4
11,49.03,94.63,40.46
9,48.98,94.69,40.51
18,49.03,94.63,40.55
18,49.09,94.68,40.55
10,49.09,94.68,40.46
11,48.92,94.64,40.51
17,48.97,94.58,40.55
12,48.97,94.58,40.46
22,49.03,94.52,40.4
19,48.86,94.48,40.46
29,48.91,94.42,40.4
15,48.92,94.53,40.51
22,48.97,94.47,40.55
17,48.97,94.47,40.46
34,49.02,94.41,40.4
23,48.91,94.42,40.55
18,48.86,94.48,40.51
23,48.8,94.43,40.46
45,48.74,94.38,40.4
19,48.75,94.49,40.51
22,48.8,94.43,40.55
21,48.69,94.44,40.55
23,48.69,94.44,40.46
27,48.85,94.37,40.46
14,48.64,94.61,40.51
16,48.58,94.56,40.55
16,48.58,94.56,40.46
18,48.64,94.5,40.51
20,48.58,94.45,40.46
7,48.99,94.8,40.51
12,49.05,94.85,40.55
8,49.04,94.74,40.51
15,49.1,94.79,40.55
5,49,94.91,40.51
4,49.01,95.02,40.51
10,49.06,94.96,40.55
7,49.1,94.79,40.46
6,49.05,94.85,40.46
4,49.06,94.96,40.46
3,49.07,95.07,40.46
15,49.21,94.78,40.55
23,49.14,94.62,40.4
9,49.1,94.79,40.4
14,49.09,94.68,40.4
6,49.11,94.9,40.4
4,49.12,95.01,40.4
3,49.07,95.07,40.4
13,48.53,94.62,40.51
48,48.9,94.31,40.4
55,48.79,94.32,40.4
13,48.37,94.69,40.4
33,48.63,94.39,40.4
24,48.52,94.4,40.4
22,48.52,94.51,40.4
20,48.53,94.62,40.4
14,48.47,94.57,40.46
16,48.42,94.63,40.4
4,48.9,95.03,40.51
3,48.85,95.09,40.46
3,48.8,95.15,40.4
5,48.78,94.93,40.51
6,48.72,94.88,40.51
6,48.72,94.88,40.46
7,48.72,94.88,40.55
5,48.73,94.99,40.55
4,48.73,94.99,40.46
8,48.66,94.83,40.51
8,48.66,94.83,40.46
3,48.79,95.04,40.51
3,48.74,95.1,40.46
11,48.54,94.73,40.51
10,48.6,94.78,40.51
10,48.49,94.79,40.46
9,48.55,94.84,40.46
12,48.32,94.75,40.4
12,48.48,94.68,40.51
10,48.43,94.74,40.46
12,48.38,94.8,40.4
12,48.48,94.68,40.55
8,48.55,94.84,40.55
10,48.49,94.79,40.55
2,48.86,95.2,40.4
7,48.61,94.89,40.55
4,48.74,95.1,40.55
5,48.85,95.09,40.55
8,49.01,95.02,40.55
7,48.9,95.03,40.55
13,48.44,94.85,40.4
6,48.67,94.94,40.4
10,48.61,94.89,40.4
12,48.5,94.9,40.4
3,48.91,95.14,40.46
2,48.97,95.19,40.4
2,49.08,95.18,40.4
3,49.02,95.13,40.46
3,48.96,95.08,40.51
3,48.68,95.05,40.4
2,48.69,95.16,40.4
20,48.58,94.45,40.55
16,48.47,94.57,40.55
11,48.37,94.69,40.46
13,48.37,94.69,40.55
12,48.42,94.63,40.46
12,48.42,94.63,40.51
17,48.36,94.58,40.55
11,48.26,94.7,40.4
17,49.15,94.73,40.55
9,49.15,94.73,40.46
37,49.14,94.51,40.4
14,49.08,94.57,40.46
11,49.03,94.63,40.51
22,49.08,94.57,40.55
10,49.09,94.68,40.51
21,49.14,94.62,40.55
13,49.14,94.62,40.46
38,49.19,94.56,40.4
13,48.97,94.58,40.51
21,49.03,94.52,40.55
15,49.03,94.52,40.46
35,49.08,94.46,40.4
21,48.91,94.42,40.46
37,48.96,94.36,40.4
17,48.97,94.47,40.51
26,49.02,94.41,40.55
20,48.91,94.42,40.51
21,49.02,94.41,40.46
51,49.07,94.35,40.4
25,48.85,94.37,40.55
27,48.96,94.36,40.55
21,48.8,94.43,40.51
27,48.74,94.38,40.46
44,48.68,94.33,40.4
21,48.69,94.44,40.51
24,48.74,94.38,40.55
23,48.63,94.39,40.55
23,48.63,94.39,40.46
30,48.9,94.31,40.46
24,48.85,94.37,40.51
32,48.79,94.32,40.46
16,48.58,94.56,40.51
18,48.52,94.51,40.55
17,48.52,94.51,40.46
19,48.58,94.45,40.51
20,48.52,94.4,40.46
6,49.05,94.85,40.51
11,49.11,94.9,40.55
8,49.1,94.79,40.51
13,49.16,94.84,40.55
5,49.06,94.96,40.51
4,49.07,95.07,40.51
9,49.12,95.01,40.55
7,49.16,94.84,40.46
5,49.11,94.9,40.46
4,49.12,95.01,40.46
3,49.13,95.12,40.46
18,49.26,94.72,40.55
8,49.21,94.78,40.51
13,49.27,94.83,40.55
22,49.2,94.67,40.4
8,49.16,94.84,40.4
13,49.15,94.73,40.4
8,49.21,94.78,40.46
5,49.17,94.95,40.4
4,49.18,95.06,40.4
3,49.13,95.12,40.4
14,48.47,94.57,40.51
59,48.95,94.25,40.4
64,48.84,94.26,40.4
56,48.73,94.27,40.4
13,48.31,94.64,40.4
29,48.57,94.34,40.4
24,48.46,94.35,40.4
20,48.47,94.46,40.4
18,48.47,94.57,40.4
15,48.41,94.52,40.46
15,48.36,94.58,40.4
3,48.85,95.09,40.51
2,48.8,95.15,40.46
2,48.75,95.21,40.4
2,48.81,95.26,40.4
4,48.73,94.99,40.51
5,48.67,94.94,40.51
5,48.67,94.94,40.46
6,48.67,94.94,40.55
4,48.68,95.05,40.55
4,48.68,95.05,40.46
7,48.61,94.89,40.51
7,48.61,94.89,40.46
3,48.74,95.1,40.51
3,48.69,95.16,40.55
2,48.69,95.16,40.46
9,48.49,94.79,40.51
8,48.55,94.84,40.51
9,48.44,94.85,40.46
8,48.5,94.9,40.46
11,48.37,94.69,40.51
9,48.32,94.75,40.46
10,48.27,94.81,40.4
10,48.43,94.74,40.51
9,48.38,94.8,40.46
11,48.33,94.86,40.4
11,48.43,94.74,40.55
7,48.5,94.9,40.55
9,48.44,94.85,40.55
10,48.21,94.76,40.4
12,48.32,94.75,40.55
2,48.86,95.2,40.46
2,48.92,95.25,40.4
6,48.56,94.95,40.55
4,48.8,95.15,40.55
6,48.91,95.14,40.55
7,49.07,95.07,40.55
7,48.96,95.08,40.55
11,48.39,94.91,40.4
5,48.62,95,40.4
9,48.56,94.95,40.4
10,48.45,94.96,40.4
3,48.91,95.14,40.51
2,48.97,95.19,40.46
2,49.03,95.24,40.4
2,49.14,95.23,40.4
2,49.08,95.18,40.46
3,49.02,95.13,40.51
2,48.87,95.31,40.4
3,48.63,95.11,40.4
2,48.64,95.22,40.4
22,48.52,94.4,40.55
18,48.41,94.52,40.55
11,48.31,94.64,40.46
16,48.31,94.64,40.55
13,48.36,94.58,40.46
13,48.36,94.58,40.51
20,48.3,94.53,40.55
12,48.31,94.64,40.51
10,48.26,94.7,40.46
13,48.2,94.65,40.4
11,48.15,94.71,40.4
12,49.26,94.72,40.46
9,49.15,94.73,40.51
20,49.2,94.67,40.55
13,49.2,94.67,40.46
39,49.25,94.61,40.4
22,49.31,94.66,40.55
59,49.19,94.45,40.4
19,49.14,94.51,40.46
14,49.08,94.57,40.51
26,49.14,94.51,40.55
13,49.14,94.62,40.51
26,49.19,94.56,40.55
19,49.19,94.56,40.46
63,49.25,94.5,40.4
15,49.03,94.52,40.51
26,49.08,94.46,40.55
20,49.08,94.46,40.46
54,49.13,94.4,40.4
25,48.96,94.36,40.46
51,49.01,94.3,40.4
20,49.02,94.41,40.51
32,49.07,94.35,40.55
23,48.96,94.36,40.51
27,49.07,94.35,40.46
71,49.12,94.29,40.4
35,48.95,94.25,40.46
27,48.79,94.32,40.55
29,48.9,94.31,40.55
32,49.01,94.3,40.55
24,48.74,94.38,40.51
28,48.68,94.33,40.46
37,48.62,94.28,40.4
22,48.63,94.39,40.51
26,48.68,94.33,40.55
24,48.57,94.34,40.55
23,48.57,94.34,40.46
27,48.9,94.31,40.51
36,48.84,94.26,40.46
27,48.79,94.32,40.51
29,48.73,94.27,40.55
34,48.73,94.27,40.46
16,48.52,94.51,40.51
19,48.47,94.46,40.55
17,48.47,94.46,40.46
19,48.52,94.4,40.51
20,48.46,94.35,40.46
6,49.11,94.9,40.51
10,49.17,94.95,40.55
7,49.16,94.84,40.51
11,49.22,94.89,40.55
4,49.12,95.01,40.51
3,49.13,95.12,40.51
7,49.18,95.06,40.55
6,49.22,94.89,40.46
5,49.17,94.95,40.46
3,49.18,95.06,40.46
2,49.19,95.17,40.46
11,49.26,94.72,40.51
15,49.32,94.77,40.55
7,49.27,94.83,40.51
11,49.33,94.88,40.55
38,49.31,94.66,40.4
20,49.26,94.72,40.4
10,49.32,94.77,40.46
7,49.22,94.89,40.4
12,49.21,94.78,40.4
7,49.27,94.83,40.46
4,49.23,95,40.4
3,49.24,95.11,40.4
3,49.19,95.17,40.4
15,48.41,94.52,40.51
72,49,94.19,40.4
73,48.89,94.2,40.4
70,48.78,94.21,40.4
47,48.67,94.22,40.4
14,48.25,94.59,40.4
28,48.51,94.29,40.4
27,48.4,94.3,40.4
21,48.41,94.41,40.4
18,48.41,94.52,40.4
16,48.36,94.47,40.46
16,48.3,94.53,40.4
3,48.8,95.15,40.51
3,48.75,95.21,40.55
2,48.75,95.21,40.46
2,48.7,95.27,40.4
2,48.81,95.26,40.46
2,48.76,95.32,40.4
4,48.68,95.05,40.51
5,48.62,95,40.51
5,48.62,95,40.46
5,48.62,95,40.55
4,48.63,95.11,40.55
3,48.63,95.11,40.46
6,48.56,94.95,40.51
6,48.56,94.95,40.46
2,48.69,95.16,40.51
3,48.64,95.22,40.55
2,48.64,95.22,40.46
8,48.44,94.85,40.51
7,48.5,94.9,40.51
7,48.39,94.91,40.46
7,48.45,94.96,40.46
9,48.32,94.75,40.51
8,48.27,94.81,40.46
9,48.22,94.87,40.4
9,48.38,94.8,40.51
8,48.33,94.86,40.46
9,48.28,94.92,40.4
10,48.38,94.8,40.55
6,48.45,94.96,40.55
8,48.39,94.91,40.55
8,48.21,94.76,40.46
8,48.16,94.82,40.4
12,48.27,94.81,40.55
15,48.26,94.7,40.55
2,48.86,95.2,40.51
2,48.92,95.25,40.46
2,48.98,95.3,40.4
5,48.51,95.01,40.55
4,48.86,95.2,40.55
5,48.97,95.19,40.55
6,49.13,95.12,40.55
6,49.02,95.13,40.55
3,48.81,95.26,40.55
9,48.34,94.97,40.4
5,48.57,95.06,40.4
8,48.51,95.01,40.4
9,48.4,95.02,40.4
3,48.97,95.19,40.51
2,49.03,95.24,40.46
2,49.09,95.29,40.4
2,49.2,95.28,40.4
2,49.14,95.23,40.46
3,49.08,95.18,40.51
2,48.87,95.31,40.46
2,48.93,95.36,40.4
2,48.58,95.17,40.4
2,48.59,95.28,40.4
24,48.46,94.35,40.55
21,48.36,94.47,40.55
12,48.25,94.59,40.46
19,48.25,94.59,40.55
14,48.3,94.53,40.46
15,48.3,94.53,40.51
23,48.24,94.48,40.55
10,48.26,94.7,40.51
18,48.2,94.65,40.55
13,48.25,94.59,40.51
11,48.2,94.65,40.46
17,48.14,94.6,40.4
9,48.1,94.77,40.4
9,48.15,94.71,40.46
15,48.09,94.66,40.4
17,49.31,94.66,40.46
68,49.36,94.6,40.4
12,49.2,94.67,40.51
24,49.25,94.61,40.55
18,49.25,94.61,40.46
65,49.31,94.55,40.4
19,49.37,94.71,40.55
15,49.31,94.66,40.51
29,49.36,94.6,40.55
80,49.24,94.39,40.4
26,49.19,94.45,40.46
18,49.14,94.51,40.51
33,49.19,94.45,40.55
17,49.19,94.56,40.51
32,49.24,94.5,40.55
26,49.25,94.5,40.46
82,49.3,94.44,40.4
41,48.89,94.2,40.46
19,49.08,94.46,40.51
32,49.13,94.4,40.55
26,49.13,94.4,40.46
76,49.18,94.34,40.4
29,49.01,94.3,40.46
68,49.06,94.24,40.4
25,49.07,94.35,40.51
39,49.12,94.29,40.55
27,49.01,94.3,40.51
34,49.12,94.29,40.46
85,49.17,94.23,40.4
40,49,94.19,40.46
31,48.95,94.25,40.51
31,48.84,94.26,40.55
33,48.95,94.25,40.55
39,49.06,94.24,40.55
25,48.68,94.33,40.51
27,48.62,94.28,40.46
33,48.56,94.23,40.4
22,48.57,94.34,40.51
27,48.62,94.28,40.55
26,48.51,94.29,40.55
23,48.51,94.29,40.46
31,48.84,94.26,40.51
34,48.78,94.21,40.55
39,48.78,94.21,40.46
29,48.73,94.27,40.51
31,48.67,94.22,40.55
32,48.67,94.22,40.46
17,48.47,94.46,40.51
22,48.41,94.41,40.55
18,48.41,94.41,40.46
20,48.46,94.35,40.51
21,48.4,94.3,40.46
17,49.37,94.71,40.46
5,49.17,94.95,40.51
8,49.23,95,40.55
6,49.22,94.89,40.51
9,49.28,94.94,40.55
4,49.18,95.06,40.51
2,49.19,95.17,40.51
5,49.24,95.11,40.55
5,49.28,94.94,40.46
4,49.23,95,40.46
3,49.24,95.11,40.46
2,49.25,95.22,40.46
10,49.32,94.77,40.51
13,49.37,94.82,40.55
6,49.33,94.88,40.51
8,49.38,94.93,40.55
74,49.42,94.65,40.4
36,49.37,94.71,40.4
18,49.32,94.77,40.4
9,49.38,94.82,40.46
6,49.28,94.94,40.4
10,49.27,94.83,40.4
6,49.33,94.88,40.46
4,49.29,95.05,40.4
3,49.3,95.16,40.4
2,49.25,95.22,40.4
45,48.83,94.15,40.46
16,48.36,94.47,40.51
83,49.05,94.13,40.4
81,48.94,94.14,40.4
80,48.83,94.15,40.4
59,48.72,94.16,40.4
39,48.61,94.17,40.4
19,48.19,94.54,40.4
30,48.45,94.24,40.4
32,48.34,94.25,40.4
25,48.35,94.36,40.4
19,48.36,94.47,40.4
17,48.3,94.42,40.46
21,48.24,94.48,40.4
2,48.75,95.21,40.51
3,48.7,95.27,40.55
2,48.7,95.27,40.46
2,48.65,95.33,40.4
2,48.81,95.26,40.51
2,48.76,95.32,40.46
3,48.63,95.11,40.51
4,48.57,95.06,40.51
4,48.57,95.06,40.46
4,48.57,95.06,40.55
3,48.58,95.17,40.55
3,48.58,95.17,40.46
5,48.51,95.01,40.51
6,48.51,95.01,40.46
2,48.64,95.22,40.51
2,48.59,95.28,40.55
2,48.59,95.28,40.46
7,48.39,94.91,40.51
6,48.45,94.96,40.51
6,48.34,94.97,40.46
6,48.4,95.02,40.46
8,48.27,94.81,40.51
7,48.22,94.87,40.46
7,48.17,94.93,40.4
7,48.33,94.86,40.51
6,48.28,94.92,40.46
8,48.23,94.98,40.4
9,48.33,94.86,40.55
5,48.4,95.02,40.55
7,48.34,94.97,40.55
8,48.05,94.83,40.4
9,48.21,94.76,40.51
7,48.16,94.82,40.46
7,48.11,94.88,40.4
17,48.15,94.71,40.55
11,48.22,94.87,40.55
15,48.21,94.76,40.55
2,48.92,95.25,40.51
2,48.98,95.3,40.46
2,49.04,95.35,40.4
5,48.46,95.07,40.55
4,48.92,95.25,40.55
4,49.03,95.24,40.55
4,49.19,95.17,40.55
5,49.08,95.18,40.55
3,48.87,95.31,40.55
3,48.76,95.32,40.55
8,48.29,95.03,40.4
4,48.52,95.12,40.4
7,48.46,95.07,40.4
7,48.35,95.08,40.4
2,49.03,95.24,40.51
2,49.09,95.29,40.46
2,49.15,95.34,40.4
2,49.26,95.33,40.4
2,49.2,95.28,40.46
2,49.14,95.23,40.51
2,48.87,95.31,40.51
2,48.53,95.23,40.4
2,48.54,95.34,40.4
27,48.4,94.3,40.55
24,48.3,94.42,40.55
14,48.19,94.54,40.46
21,48.19,94.54,40.55
15,48.24,94.48,40.46
16,48.24,94.48,40.51
22,48.19,94.43,40.55
11,48.2,94.65,40.51
18,48.14,94.6,40.55
14,48.19,94.54,40.51
12,48.14,94.6,40.46
22,48.08,94.55,40.4
8,48.1,94.77,40.46
13,48.04,94.72,40.4
10,48.15,94.71,40.51
15,48.09,94.66,40.55
11,48.09,94.66,40.46
20,48.03,94.61,40.4
16,49.42,94.76,40.55
26,49.36,94.6,40.46
94,49.42,94.54,40.4
16,49.25,94.61,40.51
31,49.3,94.55,40.55
26,49.31,94.55,40.46
85,49.36,94.49,40.4
14,49.37,94.71,40.51
26,49.42,94.65,40.55
21,49.36,94.6,40.51
42,49.41,94.54,40.55
27,49.42,94.65,40.46
95,49.47,94.59,40.4
88,49.29,94.33,40.4
33,49.24,94.39,40.46
24,49.19,94.45,40.51
41,49.24,94.39,40.55
23,49.25,94.5,40.51
41,49.29,94.44,40.55
33,49.3,94.44,40.46
89,49.35,94.38,40.4
38,48.83,94.15,40.51
35,48.89,94.2,40.51
45,48.94,94.14,40.46
24,49.13,94.4,40.51
40,49.18,94.34,40.55
33,49.18,94.34,40.46
87,49.23,94.28,40.4
35,49.06,94.24,40.46
82,49.11,94.18,40.4
31,49.12,94.29,40.51
48,49.17,94.23,40.55
32,49.06,94.24,40.51
41,49.17,94.23,40.46
92,49.22,94.17,40.4
39,48.83,94.15,40.55
45,49.05,94.13,40.46
36,49,94.19,40.51
36,48.89,94.2,40.55
39,49,94.19,40.55
47,49.11,94.18,40.55
41,48.77,94.1,40.55
25,48.62,94.28,40.51
26,48.56,94.23,40.46
34,48.5,94.18,40.4
22,48.51,94.29,40.51
29,48.56,94.23,40.55
29,48.45,94.24,40.55
24,48.45,94.24,40.46
34,48.78,94.21,40.51
36,48.72,94.16,40.55
38,48.72,94.16,40.46
29,48.67,94.22,40.51
33,48.61,94.17,40.55
30,48.61,94.17,40.46
18,48.41,94.41,40.51
26,48.35,94.36,40.55
19,48.35,94.36,40.46
21,48.4,94.3,40.51
23,48.34,94.25,40.46
2,54.07,118.42,40.61
2,54.08,118.41,41.27
2,54,121.18,40.49
16,49.43,94.76,40.46
4,49.23,95,40.51
6,49.28,95.05,40.55
5,49.28,94.94,40.51
7,49.33,94.99,40.55
3,49.24,95.11,40.51
2,49.25,95.22,40.51
3,49.29,95.15,40.55
4,49.34,94.99,40.46
3,49.29,95.05,40.46
2,49.3,95.16,40.46
2,49.31,95.27,40.46
8,49.38,94.82,40.51
10,49.42,94.86,40.55
5,49.39,94.93,40.51
7,49.4,94.97,40.55
86,49.48,94.7,40.4
36,49.43,94.76,40.4
14,49.38,94.82,40.4
7,49.44,94.87,40.46
5,49.34,94.99,40.4
8,49.33,94.88,40.4
5,49.39,94.93,40.46
3,49.35,95.1,40.4
2,49.36,95.21,40.4
2,49.31,95.27,40.4
39,48.77,94.1,40.51
42,48.71,94.05,40.55
50,48.88,94.09,40.46
44,48.77,94.1,40.46
18,48.3,94.42,40.51
91,48.93,94.03,40.4
87,48.99,94.08,40.4
90,49.1,94.07,40.4
86,48.88,94.09,40.4
71,48.77,94.1,40.4
88,48.87,93.98,40.4
47,48.66,94.11,40.4
38,48.55,94.12,40.4
24,48.13,94.49,40.4
35,48.39,94.19,40.4
36,48.28,94.2,40.4
30,48.29,94.31,40.4
23,48.3,94.42,40.4
19,48.24,94.37,40.46
26,48.19,94.43,40.4
2,48.7,95.27,40.51
2,48.65,95.33,40.55
2,48.76,95.32,40.51
2,48.71,95.38,40.55
3,48.58,95.17,40.51
3,48.52,95.12,40.51
4,48.52,95.12,40.46
4,48.52,95.12,40.55
3,48.53,95.23,40.55
2,48.53,95.23,40.46
4,48.46,95.07,40.51
5,48.46,95.07,40.46
2,48.59,95.28,40.51
2,48.54,95.34,40.55
6,48.34,94.97,40.51
5,48.4,95.02,40.51
5,48.29,95.03,40.46
5,48.35,95.08,40.46
7,48.22,94.87,40.51
6,48.17,94.93,40.46
6,48.12,94.99,40.4
6,48.28,94.92,40.51
5,48.23,94.98,40.46
7,48.18,95.04,40.4
8,48.28,94.92,40.55
5,48.35,95.08,40.55
6,48.29,95.03,40.55
12,47.99,94.78,40.4
7,48,94.89,40.4
7,48.05,94.83,40.46
8,48.16,94.82,40.51
6,48.11,94.88,40.46
6,48.06,94.94,40.4
15,48.1,94.77,40.55
11,48.17,94.93,40.55
14,48.16,94.82,40.55
2,48.98,95.3,40.51
4,48.41,95.13,40.55
3,48.98,95.3,40.55
3,49.09,95.28,40.55
3,49.24,95.21,40.55
4,49.14,95.22,40.55
2,49.29,95.23,40.55
3,48.93,95.35,40.55
2,48.82,95.37,40.55
2,48.77,95.43,40.55
7,48.24,95.09,40.4
4,48.47,95.18,40.4
6,48.41,95.13,40.4
6,48.3,95.14,40.4
2,49.09,95.29,40.51
2,49.2,95.28,40.51
2,48.93,95.36,40.51
2,48.48,95.29,40.4
30,48.34,94.25,40.55
25,48.24,94.37,40.55
15,48.13,94.49,40.46
18,48.13,94.49,40.55
17,48.19,94.43,40.46
17,48.19,94.43,40.51
19,48.13,94.38,40.55
12,48.14,94.6,40.51
15,48.08,94.55,40.55
15,48.13,94.49,40.51
14,48.08,94.55,40.46
25,48.02,94.5,40.4
8,48.1,94.77,40.51
12,48.04,94.72,40.55
9,48.04,94.72,40.46
19,47.98,94.67,40.4
11,48.09,94.66,40.51
12,48.03,94.61,40.55
12,48.03,94.61,40.46
23,47.97,94.56,40.4
21,49.46,94.7,40.55
13,49.45,94.8,40.55
12,49.44,94.76,40.51
80,49.54,94.64,40.41
28,49.48,94.7,40.46
35,49.42,94.54,40.46
101,49.47,94.48,40.4
22,49.31,94.55,40.51
41,49.35,94.49,40.55
33,49.36,94.49,40.46
93,49.41,94.43,40.4
20,49.43,94.65,40.51
36,49.46,94.59,40.55
30,49.42,94.54,40.51
61,49.46,94.48,40.55
36,49.47,94.59,40.46
89,49.53,94.53,40.4
94,49.34,94.27,40.4
41,49.29,94.33,40.46
31,49.24,94.39,40.51
56,49.28,94.33,40.55
31,49.3,94.44,40.51
61,49.34,94.38,40.55
41,49.35,94.38,40.46
98,49.4,94.32,40.4
9,49.44,94.88,40.57
19,49.49,94.71,40.57
43,48.88,94.09,40.51
54,48.93,94.03,40.46
40,48.94,94.14,40.51
50,48.99,94.08,40.46
31,49.18,94.34,40.51
51,49.23,94.28,40.55
41,49.23,94.28,40.46
92,49.28,94.22,40.4
42,49.11,94.18,40.46
90,49.16,94.12,40.4
39,49.17,94.23,40.51
61,49.22,94.17,40.55
39,49.11,94.18,40.51
49,49.22,94.17,40.46
97,49.27,94.11,40.4
44,48.88,94.09,40.55
51,49.1,94.07,40.46
41,49.05,94.13,40.51
41,48.94,94.14,40.55
46,49.05,94.13,40.55
57,49.16,94.12,40.55
46,48.82,94.04,40.55
56,48.87,93.98,40.46
25,48.56,94.23,40.51
26,48.5,94.18,40.46
38,48.44,94.13,40.4
24,48.45,94.24,40.51
31,48.5,94.18,40.55
32,48.39,94.19,40.55
25,48.39,94.19,40.46
34,48.72,94.16,40.51
37,48.66,94.11,40.55
35,48.66,94.11,40.46
29,48.61,94.17,40.51
34,48.55,94.12,40.55
30,48.55,94.12,40.46
19,48.35,94.36,40.51
28,48.29,94.31,40.55
20,48.29,94.31,40.46
23,48.34,94.25,40.51
24,48.28,94.2,40.46
2,54.02,118.63,40.56
2,54.01,119.62,40.53
2,54,123.14,40.45
2,53.71,121.27,40.37
2,54.08,118.41,42.03
2,54.02,118.62,41.24
2,54.02,118.61,42
2,54,119.62,41.52
2,53.83,119.54,40.66
2,54,120.45,40.42
2,54,121.15,41.44
2,54,122.27,40.46
2,53.8,121.14,40.66
2,54,123.13,41.36
13,49.46,94.8,40.57
13,49.49,94.81,40.46
4,49.39,95.04,40.62
3,49.37,95.1,40.61
2,49.34,95.18,40.62
3,49.29,95.05,40.51
4,49.34,95.09,40.55
3,49.37,95.11,40.57
4,49.34,94.99,40.51
5,49.37,95.03,40.55
5,49.39,95.04,40.57
2,49.31,95.16,40.51
3,49.32,95.19,40.55
2,49.3,95.26,40.5
2,49.32,95.22,40.57
2,49.34,95.18,40.57
3,49.4,95.04,40.46
3,49.35,95.1,40.46
2,49.36,95.21,40.46
6,49.42,94.96,40.57
4,49.44,94.98,40.5
7,49.47,94.88,40.54
7,49.44,94.87,40.51
63,49.55,94.75,40.41
28,49.49,94.81,40.41
11,49.44,94.87,40.4
6,49.5,94.92,40.46
4,49.4,95.04,40.4
6,49.39,94.93,40.4
4,49.45,94.98,40.46
3,49.41,95.15,40.4
2,49.42,95.26,40.41
2,49.37,95.32,40.41
57,49.68,94.69,40.43
44,48.82,94.04,40.51
48,48.76,93.99,40.55
38,48.71,94.05,40.51
43,48.65,94,40.55
50,48.87,93.98,40.51
50,48.82,94.04,40.46
41,48.71,94.05,40.46
53,48.81,93.93,40.46
19,48.24,94.37,40.51
94,48.98,93.97,40.4
91,49.04,94.02,40.4
95,49.15,94.01,40.4
93,48.92,93.92,40.4
84,48.86,93.87,40.4
81,48.82,94.04,40.4
57,48.71,94.05,40.4
76,48.81,93.93,40.4
43,48.6,94.06,40.4
41,48.49,94.07,40.4
26,48.08,94.44,40.4
38,48.33,94.14,40.4
35,48.22,94.15,40.4
33,48.23,94.26,40.4
28,48.24,94.37,40.4
19,48.18,94.32,40.46
29,48.13,94.38,40.4
17,47.93,94.73,40.4
2,48.65,95.33,40.51
2,48.6,95.39,40.55
2,48.53,95.23,40.51
3,48.47,95.18,40.51
3,48.47,95.18,40.46
3,48.47,95.18,40.55
2,48.48,95.29,40.55
2,48.48,95.29,40.46
4,48.41,95.13,40.51
4,48.41,95.13,40.46
2,48.54,95.34,40.51
2,48.49,95.4,40.55
5,48.29,95.03,40.51
4,48.35,95.08,40.51
4,48.24,95.09,40.46
4,48.3,95.14,40.46
6,48.17,94.93,40.51
5,48.12,94.99,40.46
5,48.07,95.05,40.4
5,48.23,94.98,40.51
4,48.18,95.04,40.46
6,48.13,95.1,40.4
8,48.23,94.98,40.55
4,48.3,95.14,40.55
5,48.24,95.09,40.55
8,47.99,94.78,40.46
10,47.94,94.84,40.4
6,47.95,94.95,40.4
6,48,94.89,40.46
7,48.05,94.83,40.51
7,48.11,94.88,40.51
5,48.06,94.94,40.46
5,48.01,95,40.4
12,48.05,94.83,40.55
11,48.12,94.99,40.55
13,48.11,94.88,40.55
9,47.99,94.78,40.55
3,48.36,95.19,40.55
2,49.04,95.34,40.55
2,49.14,95.32,40.55
3,49.19,95.27,40.55
2,49.33,95.22,40.62
2,49.28,95.25,40.57
2,48.99,95.4,40.55
2,48.88,95.41,40.55
6,48.19,95.15,40.4
3,48.42,95.24,40.4
5,48.36,95.19,40.4
5,48.25,95.2,40.4
2,49.03,95.42,40.55
2,48.43,95.35,40.4
31,48.28,94.2,40.55
23,48.18,94.32,40.55
16,47.88,94.79,40.4
16,48.08,94.44,40.46
16,48.08,94.44,40.55
18,48.13,94.38,40.46
17,48.13,94.38,40.51
17,48.07,94.33,40.55
13,48.08,94.55,40.51
13,48.02,94.5,40.55
15,48.08,94.44,40.51
14,48.02,94.5,40.46
24,47.97,94.45,40.4
9,48.04,94.72,40.51
9,47.98,94.67,40.55
11,47.98,94.67,40.46
21,47.92,94.62,40.4
11,48.03,94.61,40.51
11,47.97,94.56,40.55
13,47.97,94.56,40.46
23,47.91,94.51,40.4
10,47.93,94.73,40.46
8,47.93,94.73,40.55
88,49.59,94.58,40.41
87,49.64,94.63,40.42
101,49.67,94.57,40.42
29,49.5,94.63,40.55
69,49.6,94.69,40.42
20,49.54,94.75,40.46
10,49.48,94.81,40.51
18,49.48,94.7,40.51
34,49.53,94.64,40.46
17,49.52,94.71,40.54
44,49.47,94.48,40.46
104,49.52,94.42,40.4
30,49.36,94.49,40.51
65,49.4,94.43,40.55
41,49.41,94.43,40.46
101,49.46,94.37,40.4
29,49.48,94.59,40.51
48,49.51,94.53,40.55
40,49.47,94.48,40.51
73,49.5,94.42,40.55
46,49.52,94.53,40.46
98,49.58,94.47,40.41
37,49.53,94.58,40.55
39,49.54,94.56,40.57
49,49.56,94.5,40.57
103,49.39,94.21,40.4
50,49.34,94.27,40.46
41,49.29,94.33,40.51
79,49.33,94.27,40.55
43,49.35,94.38,40.51
89,49.39,94.32,40.55
51,49.4,94.32,40.46
106,49.45,94.26,40.4
9,49.44,94.88,40.62
5,49.42,94.96,40.62
14,49.47,94.8,40.62
28,49.51,94.64,40.57
19,49.5,94.71,40.61
49,48.93,94.03,40.51
59,48.98,93.97,40.46
45,48.99,94.08,40.51
55,49.04,94.02,40.46
39,49.23,94.28,40.51
66,49.27,94.22,40.55
49,49.28,94.22,40.46
99,49.33,94.16,40.4
49,49.16,94.12,40.46
95,49.21,94.06,40.4
49,49.22,94.17,40.51
79,49.26,94.11,40.55
47,49.16,94.12,40.51
58,49.27,94.11,40.46
103,49.32,94.05,40.4
51,48.93,94.03,40.55
58,49.15,94.01,40.46
48,49.1,94.07,40.51
48,48.99,94.08,40.55
55,49.1,94.07,40.55
71,49.21,94.06,40.55
55,48.81,93.93,40.55
53,48.87,93.98,40.55
61,48.92,93.92,40.46
56,48.92,93.92,40.51
59,48.86,93.87,40.46
26,48.5,94.18,40.51
27,48.44,94.13,40.46
41,48.38,94.08,40.4
25,48.39,94.19,40.51
34,48.44,94.13,40.55
35,48.33,94.14,40.55
26,48.33,94.14,40.46
33,48.66,94.11,40.51
38,48.6,94.06,40.55
33,48.6,94.06,40.46
29,48.55,94.12,40.51
37,48.49,94.07,40.55
30,48.49,94.07,40.46
21,48.29,94.31,40.51
27,48.23,94.26,40.55
21,48.23,94.26,40.46
23,48.28,94.2,40.51
23,48.22,94.15,40.46
55,48.86,93.87,40.51
2,53.8,123.06,40.63
2,53.42,121.27,40.66
2,53.77,123.15,40.36
2,54,124.39,40.45
2,53.63,122.27,40.36
2,54,121.12,42.8
2,54,123.11,42.76
2,53.87,118.5,41.26
2,53.82,119.56,41.56
2,53.8,120.41,40.6
2,54,122.26,41.4
2,53.8,121.12,41.52
2,53.53,121.18,40.8
2,53.8,122.22,40.64
2,54,124.36,41.36
2,53.8,123.06,41.48
8,49.55,94.86,40.46
10,49.51,94.82,40.53
11,49.6,94.8,40.47
7,49.47,94.88,40.61
2,49.4,95.03,40.68
3,49.42,95.05,40.6
2,49.36,95.13,40.63
3,49.39,95.11,40.59
3,49.35,95.14,40.56
3,49.39,95.11,40.55
3,49.35,95.1,40.51
3,49.43,95.05,40.54
3,49.4,95.04,40.51
2,49.38,95.21,40.54
2,49.36,95.21,40.5
2,49.46,95.09,40.46
2,49.41,95.15,40.46
4,49.46,94.98,40.61
4,49.46,94.98,40.53
5,49.5,94.92,40.53
29,49.61,94.8,40.42
17,49.56,94.86,40.41
11,49.5,94.92,40.4
4,49.56,94.97,40.46
4,49.46,95.09,40.41
6,49.45,94.98,40.4
3,49.51,95.03,40.46
2,49.48,95.2,40.41
40,49.69,94.67,40.48
40,49.66,94.74,40.43
75,49.72,94.68,40.43
43,48.76,93.99,40.51
49,48.7,93.94,40.55
37,48.65,94,40.51
44,48.59,93.95,40.55
49,48.81,93.93,40.51
47,48.76,93.99,40.46
38,48.65,94,40.46
48,48.75,93.88,40.46
19,48.18,94.32,40.51
98,49.03,93.91,40.4
95,49.09,93.96,40.4
99,49.2,93.95,40.4
97,48.97,93.86,40.4
90,48.91,93.81,40.4
71,48.8,93.82,40.4
67,48.76,93.99,40.4
50,48.65,94,40.4
64,48.75,93.88,40.4
45,48.54,94.01,40.4
44,48.43,94.02,40.4
26,48.02,94.39,40.4
38,48.27,94.09,40.4
32,48.16,94.1,40.4
33,48.17,94.21,40.4
31,48.18,94.32,40.4
19,48.12,94.27,40.46
28,48.07,94.33,40.4
19,47.87,94.68,40.4
2,48.48,95.29,40.51
2,48.42,95.24,40.51
3,48.42,95.24,40.46
3,48.42,95.24,40.55
2,48.43,95.35,40.55
2,48.43,95.35,40.46
3,48.36,95.19,40.51
3,48.36,95.19,40.46
4,48.24,95.09,40.51
4,48.3,95.14,40.51
3,48.19,95.15,40.46
3,48.25,95.2,40.46
5,48.12,94.99,40.51
4,48.07,95.05,40.46
4,48.02,95.11,40.4
5,48.18,95.04,40.51
4,48.13,95.1,40.46
5,48.08,95.16,40.4
8,48.18,95.04,40.55
4,48.25,95.2,40.55
5,48.19,95.15,40.55
8,47.99,94.78,40.51
7,47.94,94.84,40.46
9,47.89,94.9,40.4
5,47.9,95.01,40.4
4,47.95,94.95,40.46
6,48,94.89,40.51
5,48.06,94.94,40.51
4,48.01,95,40.46
4,47.96,95.06,40.4
10,48,94.89,40.55
10,48.07,95.05,40.55
12,48.06,94.94,40.55
7,47.94,94.84,40.55
3,48.31,95.25,40.55
2,49.08,95.37,40.55
2,49.16,95.34,40.57
2,49.22,95.29,40.57
2,49.28,95.25,40.62
2,48.93,95.46,40.55
5,48.14,95.21,40.4
3,48.37,95.3,40.4
4,48.31,95.25,40.4
4,48.2,95.26,40.4
2,48.38,95.41,40.4
14,47.83,94.85,40.4
29,48.22,94.15,40.55
20,48.12,94.27,40.55
8,47.88,94.79,40.46
18,47.82,94.74,40.4
6,47.88,94.79,40.55
16,48.02,94.39,40.46
14,48.02,94.39,40.55
17,48.07,94.33,40.46
16,48.07,94.33,40.51
16,48.01,94.28,40.55
13,48.02,94.5,40.51
12,47.97,94.45,40.55
15,48.02,94.39,40.51
14,47.97,94.45,40.46
24,47.91,94.4,40.4
10,47.98,94.67,40.51
9,47.92,94.62,40.55
12,47.92,94.62,40.46
21,47.86,94.57,40.4
12,47.97,94.56,40.51
10,47.91,94.51,40.55
13,47.91,94.51,40.46
23,47.85,94.46,40.4
9,47.93,94.73,40.51
10,47.87,94.68,40.46
8,47.87,94.68,40.55
44,49.58,94.58,40.47
100,49.64,94.52,40.42
106,49.71,94.57,40.42
54,49.66,94.63,40.47
71,49.67,94.58,40.48
25,49.59,94.69,40.47
27,49.53,94.64,40.51
38,49.63,94.63,40.48
13,49.55,94.75,40.53
9,49.51,94.82,40.61
24,49.55,94.65,40.54
18,49.52,94.71,40.59
106,49.57,94.36,40.4
58,49.52,94.42,40.46
42,49.41,94.43,40.51
89,49.45,94.37,40.55
53,49.46,94.37,40.46
106,49.51,94.31,40.4
39,49.53,94.53,40.51
60,49.54,94.47,40.55
64,49.55,94.45,40.57
55,49.52,94.42,40.51
81,49.52,94.38,40.55
61,49.57,94.47,40.46
109,49.63,94.41,40.41
37,49.56,94.57,40.51
34,49.59,94.58,40.53
55,49.54,94.56,40.62
48,49.59,94.5,40.55
62,49.56,94.51,40.62
107,49.44,94.15,40.4
63,49.39,94.21,40.46
56,49.34,94.27,40.51
90,49.38,94.21,40.55
58,49.4,94.32,40.51
87,49.44,94.26,40.55
105,49.5,94.2,40.4
68,49.45,94.26,40.46
6,49.45,94.87,40.68
3,49.42,94.97,40.7
12,49.47,94.81,40.69
16,49.49,94.73,40.63
29,49.52,94.64,40.62
9,49.49,94.81,40.75
54,48.98,93.97,40.51
64,49.03,93.91,40.46
51,49.04,94.02,40.51
61,49.09,93.96,40.46
51,49.28,94.22,40.51
87,49.32,94.16,40.55
59,49.33,94.16,40.46
106,49.38,94.1,40.4
57,49.21,94.06,40.46
100,49.26,94,40.4
61,49.27,94.11,40.51
92,49.31,94.05,40.55
58,49.21,94.06,40.51
68,49.32,94.05,40.46
108,49.37,93.99,40.4
58,48.98,93.97,40.55
65,49.2,93.95,40.46
56,49.15,94.01,40.51
56,49.04,94.02,40.55
66,49.15,94.01,40.55
86,49.25,94,40.55
55,48.75,93.88,40.55
62,48.86,93.87,40.55
60,48.92,93.92,40.55
66,48.97,93.86,40.46
62,48.97,93.86,40.51
62,48.91,93.81,40.51
65,48.91,93.81,40.46
54,48.8,93.82,40.46
109,49.75,94.62,40.42
28,49.68,94.68,40.49
18,49.64,94.74,40.48
84,49.67,94.24,40.42
27,48.44,94.13,40.51
28,48.38,94.08,40.46
41,48.32,94.03,40.4
26,48.33,94.14,40.51
37,48.38,94.08,40.55
33,48.27,94.09,40.55
26,48.27,94.09,40.46
33,48.6,94.06,40.51
40,48.54,94.01,40.55
33,48.54,94.01,40.46
30,48.49,94.07,40.51
40,48.43,94.02,40.55
31,48.43,94.02,40.46
21,48.23,94.26,40.51
24,48.17,94.21,40.55
21,48.17,94.21,40.46
23,48.22,94.15,40.51
22,48.16,94.1,40.46
53,48.8,93.82,40.51
62,48.74,93.77,40.55
2,53.81,125.13,41.37
2,53.56,123.04,40.77
2,53.8,124.25,40.64
2,53.36,122.21,40.67
2,53.49,123.09,40.63
2,53.46,124.21,40.36
2,54,122.25,42.78
2,53.8,121.11,42.82
2,54,124.35,42.73
2,53.8,123.05,42.81
2,53.46,119.53,41.59
2,53.37,120.43,40.84
2,53.48,121.18,41.57
2,53.47,122.19,40.8
2,53.8,122.22,41.51
2,53.52,123.05,41.53
2,53.8,124.22,41.49
4,46.72,112.56,45.64
3,46.35,112.56,46.27
5,49.61,94.91,40.47
7,49.55,94.86,40.53
9,49.61,94.8,40.53
5,49.55,94.86,40.61
4,49.5,94.92,40.61
5,49.48,94.88,40.66
3,49.47,94.99,40.68
2,49.37,95.13,40.7
2,49.39,95.06,40.71
2,49.43,95.04,40.67
2,49.46,95.09,40.61
2,49.42,95.15,40.61
2,49.42,95.15,40.53
2,49.46,95.09,40.53
2,49.52,95.14,40.47
2,49.47,95.2,40.47
3,49.56,94.97,40.61
2,49.51,95.03,40.61
3,49.51,95.03,40.53
4,49.56,94.97,40.53
8,49.57,94.97,40.41
10,49.64,94.91,40.43
3,49.61,95.01,40.48
3,49.53,95.14,40.42
5,49.52,95.03,40.41
2,49.56,95.08,40.47
2,49.53,95.23,40.43
42,49.72,94.68,40.49
57,49.77,94.79,40.42
13,49.7,94.91,40.43
41,48.7,93.94,40.51
49,48.64,93.89,40.55
36,48.59,93.95,40.51
47,48.53,93.9,40.55
47,48.75,93.88,40.51
55,48.69,93.83,40.55
43,48.7,93.94,40.46
37,48.59,93.95,40.46
45,48.69,93.83,40.46
18,48.12,94.27,40.51
101,49.08,93.85,40.4
99,49.14,93.9,40.4
103,49.25,93.89,40.4
100,49.02,93.8,40.4
94,48.96,93.75,40.4
77,48.85,93.76,40.4
64,48.74,93.77,40.4
56,48.7,93.94,40.4
49,48.59,93.95,40.4
59,48.69,93.83,40.4
48,48.48,93.96,40.4
44,48.37,93.97,40.4
25,47.96,94.34,40.4
35,48.21,94.04,40.4
30,48.1,94.05,40.4
30,48.11,94.16,40.4
30,48.12,94.27,40.4
18,48.06,94.22,40.46
27,48.01,94.28,40.4
20,47.81,94.63,40.4
2,48.43,95.35,40.51
2,48.37,95.3,40.51
2,48.37,95.3,40.46
2,48.37,95.3,40.55
2,48.38,95.41,40.55
3,48.31,95.25,40.51
3,48.31,95.25,40.46
3,48.19,95.15,40.51
3,48.25,95.2,40.51
3,48.14,95.21,40.46
3,48.2,95.26,40.46
4,48.07,95.05,40.51
3,48.02,95.11,40.46
4,47.97,95.17,40.4
4,48.13,95.1,40.51
3,48.08,95.16,40.46
4,48.03,95.22,40.4
7,48.13,95.1,40.55
3,48.2,95.26,40.55
5,48.14,95.21,40.55
6,47.94,94.84,40.51
6,47.89,94.9,40.46
7,47.84,94.96,40.4
4,47.85,95.07,40.4
4,47.9,95.01,40.46
5,47.95,94.95,40.51
5,48.01,95,40.51
3,47.96,95.06,40.46
4,47.91,95.12,40.4
8,47.95,94.95,40.55
9,48.02,95.11,40.55
11,48.01,95,40.55
5,47.89,94.9,40.55
2,48.26,95.31,40.55
2,49.09,95.39,40.57
2,49.22,95.29,40.62
4,48.09,95.27,40.4
2,48.32,95.36,40.4
3,48.26,95.31,40.4
4,48.15,95.32,40.4
5,47.83,94.85,40.55
7,47.83,94.85,40.46
13,47.78,94.91,40.4
17,47.77,94.8,40.4
25,48.16,94.1,40.55
18,48.06,94.22,40.55
7,47.88,94.79,40.51
9,47.82,94.74,40.46
18,47.76,94.69,40.4
6,47.82,94.74,40.55
15,47.96,94.34,40.46
14,47.96,94.34,40.55
17,48.01,94.28,40.46
15,48.01,94.28,40.51
15,47.95,94.23,40.55
13,47.97,94.45,40.51
12,47.91,94.4,40.55
14,47.96,94.34,40.51
14,47.91,94.4,40.46
25,47.85,94.35,40.4
10,47.92,94.62,40.51
9,47.86,94.57,40.55
11,47.86,94.57,40.46
22,47.8,94.52,40.4
11,47.91,94.51,40.51
10,47.85,94.46,40.55
12,47.85,94.46,40.46
25,47.8,94.41,40.4
9,47.87,94.68,40.51
10,47.81,94.63,40.46
7,47.81,94.63,40.55
112,49.74,94.51,40.42
61,49.63,94.52,40.47
110,49.69,94.47,40.42
111,49.8,94.56,40.42
71,49.71,94.58,40.48
63,49.66,94.58,40.48
7,49.6,94.8,40.61
18,49.59,94.69,40.53
27,49.64,94.63,40.53
9,49.52,94.82,40.68
12,49.55,94.75,40.61
25,49.55,94.65,40.6
6,49.53,94.82,40.74
91,49.61,94.19,40.41
98,49.62,94.3,40.41
76,49.57,94.36,40.46
61,49.55,94.45,40.62
84,49.53,94.38,40.57
56,49.46,94.37,40.51
88,49.48,94.32,40.55
100,49.56,94.25,40.41
72,49.51,94.31,40.46
89,49.5,94.3,40.57
55,49.57,94.47,40.51
61,49.6,94.46,40.54
71,49.55,94.37,40.5
98,49.68,94.35,40.41
80,49.63,94.41,40.46
50,49.64,94.52,40.53
36,49.59,94.58,40.61
50,49.55,94.57,40.7
68,49.59,94.47,40.61
39,49.56,94.5,40.69
106,49.49,94.09,40.4
79,49.44,94.15,40.46
67,49.39,94.21,40.51
89,49.42,94.16,40.55
70,49.45,94.26,40.51
87,49.46,94.21,40.55
98,49.55,94.14,40.41
80,49.5,94.2,40.46
83,49.48,94.21,40.57
4,49.45,94.9,40.7
2,49.43,94.97,40.76
52,49.53,94.64,40.68
18,49.5,94.73,40.7
13,49.51,94.75,40.77
4,49.48,94.84,40.78
60,49.03,93.91,40.51
70,49.08,93.85,40.46
58,49.09,93.96,40.51
67,49.14,93.9,40.46
64,49.33,94.16,40.51
89,49.43,94.11,40.55
90,49.37,94.1,40.55
73,49.38,94.1,40.46
108,49.43,94.04,40.4
65,49.26,94,40.46
105,49.31,93.94,40.4
73,49.32,94.05,40.51
93,49.35,94,40.55
70,49.26,94,40.51
110,49.42,93.93,40.4
82,49.37,93.99,40.46
65,49.03,93.91,40.55
73,49.25,93.89,40.46
66,49.2,93.95,40.51
64,49.09,93.96,40.55
78,49.19,93.95,40.55
96,49.3,93.94,40.55
62,48.8,93.82,40.55
69,48.91,93.81,40.55
67,48.97,93.86,40.55
72,49.02,93.8,40.46
69,49.02,93.8,40.51
69,48.96,93.75,40.51
59,48.85,93.76,40.51
68,48.79,93.71,40.55
71,48.96,93.75,40.46
61,48.85,93.76,40.46
50,48.74,93.77,40.46
74,49.96,94.77,40.43
103,49.88,94.67,40.42
57,49.76,94.62,40.49
13,49.65,94.74,40.53
21,49.7,94.68,40.53
75,49.68,94.24,40.47
78,49.7,94.18,40.43
81,49.72,94.3,40.42
28,48.38,94.08,40.51
28,48.32,94.03,40.46
37,48.26,93.98,40.4
25,48.27,94.09,40.51
38,48.32,94.03,40.55
29,48.21,94.04,40.55
24,48.21,94.04,40.46
33,48.54,94.01,40.51
43,48.48,93.96,40.55
34,48.48,93.96,40.46
31,48.43,94.02,40.51
42,48.37,93.97,40.55
31,48.37,93.97,40.46
20,48.17,94.21,40.51
22,48.11,94.16,40.55
20,48.11,94.16,40.46
21,48.16,94.1,40.51
21,48.1,94.05,40.46
50,48.74,93.77,40.51
62,48.68,93.72,40.55
3,46.85,112.95,45.64
3,46.72,112.56,46.27
3,46.35,112.56,46.89
4,46.85,113.77,45.65
3,54.48,128.25,40.5
2,57.59,126.18,40.55
3,62.55,127.68,40.7
2,53.64,124.93,41.5
2,52.68,125.13,41.44
2,53.81,125.13,42.74
2,53.34,124.12,40.81
2,54,124.35,44.04
2,53.09,123.93,40.67
2,53.48,121.18,42.83
2,53.8,122.22,42.81
2,53.53,123.05,42.83
2,53.8,124.22,42.8
2,52.97,120.47,41.62
2,53.12,122.23,41.58
2,53.12,123.98,41.63
2,45.24,112.56,46.89
5,46.85,112.97,45.02
4,46.72,112.56,45.01
6,46.85,113.79,45.03
10,46.85,114.86,45.03
3,46.35,112.56,45.64
3,46.53,112.76,45.64
4,46.85,114.41,45.65
7,46.85,115.53,45.64
7,46.75,115.93,45.64
3,45.84,112.56,46.27
2,46.21,112.76,46.27
4,46.2,115.93,46.27
2,44.04,112.56,47.52
3,43.53,113,48.15
2,43.53,113.63,48.77
2,47.27,125.73,40.38
4,49.56,94.86,40.68
5,49.67,94.91,40.57
3,49.51,94.92,40.68
2,49.49,94.98,40.74
2,49.51,95.03,40.69
2,49.56,94.97,40.68
2,49.41,95.06,40.77
2,49.46,95.09,40.68
2,49.52,95.14,40.61
2,49.47,95.2,40.53
2,49.52,95.14,40.53
2,49.62,95.02,40.61
2,49.57,95.08,40.61
2,49.57,95.08,40.53
3,49.62,95.02,40.53
5,49.62,95.02,40.43
3,49.58,95.08,40.42
2,49.61,95.25,40.43
28,49.79,94.79,40.5
9,49.72,94.9,40.49
30,49.89,94.89,40.42
7,49.79,95.01,40.43
40,48.64,93.89,40.51
51,48.58,93.84,40.55
37,48.53,93.9,40.51
49,48.47,93.85,40.55
45,48.69,93.83,40.51
56,48.63,93.78,40.55
41,48.64,93.89,40.46
37,48.53,93.9,40.46
44,48.63,93.78,40.46
17,48.06,94.22,40.51
77,49.69,94.08,40.43
104,49.13,93.79,40.4
103,49.19,93.84,40.4
107,49.3,93.83,40.4
98,49.01,93.69,40.4
103,49.07,93.74,40.4
83,48.9,93.7,40.4
69,48.79,93.71,40.4
63,48.68,93.72,40.4
54,48.64,93.89,40.4
51,48.53,93.9,40.4
59,48.63,93.78,40.4
48,48.42,93.91,40.4
40,48.31,93.92,40.4
26,47.9,94.29,40.4
32,48.15,93.99,40.4
31,48.04,94,40.4
29,48.05,94.11,40.4
29,48.06,94.22,40.4
17,48,94.17,40.46
27,47.95,94.23,40.4
21,47.75,94.58,40.4
2,48.32,95.36,40.51
2,48.32,95.36,40.46
2,48.32,95.36,40.55
2,48.26,95.31,40.51
2,48.26,95.31,40.46
3,48.14,95.21,40.51
2,48.2,95.26,40.51
2,48.09,95.27,40.46
2,48.15,95.32,40.46
3,48.02,95.11,40.51
2,47.97,95.17,40.46
3,47.92,95.23,40.4
3,48.08,95.16,40.51
2,48.03,95.22,40.46
3,47.98,95.28,40.4
7,48.08,95.16,40.55
3,48.15,95.32,40.55
5,48.09,95.27,40.55
5,47.89,94.9,40.51
5,47.84,94.96,40.46
6,47.79,95.02,40.4
3,47.8,95.13,40.4
3,47.85,95.07,40.46
4,47.9,95.01,40.51
4,47.96,95.06,40.51
2,47.91,95.12,40.46
3,47.86,95.18,40.4
6,47.9,95.01,40.55
9,47.97,95.17,40.55
9,47.96,95.06,40.55
4,47.84,94.96,40.55
2,48.21,95.37,40.55
3,48.04,95.33,40.4
2,48.27,95.42,40.4
3,48.21,95.37,40.4
3,48.1,95.38,40.4
6,47.83,94.85,40.51
4,47.78,94.91,40.55
5,47.77,94.8,40.55
6,47.78,94.91,40.46
8,47.77,94.8,40.46
11,47.73,94.97,40.4
15,47.72,94.86,40.4
17,47.71,94.75,40.4
23,48.1,94.05,40.55
17,48,94.17,40.55
8,47.82,94.74,40.51
9,47.76,94.69,40.46
19,47.7,94.64,40.4
6,47.76,94.69,40.55
15,47.9,94.29,40.46
13,47.9,94.29,40.55
16,47.95,94.23,40.46
15,47.95,94.23,40.51
15,47.89,94.18,40.55
12,47.91,94.4,40.51
11,47.85,94.35,40.55
13,47.9,94.29,40.51
13,47.85,94.35,40.46
28,47.79,94.3,40.4
10,47.86,94.57,40.51
8,47.8,94.52,40.55
11,47.8,94.52,40.46
24,47.74,94.47,40.4
11,47.85,94.46,40.51
10,47.8,94.41,40.55
12,47.8,94.41,40.46
27,47.74,94.36,40.4
9,47.81,94.63,40.51
10,47.75,94.58,40.46
7,47.75,94.58,40.55
97,49.85,94.45,40.42
86,49.75,94.52,40.48
101,49.74,94.4,40.42
84,49.68,94.46,40.47
69,49.81,94.56,40.49
44,49.69,94.57,40.53
5,49.6,94.8,40.68
10,49.65,94.74,40.61
16,49.7,94.68,40.61
16,49.59,94.69,40.61
22,49.64,94.63,40.61
47,49.56,94.64,40.67
10,49.55,94.76,40.68
3,49.56,94.86,40.76
4,49.6,94.8,40.76
7,49.57,94.76,40.75
79,49.66,94.13,40.42
76,49.6,94.19,40.47
80,49.61,94.3,40.46
77,49.58,94.36,40.53
36,49.56,94.45,40.69
68,49.53,94.38,40.62
79,49.55,94.25,40.46
72,49.5,94.31,40.51
76,49.54,94.3,40.54
76,49.51,94.3,40.62
68,49.69,94.46,40.53
88,49.76,94.35,40.43
74,49.62,94.41,40.53
85,49.67,94.36,40.47
76,49.66,94.24,40.48
45,49.63,94.52,40.61
37,49.56,94.52,40.7
36,49.6,94.59,40.68
29,49.56,94.58,40.76
71,49.63,94.41,40.61
54,49.6,94.46,40.68
48,49.6,94.5,40.68
29,49.57,94.49,40.74
56,49.69,94.46,40.61
95,49.54,94.03,40.41
83,49.49,94.09,40.46
78,49.44,94.15,40.51
84,49.45,94.12,40.57
85,49.6,94.08,40.41
78,49.55,94.14,40.46
77,49.49,94.2,40.51
74,49.52,94.2,40.54
69,49.48,94.21,40.62
2,49.48,94.98,40.76
3,49.52,94.86,40.78
3,49.45,94.9,40.77
2,49.42,95,40.78
2,49.47,94.85,40.93
3,49.49,94.79,40.86
25,49.54,94.66,40.76
34,49.57,94.46,40.75
67,49.08,93.85,40.51
76,49.13,93.79,40.46
65,49.14,93.9,40.51
73,49.19,93.84,40.46
80,49.47,94.1,40.5
76,49.38,94.1,40.51
91,49.4,94.05,40.55
106,49.48,93.98,40.41
86,49.43,94.04,40.46
75,49.31,93.94,40.46
109,49.36,93.88,40.4
82,49.37,93.99,40.51
94,49.38,93.95,40.55
108,49.47,93.87,40.41
80,49.31,93.94,40.51
93,49.42,93.93,40.46
73,49.08,93.85,40.55
82,49.3,93.83,40.46
77,49.25,93.89,40.51
74,49.14,93.9,40.55
89,49.42,94.04,40.57
96,49.39,93.95,40.57
90,49.24,93.89,40.55
98,49.34,93.89,40.55
69,48.85,93.76,40.55
76,48.96,93.75,40.55
75,49.02,93.8,40.55
77,49.07,93.74,40.46
75,49.07,93.74,40.51
75,49.01,93.69,40.51
66,48.9,93.7,40.51
56,48.79,93.71,40.51
74,48.84,93.65,40.55
67,48.73,93.66,40.55
77,49.01,93.69,40.46
67,48.9,93.7,40.46
55,48.79,93.71,40.46
48,48.68,93.72,40.46
98,49.98,94.55,40.43
77,50.04,94.43,40.43
84,50.03,94.77,40.43
23,49.96,94.77,40.54
49,49.88,94.67,40.52
35,49.75,94.62,40.54
11,49.76,94.79,40.59
75,49.7,94.2,40.48
76,49.72,94.28,40.47
77,49.72,94.07,40.42
85,49.79,94.34,40.43
76,49.73,94.18,40.42
79,49.75,94.28,40.43
28,48.32,94.03,40.51
27,48.26,93.98,40.46
33,48.2,93.93,40.4
24,48.21,94.04,40.51
34,48.26,93.98,40.55
26,48.15,93.99,40.55
22,48.15,93.99,40.46
34,48.48,93.96,40.51
46,48.42,93.91,40.55
34,48.42,93.91,40.46
31,48.37,93.97,40.51
39,48.31,93.92,40.55
29,48.31,93.92,40.46
19,48.11,94.16,40.51
20,48.05,94.11,40.55
19,48.05,94.11,40.46
20,48.1,94.05,40.51
20,48.04,94,40.46
48,48.68,93.72,40.51
62,48.62,93.67,40.55
2,46.65,113.09,45.64
3,46.85,112.95,46.27
2,44.04,112.56,48.15
2,44.73,112.56,47.52
3,45.54,115.93,46.89
2,45.05,115.93,47.52
2,43.53,113.01,48.77
2,43.53,114.71,49.4
2,43.53,113.63,49.4
2,43.53,115.21,48.77
2,43.53,114.12,48.77
2,46.21,115.93,46.89
3,46.75,115.93,46.27
5,46.85,114.88,45.65
3,46.85,115.55,46.27
2,46.85,114.4,46.27
2,45.24,112.56,47.52
2,45.84,112.56,46.89
2,46.53,112.76,46.27
3,46.72,112.56,46.89
2,46.35,112.56,47.52
2,46.21,112.76,46.89
2,46.65,113.81,45.65
2,46.85,113.76,46.27
2,51.77,127.52,40.47
3,75.63,135.57,41.93
3,77.54,137.19,42.27
3,73.72,133.94,41.7
2,71.81,132.31,41.43
2,75.29,131.78,43.9
2,79.58,140.58,42.83
3,64.47,129.32,40.91
2,69.9,130.67,41.21
3,53.67,128.94,40.53
4,55.44,128.79,40.54
2,54.55,128.32,41.28
3,57.07,127.12,40.52
2,58.2,126.15,40.57
2,57.65,126.22,41.44
2,60.6,126.03,40.6
4,60.94,129.61,40.7
2,62.52,127.63,41.7
2,52.56,124.94,41.5
2,53.64,124.93,42.8
2,52.67,125.13,42.79
2,53.81,125.13,44.03
2,52.4,124.53,41.61
2,53.11,122.22,42.83
2,53.14,123.99,42.84
2,52.36,123.2,41.69
2,46.77,125.58,41.23
2,46.82,125.78,40.79
2,47.33,125.6,40.66
2,47.26,125.56,41.17
2,47.27,125.88,40.81
2,47.29,126.01,40.67
2,46.86,126.17,40.73
4,45.05,115.93,46.9
2,44.45,115.93,47.52
2,43.53,115.21,48.14
2,43.53,114.71,48.77
3,45.24,112.56,46.27
2,44.73,112.56,46.89
2,45.23,112.76,46.89
7,46.85,112.98,44.4
6,46.72,112.56,44.38
9,46.85,113.8,44.41
13,46.85,114.85,44.41
4,46.35,112.56,45.01
3,46.65,113.1,45.02
3,46.53,112.76,45.02
8,46.85,114.41,45.03
3,46.65,113.82,45.02
12,46.85,115.52,45.02
14,46.75,115.93,45.02
7,46.65,114.82,45.02
3,45.84,112.56,45.64
3,46.21,112.76,45.64
10,46.19,115.93,45.64
2,46.39,113.11,45.65
3,46.65,114.39,45.65
5,46.65,115.4,45.64
7,46.57,115.73,45.64
2,46.13,112.95,46.27
2,45.76,112.76,46.27
6,45.53,115.93,46.27
3,46.09,115.73,46.27
3,43.53,114.11,48.14
2,47.12,114.97,41.21
2,44.18,112.76,47.52
2,43.73,113.14,48.15
2,43.73,113.69,48.77
2,44.04,112.56,46.89
3,43.53,112.99,47.52
3,43.53,113.61,48.15
4,47.54,114.79,40.44
8,47.05,114.77,40.7
2,46.8,125.61,40.67
2,46.87,125.98,40.38
2,46.83,125.56,40.37
2,48.18,125.65,40.37
2,49.03,125.63,40.36
2,47.75,125.98,40.36
3,48.22,126.21,40.36
2,50.87,126.69,40.41
3,46.89,126.3,40.37
3,49.67,94.91,40.72
3,49.78,95.01,40.6
2,49.51,95.03,40.76
2,49.56,94.97,40.76
2,49.52,94.93,40.75
2,49.62,95.02,40.68
2,49.68,95.12,40.58
3,49.69,95.12,40.43
11,49.9,94.89,40.53
4,49.8,95.01,40.51
12,49.97,94.99,40.43
4,49.91,95.11,40.43
57,50.11,94.87,40.44
78,49.69,94.06,40.48
40,48.58,93.84,40.51
53,48.52,93.79,40.55
37,48.47,93.85,40.51
48,48.41,93.8,40.55
44,48.63,93.78,40.51
58,48.57,93.73,40.55
40,48.58,93.84,40.46
37,48.47,93.85,40.46
43,48.57,93.73,40.46
16,48,94.17,40.51
101,49.53,93.92,40.42
86,49.59,93.97,40.43
79,49.65,94.02,40.43
106,49.18,93.73,40.4
106,49.24,93.78,40.4
109,49.35,93.77,40.41
87,48.95,93.64,40.4
101,49.06,93.63,40.4
105,49.12,93.68,40.4
73,48.84,93.65,40.4
67,48.73,93.66,40.4
61,48.62,93.67,40.4
55,48.58,93.84,40.4
51,48.47,93.85,40.4
58,48.57,93.73,40.4
43,48.36,93.86,40.4
35,48.25,93.87,40.4
28,47.84,94.24,40.4
32,48.09,93.94,40.4
32,47.98,93.95,40.4
30,47.99,94.06,40.4
28,48,94.17,40.4
17,47.94,94.12,40.46
29,47.89,94.18,40.4
23,47.69,94.53,40.4
2,48.27,95.42,40.55
2,48.21,95.37,40.51
2,48.21,95.37,40.46
2,48.09,95.27,40.51
2,48.15,95.32,40.51
2,48.04,95.33,40.46
2,48.1,95.38,40.46
3,47.97,95.17,40.51
2,47.92,95.23,40.46
3,47.87,95.29,40.4
3,48.03,95.22,40.51
2,47.98,95.28,40.46
3,47.93,95.34,40.4
7,48.03,95.22,40.55
2,48.1,95.38,40.55
4,48.04,95.33,40.55
4,47.84,94.96,40.51
4,47.79,95.02,40.46
5,47.74,95.08,40.4
3,47.75,95.19,40.4
2,47.8,95.13,40.46
3,47.85,95.07,40.51
3,47.91,95.12,40.51
2,47.86,95.18,40.46
3,47.81,95.24,40.4
4,47.85,95.07,40.55
7,47.92,95.23,40.55
8,47.91,95.12,40.55
3,47.79,95.02,40.55
2,48.16,95.43,40.55
3,47.99,95.39,40.4
2,48.22,95.48,40.4
2,48.16,95.43,40.4
2,48.05,95.44,40.4
5,47.78,94.91,40.51
7,47.77,94.8,40.51
3,47.73,94.97,40.55
4,47.72,94.86,40.55
5,47.71,94.75,40.55
5,47.73,94.97,40.46
7,47.72,94.86,40.46
8,47.71,94.75,40.46
10,47.68,95.03,40.4
14,47.67,94.92,40.4
16,47.66,94.81,40.4
18,47.65,94.7,40.4
21,48.04,94,40.55
17,47.94,94.12,40.55
8,47.76,94.69,40.51
9,47.7,94.64,40.46
22,47.64,94.59,40.4
6,47.7,94.64,40.55
15,47.84,94.24,40.46
13,47.84,94.24,40.55
16,47.89,94.18,40.46
15,47.89,94.18,40.51
15,47.83,94.13,40.55
12,47.85,94.35,40.51
11,47.79,94.3,40.55
14,47.84,94.24,40.51
14,47.79,94.3,40.46
30,47.73,94.25,40.4
10,47.8,94.52,40.51
8,47.74,94.47,40.55
11,47.74,94.47,40.46
27,47.69,94.42,40.4
11,47.8,94.41,40.51
10,47.74,94.36,40.55
13,47.74,94.36,40.46
30,47.68,94.31,40.4
8,47.75,94.58,40.51
10,47.69,94.53,40.46
7,47.69,94.53,40.55
75,49.96,94.33,40.42
80,49.87,94.45,40.49
87,49.73,94.4,40.47
54,49.8,94.56,40.54
64,49.74,94.51,40.53
25,49.75,94.62,40.61
38,49.81,94.56,40.61
45,49.75,94.51,40.61
32,49.7,94.57,40.61
3,49.6,94.82,40.84
12,49.65,94.69,40.72
78,49.68,94.07,40.49
76,49.65,94.13,40.47
74,49.61,94.19,40.53
75,49.62,94.3,40.53
70,49.58,94.36,40.61
54,49.54,94.37,40.69
74,49.56,94.25,40.53
73,49.5,94.26,40.63
60,49.52,94.31,40.68
71,49.54,94.3,40.6
78,49.74,94.4,40.53
81,49.75,94.35,40.48
75,49.69,94.18,40.48
77,49.68,94.35,40.53
78,49.71,94.3,40.48
74,49.67,94.24,40.53
69,49.68,94.35,40.61
64,49.74,94.4,40.61
22,49.61,94.58,40.74
38,49.64,94.52,40.68
30,49.58,94.52,40.77
56,49.63,94.41,40.68
36,49.61,94.46,40.74
45,49.69,94.46,40.68
80,49.53,94.03,40.46
76,49.49,94.09,40.53
63,49.45,94.12,40.62
76,49.59,94.08,40.47
74,49.54,94.14,40.53
68,49.52,94.2,40.6
56,49.49,94.21,40.68
85,49.61,93.91,40.43
79,49.58,93.98,40.48
77,49.64,94.03,40.48
107,49.52,93.81,40.43
2,49.5,94.92,40.78
2,49.48,95.01,40.78
2,49.55,94.87,40.93
2,49.56,94.82,40.88
2,49.43,94.97,40.88
2,49.48,94.84,41.05
7,49.54,94.66,40.88
45,49.58,94.52,40.86
62,49.57,94.42,40.78
30,49.59,94.48,40.79
73,49.13,93.79,40.51
82,49.18,93.73,40.46
74,49.19,93.84,40.51
81,49.24,93.78,40.46
86,49.52,93.92,40.47
87,49.48,93.98,40.46
84,49.42,94.04,40.51
83,49.45,94.03,40.54
109,49.41,93.82,40.41
87,49.36,93.88,40.46
96,49.47,93.87,40.46
89,49.41,93.94,40.51
88,49.36,93.88,40.51
90,49.43,93.93,40.54
81,49.12,93.79,40.55
91,49.35,93.77,40.46
85,49.3,93.83,40.51
83,49.18,93.84,40.55
68,49.42,94.03,40.62
99,49.37,93.88,40.57
80,49.39,93.95,40.62
98,49.29,93.84,40.55
98,49.35,93.84,40.55
76,48.9,93.7,40.55
82,49,93.69,40.55
81,49.06,93.74,40.55
84,49.12,93.68,40.46
81,49.12,93.68,40.51
81,49.06,93.63,40.51
72,48.95,93.64,40.51
80,48.89,93.59,40.55
61,48.84,93.65,40.51
53,48.73,93.66,40.51
72,48.78,93.6,40.55
66,48.67,93.61,40.55
83,49.06,93.63,40.46
73,48.95,93.64,40.46
61,48.84,93.65,40.46
52,48.73,93.66,40.46
47,48.62,93.67,40.46
78,48.89,93.59,40.4
94,50.1,94.65,40.44
66,49.98,94.55,40.53
74,50.11,94.42,40.43
67,50.04,94.43,40.54
23,50.03,94.77,40.57
12,49.94,94.77,40.62
6,49.87,94.89,40.61
25,49.86,94.67,40.6
6,49.77,94.79,40.72
79,49.73,94.07,40.49
78,49.8,94.33,40.49
76,49.74,94.19,40.48
76,49.75,94.28,40.48
76,49.77,94.12,40.42
77,49.76,94.01,40.42
75,49.83,94.23,40.42
26,48.26,93.98,40.51
25,48.2,93.93,40.46
33,48.14,93.88,40.4
22,48.15,93.99,40.51
30,48.2,93.93,40.55
24,48.09,93.94,40.55
21,48.09,93.94,40.46
34,48.42,93.91,40.51
44,48.36,93.86,40.55
32,48.36,93.86,40.46
29,48.31,93.92,40.51
34,48.25,93.87,40.55
27,48.25,93.87,40.46
18,48.05,94.11,40.51
19,47.99,94.06,40.55
18,47.99,94.06,40.46
19,48.04,94,40.51
20,47.98,93.95,40.46
48,48.62,93.67,40.51
60,48.56,93.62,40.55
2,46.65,113.09,46.27
2,46.85,112.95,46.9
2,44.04,112.56,48.77
2,44.73,112.56,48.14
2,44.79,112.76,47.52
3,45.5,115.73,46.89
2,45.54,115.93,47.52
2,45.06,115.73,47.52
2,44.04,113.29,48.15
2,43.73,113.15,48.77
2,43.53,113.01,49.39
2,43.53,115.22,49.4
2,43.53,114.12,49.4
2,43.73,114.66,49.4
2,43.73,113.69,49.4
2,43.73,115.1,48.77
2,43.9,113.72,48.77
2,43.73,114.13,48.77
2,46.09,115.73,46.9
3,46.57,115.73,46.27
3,46.65,114.83,45.65
2,46.65,115.4,46.27
2,46.85,114.89,46.27
2,46.65,114.39,46.27
2,46.85,114.39,46.89
2,45.24,112.56,48.14
2,45.84,112.56,47.52
2,45.76,112.76,46.89
2,46.39,113.11,46.27
2,46.53,112.76,46.89
2,46.72,112.56,47.52
2,46.35,112.56,48.15
2,46.13,112.95,46.9
2,46.21,112.76,47.52
2,46.43,113.87,45.65
2,46.65,113.8,46.27
2,46.85,113.76,46.89
3,50.98,128.26,40.54
2,51.83,127.65,41.18
3,52.71,128.38,40.51
3,75.62,135.42,42.92
3,77.53,137.04,43.26
3,73.7,133.81,42.69
5,74.01,137.51,42.15
5,75.92,139.15,42.45
5,72.11,135.88,41.94
2,71.79,132.19,42.43
4,70.2,134.26,41.65
2,73.68,133.68,43.99
3,76.23,144.5,43.48
3,75.61,135.29,44.11
2,79.59,140.41,43.81
3,77.45,136.71,44.21
6,61.27,133.23,41.04
2,67.96,128.95,42.02
3,64.43,129.24,41.91
4,66.39,130.97,41.14
5,62.87,131.27,40.98
4,68.3,132.63,41.38
2,69.88,130.57,42.21
3,53.75,129.57,40.56
2,53.72,128.98,41.4
4,56.27,128.1,40.53
3,55.52,129.41,40.57
3,55.49,128.82,41.43
2,54.56,128.18,41.93
4,58.99,127.93,40.58
2,57.14,127.17,41.37
2,58.25,126.18,41.52
2,56.97,127.1,41.99
6,59.33,131.56,40.68
3,60.91,129.55,41.7
8,47.08,113.77,40.74
6,47.12,114.33,43.25
2,52.57,124.93,42.8
2,53.64,124.93,44.06
2,51.31,125.14,43.07
2,52.65,125.13,44.07
2,52.4,124.57,42.86
2,52.33,123.16,42.86
2,46.28,125.41,41.85
2,46.73,125.55,41.87
2,46.37,125.6,41.21
2,46.81,125.74,41.33
2,46.4,125.92,40.83
2,48.17,125.6,40.65
2,46.85,126.1,40.87
2,47.27,125.89,41.28
2,47.78,126.08,40.87
2,48.18,125.92,40.63
2,49.05,125.89,40.62
2,47.75,126.22,40.72
2,48.22,126.39,40.75
2,50.9,126.88,40.95
2,46.88,126.43,40.79
2,46.41,126.07,40.71
2,43.83,115.93,47.84
7,45.05,115.93,46.27
4,44.45,115.93,46.9
3,45.06,115.73,46.9
2,44.53,115.73,47.52
2,43.73,115.52,48.77
2,43.73,115.1,48.14
2,43.73,114.66,48.77
2,43.53,115.68,47.83
2,43.53,115.21,47.52
2,43.53,114.7,48.14
3,45.24,112.56,45.64
2,44.73,112.56,46.27
2,45.23,112.76,46.27
2,44.79,112.76,46.89
12,47.11,114.31,42.91
8,46.85,112.97,43.77
6,46.72,112.56,43.75
13,46.85,113.79,43.82
17,46.85,114.85,43.81
5,46.35,112.56,44.38
5,46.65,113.1,44.4
5,46.53,112.76,44.39
11,46.85,114.4,44.42
6,46.65,113.82,44.4
16,46.85,115.51,44.4
19,46.74,115.93,44.39
11,46.65,114.81,44.4
3,45.84,112.56,45.01
3,46.21,112.76,45.02
16,46.18,115.93,45.02
2,46.39,113.11,45.02
2,46.43,113.87,45.02
5,46.65,114.39,45.02
5,46.45,114.81,45.02
10,46.65,115.39,45.02
13,46.57,115.73,45.02
2,46.13,112.95,45.65
2,45.76,112.76,45.64
12,45.52,115.93,45.65
8,46.08,115.73,45.64
3,46.3,115.25,45.65
2,45.72,113.15,46.27
2,45.98,115.51,46.27
5,45.5,115.73,46.27
2,44.31,113,46.9
2,44.04,113.29,47.52
2,43.9,113.72,48.15
2,43.73,114.13,48.14
3,43.53,114.1,47.52
2,47.09,113.78,42.45
3,47.12,114.95,41.91
5,47.61,114.74,40.59
4,47.25,114.84,40.75
8,47.28,114.84,41.25
19,47.04,114.76,41.23
19,47.11,114.66,40.77
2,44.18,112.76,46.89
2,43.73,113.14,47.52
2,43.73,113.68,48.15
3,44.05,112.56,46.27
3,43.53,113,46.89
3,43.53,113.6,47.52
26,47.12,114.29,40.52
44,46.94,114.77,40.66
28,47.1,114.28,40.42
9,46.97,113.77,40.66
49,46.87,115.03,40.66
4,46.87,113.48,40.65
2,46.4,125.61,40.68
2,45.83,125.41,41.21
2,46.4,125.79,40.39
3,46.95,127.12,40.43
2,48.64,125.89,40.36
2,49.86,125.79,40.36
2,50.08,126.24,40.37
3,47.36,126.57,40.39
3,48.25,126.54,40.38
3,50.09,127.72,40.49
2,47.41,127.38,40.45
3,46.48,126.69,40.39
5,48.55,95.5,44.72
5,48.59,95.48,44.74
2,49.67,94.91,40.88
2,49.88,95.1,40.62
2,49.79,95.01,40.72
2,49.71,95.14,40.5
2,49.81,95.23,40.43
3,49.95,94.99,40.63
5,49.97,94.99,40.56
3,49.91,95.11,40.55
12,50.11,94.87,40.6
90,50.21,94.75,40.45
13,50.05,94.98,40.44
2,50.03,95.21,40.44
38,50.23,94.97,40.45
78,49.66,94.02,40.48
40,48.52,93.79,40.51
53,48.46,93.74,40.55
35,48.41,93.8,40.51
42,48.35,93.75,40.55
44,48.57,93.73,40.51
57,48.51,93.68,40.55
40,48.52,93.79,40.46
35,48.41,93.8,40.46
41,48.51,93.68,40.46
16,47.94,94.12,40.51
97,49.58,93.86,40.43
82,49.65,93.91,40.43
78,49.69,93.96,40.42
109,49.23,93.67,40.4
109,49.29,93.72,40.4
109,49.4,93.71,40.42
110,49.46,93.76,40.42
109,49.57,93.75,40.43
91,49,93.58,40.4
102,49.11,93.57,40.41
107,49.17,93.62,40.4
70,48.78,93.6,40.4
64,48.67,93.61,40.4
54,48.56,93.62,40.4
55,48.52,93.79,40.4
46,48.41,93.8,40.4
52,48.51,93.68,40.4
37,48.3,93.81,40.4
34,48.19,93.82,40.4
31,47.78,94.19,40.4
32,48.03,93.89,40.4
33,47.92,93.9,40.4
31,47.93,94.01,40.4
29,47.94,94.12,40.4
18,47.88,94.07,40.46
31,47.83,94.13,40.4
27,47.63,94.48,40.4
2,48.04,95.33,40.51
2,48.1,95.38,40.51
2,47.92,95.23,40.51
2,47.87,95.29,40.46
2,47.82,95.35,40.4
2,47.98,95.28,40.51
2,47.88,95.4,40.4
6,47.98,95.28,40.55
2,48.05,95.43,40.55
2,47.99,95.38,40.55
8,47.63,95.09,40.4
3,47.79,95.02,40.51
3,47.74,95.08,40.46
4,47.69,95.14,40.4
2,47.7,95.25,40.4
2,47.75,95.19,40.46
2,47.8,95.13,40.51
2,47.86,95.18,40.51
2,47.81,95.24,40.46
2,47.76,95.3,40.4
3,47.8,95.13,40.55
5,47.87,95.28,40.55
5,47.86,95.18,40.55
2,47.74,95.08,40.55
2,47.94,95.45,40.4
2,48.11,95.49,40.4
2,48,95.5,40.4
3,48.41,95.55,44.68
4,48.51,95.53,44.7
4,48.51,95.55,44.69
3,48.46,95.57,44.67
4,48.5,95.48,44.74
4,48.46,95.5,44.72
3,48.41,95.53,44.7
3,48.4,95.48,44.74
3,48.35,95.51,44.72
3,48.29,95.49,44.73
6,48.59,95.45,44.75
4,47.73,94.97,40.51
6,47.72,94.86,40.51
7,47.71,94.75,40.51
3,47.68,95.03,40.55
4,47.67,94.92,40.55
4,47.66,94.81,40.55
5,47.65,94.7,40.55
4,47.68,95.03,40.46
6,47.67,94.92,40.46
7,47.66,94.81,40.46
8,47.65,94.7,40.46
13,47.62,94.98,40.4
15,47.61,94.87,40.4
17,47.6,94.76,40.4
21,47.59,94.65,40.4
21,47.98,93.95,40.55
17,47.88,94.07,40.55
7,47.7,94.64,40.51
9,47.64,94.59,40.46
26,47.58,94.53,40.4
6,47.64,94.59,40.55
6,48.63,95.42,44.76
16,47.78,94.19,40.46
13,47.78,94.19,40.55
17,47.83,94.13,40.46
15,47.83,94.13,40.51
15,47.77,94.08,40.55
12,47.79,94.3,40.51
11,47.73,94.25,40.55
14,47.78,94.19,40.51
15,47.73,94.25,40.46
33,47.67,94.2,40.4
10,47.74,94.47,40.51
8,47.69,94.42,40.55
12,47.69,94.42,40.46
30,47.63,94.37,40.4
11,47.74,94.36,40.51
10,47.68,94.31,40.55
14,47.68,94.31,40.46
33,47.62,94.26,40.4
8,47.69,94.53,40.51
11,47.63,94.48,40.46
7,47.63,94.48,40.55
78,50.02,94.21,40.43
72,49.96,94.32,40.52
63,49.84,94.45,40.58
24,49.75,94.57,40.72
6,49.67,94.7,40.87
80,49.7,94.07,40.53
76,49.66,94.13,40.53
74,49.61,94.19,40.61
69,49.62,94.3,40.61
62,49.58,94.36,40.68
70,49.55,94.37,40.76
72,49.67,94.24,40.61
65,49.55,94.3,40.66
69,49.56,94.25,40.61
55,49.51,94.26,40.7
80,49.76,94.12,40.54
76,49.78,94.34,40.53
76,49.71,94.18,40.53
74,49.73,94.29,40.53
70,49.73,94.29,40.61
68,49.79,94.34,40.61
60,49.68,94.35,40.68
53,49.74,94.4,40.68
37,49.69,94.46,40.76
50,49.63,94.41,40.76
28,49.64,94.52,40.76
76,49.54,94.03,40.53
69,49.49,94.09,40.61
70,49.45,94.1,40.7
76,49.6,94.08,40.53
66,49.52,94.2,40.67
73,49.54,94.14,40.61
67,49.48,94.17,40.71
82,49.6,93.91,40.49
78,49.59,93.97,40.53
80,49.65,94.02,40.53
97,49.51,93.82,40.48
87,49.57,93.87,40.48
5,49.61,94.68,40.91
21,49.65,94.51,40.88
2,49.52,94.72,41.07
3,49.53,94.66,41.02
18,49.57,94.55,40.91
72,49.58,94.44,40.87
78,49.5,94.22,40.78
70,49.52,94.26,40.77
80,49.18,93.73,40.51
91,49.23,93.67,40.46
81,49.24,93.78,40.51
90,49.29,93.72,40.46
98,49.39,93.71,40.47
82,49.53,93.92,40.53
82,49.48,93.98,40.53
70,49.45,94.03,40.6
103,49.42,93.65,40.47
102,49.45,93.77,40.47
96,49.41,93.82,40.46
92,49.38,93.83,40.5
92,49.47,93.87,40.53
97,49.4,93.87,40.54
80,49.43,93.93,40.61
86,49.17,93.74,40.55
91,49.34,93.77,40.51
90,49.23,93.79,40.55
81,49.48,94.16,40.77
82,49.46,94.1,40.76
64,49.43,94.04,40.68
100,49.35,93.84,40.57
92,49.37,93.88,40.62
92,49.4,93.94,40.69
98,49.37,93.77,40.54
97,49.35,93.74,40.54
98,49.32,93.79,40.55
100,49.34,93.79,40.57
82,48.95,93.64,40.55
87,49.05,93.64,40.55
86,49.11,93.69,40.55
90,49.11,93.57,40.46
85,49.1,93.58,40.51
91,49.17,93.62,40.46
86,49.16,93.63,40.51
78,49,93.58,40.51
81,48.93,93.54,40.55
67,48.89,93.59,40.51
75,48.83,93.54,40.55
58,48.78,93.6,40.51
51,48.67,93.61,40.51
69,48.72,93.55,40.55
63,48.61,93.56,40.55
79,49,93.58,40.46
82,48.94,93.53,40.4
66,48.89,93.59,40.46
57,48.78,93.6,40.46
50,48.67,93.61,40.46
44,48.56,93.62,40.46
73,48.83,93.54,40.4
75,50.19,94.53,40.44
76,50.18,94.31,40.44
48,49.95,94.53,40.61
42,50.1,94.65,40.58
65,50.11,94.42,40.56
59,50.02,94.43,40.62
8,49.99,94.77,40.72
4,49.89,94.89,40.72
14,49.87,94.67,40.72
3,49.77,94.79,40.88
79,49.77,94.12,40.49
82,49.76,94.01,40.49
76,49.84,94.22,40.5
77,49.82,94.06,40.42
80,49.79,93.95,40.42
79,49.93,94.11,40.43
24,48.2,93.93,40.51
23,48.14,93.88,40.46
33,48.08,93.83,40.4
21,48.09,93.94,40.51
27,48.14,93.88,40.55
23,48.03,93.89,40.55
21,48.03,93.89,40.46
32,48.36,93.86,40.51
38,48.3,93.81,40.55
29,48.3,93.81,40.46
26,48.25,93.87,40.51
30,48.19,93.82,40.55
25,48.19,93.82,40.46
17,47.99,94.06,40.51
19,47.93,94.01,40.55
19,47.93,94.01,40.46
19,47.98,93.95,40.51
20,47.92,93.9,40.46
45,48.56,93.62,40.51
54,48.5,93.57,40.55
2,46.65,113.09,46.9
2,46.85,112.96,47.52
2,45.5,115.73,47.52
2,45.05,115.53,47.52
2,43.73,113.15,49.39
2,43.73,115.1,49.4
2,43.92,114.61,49.4
2,43.9,113.72,49.4
2,43.73,114.13,49.4
2,44.14,115.02,48.77
2,44.09,114.14,48.77
2,46.45,114.81,45.65
2,46.3,115.25,46.27
2,46.65,114.83,46.27
2,45.84,112.56,48.14
2,45.76,112.76,47.52
2,46.39,113.11,46.9
2,46.53,112.76,47.52
2,46.72,112.56,48.15
2,46.35,112.56,48.77
2,46.21,112.76,48.15
2,46.65,113.81,46.89
2,46.85,113.78,47.52
2,52.1,100.23,63.92
2,51.85,100.16,64.3
2,51.01,128.33,41.43
3,51.03,128.88,40.57
2,52.77,128.47,41.33
3,51.95,129.42,40.57
7,59.65,135.21,41.27
4,74.01,137.35,43.14
5,75.92,138.98,43.43
4,72.1,135.73,42.93
7,70.49,137.84,42.25
6,72.45,140.09,42.59
6,68.59,136.21,41.97
2,71.77,132.09,43.86
4,70.18,134.12,42.64
2,72.65,148.65,44.41
3,72.08,135.58,44.11
2,73.69,133.73,45.96
3,74.01,137.19,44.22
4,75.63,138.57,44.25
6,72.6,142.47,43.06
3,76.32,144.24,44.42
2,75.61,135.34,45.96
2,79.59,140.25,47.06
3,77.53,136.97,45.89
7,65.08,136.53,42.06
7,63.18,134.9,41.6
4,61.23,133.11,42.03
6,66.69,134.58,41.65
3,66.35,130.87,42.14
4,62.83,131.18,41.97
6,64.79,132.93,41.33
4,68.27,132.51,42.37
2,69.86,130.49,43.75
3,52.94,130.26,40.58
3,53.92,131.1,40.58
2,53.74,128.84,42
3,54.71,130.11,40.58
2,53.78,129.58,41.51
5,57.37,129.89,40.57
3,56.33,128.15,41.38
3,55.55,129.42,41.52
2,54.59,128.33,42.8
3,55.5,128.68,42.03
3,56.22,127.99,41.99
2,59,127.92,41.55
6,57.72,133.55,40.85
4,59.31,131.48,41.68
8,58.03,137.19,41.75
4,47.07,113.78,41.23
11,47.16,113.89,40.8
2,47.11,113.51,40.65
13,47.29,114.02,40.85
6,47.13,113.52,42.71
7,47.3,114.32,43.17
2,47.13,113.7,43.25
2,50.96,124.99,42.5
2,51.22,124.95,43.02
2,52.55,124.93,44.07
2,50.96,125.13,44.14
2,48.02,125.14,43.91
2,52.48,124.56,44.08
2,51.46,124.09,42.88
2,45.86,125.41,41.87
2,45.83,125.76,40.76
2,45.81,125.58,41.24
2,46.28,125.41,42.54
2,46.33,125.59,41.88
2,46.81,125.72,41.9
2,45.99,126.16,40.89
2,46.4,125.97,41.27
2,48.18,125.85,40.8
2,49.04,125.84,40.8
2,48.22,126.4,40.96
2,46.87,126.31,41.28
2,47.75,126.21,41.27
2,46.95,127.18,41.03
2,48.64,126.15,40.68
2,49.83,126.07,40.67
2,50.08,126.43,40.78
2,47.35,126.69,40.87
2,48.25,126.69,40.85
2,50.1,127.81,41.27
2,47.41,127.43,41.12
2,45.84,125.78,41.27
2,46.47,126.78,40.89
2,46.02,126.23,40.75
13,45.05,115.93,45.64
9,43.96,115.93,45.64
2,43.96,115.45,48.77
4,43.83,115.93,46.58
2,43.99,115.73,47.83
7,44.47,115.93,46.27
6,45.06,115.73,46.27
2,45.05,115.53,46.9
3,44.53,115.73,46.9
2,44.59,115.37,47.52
2,44.14,115.02,48.15
2,43.92,114.61,48.77
2,43.73,115.52,47.83
2,43.73,115.1,47.52
2,43.73,114.65,48.14
3,43.53,115.67,46.58
3,43.53,115.19,46.89
3,43.53,114.7,47.52
2,44.09,114.14,48.15
2,45.24,112.56,45.01
2,44.73,112.56,45.64
2,45.23,112.76,45.64
2,45.24,112.97,46.27
2,44.79,112.76,46.27
6,47.46,114.3,43.09
3,47.05,113.78,42.64
5,47.28,114.82,42.57
9,47.04,114.76,42.55
11,47.25,114.3,42.79
14,47.02,114.3,42.82
5,46.85,112.97,43.15
3,46.72,112.56,43.1
11,46.85,113.81,43.23
21,46.85,114.82,43.22
5,46.35,112.56,43.75
7,46.65,113.1,43.77
6,46.53,112.76,43.76
15,46.85,114.4,43.82
10,46.65,113.81,43.79
20,46.85,115.52,43.79
22,46.73,115.93,43.77
14,46.65,114.82,43.79
3,45.84,112.56,44.38
4,46.21,112.76,44.39
19,46.17,115.93,44.4
4,46.39,113.11,44.4
3,46.43,113.87,44.39
8,46.65,114.39,44.4
8,46.45,114.81,44.4
15,46.65,115.39,44.4
17,46.56,115.73,44.39
2,46.13,112.95,45.02
3,45.76,112.76,45.02
17,45.51,115.93,45.02
13,46.08,115.73,45.02
2,46.16,113.51,45.02
6,46.3,115.25,45.02
2,46.24,114.39,45.02
2,45.72,113.15,45.65
5,45.98,115.51,45.65
9,45.49,115.73,45.65
2,45.87,114.87,45.65
2,45.47,115.32,46.27
2,44.31,113,46.27
2,44.04,113.29,46.9
2,43.9,113.72,47.52
2,43.73,114.12,47.52
3,43.53,114.11,46.9
4,47.19,113.91,42.38
2,47.07,113.78,41.92
7,47.28,114.83,41.89
14,47.04,114.76,41.93
5,46.95,113.78,41.23
3,47.66,114.71,41.27
5,47.61,114.68,40.81
26,47.1,114.63,41.26
37,46.92,114.76,41.23
40,46.86,114.98,41.22
2,46.86,113.54,41.23
5,46.72,113.61,40.75
14,46.94,113.88,40.73
24,47.14,114.3,40.76
44,46.89,114.67,40.73
48,46.74,114.91,40.74
2,44.18,112.76,46.27
3,43.73,113.15,46.89
2,43.73,113.68,47.52
3,44.05,112.56,45.64
3,43.53,113.02,46.27
3,43.53,113.62,46.9
50,46.6,114.83,40.56
24,46.8,114.07,40.52
45,46.81,114.55,40.52
17,46.51,113.9,40.55
5,46.66,113.56,40.57
53,46.86,115.57,40.63
63,46.74,115.93,40.58
54,46.67,114.88,40.43
26,46.78,114.06,40.42
47,46.82,114.58,40.42
16,46.55,113.86,40.43
2,46.77,113.46,40.43
2,45.82,125.57,40.67
2,45.26,125.39,41.25
2,45.86,125.4,40.56
2,46.02,126.1,40.4
2,45.9,125.6,40.36
2,46.54,127.49,40.45
3,47.83,126.98,40.42
3,49.14,126.85,40.41
2,49.26,128.45,40.54
2,47.44,127.7,40.48
3,46.01,126.43,40.38
3,46.08,127.25,40.42
2,49.31,129.06,40.58
5,48.56,95.61,44.89
5,48.6,95.52,44.71
6,48.64,95.5,44.72
5,48.61,95.57,44.92
5,48.6,95.55,44.69
6,48.68,95.46,44.74
2,54.52,112.59,43.74
2,54.52,112.59,44.38
2,49.91,95.11,40.72
2,49.82,95.23,40.54
5,50.1,94.87,40.74
3,50,94.99,40.73
25,50.21,94.75,40.62
6,50.05,94.98,40.58
2,50.03,95.21,40.6
8,50.23,94.97,40.64
77,50.31,94.63,40.45
82,50.4,94.73,40.46
87,50.33,94.85,40.46
19,50.31,95.07,40.46
7,50.13,95.09,40.45
82,49.66,93.91,40.49
81,49.7,93.96,40.49
107,49.58,93.74,40.49
39,48.46,93.74,40.51
47,48.4,93.69,40.55
32,48.35,93.75,40.51
37,48.29,93.7,40.55
42,48.51,93.68,40.51
50,48.45,93.63,40.55
38,48.46,93.74,40.46
32,48.35,93.75,40.46
37,48.45,93.63,40.46
16,47.88,94.07,40.51
97,49.63,93.8,40.43
85,49.68,93.85,40.42
82,49.75,93.9,40.42
109,49.28,93.61,40.41
109,49.43,93.65,40.43
109,49.34,93.66,40.41
110,49.47,93.65,40.43
111,49.51,93.7,40.43
111,49.62,93.69,40.42
93,49.05,93.52,40.41
102,49.16,93.51,40.41
108,49.22,93.56,40.41
84,48.99,93.47,40.41
66,48.72,93.55,40.4
57,48.61,93.56,40.4
47,48.5,93.57,40.4
49,48.46,93.74,40.4
40,48.35,93.75,40.4
44,48.45,93.63,40.4
35,48.24,93.76,40.4
34,48.13,93.77,40.4
33,47.72,94.14,40.4
33,47.97,93.84,40.4
34,47.86,93.85,40.4
33,47.87,93.96,40.4
31,47.88,94.07,40.4
18,47.82,94.02,40.46
33,47.77,94.08,40.4
30,47.57,94.42,40.4
11,47.57,95.04,40.4
2,47.87,95.29,40.51
2,47.77,95.41,40.4
2,47.93,95.34,40.51
2,47.83,95.46,40.4
4,47.93,95.33,40.55
3,47.63,95.09,40.46
7,47.58,95.15,40.4
3,47.74,95.08,40.51
2,47.69,95.14,40.46
4,47.64,95.2,40.4
2,47.65,95.31,40.4
2,47.7,95.25,40.46
2,47.75,95.19,40.51
2,47.81,95.24,40.51
2,47.71,95.36,40.4
2,47.75,95.19,40.55
2,47.82,95.34,40.55
3,47.81,95.23,40.55
2,47.69,95.13,40.55
2,47.63,95.08,40.55
2,47.89,95.51,40.4
2,48.06,95.55,40.4
2,47.95,95.56,40.4
4,48.41,95.68,44.84
3,48.36,95.58,44.66
3,48.3,95.56,44.68
3,48.3,95.53,44.7
2,48.19,95.49,44.73
2,48.24,95.51,44.71
3,48.42,95.62,44.63
6,48.69,95.6,44.64
4,48.52,95.62,44.63
4,48.52,95.65,44.87
4,48.52,95.68,44.84
4,48.56,95.57,44.67
4,48.51,95.59,44.65
4,48.47,95.71,44.82
3,48.42,95.6,44.65
3,48.37,95.64,44.61
3,48.37,95.63,44.62
5,48.55,95.43,44.77
4,48.5,95.46,44.75
5,48.51,95.58,44.91
5,48.49,95.4,44.78
4,48.45,95.44,44.76
4,48.46,95.62,44.89
4,48.41,95.65,44.86
3,48.4,95.46,44.75
4,48.4,95.59,44.91
4,48.35,95.62,44.88
3,48.33,95.39,44.78
4,48.44,95.38,44.78
3,48.39,95.41,44.78
3,48.28,95.41,44.77
3,48.23,95.45,44.76
3,48.34,95.44,44.76
3,48.29,95.47,44.75
3,48.29,95.59,44.91
6,48.61,95.54,44.94
2,48.18,95.47,44.75
2,48.12,95.38,44.78
3,48.22,95.39,44.78
3,48.18,95.42,44.77
2,48.13,95.45,44.76
4,47.68,95.03,40.51
5,47.67,94.92,40.51
6,47.66,94.81,40.51
6,47.65,94.7,40.51
3,47.62,94.98,40.55
3,47.61,94.87,40.55
4,47.6,94.76,40.55
5,47.59,94.65,40.55
5,47.62,94.98,40.46
6,47.61,94.87,40.46
7,47.6,94.76,40.46
8,47.59,94.65,40.46
13,47.51,94.98,40.4
14,47.56,94.93,40.4
16,47.55,94.81,40.4
20,47.54,94.7,40.4
26,47.53,94.59,40.4
20,47.92,93.9,40.55
17,47.82,94.02,40.55
7,47.64,94.59,40.51
10,47.58,94.53,40.46
30,47.52,94.48,40.4
6,47.58,94.53,40.55
6,48.59,95.39,44.78
5,48.54,95.37,44.79
6,48.63,95.34,44.79
6,48.67,95.44,44.75
7,48.72,95.4,44.76
7,48.67,95.37,44.78
6,48.66,95.5,44.95
17,47.72,94.14,40.46
13,47.72,94.14,40.55
18,47.77,94.08,40.46
16,47.77,94.08,40.51
14,47.71,94.03,40.55
13,47.73,94.25,40.51
11,47.67,94.2,40.55
15,47.72,94.14,40.51
16,47.67,94.2,40.46
36,47.61,94.14,40.4
10,47.69,94.42,40.51
8,47.63,94.37,40.55
13,47.63,94.37,40.46
33,47.57,94.31,40.4
12,47.68,94.31,40.51
10,47.62,94.26,40.55
15,47.62,94.26,40.46
36,47.56,94.2,40.4
9,47.63,94.48,40.51
12,47.57,94.42,40.46
7,47.57,94.42,40.55
80,50.09,94.2,40.44
79,50.02,94.21,40.55
69,49.94,94.33,40.6
42,49.85,94.45,40.72
3,49.71,94.69,41
13,49.75,94.57,40.88
84,49.75,94.02,40.54
85,49.71,94.07,40.61
83,49.77,94.12,40.61
80,49.66,94.13,40.61
78,49.72,94.18,40.61
77,49.6,94.19,40.69
64,49.6,94.36,40.74
65,49.62,94.3,40.68
73,49.54,94.32,40.78
72,49.67,94.24,40.68
68,49.56,94.25,40.68
85,49.81,94.07,40.55
76,49.82,94.23,40.59
66,49.73,94.29,40.68
61,49.79,94.34,40.68
64,49.73,94.29,40.76
56,49.79,94.34,40.76
55,49.67,94.35,40.76
46,49.74,94.4,40.76
36,49.68,94.46,40.85
77,49.54,94.03,40.61
77,49.5,94.08,40.68
84,49.59,93.97,40.61
85,49.65,94.02,40.61
80,49.6,94.08,40.61
78,49.55,94.14,40.68
82,49.63,93.91,40.53
88,49.78,93.95,40.56
83,49.69,93.96,40.54
99,49.56,93.75,40.54
91,49.62,93.81,40.54
95,49.52,93.81,40.53
85,49.58,93.86,40.53
2,49.63,94.75,41.07
3,49.64,94.68,41.02
10,49.65,94.56,40.92
54,49.65,94.44,40.9
77,49.55,94.2,40.78
72,49.56,94.24,40.77
3,49.53,94.72,41.2
33,49.57,94.55,41.04
35,49.58,94.55,41.17
78,49.58,94.47,40.98
81,49.55,94.37,40.91
82,49.52,94.27,40.88
102,49.38,93.61,40.47
96,49.28,93.61,40.46
86,49.22,93.68,40.51
96,49.34,93.66,40.46
87,49.29,93.72,40.51
100,49.4,93.71,40.53
83,49.53,93.92,40.61
74,49.48,93.98,40.61
65,49.46,94.03,40.66
104,49.45,93.65,40.53
105,49.51,93.7,40.53
102,49.46,93.76,40.53
97,49.41,93.82,40.53
88,49.47,93.87,40.61
92,49.44,93.92,40.67
89,49.4,93.87,40.6
82,49.53,94.15,40.78
83,49.51,94.09,40.76
91,49.24,93.65,40.54
89,49.21,93.7,40.55
94,49.26,93.74,40.55
94,49.3,93.7,40.54
81,49.48,94.16,40.85
84,49.45,94.06,40.78
85,49.42,94,40.71
98,49.36,93.84,40.62
93,49.38,93.88,40.68
84,49.41,93.93,40.75
99,49.32,93.76,40.57
102,49.36,93.76,40.61
102,49.34,93.79,40.62
101,49.32,93.56,40.47
86,48.99,93.59,40.55
81,48.96,93.51,40.55
89,49.08,93.6,40.55
89,49.15,93.65,40.55
78,48.99,93.47,40.46
84,49.05,93.52,40.46
81,49.04,93.53,40.51
94,49.16,93.51,40.47
90,49.12,93.55,40.54
96,49.22,93.56,40.46
90,49.18,93.6,40.54
72,48.94,93.53,40.51
74,48.87,93.49,40.55
62,48.83,93.54,40.51
71,48.77,93.49,40.55
55,48.72,93.55,40.51
49,48.61,93.56,40.51
65,48.66,93.5,40.55
57,48.55,93.51,40.55
75,48.98,93.48,40.51
72,48.94,93.53,40.46
76,48.88,93.48,40.4
61,48.83,93.54,40.46
54,48.72,93.55,40.46
47,48.61,93.56,40.46
40,48.5,93.57,40.46
68,48.77,93.49,40.4
76,48.91,93.46,40.55
54,50.19,94.53,40.6
85,50.47,94.39,40.46
74,50.29,94.41,40.45
95,50.28,94.19,40.45
73,50.18,94.31,40.59
30,49.97,94.55,40.72
35,50.18,94.53,40.74
18,50.09,94.65,40.73
50,50.07,94.43,40.72
4,49.99,94.77,40.88
2,49.89,94.89,40.88
8,49.87,94.67,40.88
2,49.77,94.79,41.03
82,49.82,94.06,40.5
85,49.79,93.95,40.51
84,49.94,94.11,40.54
83,49.83,93.95,40.42
81,49.87,94,40.42
98,49.99,93.99,40.43
22,48.14,93.88,40.51
22,48.08,93.83,40.46
34,48.02,93.78,40.4
20,48.03,93.89,40.51
25,48.08,93.83,40.55
23,47.97,93.84,40.55
21,47.97,93.84,40.46
29,48.3,93.81,40.51
33,48.24,93.76,40.55
27,48.24,93.76,40.46
24,48.19,93.82,40.51
28,48.13,93.77,40.55
24,48.13,93.77,40.46
18,47.93,94.01,40.51
18,47.87,93.96,40.55
19,47.87,93.96,40.46
19,47.92,93.9,40.51
20,47.86,93.85,40.46
41,48.5,93.57,40.51
47,48.44,93.52,40.55
2,46.65,113.1,47.52
2,46.85,112.98,48.15
2,44.09,114.14,49.4
2,45.84,112.56,48.77
2,46.53,112.76,48.15
2,46.72,112.56,48.77
2,46.35,112.56,49.4
2,52.1,101.03,61.8
2,52.1,101.03,63.2
2,52.1,101.03,62.52
2,51.9,100.23,63.8
2,51.69,100.16,64.1
2,51.37,99.76,64.3
2,51.06,128.92,41.53
2,50.23,129.57,40.58
2,51.99,129.45,41.52
2,51.19,130.4,40.58
8,61.79,139.91,42.59
8,59.94,138.85,42.29
4,59.62,135.05,42.26
7,61.57,136.85,41.92
8,68.85,139.82,42.61
5,70.48,137.66,43.23
6,72.46,139.9,43.57
7,63.47,138.5,42.42
8,66.97,138.18,42.35
5,68.58,136.05,42.95
3,70.16,133.98,43.97
6,69.18,145.33,43.7
3,72.94,148.13,45.24
4,70.49,137.46,44.26
2,72.09,135.65,45.96
2,76.38,144.03,47.35
3,75.95,138.89,45.84
5,72.64,142.24,44.03
3,74,137.25,45.96
5,72.47,139.23,44.33
2,74,137.25,48.46
2,75.92,138.86,48.46
2,75.61,135.34,48.46
2,77.52,136.94,48.46
4,65.06,136.36,43.05
4,63.15,134.75,42.59
2,61.18,133.01,43.66
4,66.67,134.43,42.64
2,66.33,130.79,43.72
2,62.79,131.1,43.64
4,64.75,132.8,42.32
3,68.25,132.4,43.83
2,70.17,134.04,45.96
2,47.35,112.32,57.42
2,52.96,130.24,41.56
3,52.15,131.26,40.58
4,53.12,132.11,40.61
5,55.78,131.85,40.65
2,53.93,131.05,41.58
2,54.73,130.1,41.55
2,53.78,129.27,42.77
3,57.38,129.87,41.54
2,55.54,129.11,42.78
2,56.37,128.16,42.79
8,56.1,135.53,41.26
4,57.7,133.42,41.84
2,59.28,131.43,43.49
9,56.41,139.18,42.29
5,58.01,136.99,42.73
2,47.12,112.09,57.42
2,47.11,112.53,57.07
9,47.32,114.07,41.27
7,47.16,113.92,41.26
2,47.25,113.59,40.75
2,47.56,113.82,40.8
3,47.3,113.61,42.65
2,47.32,113.74,43.19
2,43.5,120.17,42.4
2,50.85,124.65,42.79
2,50.92,124.94,44.1
2,48.05,124.96,43.82
6,43.51,120.59,42.41
9,43.5,120.83,42.36
2,43.53,124.55,41.86
66,43.49,121.09,41.46
14,43.49,121.04,42.11
22,43.5,121.07,41.25
2,45.85,125.6,41.87
2,46.27,125.41,43.21
2,45.55,125.41,42.04
2,45.9,125.41,42.55
4,44.19,125.25,41.27
2,45.48,125.95,40.78
2,44.99,125.34,42.02
2,45.24,125.39,41.97
2,45.18,125.52,41.26
2,45.88,125.79,41.87
2,46.87,126.32,41.9
2,46.47,126.76,41.37
2,46.33,125.6,42.53
2,46.4,125.96,41.89
2,45.99,126.38,41.28
2,46.95,127.12,41.47
2,48.64,126.07,40.86
2,47.36,126.68,41.35
2,48.24,126.61,41.32
2,47.35,126.72,41.9
2,48.23,126.64,41.9
2,50.1,127.67,41.92
2,47.41,127.38,41.54
2,46.54,127.52,41.12
2,47.83,127.07,40.99
2,49.15,127.02,40.97
2,49.27,128.49,41.44
2,47.44,127.73,41.22
2,45.51,126.03,41.26
2,46.01,126.51,40.79
2,46.08,127.28,40.99
2,45.54,126.13,40.67
2,49.32,129.08,41.55
17,45.05,115.93,45.02
16,43.96,115.93,45.02
12,44.47,115.93,45.65
9,45.06,115.73,45.65
7,43.65,115.93,45.64
8,44.09,115.73,45.64
4,43.99,115.73,46.58
2,44.01,115.48,47.83
4,45.05,115.53,46.27
5,44.54,115.73,46.27
2,44.59,115.37,46.9
2,44.14,115.02,47.52
2,43.92,114.61,48.15
3,43.73,115.51,46.58
2,43.73,115.09,46.89
2,43.73,114.65,47.52
5,43.53,115.65,45.64
3,43.53,115.17,46.27
3,43.53,114.68,46.9
2,44.09,114.14,47.52
2,45.24,112.56,44.38
2,44.73,112.56,45.01
2,45.23,112.76,45.02
2,45.24,112.97,45.65
2,44.79,112.76,45.64
2,46.85,112.96,42.51
2,46.94,113.78,42.54
4,46.91,113.99,42.82
8,47.43,114.28,42.65
8,47.32,114.05,42.31
2,47.66,114.71,42.52
6,47.12,113.91,42.53
17,47.1,114.63,42.46
24,46.92,114.76,42.54
14,47.05,114.29,42.69
24,46.9,114.65,42.82
8,46.86,114.08,42.9
22,46.86,114.59,42.9
26,46.86,114.97,42.58
2,46.35,112.56,43.1
5,46.65,113.1,43.15
3,46.53,112.76,43.13
10,46.67,113.85,43.17
19,46.85,114.39,43.37
17,46.67,114.77,43.16
23,46.85,115.53,43.17
25,46.73,115.93,43.14
3,45.84,112.56,43.74
4,46.21,112.76,43.76
22,46.16,115.93,43.77
5,46.39,113.11,43.77
7,46.43,113.87,43.77
12,46.65,114.39,43.79
11,46.45,114.81,43.77
18,46.65,115.39,43.78
20,46.56,115.74,43.77
3,46.13,112.95,44.4
3,45.76,112.76,44.39
20,45.51,115.93,44.4
16,46.08,115.73,44.4
2,46.16,113.51,44.4
10,46.3,115.25,44.4
3,46.24,114.39,44.4
2,45.72,113.15,45.02
8,45.98,115.51,45.02
13,45.49,115.73,45.02
3,45.87,114.87,45.02
4,45.47,115.32,45.65
2,44.31,113,45.65
2,44.04,113.29,46.27
2,43.9,113.72,46.9
2,43.73,114.12,46.9
3,43.53,114.12,46.27
5,47.17,113.92,41.9
2,46.95,113.78,41.93
8,47.31,114.07,41.89
2,47.65,114.71,41.9
22,47.1,114.63,41.91
30,46.92,114.76,41.93
32,46.86,114.97,41.92
43,46.85,115.56,41.16
48,46.75,115.93,41.11
11,46.91,113.92,41.25
19,47.15,114.31,41.27
36,46.85,114.63,41.26
37,46.69,114.86,41.25
4,46.69,113.65,41.26
23,46.8,114.09,40.76
43,46.79,114.52,40.75
15,46.51,113.87,40.78
43,46.55,114.76,40.78
54,46.68,115.43,40.76
61,46.56,115.74,40.75
2,44.18,112.76,45.64
3,43.73,113.15,46.27
2,43.73,113.69,46.9
3,44.04,112.56,45.01
3,43.53,113.02,45.64
3,43.53,113.65,46.27
58,46.39,115.35,40.61
38,46.26,114.4,40.6
5,46.22,113.45,40.63
72,46.19,115.93,40.58
65,46.49,115.46,40.45
43,46.27,114.4,40.44
4,46.3,113.37,40.45
2,45.26,125.38,40.58
2,45.18,125.51,40.65
2,44.88,125.43,40.64
2,45.56,125.93,40.38
2,44.33,125.2,40.27
2,44.28,125.22,40.47
2,44.3,125.22,40.78
2,44.18,125.25,40.41
2,44.19,125.25,40.75
2,46.57,127.81,40.48
2,48.34,127.93,40.5
2,47.02,128.06,40.51
3,45.61,126.84,40.39
2,45.68,127.76,40.43
2,48.48,129.77,40.58
2,54.52,112.59,42.44
2,54.52,112.59,43.09
5,48.57,95.68,45
5,48.62,95.64,44.87
6,48.68,95.55,44.68
5,48.62,95.64,45.01
6,48.67,95.6,44.9
5,48.62,95.67,44.85
9,48.95,95.29,44.72
11,49.06,95.19,44.73
6,48.73,95.6,44.63
7,48.76,95.48,44.7
6,48.71,95.56,44.91
8,48.85,95.39,44.71
2,54.37,112.71,43.76
2,54.51,112.21,44.05
2,54.5,111.37,45.33
2,54.52,112.59,41.78
11,50.2,94.75,40.76
23,50.29,94.63,40.77
9,50.31,94.83,40.78
3,50.11,94.87,40.88
4,50.21,94.97,40.77
2,50.01,94.99,40.88
2,50.12,95.09,40.75
41,50.31,94.63,40.64
31,50.4,94.73,40.65
19,50.33,94.85,40.65
6,50.31,95.07,40.65
4,50.13,95.09,40.61
74,50.41,94.51,40.46
82,50.47,94.73,40.46
79,50.45,94.95,40.46
26,50.38,95.07,40.46
4,50.25,95.19,40.46
89,50.55,94.39,40.46
95,49.64,93.79,40.5
86,49.69,93.85,40.5
85,49.75,93.9,40.5
110,49.53,93.7,40.49
109,49.62,93.69,40.5
35,48.4,93.69,40.51
40,48.34,93.64,40.55
29,48.29,93.7,40.51
34,48.23,93.65,40.55
38,48.45,93.63,40.51
44,48.39,93.58,40.55
34,48.4,93.69,40.46
29,48.29,93.7,40.46
34,48.39,93.58,40.46
17,47.82,94.02,40.51
105,49.68,93.74,40.42
105,49.8,93.79,40.42
109,49.33,93.55,40.42
109,49.39,93.6,40.42
111,49.5,93.59,40.43
111,49.56,93.64,40.42
110,49.65,93.63,40.42
93,49.1,93.46,40.42
99,49.21,93.45,40.43
107,49.27,93.5,40.42
70,48.87,93.37,40.4
84,49.04,93.41,40.41
77,48.93,93.42,40.4
58,48.66,93.5,40.4
49,48.55,93.51,40.4
43,48.44,93.52,40.4
42,48.4,93.69,40.4
37,48.29,93.7,40.4
41,48.39,93.58,40.4
35,48.18,93.71,40.4
34,48.07,93.72,40.4
35,47.66,94.09,40.4
34,47.91,93.79,40.4
35,47.8,93.8,40.4
34,47.81,93.91,40.4
33,47.82,94.02,40.4
19,47.76,93.97,40.46
35,47.71,94.03,40.4
33,47.52,94.37,40.4
4,47.57,95.04,40.46
10,47.52,95.09,40.4
12,47.46,95.04,40.4
2,47.72,95.47,40.4
2,47.78,95.52,40.4
2,47.88,95.39,40.55
3,47.63,95.09,40.51
3,47.58,95.15,40.46
6,47.53,95.21,40.4
2,47.69,95.14,40.51
2,47.64,95.2,40.46
3,47.59,95.26,40.4
2,47.6,95.37,40.41
2,47.66,95.42,40.41
2,47.76,95.29,40.55
2,47.58,95.14,40.55
2,47.57,95.03,40.55
2,47.84,95.57,40.4
5,48.71,95.65,44.6
3,48.37,95.65,44.58
3,48.31,95.62,44.63
3,48.31,95.64,44.61
4,48.41,95.76,44.93
3,48.36,95.72,44.81
3,48.32,95.6,44.65
2,48.25,95.58,44.66
3,48.3,95.69,44.83
3,48.3,95.66,44.86
2,48.24,95.61,44.64
2,48.19,95.57,44.67
2,48.13,95.55,44.69
2,48.14,95.52,44.71
3,48.18,95.6,44.9
3,48.24,95.63,44.88
2,48.2,95.54,44.69
3,48.46,95.64,44.61
3,48.47,95.63,44.62
4,48.42,95.77,44.76
5,48.6,95.62,44.63
5,48.74,95.74,44.77
4,48.53,95.77,44.77
4,48.6,95.65,44.59
3,48.47,95.65,44.58
3,48.42,95.66,44.57
4,48.52,95.73,44.99
4,48.52,95.76,44.93
5,48.57,95.71,44.82
5,48.6,95.59,44.66
4,48.52,95.74,44.8
4,48.47,95.8,44.92
4,48.42,95.74,44.79
4,48.47,95.79,44.98
3,48.37,95.8,44.73
3,48.37,95.79,44.75
2,48.09,95.5,44.73
2,48.08,95.36,44.79
2,48.09,95.42,44.77
5,48.56,95.51,44.95
5,48.51,95.65,45.01
5,48.51,95.55,44.94
5,48.5,95.47,44.97
4,48.45,95.52,44.95
4,48.46,95.69,45
4,48.41,95.74,44.98
4,48.4,95.66,45.01
4,48.4,95.56,44.93
4,48.35,95.7,45
3,48.33,95.36,44.79
4,48.33,95.45,44.98
3,48.38,95.33,44.79
4,48.44,95.35,44.79
5,48.44,95.44,44.98
4,48.39,95.48,44.97
4,48.28,95.49,44.96
3,48.23,95.54,44.94
4,48.34,95.53,44.95
3,48.29,95.66,45.01
3,48.29,95.56,44.93
6,48.62,95.61,45.06
5,48.57,95.67,45.06
5,48.52,95.73,45.06
4,48.47,95.79,45.06
3,48.18,95.57,44.92
3,48.16,95.26,44.81
3,48.11,95.22,44.81
3,48.21,95.21,44.81
3,48.15,95.17,44.82
3,48.22,95.3,44.8
3,48.27,95.34,44.79
3,48.26,95.25,44.81
3,48.32,95.29,44.8
3,48.12,95.31,44.8
2,48.07,95.33,44.79
3,48.07,95.27,44.8
2,48.03,95.31,44.79
3,48.17,95.34,44.79
3,48.12,95.45,44.97
3,48.22,95.37,44.79
3,48.22,95.46,44.97
3,48.17,95.49,44.96
3,48.12,95.55,44.94
4,47.62,94.98,40.51
5,47.61,94.87,40.51
5,47.6,94.76,40.51
6,47.59,94.65,40.51
3,47.56,94.92,40.55
3,47.55,94.81,40.55
4,47.54,94.7,40.55
5,47.53,94.59,40.55
2,47.51,94.98,40.55
5,47.56,94.93,40.46
6,47.55,94.81,40.46
7,47.54,94.7,40.46
9,47.53,94.59,40.46
5,47.51,94.98,40.46
15,47.45,94.93,40.4
15,47.5,94.87,40.4
19,47.49,94.76,40.4
25,47.48,94.65,40.4
29,47.47,94.54,40.4
20,47.86,93.85,40.55
16,47.76,93.97,40.55
8,47.58,94.53,40.51
11,47.52,94.48,40.46
32,47.46,94.43,40.4
6,47.52,94.48,40.55
10,48.93,95.24,44.76
12,49.02,95.15,44.76
9,48.86,95.22,44.78
12,48.95,95.11,44.79
7,48.67,95.29,44.79
8,48.72,95.24,44.8
7,48.63,95.26,44.8
8,48.67,95.21,44.81
6,48.6,95.46,44.97
5,48.54,95.34,44.79
6,48.55,95.43,44.98
7,48.65,95.4,44.98
6,48.58,95.31,44.8
7,48.52,95.19,44.82
7,48.58,95.22,44.81
8,48.57,95.13,44.82
8,48.62,95.17,44.82
4,48.43,95.29,44.8
5,48.48,95.24,44.81
5,48.49,95.32,44.8
6,48.53,95.27,44.8
6,48.71,95.53,44.93
8,48.76,95.32,44.77
7,48.76,95.49,44.94
7,48.7,95.45,44.96
6,48.67,95.55,45.07
6,48.35,95.06,44.82
7,48.4,95.01,44.82
6,48.41,95.11,44.82
6,48.47,95.15,44.82
8,48.52,95.09,44.82
7,48.46,95.05,44.82
3,48.25,95.16,44.82
3,48.2,95.12,44.82
4,48.3,95.11,44.82
4,48.25,95.07,44.82
4,48.31,95.21,44.81
4,48.37,95.25,44.81
5,48.36,95.16,44.82
5,48.42,95.2,44.82
18,47.66,94.09,40.46
12,47.66,94.09,40.55
18,47.71,94.03,40.46
17,47.71,94.03,40.51
12,47.65,93.98,40.55
14,47.67,94.2,40.51
11,47.61,94.14,40.55
16,47.66,94.09,40.51
17,47.61,94.14,40.46
37,47.55,94.09,40.4
11,47.63,94.37,40.51
9,47.57,94.31,40.55
15,47.57,94.31,40.46
36,47.51,94.26,40.4
14,47.62,94.26,40.51
10,47.56,94.2,40.55
17,47.56,94.2,40.46
38,47.5,94.15,40.4
10,47.57,94.42,40.51
14,47.52,94.37,40.46
7,47.52,94.37,40.55
102,50.07,93.99,40.44
100,50.15,94.09,40.44
81,50.09,94.2,40.57
79,50,94.21,40.63
63,49.95,94.33,40.72
31,49.85,94.45,40.88
9,49.78,94.57,41.02
91,49.87,94,40.61
92,49.81,93.95,40.61
89,49.76,94.01,40.6
88,49.82,94.06,40.6
86,49.71,94.07,40.68
84,49.77,94.12,40.68
83,49.66,94.13,40.68
80,49.72,94.18,40.68
79,49.61,94.19,40.76
72,49.67,94.24,40.76
65,49.62,94.3,40.76
71,49.58,94.25,40.75
86,49.91,94.11,40.62
75,49.83,94.23,40.72
27,49.72,94.46,40.98
52,49.73,94.35,40.88
89,49.64,93.91,40.61
89,49.7,93.96,40.61
82,49.52,94.08,40.74
83,49.54,94.03,40.68
88,49.59,93.97,40.68
87,49.65,94.02,40.68
84,49.6,94.08,40.68
82,49.56,94.14,40.76
104,49.61,93.7,40.55
99,49.67,93.75,40.56
88,49.68,93.85,40.54
88,49.74,93.9,40.55
94,49.69,93.85,40.61
92,49.75,93.9,40.61
102,49.57,93.75,40.61
97,49.63,93.8,40.61
96,49.52,93.81,40.61
91,49.58,93.86,40.61
2,49.67,94.76,41.2
12,49.68,94.57,41.05
8,49.72,94.57,41.17
39,49.67,94.47,40.98
71,49.63,94.36,40.92
79,49.59,94.24,40.89
21,49.57,94.61,41.22
82,49.58,94.47,41.09
63,49.6,94.5,41.22
84,49.56,94.38,41.04
84,49.52,94.26,41.01
107,49.5,93.59,40.54
108,49.55,93.64,40.54
102,49.39,93.6,40.53
94,49.28,93.61,40.53
96,49.34,93.66,40.53
103,49.4,93.71,40.61
91,49.53,93.92,40.68
84,49.48,93.98,40.68
105,49.45,93.65,40.61
105,49.51,93.7,40.61
102,49.46,93.76,40.61
85,49.46,93.92,40.74
95,49.47,93.87,40.68
97,49.41,93.82,40.61
95,49.41,93.87,40.66
81,49.55,94.14,40.86
83,49.5,94.06,40.78
98,49.24,93.65,40.61
92,49.22,93.68,40.57
96,49.28,93.73,40.57
99,49.3,93.7,40.61
79,49.45,94.07,40.89
84,49.44,94,40.77
80,49.41,93.9,40.78
91,49.37,93.84,40.69
94,49.37,93.76,40.68
88,49.34,93.79,40.69
99,49.32,93.76,40.62
80,49.35,93.78,40.75
98,49.2,93.46,40.48
100,49.26,93.51,40.47
100,49.33,93.55,40.53
87,49.02,93.55,40.55
82,48.97,93.5,40.57
91,49.09,93.59,40.57
91,49.16,93.63,40.57
71,48.93,93.42,40.46
81,49.03,93.41,40.47
79,49,93.46,40.53
89,49.1,93.46,40.47
86,49.06,93.51,40.54
93,49.16,93.51,40.53
95,49.12,93.55,40.61
94,49.22,93.56,40.53
97,49.18,93.6,40.61
66,48.88,93.48,40.51
70,48.82,93.44,40.55
59,48.77,93.49,40.51
66,48.71,93.45,40.55
52,48.66,93.5,40.51
45,48.55,93.51,40.51
59,48.6,93.45,40.55
50,48.49,93.46,40.55
68,48.92,93.43,40.5
66,48.88,93.48,40.46
69,48.82,93.43,40.4
65,48.87,93.37,40.46
58,48.77,93.49,40.46
51,48.66,93.5,40.46
43,48.55,93.51,40.46
36,48.44,93.52,40.46
60,48.71,93.44,40.4
76,48.9,93.45,40.57
71,48.84,93.41,40.57
106,50.34,94.07,40.46
71,50.47,94.39,40.66
65,50.29,94.41,40.62
88,50.28,94.19,40.63
91,50.39,94.29,40.46
54,50.28,94.41,40.76
67,50.17,94.31,40.74
19,49.97,94.55,40.88
24,50.19,94.53,40.88
10,50.09,94.65,40.88
38,50.07,94.43,40.88
2,49.99,94.77,41.04
4,49.87,94.67,41.04
87,49.83,93.95,40.51
87,49.87,94,40.52
95,49.99,93.99,40.56
105,49.91,93.89,40.43
17,48.95,94.92,44.81
20,48.85,94.84,44.82
22,48.08,93.83,40.51
22,48.02,93.78,40.46
34,47.96,93.73,40.4
20,47.97,93.84,40.51
25,48.02,93.78,40.55
22,47.91,93.79,40.55
21,47.91,93.79,40.46
27,48.24,93.76,40.51
31,48.18,93.71,40.55
25,48.18,93.71,40.46
23,48.13,93.77,40.51
28,48.07,93.72,40.55
23,48.07,93.72,40.46
18,47.87,93.96,40.51
18,47.81,93.91,40.55
19,47.81,93.91,40.46
19,47.86,93.85,40.51
20,47.8,93.8,40.46
37,48.44,93.52,40.51
44,48.38,93.47,40.55
2,46.65,113.1,48.15
2,46.85,112.99,48.77
2,46.72,112.56,49.4
2,51.9,101.04,61.86
2,51.9,101.04,63.17
2,51.9,101.04,62.52
2,51.59,100.16,63.72
2,51.27,99.76,64.1
2,50.81,99.36,64.3
2,50.25,129.57,41.58
3,49.43,130.58,40.59
2,51.21,130.38,41.58
3,50.39,131.42,40.6
9,58.27,140.25,42.57
2,65.76,149.4,44.61
9,61.88,141.12,42.78
5,61.78,139.69,43.56
5,59.93,138.64,43.26
2,59.58,134.89,43.77
4,61.54,136.67,42.9
6,68.85,139.62,43.59
8,65.47,141.94,43.01
4,63.45,138.31,43.4
5,66.96,137.99,43.33
3,68.56,135.86,44.12
4,69.08,139.13,44.35
2,73.17,147.75,47.7
5,69.28,144.96,44.63
3,70.48,137.56,45.96
3,72.56,140.91,47.14
2,65.05,136.16,44.16
2,63.09,134.57,43.93
3,66.65,134.28,43.97
2,68.57,135.95,45.96
3,64.72,132.69,43.81
2,47.26,111.26,54.07
2,47.46,112.2,57.27
2,52.98,130.22,42.8
2,52.17,131.21,41.58
4,51.35,132.27,40.62
6,52.32,133.11,40.71
7,54.17,133.87,40.88
3,53.13,132.03,41.6
3,55.78,131.78,41.64
2,54.74,130.07,42.8
2,57.38,129.82,43.42
9,54.49,137.52,41.81
6,56.09,135.36,42.24
2,57.69,133.31,43.57
9,54.74,140.57,42.63
7,56.4,138.96,43.27
2,57.99,136.76,44
2,47.12,112.07,54.06
2,46.77,111.81,54.07
2,46.76,111.83,57.41
2,47.23,111.97,57.27
2,47.25,112.39,56.96
2,46.93,112.3,57.06
2,47.11,112.53,56.35
2,54.06,112.82,43.14
45,43.49,121.09,41.71
72,43.49,121.01,41.45
67,43.49,121.01,41.39
21,43.49,120.87,42.11
17,43.49,120.6,42.14
3,43.62,120.19,42.38
6,43.49,120.11,42.13
2,48.06,124.72,43.76
3,43.53,120.77,42.77
11,43.64,120.6,42.39
3,43.52,120.58,42.68
17,43.62,120.84,42.33
7,43.5,120.97,42.43
2,43.73,124.45,41.88
11,43.53,124.03,41.85
7,43.52,123.55,41.23
20,43.49,121.19,41.35
34,43.49,121.19,41.45
66,43.57,121.06,41.52
40,43.49,121.19,41.7
10,43.5,121.25,41.29
8,43.5,121.43,41.24
16,43.49,121.18,42.06
23,43.57,121.04,42.08
39,43.61,121.06,41.32
39,43.49,120.9,41.32
3,43.52,120.97,42.73
2,46.29,125.41,43.86
3,44.19,125.25,42.01
2,46.33,125.6,43.16
2,45.52,125.59,42.02
2,45.91,125.62,42.53
3,44.58,125.26,42.43
2,44.85,125.36,42.43
2,45.27,125.4,42.54
2,45.88,125.41,43.18
2,45.55,125.41,42.58
2,44.3,125.22,41.27
6,44.19,125.36,41.26
2,44.72,125.56,40.69
2,45.03,125.73,40.71
2,45.04,126.4,40.83
2,44.57,125.4,40.51
2,45.93,125.81,42.52
2,44.88,125.42,41.96
2,45.16,125.53,41.93
2,44.73,125.55,41.27
2,45.03,125.75,41.27
2,45.51,126.02,41.9
2,46.47,126.8,41.9
2,46.04,127.22,41.43
2,46.4,125.96,42.52
2,46.4,125.96,43.15
2,45.99,126.39,41.9
2,45.58,126.86,41.31
2,46.53,127.46,41.54
2,46.95,127.19,41.9
2,47.84,127.03,41.43
2,47.83,127.12,41.89
2,49.15,126.93,41.71
2,49.26,128.34,42.04
2,47.43,127.58,41.92
2,46.57,127.82,41.21
2,48.34,127.99,41.27
2,47.02,128.08,41.32
2,45.12,126.48,41.26
2,45.62,126.89,40.82
2,45.68,127.77,41.05
2,45.21,126.55,40.71
2,44.69,126.74,40.86
2,48.49,129.75,41.56
20,45.05,115.93,44.39
21,43.98,115.93,44.39
17,44.48,115.93,45.02
12,45.06,115.73,45.02
14,43.65,115.93,45.02
11,44.09,115.73,45.02
6,45.05,115.53,45.65
9,44.54,115.73,45.65
6,44.16,115.56,45.65
6,43.83,115.73,45.64
3,44.59,115.37,46.27
3,44.01,115.48,46.58
2,44.14,115.02,46.9
2,43.92,114.61,47.52
5,43.73,115.5,45.64
2,43.73,115.08,46.27
2,43.73,114.65,46.9
8,43.53,115.63,45.02
3,43.53,115.13,45.65
3,43.53,114.67,46.27
2,44.09,114.14,46.9
2,45.24,112.56,43.74
2,44.73,112.56,44.38
2,45.23,112.76,44.39
2,45.24,112.97,45.02
2,44.79,112.76,45.02
2,44.84,113.2,45.65
2,46.65,113.1,42.51
2,46.53,112.76,42.49
5,46.9,113.91,42.45
7,46.83,114.07,42.69
15,47.13,114.3,42.41
24,46.85,114.63,42.46
22,46.81,114.55,42.69
2,46.69,113.66,42.54
7,46.71,114.09,42.79
18,46.71,114.55,42.79
22,46.69,114.87,42.53
28,46.85,115.54,42.54
29,46.74,115.93,42.51
2,45.84,112.56,43.1
3,46.21,112.76,43.13
26,46.16,115.93,43.14
4,46.39,113.11,43.14
8,46.45,113.9,43.12
15,46.67,114.38,43.3
13,46.47,114.77,43.11
21,46.65,115.4,43.16
23,46.56,115.74,43.14
4,46.13,112.95,43.77
3,45.76,112.76,43.76
23,45.51,115.93,43.77
19,46.07,115.73,43.77
5,46.16,113.51,43.77
13,46.3,115.25,43.77
6,46.24,114.39,43.77
2,45.72,113.15,44.4
11,45.98,115.51,44.4
15,45.49,115.73,44.4
4,45.87,114.87,44.4
2,45.79,113.99,44.4
6,45.47,115.32,45.02
2,44.99,114.95,45.65
2,44.31,113,45.02
2,44.04,113.29,45.65
2,43.9,113.72,46.27
2,43.73,114.13,46.27
3,43.53,114.12,45.65
34,46.85,115.55,41.87
36,46.75,115.93,41.84
7,46.91,113.92,41.91
16,47.15,114.31,41.9
29,46.85,114.63,41.91
29,46.69,114.86,41.9
2,46.69,113.66,41.9
50,46.2,115.93,41.11
42,46.66,115.41,41.23
46,46.57,115.74,41.21
20,46.77,114.13,41.27
36,46.75,114.48,41.27
33,46.51,114.76,41.27
14,46.47,113.87,41.27
66,46.08,115.74,40.76
7,46.18,113.53,40.85
48,46.31,115.23,40.83
35,46.3,114.39,40.82
3,44.18,112.76,45.02
3,43.73,113.15,45.64
2,43.73,113.7,46.27
3,44.05,112.56,44.38
4,43.53,113.03,45.02
3,43.53,113.65,45.65
69,46.03,115.62,40.63
3,45.75,113.07,40.65
51,45.87,114.88,40.63
25,45.79,113.98,40.65
80,43.95,115.93,40.59
78,45.04,115.93,40.58
78,43.97,115.83,40.45
81,46.11,115.77,40.45
77,45.53,115.93,40.58
2,45.24,112.56,40.56
2,45.79,112.95,40.46
61,45.89,114.92,40.45
28,45.8,113.97,40.46
2,45.08,125.67,40.32
2,44.77,125.52,40.3
3,45.13,126.45,40.39
2,44.59,125.39,40.28
2,44.28,125.43,40.65
2,44.18,125.35,40.6
2,46.15,128.17,40.49
2,47.47,128.85,40.56
2,47.74,129.43,40.58
2,46.62,128.57,40.54
3,45.19,127.36,40.39
2,45.25,128.1,40.45
3,44.7,126.8,40.4
2,47.67,130.76,40.62
2,54.38,112.72,42.49
2,54.38,112.71,43.13
3,54.2,112.37,42.81
3,54.51,112.19,42.74
6,48.77,95.62,44.59
6,48.77,95.59,44.62
6,48.68,95.67,45
5,48.63,95.72,44.99
5,48.63,95.75,44.94
6,48.72,95.68,44.83
15,49.04,95,44.79
13,49.14,95.11,44.74
14,49.12,95.06,44.76
9,49.04,95.37,44.63
10,49.03,95.32,44.67
11,49.02,95.37,44.89
11,49.12,95.23,44.68
14,49.13,95.27,44.9
7,48.83,95.52,44.64
6,48.79,95.75,44.76
7,48.82,95.59,44.86
6,48.73,95.63,45.01
8,48.94,95.45,44.63
8,48.95,95.48,44.59
8,48.92,95.48,44.88
8,48.93,95.41,44.66
2,54.35,112.31,44.07
3,54.5,111.37,44.05
6,48.77,95.64,44.53
7,48.87,95.54,44.58
2,54.5,110.49,45.33
3,54.19,112.36,41.23
3,54.2,112.37,41.9
3,54.51,112.17,41
3,54.51,112.18,41.76
6,50.21,94.75,40.88
2,50.11,94.87,41.04
41,50.39,94.5,40.78
15,50.31,94.63,40.88
16,50.38,94.74,40.78
5,50.33,94.85,40.87
3,50.29,95.07,40.78
2,50.23,94.97,40.88
2,50.23,95.18,40.77
2,50.13,95.09,40.88
59,50.46,94.39,40.78
56,50.41,94.51,40.65
36,50.47,94.73,40.66
17,50.45,94.95,40.66
7,50.38,95.07,40.66
3,50.25,95.19,40.65
74,50.55,94.39,40.66
84,50.63,94.49,40.46
75,50.53,94.61,40.46
87,50.55,94.83,40.46
62,50.57,95.05,40.46
10,50.47,95.17,40.46
2,50.37,95.29,40.46
105,50.61,94.27,40.46
104,49.68,93.74,40.51
103,49.8,93.78,40.53
110,49.51,93.58,40.49
111,49.57,93.64,40.5
110,49.65,93.63,40.51
32,48.34,93.64,40.51
37,48.28,93.59,40.55
27,48.23,93.65,40.51
34,48.17,93.6,40.55
34,48.39,93.58,40.51
41,48.33,93.53,40.55
31,48.34,93.64,40.46
27,48.23,93.65,40.46
31,48.33,93.53,40.46
17,47.76,93.97,40.51
109,49.69,93.63,40.42
109,49.73,93.68,40.42
105,49.86,93.67,40.43
107,49.38,93.49,40.43
109,49.44,93.54,40.43
106,49.55,93.53,40.42
108,49.61,93.58,40.42
90,49.15,93.4,40.43
94,49.26,93.39,40.43
101,49.32,93.44,40.43
64,48.81,93.32,40.41
71,48.92,93.31,40.41
83,49.09,93.35,40.43
77,48.98,93.36,40.41
52,48.6,93.45,40.4
45,48.49,93.46,40.4
42,48.38,93.47,40.4
39,48.34,93.64,40.4
37,48.23,93.65,40.4
40,48.33,93.53,40.4
35,48.12,93.66,40.4
34,48.01,93.67,40.4
37,47.6,94.03,40.4
34,47.85,93.74,40.4
36,47.74,93.75,40.4
35,47.75,93.86,40.4
34,47.76,93.97,40.4
19,47.7,93.92,40.46
36,47.65,93.98,40.4
35,47.46,94.32,40.4
15,47.4,94.99,40.4
3,47.57,95.04,40.51
3,47.52,95.09,40.46
8,47.47,95.15,40.4
4,47.46,95.04,40.46
11,47.41,95.1,40.4
2,47.58,95.15,40.51
2,47.53,95.21,40.46
6,47.48,95.26,40.4
2,47.64,95.2,40.51
2,47.59,95.26,40.46
3,47.54,95.32,40.4
2,47.55,95.43,40.41
2,47.53,95.09,40.55
2,47.47,95.04,40.55
5,48.76,95.81,44.71
5,48.74,95.68,44.5
5,48.68,95.65,44.58
4,48.6,95.67,44.53
3,48.43,95.67,44.53
3,48.37,95.67,44.53
3,48.37,95.82,44.69
2,48.32,95.66,44.57
2,48.26,95.65,44.58
2,48.27,95.64,44.61
3,48.31,95.78,44.76
2,48.26,95.63,44.62
3,48.31,95.8,44.73
3,48.36,95.8,44.91
3,48.32,95.75,44.79
4,48.36,95.8,44.98
3,48.3,95.77,44.93
3,48.25,95.72,44.81
3,48.3,95.75,44.98
2,48.21,95.65,44.58
3,48.24,95.76,44.78
2,48.2,95.63,44.63
2,48.21,95.64,44.61
2,48.15,95.61,44.64
3,48.19,95.7,44.83
2,48.15,95.59,44.66
3,48.13,95.67,44.85
2,48.1,95.57,44.67
3,48.18,95.67,45
3,48.13,95.63,44.88
3,48.24,95.7,44.99
3,48.2,95.66,44.86
4,48.46,95.8,44.73
4,48.48,95.79,44.75
3,48.42,95.87,44.84
5,48.76,95.83,44.85
5,48.63,95.78,44.76
4,48.53,95.86,44.85
4,48.63,95.82,44.7
4,48.48,95.82,44.7
4,48.52,95.66,44.57
3,48.43,95.83,44.67
5,48.58,95.78,44.98
4,48.58,95.79,44.92
5,48.62,95.73,44.8
4,48.53,95.84,44.9
4,48.42,95.85,44.9
4,48.53,95.84,44.98
4,48.42,95.85,44.98
3,48.37,95.91,44.83
3,48.37,95.91,44.9
3,48.37,95.91,44.98
4,48.42,95.85,45.06
3,48.37,95.91,45.06
2,48.05,95.55,44.69
3,48.08,95.6,44.9
2,48.05,95.47,44.74
2,48.05,95.52,44.71
3,48.06,95.42,44.98
3,48.07,95.5,44.96
2,48.04,95.39,44.78
2,48.05,95.45,44.76
2,47.99,95.35,44.78
5,48.56,95.56,45.07
5,48.51,95.62,45.06
5,48.5,95.52,45.08
5,48.45,95.57,45.07
4,48.46,95.68,45.06
4,48.41,95.74,45.06
4,48.4,95.63,45.06
4,48.35,95.69,45.06
4,48.33,95.49,45.09
4,48.33,95.42,44.98
4,48.38,95.38,44.99
5,48.44,95.48,45.09
5,48.44,95.41,44.98
4,48.39,95.53,45.08
4,48.28,95.54,45.08
4,48.23,95.59,45.07
4,48.34,95.58,45.07
4,48.29,95.64,45.06
5,48.63,95.72,45.06
6,48.68,95.66,45.06
5,48.58,95.78,45.06
4,48.53,95.84,45.06
6,48.68,95.66,45.14
5,48.63,95.72,45.14
6,48.62,95.61,45.14
5,48.57,95.67,45.14
5,48.58,95.78,45.14
4,48.53,95.84,45.14
5,48.52,95.73,45.14
4,48.47,95.79,45.14
4,48.36,95.8,45.06
3,48.3,95.75,45.06
3,48.18,95.65,45.06
3,48.24,95.7,45.06
4,48.42,95.85,45.14
3,48.05,95.17,44.81
3,48.1,95.13,44.82
3,48.04,95.08,44.82
3,48,95.13,44.81
2,48.01,95.22,44.8
2,47.97,95.26,44.79
2,47.96,95.17,44.8
2,47.92,95.22,44.79
4,48.16,95.3,45.01
4,48.1,95.25,45.01
4,48.2,95.24,45.01
4,48.15,95.19,45.02
4,48.21,95.34,45
4,48.27,95.39,44.99
4,48.26,95.29,45.01
4,48.32,95.34,45
3,48.11,95.35,45
3,48.06,95.39,44.99
3,48.05,95.3,45
3,48,95.36,44.99
3,48.16,95.4,44.99
3,48.11,95.5,45.09
4,48.22,95.5,45.08
4,48.22,95.43,44.98
3,48.17,95.54,45.08
3,48.12,95.6,45.07
4,47.56,94.93,40.51
5,47.55,94.81,40.51
6,47.54,94.7,40.51
7,47.53,94.59,40.51
2,47.5,94.87,40.55
3,47.49,94.76,40.55
4,47.48,94.65,40.55
5,47.47,94.54,40.55
3,47.51,94.98,40.51
2,47.46,94.93,40.55
5,47.5,94.87,40.46
7,47.49,94.76,40.46
8,47.48,94.65,40.46
11,47.47,94.54,40.46
5,47.45,94.93,40.46
17,47.39,94.88,40.4
18,47.44,94.82,40.4
24,47.43,94.71,40.4
29,47.42,94.6,40.4
32,47.41,94.49,40.4
18,47.8,93.8,40.55
14,47.7,93.92,40.55
9,47.52,94.48,40.51
13,47.46,94.43,40.46
35,47.41,94.38,40.4
6,47.47,94.43,40.55
9,48.77,95.15,44.8
12,48.86,95.04,44.81
10,48.67,95.07,44.82
14,48.76,94.96,44.82
11,48.99,95.31,44.94
14,49.08,95.22,44.94
11,48.9,95.27,44.97
14,49,95.16,44.98
8,48.7,95.35,44.99
9,48.75,95.29,44.99
7,48.64,95.3,45
9,48.69,95.25,45
6,48.61,95.51,45.08
7,48.67,95.45,45.09
6,48.55,95.48,45.09
6,48.55,95.4,44.99
6,48.6,95.36,44.99
7,48.53,95.21,45.02
7,48.59,95.26,45.01
8,48.58,95.16,45.02
9,48.64,95.2,45.02
5,48.43,95.33,45
6,48.48,95.27,45.01
5,48.49,95.37,44.99
6,48.54,95.32,45
6,48.73,95.6,45.06
7,48.78,95.54,45.07
8,48.81,95.39,44.96
7,48.72,95.49,45.08
6,48.73,95.6,45.14
7,48.78,95.54,45.14
6,48.67,95.55,45.14
7,48.72,95.49,45.14
11,48.45,94.9,44.82
10,48.56,94.99,44.82
16,48.66,94.87,44.82
18,48.54,94.78,44.82
7,48.34,94.96,44.82
6,48.29,95.02,44.82
3,48.14,95.08,44.82
4,48.19,95.02,44.82
4,48.13,94.98,44.82
3,48.08,95.03,44.82
7,48.35,95.07,45.02
8,48.4,95.01,45.02
7,48.41,95.12,45.02
7,48.47,95.17,45.02
8,48.52,95.11,45.02
8,48.46,95.06,45.02
5,48.25,95.19,45.02
5,48.19,95.14,45.02
6,48.3,95.13,45.02
6,48.24,95.08,45.02
5,48.31,95.23,45.01
5,48.37,95.28,45.01
6,48.36,95.18,45.02
6,48.42,95.22,45.02
19,47.6,94.03,40.46
11,47.6,94.03,40.55
19,47.65,93.98,40.46
17,47.65,93.98,40.51
11,47.59,93.93,40.55
15,47.61,94.14,40.51
10,47.55,94.09,40.55
16,47.6,94.03,40.51
18,47.55,94.09,40.46
39,47.49,94.04,40.4
13,47.57,94.31,40.51
9,47.51,94.26,40.55
16,47.51,94.26,40.46
38,47.45,94.21,40.4
15,47.56,94.2,40.51
9,47.5,94.15,40.55
18,47.5,94.15,40.46
39,47.44,94.1,40.4
12,47.52,94.37,40.51
16,47.46,94.32,40.46
7,47.46,94.32,40.55
102,50.32,93.85,40.46
106,50.13,93.87,40.45
96,50.07,93.99,40.58
91,49.98,93.99,40.64
106,50.26,93.97,40.45
93,50.15,94.09,40.6
109,49.64,93.63,40.57
105,49.93,93.66,40.44
78,50.05,94.21,40.72
55,49.95,94.33,40.88
5,49.81,94.57,41.15
24,49.85,94.45,41.03
94,49.89,93.9,40.62
89,49.87,94,40.68
90,49.81,93.95,40.68
88,49.76,94.01,40.68
87,49.82,94.06,40.68
83,49.71,94.07,40.76
83,49.77,94.12,40.76
82,49.66,94.13,40.76
79,49.72,94.18,40.76
75,49.65,94.23,40.86
85,49.93,94.11,40.72
70,49.83,94.23,40.88
52,49.76,94.34,41.02
91,49.64,93.91,40.68
90,49.7,93.96,40.68
81,49.59,93.97,40.76
82,49.65,94.02,40.76
81,49.58,94.13,40.84
82,49.6,94.08,40.76
82,49.54,94.03,40.76
105,49.62,93.69,40.61
103,49.68,93.74,40.61
100,49.78,93.8,40.61
92,49.69,93.85,40.68
91,49.75,93.9,40.68
96,49.57,93.75,40.68
94,49.63,93.8,40.68
96,49.52,93.81,40.68
94,49.58,93.86,40.68
4,49.72,94.64,41.22
33,49.7,94.46,41.09
10,49.75,94.51,41.22
63,49.66,94.37,41.04
82,49.62,94.23,41.01
8,49.57,94.62,41.35
67,49.61,94.5,41.31
77,49.59,94.44,41.21
79,49.46,94.08,41.03
82,49.56,94.36,41.17
83,49.5,94.19,41.06
108,49.54,93.54,40.55
109,49.6,93.59,40.56
105,49.44,93.54,40.54
106,49.5,93.59,40.61
107,49.56,93.64,40.61
103,49.39,93.6,40.61
99,49.28,93.61,40.61
100,49.34,93.66,40.61
97,49.4,93.71,40.69
81,49.53,93.92,40.76
82,49.49,93.97,40.76
99,49.45,93.65,40.68
98,49.51,93.7,40.68
97,49.46,93.76,40.68
81,49.48,93.87,40.76
96,49.42,93.82,40.68
83,49.39,93.76,40.74
79,49.53,94.05,40.91
93,49.25,93.65,40.67
96,49.22,93.68,40.62
92,49.31,93.7,40.67
98,49.28,93.73,40.62
80,49.38,93.83,40.76
72,49.39,93.89,40.93
76,49.42,93.95,40.86
77,49.35,93.77,40.78
86,49.32,93.75,40.69
91,49.14,93.41,40.48
97,49.21,93.45,40.53
104,49.38,93.49,40.53
99,49.27,93.5,40.53
102,49.33,93.55,40.61
88,49.03,93.54,40.57
86,48.97,93.5,40.62
94,49.09,93.59,40.62
95,49.16,93.63,40.62
82,49.08,93.36,40.48
68,48.92,93.31,40.46
74,48.98,93.36,40.46
72,48.94,93.41,40.53
81,49.04,93.41,40.53
85,49,93.46,40.61
89,49.1,93.46,40.53
91,49.06,93.51,40.6
96,49.16,93.51,40.61
93,49.12,93.55,40.67
98,49.22,93.56,40.61
94,49.18,93.6,40.67
61,48.82,93.43,40.51
66,48.76,93.39,40.55
55,48.71,93.44,40.51
60,48.65,93.4,40.55
48,48.6,93.45,40.51
40,48.49,93.46,40.51
53,48.54,93.41,40.55
47,48.43,93.42,40.55
66,48.88,93.36,40.53
63,48.86,93.38,40.5
62,48.82,93.43,40.46
62,48.76,93.38,40.4
60,48.81,93.32,40.46
61,48.75,93.27,40.41
54,48.71,93.44,40.46
46,48.6,93.45,40.46
39,48.49,93.46,40.46
34,48.38,93.47,40.46
54,48.65,93.39,40.4
81,48.9,93.45,40.62
66,48.78,93.36,40.57
74,48.84,93.4,40.62
103,50.59,94.05,40.46
102,50.47,93.95,40.46
106,50.41,94.07,40.46
93,50.34,94.07,40.65
80,50.26,94.19,40.76
105,50.49,94.17,40.46
80,50.39,94.29,40.65
70,50.37,94.3,40.77
45,50.29,94.41,40.88
59,50.17,94.31,40.88
11,49.97,94.55,41.04
16,50.19,94.53,41.04
6,50.09,94.65,41.04
27,50.07,94.43,41.04
2,49.99,94.77,41.19
2,49.87,94.67,41.19
100,49.92,93.89,40.55
105,50.02,93.77,40.44
101,50.23,93.75,40.46
23,48.75,94.75,44.82
25,48.64,94.66,44.82
26,48.94,94.72,44.82
22,49.03,94.81,44.81
20,48.99,94.95,45.01
21,48.88,94.86,45.02
25,48.53,94.56,44.82
24,48.41,94.46,44.82
21,48.02,93.78,40.51
22,47.96,93.73,40.46
34,47.9,93.68,40.4
20,47.91,93.79,40.51
25,47.96,93.73,40.55
21,47.85,93.74,40.55
21,47.85,93.74,40.46
25,48.18,93.71,40.51
30,48.12,93.66,40.55
25,48.12,93.66,40.46
23,48.07,93.72,40.51
28,48.01,93.67,40.55
23,48.01,93.67,40.46
18,47.81,93.91,40.51
16,47.75,93.86,40.55
20,47.75,93.86,40.46
19,47.8,93.8,40.51
21,47.74,93.75,40.46
35,48.38,93.47,40.51
43,48.32,93.42,40.55
2,46.72,112.56,50.04
2,51.62,101.06,61.9
2,51.62,101.06,63.14
2,51.62,101.06,62.52
2,51.3,100.64,63.72
2,51.2,99.76,63.72
2,50.76,99.36,64.1
2,50.83,100.24,64.1
2,50.37,99.84,64.3
2,49.45,130.55,41.59
3,48.62,131.6,40.64
3,50.4,131.36,41.6
4,49.58,132.44,40.67
9,60.22,142.46,43.05
9,58.36,141.45,42.84
7,58.26,140.02,43.54
5,62.18,146.08,43.86
3,65.98,148.7,45.47
3,61.75,139.25,44.29
6,61.88,140.89,43.75
2,59.87,138.24,44.21
6,65.49,141.69,43.98
2,63.41,137.95,44.29
3,66.96,137.62,44.25
2,66.96,137.9,45.89
3,68.84,139.5,45.86
2,69.34,144.65,47.45
2,47.3,111.21,54.26
2,47.53,112.14,56.88
2,52.18,131.18,42.82
5,51.37,132.18,41.62
5,50.54,133.27,40.72
6,52.32,132.99,41.7
7,51.5,134.12,40.86
9,52.56,135.86,41.33
2,53.13,131.97,42.83
5,54.17,133.74,41.87
9,52.87,139.5,42.34
8,54.48,137.31,42.79
2,56.08,135.19,43.76
8,54.84,141.76,42.9
8,54.74,140.33,43.6
4,56.38,138.55,44.21
2,47.22,111.96,54.22
2,46.92,112.3,54.3
2,47.29,111.9,54.51
2,46.86,111.71,54.24
2,46.36,112.16,54.07
2,46.35,111.39,54.08
2,46.86,111.72,57.25
2,46.34,111.4,57.4
2,46.38,112.17,57.41
2,47.06,112.15,56.95
2,46.43,112.29,57.06
2,46.94,112.3,56.34
57,43.49,121,41.58
74,43.44,120.98,41.44
4,43.49,119.93,41.96
33,43.48,120.97,41.97
46,43.57,121.06,41.71
37,43.49,121,41.8
68,43.57,120.96,41.47
71,43.56,120.95,41.51
7,44.19,121.01,41.43
3,43.49,120.12,41.29
16,43.5,120.64,41.27
28,43.57,120.86,42.07
34,43.48,120.7,41.97
29,43.95,120.81,42.05
21,43.49,120.38,42.09
26,43.58,120.59,42.1
78,43.47,120.64,41.41
4,44.15,120.57,42.05
2,43.75,120.17,42.34
23,43.48,120.14,41.97
8,43.57,120.14,42.09
70,43.46,120.1,41.41
4,43.47,119.94,41.44
5,43.72,120.8,42.74
4,43.92,120.37,42.36
13,43.78,120.61,42.35
5,43.7,120.6,42.66
2,43.71,124.5,42.54
5,43.53,124.03,42.52
3,44.15,120.57,42.36
8,43.5,121.22,42.5
18,43.96,120.81,42.36
22,43.7,120.84,42.28
8,43.49,121.16,42.36
14,43.63,121.02,42.41
2,43.91,124.37,41.89
21,43.52,123.6,41.83
11,43.72,123.95,41.88
3,43.73,123.91,41.21
14,43.72,123.5,41.32
16,43.53,123.13,41.08
63,43.49,121.43,41.43
4,44.39,120.77,42.05
3,44.39,120.77,41.74
2,43.99,121.25,41.12
28,44.19,121.01,41.74
2,44.11,122.56,40.82
30,43.52,122.16,41.19
28,44.19,121.01,42.05
81,43.29,121.11,41.32
3,43.86,121.48,41.11
32,43.98,121.25,41.42
41,43.58,121.22,41.43
48,43.44,121.25,41.44
53,43.56,121.23,41.51
44,43.77,121.05,41.43
43,43.44,121.26,41.67
43,43.57,121.23,41.71
28,43.6,121.29,41.36
20,43.64,121.48,41.33
47,43.46,121.32,41.42
25,43.44,121.26,42.03
25,43.56,121.23,42.06
32,43.76,121.04,42.05
46,43.59,120.86,41.39
82,43.43,120.85,41.41
34,43.3,120.97,41.81
34,43.31,120.94,41.95
76,43.29,121.05,41.38
8,43.69,121.03,42.7
4,43.51,121.2,42.77
2,46.34,125.6,43.81
2,45.88,125.41,43.81
2,46.35,125.41,44.44
5,44.19,125.36,42.02
2,44.58,125.25,42.32
2,44.78,125.45,42.31
2,45.21,125.57,42.47
2,45.9,125.62,43.16
2,45.53,125.61,42.54
8,44.33,125.37,42.43
6,44.9,125.4,42.71
2,45.51,125.41,43.18
2,44.3,125.45,41.27
44,43.7,125.39,41.45
17,43.93,125.39,41.21
2,44.63,126.05,40.76
2,44.45,125.56,40.66
2,45.93,125.81,43.15
2,45.51,126.02,42.52
2,44.73,125.54,41.92
2,45.02,125.75,41.89
2,44.63,126.07,41.27
2,45.11,126.47,41.9
2,46.47,126.8,42.52
2,46.07,127.28,41.89
2,45.6,127.68,41.47
2,45.99,126.39,42.52
2,45.99,126.39,43.15
2,45.59,126.87,41.9
2,45.18,127.32,41.36
2,46.95,127.2,42.52
2,46.54,127.66,41.91
2,47.02,128.04,42
2,48.35,127.82,41.93
2,46.15,128.17,41.25
2,47.48,128.84,41.48
2,47.75,129.41,41.56
2,46.62,128.57,41.41
2,44.71,126.94,41.27
2,45.2,127.38,40.88
2,45.25,128.09,41.11
2,44.7,126.85,40.73
3,44.29,126.47,40.84
2,48.5,129.72,42.81
2,47.69,130.71,41.62
23,45.05,115.93,43.77
25,44,115.93,43.76
21,44.49,115.93,44.4
15,45.06,115.73,44.39
22,43.65,115.93,44.39
15,44.1,115.73,44.39
9,45.05,115.53,45.02
12,44.54,115.73,45.02
9,44.16,115.56,45.02
10,43.83,115.73,45.02
4,44.59,115.37,45.65
4,43.96,115.45,45.65
2,44.14,115.02,46.27
2,43.92,114.61,46.9
7,43.73,115.5,45.02
3,43.73,115.07,45.65
2,43.73,114.64,46.27
15,43.53,115.63,44.4
4,43.53,115.11,45.03
3,43.53,114.66,45.65
2,44.09,114.14,46.27
2,45.24,112.56,43.1
2,44.73,112.56,43.74
2,45.23,112.76,43.76
2,45.24,112.97,44.4
2,44.79,112.76,44.39
2,44.84,113.2,45.02
2,44.43,113.66,45.65
2,46.21,112.76,42.49
29,46.17,115.93,42.5
2,46.39,113.12,42.52
11,46.74,114.13,42.4
16,46.56,114.56,42.73
24,46.74,114.48,42.41
4,46.47,113.84,42.47
7,46.49,114.05,42.71
18,46.5,114.77,42.49
25,46.65,115.4,42.53
27,46.57,115.74,42.52
3,46.13,112.95,43.15
3,45.76,112.76,43.13
26,45.5,115.93,43.14
21,46.07,115.73,43.14
6,46.16,113.51,43.14
16,46.3,115.25,43.14
9,46.25,114.39,43.14
3,45.72,113.15,43.77
13,45.98,115.51,43.77
17,45.49,115.73,43.77
6,45.87,114.87,43.77
3,45.79,113.99,43.77
2,45.31,113.59,44.4
7,45.47,115.32,44.4
2,44.99,114.95,45.02
2,44.31,113,44.4
2,44.04,113.29,45.02
2,43.9,113.72,45.65
2,43.73,114.13,45.65
3,43.53,114.12,45.03
35,46.19,115.93,41.84
31,46.65,115.4,41.88
34,46.57,115.73,41.87
14,46.77,114.13,41.9
29,46.75,114.48,41.9
25,46.51,114.76,41.9
8,46.47,113.88,41.89
51,45.05,115.93,41.1
56,43.97,115.93,41.1
70,45.06,115.74,40.75
86,43.65,115.93,40.58
80,44.09,115.74,40.76
88,44.08,115.68,40.62
50,45.52,115.93,41.1
46,46.09,115.74,41.21
2,45.24,112.56,41.04
35,46.3,115.25,41.27
29,46.27,114.39,41.27
5,46.16,113.51,41.27
3,45.23,112.76,40.75
4,45.72,113.15,40.87
56,45.97,115.5,40.85
70,45.5,115.74,40.75
41,45.89,114.88,40.84
25,45.81,113.99,40.86
3,44.18,112.76,44.39
3,43.73,113.15,45.02
3,43.73,113.7,45.65
3,44.04,112.56,43.75
4,43.53,113.03,44.4
3,43.53,113.66,45.03
78,45.05,115.65,40.65
74,45.47,115.4,40.64
3,45.25,112.86,40.65
40,45.39,114.47,40.66
15,45.32,113.56,40.66
5,44.24,112.9,40.65
98,45.04,115.81,40.46
78,44.45,115.93,40.58
84,44.27,115.83,40.45
103,43.76,115.83,40.45
89,45.49,115.52,40.45
2,45.25,112.7,40.46
3,44.73,112.56,40.57
44,45.4,114.48,40.46
15,45.32,113.51,40.46
4,44.14,112.75,40.46
4,44.04,112.56,40.57
90,43.29,120.67,41.31
89,43.29,120.9,41.29
96,43.28,121.1,41.14
2,44.42,125.54,40.29
2,44.64,126.07,40.38
4,43.92,125.49,40.44
8,43.99,125.53,40.74
3,43.88,125.38,40.35
5,43.93,125.39,40.68
2,45.74,128.67,40.52
2,46.72,129.95,40.61
2,46.07,129.2,40.57
3,44.73,127.1,40.39
3,44.78,127.85,40.43
2,45.27,128.4,40.48
3,44.23,126.53,40.4
3,46.86,131.77,40.74
3,54.35,112.3,42.79
3,53.82,111.5,42.83
3,54.5,111.36,42.75
5,48.8,95.9,44.78
6,48.84,95.77,44.69
6,48.83,95.74,44.75
5,48.75,95.78,44.95
18,49.23,94.96,44.74
18,49.1,95.04,44.97
19,49.12,94.89,44.78
17,49.18,94.97,44.76
14,49.21,95.14,44.69
17,49.22,95.18,44.91
18,49.2,95.12,44.93
10,49.09,95.38,44.58
10,49.09,95.35,44.62
10,49.14,95.49,44.77
12,49.18,95.28,44.63
10,49.07,95.44,45
11,49.11,95.43,44.82
14,49.21,95.33,44.83
14,49.18,95.32,45
7,48.91,95.66,44.77
5,48.82,95.86,44.84
7,48.86,95.66,44.97
9,49.02,95.57,44.77
8,49,95.45,44.57
8,49.05,95.61,44.71
8,48.97,95.55,44.99
9,49.01,95.52,44.81
2,54.32,111.44,44.07
2,54.09,110.57,44.08
3,54.5,110.48,44.05
6,48.81,95.63,44.49
6,48.84,95.81,44.61
11,49.21,95.3,44.58
9,49.12,95.42,44.41
10,49.12,95.39,44.5
11,49.21,95.32,44.52
7,48.92,95.57,44.39
7,48.95,95.69,44.69
7,48.89,95.56,44.5
8,49.03,95.49,44.39
8,49,95.48,44.5
2,54.3,110.53,45.33
2,54.5,109.72,45.33
3,54.35,112.28,41.13
3,54.35,112.29,41.85
3,53.81,111.51,41.48
2,53.89,111.39,40.65
3,54.5,111.36,41.27
3,54.4,110.5,40.46
2,53.19,110.67,40.46
2,50.23,94.97,41.04
4,50.21,94.75,41.04
3,50.33,94.85,41.04
2,50.11,94.87,41.19
10,50.31,94.63,41.04
32,50.41,94.51,40.87
12,50.43,94.73,40.87
5,50.45,94.95,40.87
2,50.35,95.07,40.87
54,50.51,94.39,40.87
67,50.63,94.49,40.66
52,50.53,94.61,40.66
33,50.55,94.83,40.66
15,50.57,95.05,40.66
5,50.47,95.17,40.66
2,50.37,95.29,40.66
89,50.61,94.27,40.66
104,50.73,94.37,40.46
83,50.75,94.59,40.46
78,50.65,94.71,40.46
88,50.67,94.93,40.46
38,50.69,95.15,40.46
5,50.59,95.27,40.46
104,50.71,94.15,40.46
109,49.69,93.63,40.52
109,49.73,93.68,40.53
102,49.86,93.67,40.56
105,49.39,93.48,40.49
108,49.45,93.53,40.49
107,49.55,93.53,40.5
109,49.61,93.58,40.51
93,49.27,93.38,40.49
99,49.33,93.43,40.49
30,48.28,93.59,40.51
37,48.22,93.54,40.55
26,48.17,93.6,40.51
35,48.11,93.55,40.55
32,48.33,93.53,40.51
41,48.27,93.48,40.55
29,48.28,93.59,40.46
26,48.17,93.6,40.46
30,48.27,93.48,40.46
17,47.7,93.92,40.51
104,49.77,93.57,40.43
101,49.99,93.55,40.45
99,49.43,93.43,40.42
103,49.49,93.48,40.42
102,49.66,93.46,40.43
90,49.2,93.34,40.43
94,49.31,93.33,40.42
97,49.37,93.38,40.42
69,48.86,93.26,40.41
88,49.14,93.29,40.43
78,48.97,93.25,40.42
79,49.03,93.3,40.43
18,47.34,94.94,40.4
48,48.54,93.4,40.4
44,48.43,93.41,40.4
40,48.32,93.42,40.4
38,48.28,93.59,40.4
36,48.17,93.6,40.4
39,48.27,93.48,40.4
35,48.06,93.61,40.4
34,47.95,93.62,40.4
38,47.54,93.98,40.4
35,47.79,93.69,40.4
39,47.68,93.7,40.4
36,47.69,93.81,40.4
36,47.7,93.92,40.4
20,47.64,93.86,40.46
38,47.59,93.92,40.4
38,47.4,94.27,40.4
2,47.41,94.99,40.55
5,47.4,94.99,40.46
15,47.35,95.05,40.4
3,47.52,95.09,40.51
3,47.47,95.15,40.46
8,47.42,95.21,40.4
3,47.46,95.04,40.51
4,47.41,95.1,40.46
11,47.36,95.16,40.4
2,47.53,95.21,40.51
2,47.48,95.26,40.46
5,47.43,95.32,40.4
2,47.54,95.31,40.46
3,47.49,95.38,40.41
5,48.81,95.86,44.57
5,48.73,95.82,44.68
6,48.81,95.65,44.4
5,48.75,95.69,44.4
5,48.68,95.68,44.51
3,48.42,95.69,44.49
2,48.26,95.67,44.54
4,48.54,95.68,44.51
4,48.63,95.86,44.61
3,48.44,95.85,44.62
2,48.32,95.67,44.52
3,48.37,95.85,44.63
3,48.37,95.93,44.75
3,48.32,95.83,44.67
3,48.26,95.82,44.69
3,48.31,95.9,44.81
3,48.31,95.87,44.84
3,48.27,95.8,44.73
3,48.26,95.79,44.75
3,48.31,95.86,44.9
3,48.31,95.86,44.98
3,48.25,95.81,44.91
3,48.25,95.81,44.98
2,48.06,95.61,44.64
3,48.21,95.82,44.7
2,48.15,95.66,44.58
3,48.25,95.84,44.86
3,48.2,95.78,44.76
2,48.14,95.64,44.62
3,48.21,95.8,44.73
2,48.14,95.64,44.61
3,48.14,95.76,44.78
2,48.1,95.63,44.63
3,48.19,95.78,44.92
3,48.14,95.73,44.81
3,48.13,95.75,44.94
3,48.09,95.7,44.83
2,48.06,95.59,44.66
3,48.13,95.71,44.99
3,48.19,95.76,44.98
4,48.65,95.92,44.81
4,48.48,95.92,44.76
4,48.48,95.9,44.83
4,48.53,95.83,44.68
3,48.43,95.96,44.75
3,48.43,95.96,44.82
4,48.65,95.88,44.94
4,48.48,95.9,44.9
4,48.48,95.9,44.98
3,48.43,95.96,44.9
3,48.43,95.96,44.98
3,48.32,95.97,44.82
3,48.32,95.97,44.9
3,48.32,95.97,44.98
3,48.31,95.86,45.06
3,48.25,95.81,45.06
3,48.13,95.71,45.06
3,48.19,95.76,45.06
4,48.48,95.9,45.06
4,48.48,95.9,45.14
4,48.43,95.96,45.06
4,48.43,95.96,45.14
3,48.37,95.91,45.14
3,48.32,95.97,45.06
2,48.03,95.67,44.85
2,48.02,95.57,44.67
3,48.07,95.67,45
3,48.02,95.57,44.92
2,48.03,95.64,44.87
2,48.01,95.5,44.72
2,47.98,95.54,44.68
2,47.94,95.3,44.78
2,47.89,95.26,44.78
3,48.07,95.66,45.06
3,48.05,95.46,45.09
3,48.06,95.55,45.08
3,48.01,95.46,44.97
3,48.02,95.54,44.94
2,48,95.43,44.76
2,47.96,95.39,44.76
3,47.96,95.41,44.97
6,48.56,95.56,45.14
5,48.51,95.62,45.14
5,48.5,95.51,45.14
5,48.45,95.57,45.14
5,48.46,95.68,45.14
4,48.41,95.74,45.14
4,48.4,95.63,45.14
4,48.35,95.69,45.14
4,48.33,95.47,45.13
5,48.38,95.41,45.14
5,48.44,95.46,45.13
5,48.39,95.52,45.14
4,48.28,95.53,45.14
4,48.23,95.59,45.14
4,48.34,95.58,45.14
4,48.29,95.64,45.14
6,48.75,95.76,45.1
5,48.65,95.88,45.1
6,48.68,95.66,45.22
5,48.63,95.72,45.22
6,48.62,95.61,45.22
5,48.57,95.67,45.22
5,48.58,95.78,45.22
4,48.53,95.84,45.22
5,48.52,95.73,45.22
4,48.47,95.79,45.22
3,48.31,95.86,45.14
4,48.36,95.8,45.14
4,48.3,95.75,45.14
3,48.25,95.81,45.14
3,48.18,95.65,45.14
3,48.24,95.7,45.14
3,48.13,95.71,45.14
3,48.19,95.76,45.14
4,48.48,95.9,45.22
4,48.42,95.85,45.22
4,48.04,95.2,45.01
4,48.09,95.15,45.02
3,47.93,95.03,44.82
4,48.03,95.1,45.02
4,47.98,95.15,45.01
3,47.99,95.26,45
3,47.95,95.31,44.99
2,47.86,95.12,44.8
3,47.94,95.21,45
3,47.89,95.26,44.99
4,48.15,95.32,45.15
4,48.09,95.27,45.15
5,48.2,95.26,45.15
5,48.14,95.21,45.16
4,48.21,95.37,45.14
4,48.27,95.42,45.14
5,48.26,95.31,45.15
5,48.32,95.36,45.14
4,48.1,95.38,45.14
3,48.05,95.44,45.14
4,48.04,95.33,45.14
3,47.99,95.39,45.14
4,48.16,95.43,45.14
3,48.11,95.49,45.14
4,48.22,95.48,45.13
4,48.17,95.54,45.14
3,48.06,95.55,45.14
3,48.12,95.6,45.14
3,48.07,95.66,45.14
4,47.5,94.87,40.51
5,47.49,94.76,40.51
6,47.48,94.65,40.51
8,47.47,94.54,40.51
3,47.45,94.82,40.55
3,47.44,94.71,40.55
4,47.43,94.6,40.55
5,47.42,94.49,40.55
3,47.45,94.93,40.51
2,47.4,94.88,40.55
6,47.44,94.82,40.46
8,47.43,94.71,40.46
10,47.42,94.6,40.46
12,47.41,94.49,40.46
6,47.39,94.88,40.46
22,47.33,94.83,40.4
23,47.38,94.77,40.4
29,47.37,94.66,40.4
32,47.36,94.55,40.4
34,47.35,94.44,40.4
2,47.35,94.94,40.55
6,47.34,94.94,40.46
15,47.74,93.75,40.55
12,47.64,93.87,40.55
11,47.46,94.43,40.51
15,47.41,94.38,40.46
38,47.35,94.33,40.4
6,47.41,94.38,40.55
11,48.79,95.18,45
15,48.89,95.07,45.01
11,48.68,95.09,45.02
15,48.78,94.97,45.02
11,49.05,95.41,45.1
14,49.15,95.29,45.1
11,48.93,95.31,45.12
14,49.03,95.19,45.13
8,48.71,95.38,45.14
9,48.76,95.32,45.14
8,48.65,95.33,45.14
9,48.7,95.27,45.15
6,48.61,95.5,45.14
7,48.66,95.44,45.14
6,48.55,95.45,45.13
7,48.6,95.39,45.14
7,48.53,95.23,45.15
7,48.59,95.28,45.15
9,48.58,95.17,45.16
9,48.64,95.22,45.15
6,48.43,95.35,45.14
6,48.48,95.29,45.15
6,48.49,95.4,45.14
6,48.54,95.34,45.14
8,48.95,95.53,45.1
7,48.85,95.64,45.1
8,48.83,95.43,45.12
6,48.73,95.6,45.22
7,48.78,95.54,45.22
6,48.67,95.55,45.22
7,48.72,95.49,45.22
11,48.33,94.8,44.82
11,48.21,94.7,44.82
18,48.43,94.68,44.82
18,48.31,94.58,44.82
12,48.45,94.9,45.02
11,48.57,95,45.02
16,48.66,94.88,45.02
17,48.55,94.78,45.02
7,48.23,94.92,44.82
9,48.34,94.97,45.02
7,48.29,95.02,45.02
6,48.11,94.82,44.82
5,48.14,95.09,45.02
6,48.18,95.03,45.02
4,48.02,94.93,44.82
6,48.13,94.98,45.02
5,48.08,95.04,45.02
7,48.35,95.08,45.16
9,48.4,95.02,45.16
7,48.41,95.13,45.16
7,48.47,95.18,45.16
9,48.52,95.12,45.16
9,48.46,95.07,45.16
5,48.25,95.2,45.16
5,48.19,95.15,45.16
6,48.3,95.14,45.16
6,48.24,95.09,45.16
5,48.31,95.25,45.15
5,48.37,95.3,45.15
6,48.36,95.19,45.16
6,48.42,95.24,45.15
20,47.54,93.98,40.46
10,47.54,93.99,40.55
20,47.59,93.92,40.46
17,47.59,93.92,40.51
11,47.53,93.88,40.55
16,47.55,94.09,40.51
9,47.49,94.05,40.55
16,47.54,93.98,40.51
19,47.49,94.04,40.46
41,47.43,93.99,40.4
14,47.51,94.26,40.51
8,47.45,94.21,40.55
18,47.45,94.21,40.46
40,47.39,94.16,40.4
15,47.5,94.15,40.51
9,47.44,94.11,40.55
19,47.44,94.1,40.46
41,47.38,94.05,40.4
13,47.46,94.32,40.51
17,47.4,94.27,40.46
8,47.4,94.27,40.55
101,50.39,93.85,40.46
91,50.32,93.85,40.65
96,50.13,93.87,40.61
88,50.03,93.99,40.73
95,50.26,93.97,40.64
86,50.14,94.09,40.75
106,49.67,93.63,40.61
105,49.72,93.69,40.62
99,49.93,93.66,40.58
93,49.84,93.67,40.64
72,50.05,94.21,40.88
45,49.95,94.33,41.04
16,49.87,94.45,41.18
88,49.91,93.89,40.72
85,49.87,94,40.76
84,49.81,93.95,40.76
83,49.76,94.01,40.76
84,49.82,94.06,40.76
80,49.72,94.13,40.88
76,49.69,94.22,40.99
80,49.93,94.11,40.88
65,49.83,94.23,41.03
43,49.8,94.33,41.15
82,49.69,93.85,40.76
83,49.75,93.9,40.76
82,49.64,93.91,40.76
83,49.7,93.96,40.76
79,49.61,94.02,40.87
97,49.62,93.69,40.68
95,49.68,93.74,40.68
88,49.79,93.79,40.72
81,49.57,93.75,40.76
82,49.63,93.8,40.76
81,49.52,93.81,40.76
81,49.58,93.86,40.76
3,49.75,94.65,41.35
12,49.78,94.51,41.31
23,49.74,94.43,41.21
79,49.56,94.04,41.03
52,49.7,94.34,41.17
82,49.61,94.16,41.06
3,49.57,94.64,41.51
52,49.61,94.53,41.38
74,49.6,94.44,41.34
77,49.43,93.99,41.07
86,49.47,94.08,41.16
86,49.55,94.29,41.22
89,49.51,94.18,41.19
104,49.42,93.44,40.55
106,49.48,93.49,40.55
106,49.55,93.53,40.61
107,49.61,93.58,40.61
105,49.44,93.54,40.61
99,49.5,93.59,40.68
98,49.56,93.64,40.68
99,49.39,93.6,40.68
96,49.28,93.61,40.68
96,49.34,93.66,40.68
80,49.45,93.65,40.76
81,49.51,93.7,40.76
81,49.46,93.76,40.76
80,49.4,93.71,40.76
75,49.52,93.91,40.84
82,49.43,93.81,40.75
73,49.47,93.86,40.93
74,49.48,93.92,40.88
86,49.22,93.67,40.69
86,49.28,93.72,40.69
73,49.4,93.89,41.04
70,49.37,93.8,40.87
78,49.33,93.74,40.77
91,49.15,93.4,40.53
100,49.36,93.39,40.55
94,49.3,93.34,40.55
97,49.26,93.39,40.54
98,49.21,93.45,40.61
98,49.33,93.55,40.68
102,49.32,93.44,40.53
104,49.38,93.49,40.61
101,49.27,93.5,40.61
91,49.03,93.54,40.62
81,48.98,93.49,40.7
85,49.1,93.58,40.69
86,49.16,93.63,40.69
72,48.96,93.26,40.48
75,49.02,93.31,40.48
82,49.09,93.35,40.53
81,48.85,93.17,40.43
71,48.8,93.21,40.42
65,48.86,93.26,40.47
67,48.92,93.31,40.53
71,48.87,93.36,40.61
73,48.98,93.36,40.53
78,48.94,93.41,40.61
84,49.04,93.41,40.61
85,49,93.45,40.68
92,49.1,93.46,40.61
90,49.06,93.5,40.67
93,49.16,93.51,40.68
96,49.22,93.56,40.68
59,48.69,93.32,40.57
57,48.76,93.38,40.51
60,48.69,93.35,40.55
53,48.59,93.32,40.57
50,48.65,93.39,40.51
54,48.59,93.36,40.55
43,48.54,93.4,40.51
37,48.43,93.41,40.51
48,48.48,93.36,40.55
43,48.37,93.37,40.55
60,48.81,93.32,40.53
61,48.73,93.33,40.57
57,48.76,93.38,40.46
56,48.7,93.33,40.41
57,48.75,93.27,40.47
63,48.69,93.22,40.42
50,48.65,93.39,40.46
42,48.54,93.4,40.46
37,48.43,93.41,40.46
32,48.32,93.42,40.46
50,48.59,93.34,40.4
61,48.69,93.32,40.62
54,48.58,93.32,40.61
63,48.73,93.33,40.62
76,48.91,93.44,40.69
72,48.85,93.4,40.69
68,48.78,93.36,40.62
100,50.69,93.93,40.46
99,50.57,93.83,40.46
94,50.59,94.05,40.66
92,50.47,93.95,40.66
94,50.41,94.07,40.66
87,50.32,94.07,40.78
76,50.27,94.19,40.88
92,50.49,94.17,40.66
66,50.39,94.29,40.87
33,50.29,94.41,41.04
47,50.17,94.31,41.04
5,49.97,94.55,41.19
7,49.89,94.5,41.3
9,50.19,94.53,41.19
3,50.09,94.65,41.19
15,50.07,94.43,41.19
2,49.98,94.77,41.35
2,49.89,94.88,41.35
2,49.89,94.68,41.34
98,50.02,93.77,40.59
90,50.23,93.75,40.64
98,50.3,93.63,40.46
101,50.12,93.65,40.45
98,50.37,93.62,40.46
98,50.45,93.73,40.46
3,49.47,94.96,42.05
22,48.76,94.76,45.02
23,48.65,94.66,45.02
30,48.84,94.63,44.82
31,48.73,94.54,44.82
31,48.62,94.45,44.82
29,48.51,94.35,44.82
21,48.29,94.36,44.82
16,48.17,94.27,44.82
34,49.1,94.6,44.8
26,48.97,94.74,45.02
25,49.08,94.83,45
19,49.01,94.97,45.15
21,48.89,94.86,45.16
23,48.53,94.56,45.02
22,48.41,94.46,45.02
21,47.96,93.73,40.51
22,47.9,93.68,40.46
35,47.84,93.63,40.4
20,47.85,93.74,40.51
24,47.9,93.68,40.55
17,47.79,93.69,40.55
22,47.79,93.69,40.46
24,48.12,93.66,40.51
31,48.06,93.61,40.55
24,48.06,93.61,40.46
22,48.01,93.67,40.51
27,47.95,93.62,40.55
23,47.95,93.62,40.46
18,47.75,93.86,40.51
13,47.69,93.81,40.55
21,47.69,93.81,40.46
19,47.74,93.75,40.51
24,47.68,93.7,40.46
33,48.32,93.42,40.51
41,48.26,93.38,40.55
31,48.26,93.37,40.46
2,49.95,100.32,64.3
2,51.3,100.64,61.48
2,51.3,100.64,61.9
2,50.84,100.24,61.26
2,50.37,99.84,61.06
2,51.3,100.64,63.15
2,51.3,100.64,62.52
2,50.72,99.36,63.72
2,50.8,100.24,63.72
2,49.87,99.44,64.3
2,50.34,99.84,64.1
2,49.46,130.53,42.82
3,48.64,131.53,41.64
3,47.82,132.59,40.75
3,50.42,131.33,42.83
5,49.6,132.34,41.66
4,48.78,133.44,40.8
7,51.21,140.88,42.66
4,53.17,143.08,43.19
7,56.7,142.77,43.14
6,58.59,144.42,43.51
7,60.22,142.19,44.01
4,58.23,139.57,44.27
7,58.36,141.21,43.81
5,62.25,145.63,44.78
2,65.5,141.46,47.14
2,49.46,130.53,44.08
2,50.42,131.33,44.08
4,51.38,132.13,42.84
7,50.56,133.15,41.71
6,49.73,134.29,40.9
4,52.33,132.91,42.88
8,51.52,133.97,41.84
8,50.7,135.12,41.09
9,50.94,137.84,41.88
9,52.56,135.68,42.31
3,54.17,133.62,43.58
9,52.87,139.27,43.31
5,54.48,137.07,44.02
6,54.71,139.87,44.31
7,54.84,141.51,43.87
2,56.39,138.83,45.9
2,47.05,112.16,54.42
2,46.41,112.29,54.3
2,46.94,112.3,54.92
2,47.3,111.89,55.02
2,46.92,111.66,54.53
2,46.47,112.01,54.24
2,45.88,111.94,54.08
2,46.5,112.01,57.24
2,45.88,111.94,57.4
2,46.94,112.3,55.63
2,46.54,112.11,56.94
2,47.06,112.15,56.3
2,45.87,112.28,57.07
2,46.45,112.29,56.35
94,43.53,115.68,40.6
56,43.43,120.96,41.57
75,43.48,120.9,41.5
58,43.59,120.91,41.61
2,43.56,119.99,41.9
22,43.46,120.09,41.95
35,43.56,120.92,41.91
45,43.76,121.04,41.74
36,43.95,120.81,41.74
34,43.44,120.81,41.95
36,43.43,120.97,41.8
39,43.58,120.93,41.77
51,43.67,120.83,41.46
63,43.65,120.88,41.54
20,43.95,120.81,41.43
22,43.49,120.38,41.33
13,43.59,120.15,41.35
32,43.6,120.62,41.34
31,43.66,120.84,42.03
34,43.48,120.38,41.98
35,43.56,120.67,41.9
24,43.57,120.39,42.04
26,43.74,120.61,42.05
71,43.53,120.62,41.49
78,43.45,120.38,41.42
7,43.9,120.37,42.05
4,44.15,120.57,41.74
21,43.56,120.17,41.9
6,43.71,120.17,42.05
2,43.7,120.04,41.54
2,43.91,120.37,41.43
67,43.41,120,41.41
62,43.52,120.14,41.49
2,43.61,120,41.62
7,43.47,119.96,41.59
21,43.41,120,41.95
10,43.54,120.02,41.5
23,43.4,119.94,41.43
8,43.97,120.81,42.67
2,43.73,120.78,43
5,43.84,120.6,42.63
2,43.89,124.42,42.55
9,43.52,123.6,42.53
9,43.73,123.95,42.52
13,43.48,121.27,42.5
2,44.39,120.77,42.68
3,44.39,120.77,42.36
16,43.62,121.32,42.48
21,44.19,121.01,42.36
13,43.85,121.05,42.66
11,44.19,121.01,42.68
2,45.28,123.35,42.52
2,45.2,122.47,42.52
10,43.45,121.27,42.35
16,43.6,121.24,42.34
22,43.79,121.05,42.35
28,43.52,123.3,41.79
59,43.51,123.08,41.42
23,43.7,123.5,41.87
5,44.07,123.91,41.89
2,44.06,123.91,41.27
2,44.28,123.49,40.85
3,43.99,123.02,40.79
11,43.85,123.45,41.44
2,44.75,122.96,41.33
26,43.7,123.06,41.17
29,43.51,122.71,41.22
59,43.49,123.08,41.44
59,43.57,121.5,41.52
67,43.46,121.65,41.43
2,43.71,122,41
7,44.65,121.19,41.9
42,43.99,121.25,41.74
7,44.23,121.67,41.28
5,44.78,122.95,41.89
7,44.73,122.07,41.9
7,44.31,122.55,41.26
67,43.47,122.15,41.44
31,43.67,122.15,41.28
36,43.99,121.25,42.05
68,43.2,121.1,41.36
73,43.29,121.18,41.4
40,43.29,121.11,41.8
72,43.3,121.32,41.42
67,43.32,121.25,41.44
49,43.37,121.26,41.64
48,43.48,121.33,41.51
43,43.68,121.32,41.42
51,43.67,121.27,41.51
33,43.81,121.48,41.43
42,43.48,121.33,41.71
43,43.66,121.28,41.74
50,43.51,121.38,41.5
69,43.37,121.43,41.42
34,43.29,121.07,42.09
33,43.37,121.26,42.03
28,43.49,121.33,42.04
31,43.66,121.28,42.05
79,43.28,121.33,41.29
92,43.26,121.72,41.01
77,43.27,121.68,41.29
93,43.18,121.1,41.17
46,43.29,121.03,41.68
33,43.29,120.98,41.97
62,43.3,120.97,41.55
34,43.3,120.89,41.97
82,43.37,120.68,41.42
70,43.46,120.8,41.49
48,43.34,120.96,41.6
34,43.22,120.87,41.77
37,43.34,120.96,41.76
33,43.25,120.87,41.87
34,43.35,120.69,41.95
81,43.31,120.73,41.41
34,43.3,120.68,41.97
34,43.29,120.9,42.12
34,43.29,120.66,42.12
59,43.2,121.02,41.44
68,43.2,120.87,41.34
60,43.21,120.65,41.37
3,43.7,121.05,43.02
10,43.65,121.31,42.72
6,43.48,121.28,42.77
5,43.51,121.38,43.47
10,43.49,121.34,43.32
2,45.9,125.61,43.78
2,45.5,125.41,43.79
2,45.89,125.41,44.42
13,43.97,125.38,41.99
3,44.3,125.45,41.96
2,44.46,125.58,41.27
2,45,125.78,42.5
34,43.7,125.39,41.81
4,44.4,125.47,42.31
3,44.87,125.57,42.64
2,45.51,125.62,43.16
21,44.27,125.4,42.71
4,44.98,125.41,43.19
27,43.47,123.16,41.84
4,44.15,125.78,41.28
41,43.7,125.54,41.47
10,44,125.54,41.23
61,43.49,125.4,41.18
3,44.15,125.76,40.7
15,43.77,126.07,40.8
62,43.25,124.76,41.19
63,43.25,123.89,41.11
71,43.26,123.17,41.07
12,43.71,126.24,40.66
2,45.93,125.81,43.77
2,45.51,126.02,43.15
2,45.99,126.39,43.77
2,45.11,126.47,42.52
2,44.63,126.06,41.9
3,44.23,126.55,41.26
2,44.71,126.95,41.9
2,46.07,127.27,42.52
2,46.07,127.27,43.15
2,45.25,128.01,41.52
2,45.67,127.76,41.89
2,45.59,126.87,42.52
2,45.59,126.87,43.15
2,45.19,127.35,41.9
2,44.79,127.75,41.45
2,46.55,127.68,42.52
2,46.13,128.13,41.95
2,46.61,128.52,42.07
2,47.42,128.65,42.08
2,45.74,128.65,41.34
2,46.73,129.91,41.59
2,46.07,129.17,41.5
2,44.73,127.12,40.79
2,44.31,127.39,41.36
2,44.78,127.85,41.02
2,45.28,128.39,41.21
3,44.16,126.63,40.72
2,47.7,130.68,42.84
2,46.89,131.68,41.73
27,45.05,115.93,43.14
31,43.99,115.93,43.13
24,44.5,115.93,43.77
17,45.06,115.73,43.77
27,43.66,115.93,43.76
19,44.1,115.73,43.77
11,45.05,115.53,44.4
15,44.55,115.73,44.4
11,44.16,115.56,44.4
15,43.83,115.73,44.39
6,44.59,115.37,45.02
7,43.96,115.45,45.02
2,44.14,115.02,45.65
2,43.92,114.61,46.27
31,45.05,115.93,42.5
35,43.98,115.93,42.49
11,43.73,115.5,44.4
4,43.73,115.06,45.02
3,43.73,114.64,45.65
28,43.53,115.65,43.79
5,43.53,115.12,44.42
4,43.53,114.65,45.03
2,44.09,114.14,45.65
2,45.24,112.56,42.44
2,44.73,112.56,43.1
2,45.23,112.76,43.13
3,45.24,112.97,43.77
2,44.79,112.76,43.76
2,44.84,113.2,44.4
2,44.43,113.66,45.02
2,46.13,112.95,42.52
2,45.76,112.76,42.49
30,45.51,115.93,42.5
26,46.08,115.73,42.51
3,46.16,113.52,42.52
20,46.3,115.25,42.52
15,46.26,114.39,42.51
4,45.72,113.15,43.15
15,45.98,115.51,43.15
20,45.49,115.73,43.14
9,45.87,114.87,43.15
6,45.79,113.99,43.15
3,45.31,113.59,43.77
8,45.47,115.32,43.77
3,45.39,114.47,43.77
3,44.99,114.95,44.4
3,44.31,113,43.77
3,44.04,113.29,44.4
2,43.9,113.72,45.02
3,43.73,114.13,45.02
4,43.53,114.12,44.43
35,45.05,115.93,41.84
41,43.97,115.93,41.82
2,45.24,112.56,41.75
35,45.52,115.93,41.84
32,46.08,115.73,41.88
25,46.3,115.25,41.9
22,46.27,114.39,41.9
3,46.16,113.51,41.9
53,44.48,115.93,41.11
46,45.06,115.73,41.2
58,43.65,115.93,41.07
56,44.09,115.74,41.2
58,45.05,115.53,40.87
73,44.53,115.74,40.76
81,44.35,115.68,40.62
66,44.16,115.56,40.85
91,43.9,115.68,40.62
87,43.82,115.74,40.75
37,45.98,115.51,41.27
45,45.49,115.73,41.2
3,44.73,112.56,41.04
2,45.23,112.76,41.18
28,45.87,114.87,41.27
20,45.79,113.99,41.27
3,45.72,113.15,41.27
4,45.24,112.97,40.87
4,44.79,112.76,40.75
15,45.31,113.59,40.87
33,45.39,114.47,40.87
57,45.48,115.32,40.86
5,44.31,113,40.87
61,43.53,115.66,41.12
3,44.18,112.76,43.76
3,43.73,113.15,44.4
3,43.73,113.7,45.03
3,44.05,112.56,43.1
4,43.53,112.99,43.8
4,43.53,113.66,44.43
4,44.04,112.56,41.04
4,44.18,112.76,40.75
78,44.6,115.43,40.63
88,43.84,115.54,40.63
76,44.99,114.98,40.65
7,44.82,113.13,40.65
36,44.91,114.06,40.66
7,43.96,113.22,40.64
99,44.57,115.54,40.45
108,43.69,115.68,40.45
90,44.99,115.03,40.46
6,44.79,113.02,40.46
36,44.9,114.06,40.46
6,43.83,113.1,40.46
5,43.53,112.97,40.6
90,43.18,120.65,41.14
104,43.29,120.66,41.1
88,43.29,120.4,41.29
94,43.17,120.9,41.07
102,43.28,120.91,41.04
96,43.27,121.28,41.04
102,43.26,121.75,40.55
5,44.11,125.71,40.33
4,43.77,126.09,40.37
51,43.42,125.55,40.67
51,43.49,125.4,40.57
74,43.25,124.74,40.54
56,43.07,124.83,40.67
64,43.05,123.91,40.68
83,43.25,123.88,40.52
79,43.06,123.09,40.68
93,43.25,123.08,40.51
99,43.26,122.24,40.54
7,43.43,126.33,40.38
2,45.91,130.95,40.74
2,45.33,129.17,40.55
2,45.81,129.73,40.61
3,44.31,127.44,40.4
3,44.37,128.17,40.46
2,44.86,128.75,40.51
3,44.4,128.47,40.49
3,43.83,127.02,40.39
3,46.06,132.79,40.95
2,60.79,108.67,40.46
3,61.75,108.59,40.46
2,61.81,109.48,42.52
3,54.32,111.44,42.81
3,54.09,110.58,42.82
2,53.05,110.69,42.83
4,54.5,110.48,42.73
47,49.29,94.39,44.75
5,48.77,95.99,44.79
5,48.77,95.98,44.94
6,48.89,95.89,44.79
6,48.87,95.87,44.94
5,48.77,95.98,45.1
6,48.87,95.86,45.1
17,49.27,95.04,44.69
26,49.3,94.77,44.73
23,49.33,95.02,44.91
18,49.13,95.07,45.25
19,49.14,95.07,45.13
23,49.19,94.93,44.97
25,49.2,94.75,44.78
22,49.27,95.02,44.93
14,49.27,95.2,44.64
16,49.36,95.13,44.58
16,49.33,95.1,44.63
18,49.31,95.22,44.85
17,49.27,95.23,45
18,49.25,95.17,45.1
11,49.2,95.51,44.7
11,49.19,95.47,44.75
10,49.19,95.57,44.85
14,49.29,95.39,44.76
11,49.17,95.51,44.95
14,49.28,95.4,44.96
11,49.17,95.51,45.1
14,49.27,95.39,45.1
7,48.99,95.77,44.82
7,48.97,95.75,44.95
8,49.09,95.66,44.85
8,49.09,95.7,44.79
9,49.1,95.59,44.68
9,49.07,95.63,44.95
7,48.97,95.75,45.1
8,49.07,95.63,45.1
17,49.25,95.17,45.25
3,54.3,110.53,44.07
2,53.72,109.74,44.08
3,54.5,109.71,44.04
5,48.85,95.97,44.65
5,48.88,95.92,44.67
6,48.9,95.8,44.56
14,49.33,95.42,44.69
13,49.3,95.23,44.58
15,49.38,95.12,44.52
9,49.16,95.4,44.37
11,49.24,95.57,44.46
11,49.24,95.54,44.58
11,49.25,95.33,44.4
11,49.25,95.31,44.49
13,49.34,95.46,44.6
6,48.93,95.57,44.27
8,49.04,95.49,44.27
7,49.02,95.74,44.45
7,48.99,95.72,44.58
9,49.14,95.65,44.44
9,49.11,95.63,44.58
40,49.4,94.56,44.69
2,54.3,109.74,45.33
2,54.04,108.81,45.33
2,54.5,108.76,45.33
2,49.82,95.02,41.5
3,54.32,111.44,41.4
4,54.09,110.59,41.49
3,53.04,110.7,41.49
3,54.21,110.56,40.66
3,53.1,110.7,40.66
4,54.5,110.49,41.27
2,52.16,109.87,40.46
3,53.97,109.69,40.46
7,50.43,94.73,41.04
3,50.45,94.95,41.04
2,50.35,95.07,41.04
2,50.23,94.97,41.19
2,50.01,94.99,41.35
3,50.21,94.75,41.19
3,50.33,94.85,41.19
2,50.11,94.87,41.35
22,50.41,94.51,41.04
7,50.31,94.63,41.19
5,50.43,94.73,41.19
41,50.51,94.39,41.04
25,50.53,94.61,40.87
45,50.63,94.49,40.87
11,50.55,94.83,40.87
5,50.57,95.05,40.87
2,50.47,95.17,40.87
74,50.61,94.27,40.87
85,50.73,94.37,40.66
66,50.75,94.59,40.66
51,50.65,94.71,40.66
33,50.67,94.93,40.66
11,50.69,95.15,40.66
3,50.59,95.27,40.66
94,50.71,94.15,40.66
105,50.83,94.25,40.46
102,50.85,94.47,40.46
83,50.87,94.69,40.46
83,50.77,94.81,40.46
85,50.79,95.03,40.46
71,50.91,95.13,40.46
15,50.81,95.25,40.46
2,50.71,95.37,40.46
101,50.81,94.03,40.46
102,49.77,93.57,40.55
90,49.99,93.55,40.61
100,49.43,93.43,40.5
104,49.49,93.48,40.5
99,49.66,93.46,40.54
89,49.21,93.33,40.49
92,49.31,93.33,40.5
95,49.37,93.38,40.5
87,49.15,93.28,40.49
41,48.31,93.34,40.55
41,48.31,93.32,40.57
28,48.22,93.54,40.51
37,48.16,93.49,40.55
26,48.11,93.55,40.51
34,48.05,93.5,40.55
31,48.27,93.48,40.51
41,48.21,93.43,40.55
28,48.22,93.54,40.46
26,48.11,93.55,40.46
29,48.21,93.43,40.46
17,47.64,93.86,40.51
101,49.88,93.45,40.44
98,50.1,93.43,40.46
100,49.76,93.34,40.44
100,49.54,93.36,40.43
94,49.19,93.23,40.42
94,49.25,93.28,40.42
100,49.42,93.26,40.43
87,48.85,93.13,40.43
80,48.91,93.2,40.43
92,49.07,93.19,40.43
19,47.29,95,40.4
23,47.28,94.89,40.4
46,48.48,93.35,40.41
42,48.37,93.36,40.4
35,48.31,93.31,40.46
39,48.26,93.37,40.4
37,48.22,93.54,40.4
36,48.11,93.55,40.4
38,48.21,93.43,40.4
35,48,93.56,40.4
35,47.89,93.57,40.4
40,47.48,93.93,40.4
38,47.73,93.64,40.4
43,47.62,93.64,40.4
39,47.63,93.75,40.4
37,47.64,93.86,40.4
22,47.58,93.81,40.46
40,47.53,93.87,40.4
40,47.34,94.22,40.4
3,47.4,94.99,40.51
2,47.36,95.05,40.55
5,47.35,95.05,40.46
15,47.3,95.11,40.4
2,47.31,95,40.55
2,47.29,95.01,40.57
6,47.29,95,40.46
2,47.47,95.15,40.51
3,47.42,95.21,40.46
7,47.37,95.27,40.41
5,47.23,95.34,40.43
2,47.41,95.1,40.51
10,47.31,95.23,40.41
4,47.36,95.16,40.46
4,47.38,95.39,40.41
2,47.43,95.32,40.46
2,47.44,95.44,40.41
2,47.33,95.45,40.43
2,47.39,95.5,40.42
2,49.41,95.17,42.05
6,48.9,95.83,44.45
5,48.82,95.89,44.44
5,48.73,95.87,44.58
7,49.04,95.49,44.13
5,48.82,95.66,44.27
6,48.93,95.57,44.13
5,48.76,95.7,44.28
4,48.68,95.7,44.41
3,48.5,95.69,44.47
4,48.61,95.71,44.38
3,48.42,95.87,44.56
3,48.38,95.69,44.47
2,48.32,95.69,44.48
4,48.76,96.01,44.64
2,48.21,95.68,44.52
3,48.25,95.85,44.63
2,48.21,95.69,44.48
2,48.16,95.67,44.54
4,48.65,95.96,44.67
4,48.55,95.86,44.6
2,48.27,95.69,44.47
3,48.43,95.99,44.61
3,48.43,95.97,44.68
3,48.37,95.95,44.69
3,48.32,95.85,44.61
3,48.32,95.97,44.75
4,48.66,96.1,44.79
4,48.66,96.1,44.94
4,48.66,96.1,45.1
3,48.26,95.94,44.75
3,48.26,95.92,44.83
3,48.2,95.91,44.77
3,48.26,95.92,44.9
3,48.26,95.92,44.98
3,48.2,95.87,44.9
3,48.2,95.87,44.98
2,48.04,95.77,44.78
2,48.03,95.63,44.63
2,48.03,95.65,44.61
2,48.03,95.66,44.59
2,48.15,95.83,44.69
2,48.07,95.66,44.58
3,48.2,95.88,44.85
3,48.21,95.9,44.81
2,48.14,95.8,44.75
2,48.14,95.81,44.73
2,48.08,95.65,44.61
3,48.14,95.85,44.86
2,48.09,95.79,44.76
2,48.07,95.64,44.62
3,48.14,95.82,44.91
3,48.08,95.78,44.92
2,48.04,95.74,44.8
3,48.08,95.77,44.98
3,48.14,95.82,44.98
4,48.55,96,44.79
3,48.38,96.02,44.75
3,48.38,96.02,44.82
4,48.54,96,44.94
3,48.38,96.02,44.9
3,48.38,96.02,44.98
3,48.33,96.08,44.82
3,48.27,96.03,44.82
3,48.33,96.08,44.9
3,48.33,96.08,44.98
3,48.27,96.03,44.9
3,48.27,96.03,44.98
3,48.26,95.92,45.06
3,48.2,95.87,45.06
3,48.26,95.92,45.14
3,48.2,95.87,45.14
3,48.08,95.77,45.06
3,48.14,95.82,45.06
3,48.14,95.82,45.14
3,48.08,95.77,45.14
4,48.54,96,45.1
3,48.38,96.02,45.06
3,48.33,96.08,45.06
3,48.27,96.03,45.06
3,48.38,96.02,45.14
4,48.43,95.96,45.22
4,48.37,95.91,45.22
3,48.32,95.97,45.14
3,48.33,96.08,45.14
3,48.27,96.03,45.14
2,47.98,95.61,44.64
2,47.98,95.65,44.61
2,47.93,95.58,44.64
2,48.02,95.75,44.94
2,47.99,95.71,44.82
2,47.99,95.59,44.65
3,48.01,95.64,45.01
3,48.02,95.72,44.99
2,47.98,95.61,44.89
2,47.93,95.66,44.84
2,47.93,95.46,44.71
2,47.95,95.56,44.66
2,47.85,95.3,44.76
2,47.9,95.34,44.76
3,47.9,95.36,44.97
2,47.78,95.21,44.77
3,47.85,95.31,44.97
3,47.94,95.45,45.13
3,48,95.5,45.14
3,48.01,95.61,45.14
3,48.02,95.72,45.06
3,48,95.5,45.08
3,48.01,95.61,45.06
3,47.97,95.51,44.94
3,47.93,95.46,45.08
3,47.91,95.46,44.94
3,48.02,95.72,45.14
2,47.83,94.93,44.82
2,47.75,95.02,44.8
3,47.72,94.83,44.81
5,48.87,95.86,45.25
5,48.77,95.98,45.25
4,48.66,96.1,45.25
6,48.56,95.56,45.22
5,48.51,95.62,45.22
6,48.5,95.51,45.22
5,48.45,95.57,45.22
5,48.46,95.68,45.22
4,48.41,95.74,45.22
5,48.4,95.63,45.22
4,48.35,95.69,45.22
5,48.33,95.47,45.22
5,48.38,95.41,45.22
5,48.44,95.46,45.22
5,48.39,95.52,45.22
4,48.28,95.53,45.22
4,48.23,95.59,45.22
4,48.34,95.58,45.22
4,48.29,95.64,45.22
6,48.75,95.76,45.25
5,48.65,95.88,45.25
6,48.68,95.66,45.29
5,48.63,95.72,45.29
6,48.62,95.61,45.29
5,48.57,95.67,45.29
5,48.58,95.78,45.29
4,48.53,95.84,45.29
5,48.52,95.73,45.29
4,48.47,95.79,45.29
3,48.31,95.86,45.22
4,48.36,95.8,45.22
4,48.3,95.75,45.22
3,48.25,95.81,45.22
3,48.18,95.65,45.22
4,48.24,95.7,45.22
3,48.13,95.71,45.22
3,48.19,95.76,45.22
4,48.54,96,45.25
4,48.43,95.96,45.29
4,48.48,95.9,45.29
4,48.37,95.91,45.29
4,48.42,95.85,45.29
4,48.03,95.22,45.15
5,48.08,95.16,45.16
4,47.92,95.05,45.02
4,48.02,95.11,45.16
4,47.97,95.17,45.15
4,47.98,95.28,45.14
3,47.93,95.34,45.14
3,47.83,95.16,45
3,47.92,95.23,45.15
3,47.87,95.29,45.14
4,48.15,95.32,45.22
4,48.09,95.27,45.22
5,48.2,95.26,45.22
5,48.14,95.21,45.22
4,48.21,95.37,45.22
4,48.27,95.42,45.22
5,48.26,95.31,45.22
5,48.32,95.36,45.22
4,48.1,95.38,45.22
3,48.05,95.44,45.22
4,48.04,95.33,45.22
3,47.99,95.39,45.22
4,48.16,95.43,45.22
4,48.11,95.49,45.22
4,48.22,95.48,45.22
4,48.17,95.54,45.22
3,48,95.5,45.22
3,47.94,95.45,45.22
3,48.06,95.55,45.22
3,48.12,95.6,45.22
3,48.01,95.61,45.22
3,48.07,95.66,45.22
4,47.44,94.82,40.51
5,47.43,94.71,40.51
7,47.42,94.6,40.51
10,47.41,94.49,40.51
3,47.39,94.77,40.55
3,47.38,94.66,40.55
4,47.37,94.55,40.55
6,47.36,94.44,40.55
3,47.39,94.88,40.51
2,47.34,94.83,40.55
7,47.38,94.77,40.46
9,47.37,94.66,40.46
12,47.36,94.55,40.46
14,47.35,94.44,40.46
7,47.33,94.83,40.46
30,47.27,94.78,40.4
29,47.32,94.72,40.4
32,47.31,94.61,40.4
33,47.3,94.5,40.4
37,47.29,94.39,40.4
3,47.34,94.94,40.51
2,47.3,94.89,40.55
7,47.28,94.89,40.46
14,47.68,93.7,40.55
12,47.58,93.82,40.55
12,47.41,94.38,40.51
40,47.29,94.28,40.4
17,47.35,94.33,40.46
7,47.35,94.33,40.55
11,48.09,94.6,44.82
16,48.19,94.48,44.82
13,48.07,94.38,44.82
9,47.97,94.5,44.82
6,48,94.72,44.82
3,47.91,94.83,44.82
4,47.79,94.73,44.82
6,47.88,94.62,44.82
10,49.17,95.51,45.25
13,49.27,95.39,45.25
8,49.07,95.63,45.25
7,48.97,95.75,45.25
11,48.81,95.21,45.14
15,48.91,95.09,45.15
11,48.69,95.11,45.16
15,48.79,94.99,45.16
11,49.05,95.41,45.25
13,49.15,95.29,45.25
11,48.93,95.3,45.25
14,49.03,95.19,45.25
8,48.71,95.38,45.22
9,48.76,95.32,45.22
8,48.65,95.33,45.22
9,48.7,95.27,45.22
6,48.61,95.5,45.22
7,48.66,95.44,45.22
6,48.55,95.45,45.22
7,48.6,95.39,45.22
8,48.53,95.23,45.22
8,48.59,95.28,45.22
9,48.58,95.17,45.22
9,48.64,95.22,45.22
6,48.43,95.35,45.22
7,48.48,95.29,45.22
6,48.49,95.4,45.22
7,48.54,95.34,45.22
8,48.95,95.52,45.25
7,48.85,95.64,45.25
8,48.83,95.42,45.25
6,48.73,95.6,45.29
7,48.78,95.54,45.29
6,48.67,95.55,45.29
7,48.72,95.49,45.29
12,48.33,94.8,45.02
12,48.21,94.7,45.02
17,48.43,94.68,45.02
17,48.31,94.58,45.02
12,48.45,94.9,45.16
11,48.57,95,45.16
16,48.67,94.88,45.16
17,48.55,94.78,45.16
8,48.23,94.92,45.02
9,48.34,94.97,45.16
7,48.29,95.03,45.16
8,48.11,94.82,45.02
5,48.13,95.1,45.16
6,48.18,95.04,45.16
5,48.01,94.94,45.02
6,48.12,94.99,45.16
5,48.07,95.05,45.16
8,48.35,95.08,45.22
9,48.4,95.02,45.22
7,48.41,95.13,45.22
7,48.47,95.18,45.22
9,48.52,95.12,45.22
9,48.46,95.07,45.22
5,48.25,95.2,45.22
5,48.19,95.15,45.22
6,48.3,95.14,45.22
6,48.24,95.09,45.22
5,48.31,95.25,45.22
6,48.37,95.3,45.22
6,48.36,95.19,45.22
6,48.42,95.24,45.22
21,47.48,93.93,40.46
10,47.48,93.94,40.55
22,47.53,93.87,40.46
18,47.53,93.87,40.51
13,47.47,93.83,40.55
16,47.49,94.04,40.51
10,47.43,94,40.55
17,47.48,93.93,40.51
21,47.43,93.99,40.46
44,47.37,93.94,40.4
15,47.45,94.21,40.51
8,47.39,94.17,40.55
19,47.39,94.16,40.46
42,47.33,94.11,40.4
15,47.44,94.1,40.51
9,47.38,94.06,40.55
21,47.38,94.05,40.46
45,47.32,94,40.4
14,47.4,94.27,40.51
19,47.34,94.22,40.46
8,47.34,94.23,40.55
85,50.22,93.75,40.78
91,50.39,93.85,40.66
87,50.3,93.85,40.78
86,50.12,93.87,40.75
83,50.03,93.99,40.88
88,50.24,93.97,40.77
82,50.15,94.09,40.88
85,50.01,93.77,40.74
98,49.75,93.58,40.63
95,49.67,93.63,40.68
94,49.73,93.68,40.68
85,49.89,93.67,40.73
63,50.05,94.21,41.04
30,49.95,94.33,41.19
11,49.91,94.43,41.33
81,49.91,93.89,40.88
80,49.81,94.01,40.88
79,49.73,94.12,41.03
75,49.93,94.11,41.04
53,49.84,94.23,41.19
77,49.69,93.91,40.88
80,49.64,94.02,41.01
82,49.67,93.63,40.76
82,49.73,93.68,40.76
81,49.62,93.69,40.76
82,49.68,93.74,40.76
78,49.79,93.79,40.88
74,49.57,93.81,40.88
2,49.66,95.04,41.74
2,49.72,94.82,41.51
3,49.77,94.67,41.51
10,49.79,94.54,41.38
18,49.78,94.43,41.35
76,49.54,93.95,41.07
78,49.6,94.03,41.16
58,49.7,94.26,41.22
76,49.65,94.14,41.19
3,49.55,94.71,41.74
27,49.61,94.53,41.51
58,49.62,94.46,41.48
82,49.59,94.38,41.38
81,49.45,93.99,41.2
85,49.55,94.28,41.35
80,49.51,94.17,41.32
72,49.41,93.89,41.17
103,49.43,93.43,40.61
105,49.49,93.48,40.61
101,49.64,93.49,40.62
97,49.55,93.53,40.68
96,49.61,93.58,40.68
98,49.44,93.54,40.68
82,49.55,93.53,40.76
82,49.61,93.58,40.76
82,49.5,93.59,40.76
82,49.56,93.64,40.76
73,49.5,93.84,41.05
80,49.33,93.55,40.76
81,49.39,93.6,40.76
80,49.28,93.61,40.76
80,49.34,93.66,40.76
70,49.43,93.76,40.9
71,49.47,93.69,40.87
69,49.36,93.77,41.11
77,49.23,93.66,40.77
77,49.29,93.71,40.77
71,49.36,93.79,41.03
68,49.33,93.74,40.88
88,49.24,93.29,40.55
82,49.09,93.35,40.61
89,49.2,93.34,40.54
91,49.15,93.4,40.61
98,49.37,93.38,40.61
92,49.31,93.33,40.6
93,49.21,93.45,40.68
97,49.26,93.39,40.61
96,49.38,93.49,40.68
96,49.27,93.5,40.68
102,49.32,93.44,40.61
83,49.04,93.53,40.69
75,48.97,93.47,40.75
76,49.11,93.58,40.77
77,49.17,93.62,40.77
74,48.9,93.21,40.48
83,49.18,93.24,40.55
82,49.14,93.29,40.54
72,48.97,93.25,40.53
75,49.03,93.3,40.53
76,48.85,93.18,40.48
87,48.79,93.1,40.42
72,48.74,93.18,40.43
66,48.8,93.22,40.48
80,48.74,93.14,40.43
64,48.86,93.26,40.53
64,48.81,93.31,40.61
70,48.97,93.25,40.61
75,49.03,93.3,40.61
69,48.92,93.31,40.61
70,48.88,93.36,40.68
76,48.98,93.36,40.61
78,48.94,93.41,40.68
82,49.04,93.41,40.69
77,49,93.43,40.74
89,49.1,93.46,40.69
79,49.21,93.45,40.76
80,49.27,93.5,40.76
80,49.16,93.5,40.76
80,49.22,93.55,40.76
54,48.7,93.29,40.55
55,48.64,93.32,40.57
52,48.7,93.33,40.51
56,48.64,93.33,40.55
48,48.59,93.3,40.55
49,48.52,93.32,40.57
45,48.59,93.34,40.51
49,48.53,93.33,40.55
40,48.48,93.35,40.51
35,48.37,93.36,40.51
44,48.42,93.33,40.55
44,48.41,93.32,40.57
56,48.75,93.27,40.53
53,48.7,93.33,40.46
55,48.64,93.28,40.41
65,48.63,93.19,40.43
56,48.69,93.23,40.48
46,48.59,93.34,40.46
39,48.48,93.35,40.46
35,48.37,93.36,40.46
48,48.53,93.29,40.41
48,48.42,93.32,40.62
62,48.69,93.31,40.68
57,48.7,93.29,40.6
57,48.63,93.32,40.62
51,48.59,93.3,40.59
54,48.52,93.32,40.62
58,48.75,93.27,40.61
64,48.74,93.33,40.69
63,48.71,93.31,40.7
71,48.92,93.43,40.77
67,48.86,93.39,40.77
67,48.79,93.36,40.69
99,50.79,93.81,40.46
98,50.67,93.71,40.46
92,50.69,93.93,40.66
90,50.57,93.83,40.66
87,50.59,94.05,40.87
87,50.47,93.95,40.87
85,50.37,94.07,40.87
65,50.27,94.19,41.04
81,50.49,94.17,40.87
52,50.39,94.29,41.04
21,50.29,94.41,41.19
31,50.17,94.31,41.19
3,49.97,94.55,41.35
6,50.19,94.53,41.35
3,50.09,94.65,41.35
7,50.07,94.43,41.35
3,49.98,94.77,41.5
2,49.9,94.89,41.5
3,49.92,94.68,41.5
4,49.47,94.96,42.36
87,50.3,93.63,40.66
90,50.12,93.65,40.63
98,50.21,93.53,40.46
97,50.43,93.51,40.46
98,50.55,93.61,40.46
81,49.98,93.55,40.76
83,50.1,93.65,40.77
87,50.37,93.62,40.66
84,50.28,93.63,40.78
88,50.45,93.73,40.66
4,49.66,95.04,42.05
5,49.56,94.71,42.05
6,49.47,94.96,42.68
9,49.47,94.97,42.99
11,49.47,94.97,43.3
21,48.77,94.76,45.16
22,48.65,94.66,45.16
28,48.86,94.64,45.02
28,48.74,94.54,45.02
28,48.63,94.44,45.02
27,48.51,94.34,45.02
45,49.19,94.4,44.79
38,48.91,94.42,44.82
35,48.71,94.33,44.82
34,48.6,94.23,44.82
26,48.39,94.25,44.82
22,48.27,94.15,44.82
21,48.29,94.36,45.02
20,48.17,94.26,45.02
12,48.06,94.17,44.82
33,49.17,94.61,44.99
26,48.99,94.75,45.15
24,49.11,94.85,45.14
25,48.99,94.74,45.25
24,49.11,94.85,45.25
19,49.01,94.96,45.25
20,48.89,94.86,45.25
17,49.13,95.07,45.41
22,48.53,94.56,45.16
22,48.41,94.46,45.16
21,48.77,94.76,45.25
21,48.65,94.66,45.25
38,47.78,93.58,40.4
21,47.9,93.68,40.51
23,47.84,93.63,40.46
20,47.79,93.69,40.51
20,47.84,93.63,40.55
15,47.73,93.64,40.55
25,47.73,93.64,40.46
24,48.06,93.61,40.51
31,48,93.56,40.55
24,48,93.56,40.46
22,47.95,93.62,40.51
23,47.89,93.57,40.55
24,47.89,93.57,40.46
18,47.69,93.81,40.51
13,47.63,93.76,40.55
23,47.63,93.75,40.46
20,47.68,93.69,40.51
28,47.62,93.64,40.46
44,48.31,93.32,40.62
37,48.21,93.32,40.57
32,48.26,93.37,40.51
38,48.2,93.34,40.55
32,48.2,93.32,40.46
37,48.2,93.32,40.62
2,50.88,101.12,63.15
2,50.88,101.12,62.52
2,50.4,100.72,63.72
2,49.93,100.32,64.1
2,49.46,99.92,64.3
2,50.8,100.24,61.48
2,50.8,100.24,61.9
2,50.34,99.84,61.26
2,49.87,99.44,61.06
2,50.8,100.24,63.15
2,50.8,100.24,62.52
2,48.97,99.52,64.3
2,49.38,99.04,64.3
2,49.85,99.44,64.1
2,50.32,99.84,63.72
4,48.66,131.48,42.85
4,47.85,132.49,41.74
3,47.01,133.61,41
5,49.62,132.28,42.86
6,48.8,133.31,41.79
4,47.97,134.44,41.06
9,49.33,139.81,42.39
5,51.31,142.07,42.95
8,51.21,140.63,43.63
5,53.18,142.79,44.15
7,56.7,142.49,44.1
5,58.61,144.1,44.46
3,60.22,141.98,45.91
2,58.31,140.43,45.8
2,62.29,145.26,47.51
2,49.46,130.53,45.33
3,48.65,131.48,44.08
5,49.61,132.29,44.08
2,50.42,131.33,45.33
3,51.37,132.13,44.08
3,52.33,132.94,44.08
8,49.01,136.2,41.44
7,50.57,133.07,42.88
7,49.75,134.14,41.88
8,51.52,133.86,42.95
8,50.71,134.95,42.07
10,50.95,137.62,42.86
6,52.56,135.49,43.79
7,52.85,138.86,44.24
2,54.48,137.19,45.96
4,54.79,140.73,45.83
2,46.52,112.12,54.44
2,47.06,112.15,54.98
2,45.86,112.28,54.29
2,46.44,112.29,54.91
2,45.44,112.2,54.08
2,46.56,111.91,54.53
2,45.46,111.49,54.08
2,45.98,111.8,54.27
2,45.98,111.8,57.21
2,45.44,112.2,57.4
2,45.46,111.49,57.4
2,47.06,112.15,55.64
2,46.46,112.29,55.64
2,45.48,112.28,57.07
2,45.93,112.28,56.37
2,45,111.02,57.4
2,44.93,109.19,45.02
3,47.97,106.7,40.46
2,45.33,108.71,45.02
2,46.93,106.79,40.46
3,44.93,109.19,44.4
2,44.53,109.66,43.77
2,44.85,108.3,45.02
2,44.15,110.14,40.87
2,44.05,110.17,40.66
4,44.36,109.7,40.46
80,43.72,115.52,40.76
104,43.52,115.29,40.63
55,43.47,120.86,41.61
64,43.55,120.78,41.54
44,43.78,120.71,41.63
35,43.42,120.39,41.94
22,43.52,120.14,41.87
2,43.75,120.12,41.8
35,43.48,120.77,41.87
38,43.48,120.86,41.76
37,43.76,120.73,41.8
41,43.58,120.39,41.4
4,43.73,120.17,41.42
34,43.75,120.6,41.44
66,43.58,120.6,41.54
33,43.56,120.39,41.9
23,43.64,120.39,41.98
36,43.72,120.58,41.81
67,43.5,120.39,41.49
67,43.34,120.11,41.41
77,43.39,120.39,41.42
4,43.76,120.13,41.63
24,43.69,120.25,41.82
11,43.91,120.37,41.74
49,43.43,120.07,41.49
29,43.65,120.21,41.55
17,43.41,119.95,41.85
13,43.53,120.07,41.75
41,43.41,119.95,41.54
23,43.54,120.07,41.62
29,43.42,120.07,41.87
34,43.34,120.15,41.95
43,43.42,120.02,41.5
56,43.32,119.95,41.45
78,43.29,120.13,41.3
2,44.48,124.33,43.15
4,43.52,123.61,43.22
6,43.72,123.96,43.16
3,43.88,124.46,43.15
2,43.97,120.81,42.99
4,44.19,121.01,42.99
2,45.28,123.35,43.15
2,45.2,122.47,43.15
5,43.86,121.07,42.99
3,43.72,123.96,43.79
7,43.71,123.53,43.8
13,43.51,122.13,43.49
4,43.52,123.05,43.91
17,43.51,123.31,42.55
3,44.88,123.83,42.52
16,43.7,123.49,42.52
8,44.07,123.9,42.52
18,43.58,121.38,42.48
5,44.65,121.19,42.52
24,43.82,121.45,42.36
26,43.98,121.25,42.37
17,43.99,121.25,42.67
9,44.8,122.95,42.52
8,44.73,122.07,42.52
17,43.84,121.46,42.68
34,43.29,121.04,42.28
28,43.38,121.27,42.42
19,43.51,121.36,42.34
24,43.68,121.28,42.29
50,43.64,122.98,41.54
28,43.65,123.19,41.83
19,43.86,123.44,41.9
8,44.4,123.42,41.89
31,43.42,123.16,41.68
8,44.22,123.26,41.27
37,43.67,122.63,41.32
48,43.6,122.96,41.57
64,43.41,122.73,41.44
39,43.78,121.49,41.74
70,43.39,121.92,41.44
55,43.52,121.7,41.55
17,44.31,122.54,41.91
56,43.56,122.15,41.57
19,43.96,122.14,41.32
22,44.25,121.67,41.9
31,43.79,121.49,42.05
57,43.14,121.1,41.35
57,43.2,121.21,41.46
47,43.29,121.19,41.69
36,43.21,121.1,41.79
55,43.23,121.39,41.5
47,43.31,121.26,41.67
53,43.26,121.33,41.52
45,43.35,121.33,41.68
41,43.54,121.41,41.74
49,43.54,121.41,41.56
55,43.35,121.5,41.52
68,43.31,121.7,41.43
34,43.29,121.19,42.06
32,43.21,121.08,42.06
34,43.31,121.26,42.03
33,43.35,121.34,42.04
29,43.54,121.42,42.05
93,43.27,121.54,41.03
63,43.18,121.37,41.36
80,43.27,121.49,41.25
81,43.26,122.3,41.11
76,43.1,121.74,41.08
56,43.14,121.72,41.39
88,43.08,122.24,40.67
77,43.12,121.1,41.22
86,43.14,121.29,41.08
92,43.11,121.75,40.66
34,43.27,120.85,42.41
35,43.28,120.65,42.35
39,43.2,120.98,41.69
32,43.22,120.93,41.91
47,43.22,120.86,41.59
33,43.22,120.84,41.9
64,43.35,120.65,41.49
41,43.3,120.85,41.62
34,43.15,120.77,41.75
36,43.3,120.85,41.74
35,43.3,120.43,41.95
34,43.31,120.66,41.87
79,43.3,120.43,41.41
57,43.26,120.7,41.49
35,43.3,120.42,41.98
33,43.22,120.65,41.9
32,43.21,120.89,42.08
35,43.29,120.41,42.14
33,43.21,120.65,42.07
46,43.04,120.88,41.42
59,43.2,120.41,41.35
47,43.13,120.64,41.43
68,43.11,120.64,41.19
66,43.02,120.89,41.12
5,43.66,121.31,43.03
2,43.48,121.28,43.14
28,43.38,121.28,42.78
12,43.58,121.41,42.72
8,43.66,121.47,43.35
5,43.61,121.46,43.19
28,43.46,121.58,43.32
2,45.93,125.81,44.4
2,45,125.83,43.14
2,45.5,125.61,43.78
2,45.9,125.61,44.4
3,44.97,125.41,43.79
2,45.5,125.41,44.41
2,45.89,125.41,45.02
25,43.38,126.35,40.9
26,43.87,125.4,42.54
9,44.03,125.5,41.96
2,44.46,125.58,41.91
3,44.63,126.08,42.51
4,44.14,125.76,41.9
35,43.7,125.51,41.81
42,43.47,125.39,41.91
16,44.28,125.57,42.64
3,44.97,125.61,43.16
11,44.19,125.41,43.19
27,43.56,123.03,41.9
18,43.47,123.16,42.56
25,43.33,123.16,41.82
56,43.3,123.04,41.44
24,43.25,124.78,41.86
20,43.26,123.41,41.81
16,43.25,123.92,41.83
37,43.71,125.64,41.51
13,43.75,126.15,41.27
65,43.26,125.15,41.19
54,43.42,125.55,41.22
45,43.28,125.8,40.76
61,43.25,124.39,41.16
41,43.06,124.84,41.24
40,42.89,124.89,40.76
39,43.06,123.89,41.21
47,43.09,123.12,41.2
43,42.86,123.96,40.8
54,42.84,123.11,40.81
41,43.3,125.92,40.59
21,43.41,126.39,40.73
2,45.11,126.47,43.15
2,45.51,126.02,43.77
2,45.59,126.87,43.77
2,47.7,130.68,44.08
2,44.71,126.95,42.52
3,44.23,126.55,41.9
4,43.84,127.01,41.32
2,44.31,127.43,41.9
2,45.67,127.75,42.52
2,45.67,127.75,43.15
2,45.27,128.22,41.91
2,45.19,127.35,42.52
2,45.19,127.35,43.15
2,44.79,127.83,41.9
2,44.37,128.08,41.57
2,46.15,128.15,42.52
2,46.62,128.56,42.52
2,45.73,128.59,42.01
2,46.15,129.01,42.11
2,46.74,129.87,42.82
2,45.93,130.87,41.73
2,45.34,129.14,41.45
2,45.83,129.69,41.57
2,44.3,127.46,40.9
3,43.94,127.8,41.49
2,44.37,128.16,41.15
2,44.86,128.73,41.32
2,44.4,128.45,41.25
3,43.81,127.05,40.84
3,46.91,131.62,42.9
3,46.08,132.66,41.94
28,44.5,115.93,43.14
21,45.06,115.73,43.14
32,43.66,115.93,43.13
27,44.1,115.73,43.14
35,43.53,115.65,43.16
13,45.05,115.53,43.77
18,44.55,115.73,43.77
15,44.16,115.56,43.77
22,43.83,115.74,43.77
8,44.59,115.37,44.4
10,43.96,115.45,44.4
3,44.14,115.02,45.02
2,43.92,114.61,45.65
33,44.49,115.93,42.49
27,45.06,115.73,42.51
37,43.65,115.93,42.48
35,44.1,115.73,42.51
18,43.72,115.5,43.78
6,43.73,115.06,44.41
3,43.73,114.63,45.02
9,43.53,115.16,43.85
5,43.53,114.66,44.43
2,44.09,114.14,45.02
2,44.73,112.56,42.44
2,45.23,112.76,42.49
3,45.24,112.97,43.15
2,44.79,112.76,43.13
2,44.84,113.2,43.77
2,44.43,113.66,44.4
3,45.72,113.15,42.52
19,45.98,115.51,42.52
25,45.49,115.73,42.51
13,45.87,114.87,42.52
8,45.79,113.99,42.52
4,45.31,113.59,43.15
11,45.47,115.32,43.15
6,45.39,114.47,43.15
5,44.99,114.95,43.77
2,44.91,114.07,43.77
2,44.51,114.55,44.4
3,44.31,113,43.15
3,44.04,113.3,43.77
3,43.9,113.72,44.4
4,43.73,114.13,44.41
5,43.53,114.1,43.88
38,43.53,115.65,42.5
38,44.48,115.93,41.84
32,45.06,115.73,41.88
43,43.65,115.93,41.8
40,44.09,115.74,41.86
2,44.73,112.56,41.76
2,45.23,112.76,41.84
25,45.98,115.51,41.9
30,45.49,115.73,41.88
19,45.87,114.87,41.9
13,45.79,113.99,41.9
2,45.72,113.15,41.9
4,44.05,112.56,41.76
44,43.53,115.65,41.84
39,45.05,115.53,41.27
49,44.54,115.73,41.21
47,44.16,115.56,41.27
60,43.82,115.74,41.19
59,44.56,115.37,40.85
71,43.96,115.46,40.85
35,45.47,115.32,41.27
3,45.24,112.97,41.27
3,44.79,112.76,41.18
11,45.31,113.59,41.27
22,45.39,114.47,41.27
5,44.31,113,41.27
7,44.84,113.2,40.87
26,44.91,114.07,40.87
59,44.99,114.95,40.87
8,44.04,113.3,40.86
55,43.72,115.51,41.21
68,43.53,115.23,41.17
3,44.18,112.76,43.13
3,43.72,113.14,43.78
3,43.73,113.7,44.41
4,44.04,112.56,42.44
4,43.53,112.96,43.17
4,43.53,113.63,43.85
4,44.18,112.76,41.18
5,43.53,112.96,41.11
6,43.72,113.13,40.76
81,44.06,115.09,40.6
16,44.42,113.64,40.65
81,44.51,114.55,40.64
12,43.76,113.66,40.61
94,43.59,114.97,40.43
102,43.98,115.17,40.44
16,44.38,113.6,40.46
95,44.51,114.57,40.45
6,43.64,113.55,40.45
7,43.52,113.55,40.63
92,43.28,120.14,41.13
85,43.16,120.42,41.07
103,43.28,120.42,41.03
107,43.28,120.88,40.56
101,43.16,120.88,40.64
104,43.27,121.39,40.57
100,43.16,121.76,40.33
72,43.26,125.15,40.55
59,43.11,125.27,40.66
38,43.32,125.72,40.35
78,43.25,124.36,40.53
58,43.05,124.42,40.68
72,43.08,124.79,40.36
81,43.06,123.93,40.38
91,43.25,123.53,40.42
76,43.05,123.55,40.6
92,43.05,123.08,40.36
98,43.25,122.67,40.43
89,43.05,122.67,40.6
97,43.01,122.2,40.35
41,42.96,126.05,40.38
4,43.35,126.66,40.39
3,45.11,131.96,40.91
2,44.96,130.12,40.67
3,43.9,127.92,40.44
3,43.98,128.83,40.52
3,44.32,129.36,40.57
3,43.42,127.53,40.42
4,45.25,133.8,41.23
5,47.68,141.18,42.73
4,44.3,132.98,41.12
2,60.86,108.68,40.87
2,61.33,109.08,41.27
2,62.21,109,40.87
4,61.74,108.6,40.87
2,63.15,109.59,42.01
2,61.81,109.48,41.9
3,61.33,109.08,41.9
2,60.83,108.68,40.66
3,61.74,108.6,40.66
2,63.06,108.78,40.45
5,62.74,108.45,40.46
4,61.24,108.2,40.46
5,62.21,108.09,40.46
3,63.26,109.59,42.2
3,62.67,109.41,42.5
4,62.21,109,42.52
3,61.33,109.08,42.52
2,60.45,109.16,41.9
4,54.3,110.53,42.79
2,52.09,109.89,42.83
3,53.72,109.74,42.83
2,51.13,109.09,42.83
4,54.5,109.71,42.74
44,49.41,94.38,44.92
53,49.36,94.2,44.68
51,49.24,94.03,44.72
5,48.88,96.08,44.79
5,48.88,96.08,44.94
6,48.98,95.96,44.78
6,48.99,95.97,44.94
5,48.88,96.08,45.1
6,48.99,95.97,45.1
4,48.78,96.2,44.79
4,48.78,96.2,44.94
4,48.78,96.2,45.1
5,48.99,95.97,45.25
4,48.88,96.08,45.25
4,48.78,96.2,45.25
21,49.37,94.9,44.65
22,49.4,95.11,44.84
21,49.42,94.92,44.58
24,49.41,95.04,45
31,49.42,94.81,44.89
22,49.23,94.95,45.25
23,49.24,94.95,45.12
29,49.28,94.78,44.96
22,49.35,95.05,45.1
21,49.35,95.05,45.25
18,49.4,95.3,44.77
21,49.52,95.23,44.69
22,49.48,95.18,44.76
18,49.38,95.28,44.97
17,49.37,95.26,45.1
11,49.29,95.62,44.79
14,49.4,95.51,44.8
11,49.29,95.6,44.94
14,49.39,95.49,44.94
11,49.29,95.61,45.1
13,49.39,95.49,45.1
7,49.08,95.84,44.78
7,49.09,95.85,44.94
9,49.19,95.73,44.79
9,49.19,95.73,44.94
7,49.09,95.85,45.1
9,49.19,95.73,45.1
21,49.23,94.95,45.41
17,49.37,95.27,45.25
16,49.25,95.17,45.41
20,49.35,95.05,45.41
10,49.29,95.61,45.25
13,49.39,95.49,45.25
8,49.19,95.73,45.25
7,49.09,95.85,45.25
31,49.47,94.69,44.63
3,54.3,109.74,44.07
3,54.04,108.81,44.08
3,54.5,108.76,44.04
5,48.88,96.08,44.63
6,48.99,95.98,44.48
6,48.98,95.96,44.63
8,49.2,95.38,43.91
19,49.45,94.95,44.44
17,49.47,94.96,44.19
12,49.34,95.27,44.4
17,49.44,95.35,44.7
13,49.32,95.25,44.5
14,49.4,95.16,44.39
14,49.37,95.18,44.48
21,49.55,95.22,44.61
9,49.2,95.38,44.2
11,49.31,95.67,44.51
11,49.29,95.55,44.42
11,49.31,95.64,44.64
14,49.39,95.47,44.45
14,49.39,95.44,44.56
13,49.4,95.55,44.67
7,49.03,95.75,44.3
9,49.15,95.66,44.3
7,49.1,95.87,44.48
7,49.09,95.85,44.63
9,49.21,95.77,44.48
9,49.2,95.75,44.64
9,49.41,95.17,43.3
7,49.41,95.17,42.99
16,49.47,94.96,43.91
14,49.47,94.96,43.61
33,49.51,94.67,44.58
50,49.47,94.43,44.66
42,49.55,94.57,44.83
30,49.55,94.7,44.19
31,49.53,94.69,44.44
2,54.3,108.78,45.33
2,54.5,107.96,45.33
2,49.91,95.11,41.5
2,49.81,95.23,41.5
3,49.81,95.06,41.74
2,49.58,95.28,41.74
2,49.93,95.33,41.5
2,50.03,95.21,41.5
2,50.03,95.21,41.35
2,49.83,95.45,41.5
3,49.22,107.48,40.46
4,54.3,110.54,41.41
2,52.09,109.89,41.49
4,53.72,109.74,41.49
2,52.12,109.88,40.66
4,53.82,109.72,40.66
4,54.5,109.71,41.26
3,54.34,108.78,40.46
3,53.05,108.91,40.46
3,52.01,108.12,40.46
3,51.01,107.32,40.46
16,50.53,94.61,41.04
31,50.63,94.49,41.04
6,50.55,94.83,41.04
3,50.57,95.05,41.04
2,50.47,95.17,41.04
3,50.57,95.05,41.19
4,50.55,94.83,41.19
3,50.45,94.95,41.19
2,50.47,95.17,41.19
2,50.37,95.29,41.19
2,50.13,95.09,41.35
2,50.25,95.19,41.19
2,50.23,94.97,41.35
2,50.35,95.07,41.19
3,50.13,95.09,41.5
3,50.23,94.97,41.5
3,50.11,94.87,41.5
2,50.01,94.99,41.5
15,50.41,94.51,41.19
11,50.53,94.61,41.19
5,50.32,94.74,41.43
61,50.61,94.27,41.04
29,50.51,94.39,41.19
23,50.63,94.49,41.19
66,50.73,94.37,40.87
22,50.65,94.71,40.87
39,50.75,94.59,40.87
11,50.67,94.93,40.87
4,50.69,95.15,40.87
2,50.59,95.27,40.87
86,50.71,94.15,40.87
94,50.83,94.25,40.66
81,50.85,94.47,40.66
68,50.87,94.69,40.66
54,50.77,94.81,40.66
29,50.79,95.03,40.66
23,50.91,95.13,40.66
7,50.81,95.25,40.66
2,50.71,95.37,40.66
94,50.81,94.03,40.66
106,50.95,94.35,40.46
103,50.93,94.13,40.46
106,51.07,94.45,40.46
100,50.97,94.57,40.46
91,51,94.9,40.46
18,51.04,95.34,40.46
100,50.91,93.91,40.46
101,51.03,94.01,40.46
90,49.88,93.45,40.6
84,50.1,93.43,40.64
89,49.76,93.34,40.6
95,49.54,93.36,40.54
89,49.19,93.23,40.5
90,49.25,93.28,40.5
91,49.42,93.26,40.54
87,49.09,93.17,40.5
79,48.85,93.12,40.49
33,48.31,93.31,40.51
36,48.31,93.28,40.54
28,48.16,93.49,40.51
36,48.1,93.44,40.55
26,48.05,93.5,40.51
28,47.99,93.45,40.55
30,48.21,93.43,40.51
37,48.15,93.39,40.55
27,48.16,93.49,40.46
26,48.05,93.5,40.46
30,48.15,93.38,40.46
18,47.58,93.81,40.51
98,50.16,93.31,40.46
99,49.98,93.33,40.45
99,49.86,93.23,40.45
100,49.64,93.25,40.44
100,49.52,93.14,40.44
100,49.3,93.16,40.43
99,49.18,93.06,40.43
94,48.95,93.09,40.43
25,47.23,94.95,40.4
20,47.24,95.06,40.4
31,47.22,94.84,40.4
43,48.42,93.3,40.41
40,48.36,93.25,40.46
40,48.31,93.31,40.41
37,48.25,93.26,40.47
38,48.2,93.31,40.41
70,48.63,93.15,40.43
54,48.41,93.19,40.43
37,48.16,93.49,40.4
35,48.05,93.5,40.4
37,48.15,93.38,40.4
45,48.14,93.26,40.42
36,47.94,93.51,40.4
39,47.83,93.52,40.4
44,47.42,93.88,40.4
43,47.67,93.58,40.4
48,47.56,93.59,40.4
43,47.57,93.7,40.4
26,47.52,93.76,40.46
39,47.58,93.81,40.4
44,47.47,93.82,40.4
42,47.28,94.17,40.4
4,47.27,95.39,40.42
2,47.28,94.94,40.55
9,47.23,94.95,40.46
2,47.27,94.93,40.57
2,47.35,95.06,40.51
14,47.25,95.18,40.41
5,47.3,95.11,40.46
10,47.2,95.24,40.42
2,47.3,95.05,40.56
3,47.26,95.02,40.54
3,47.29,95.01,40.51
18,47.19,95.13,40.41
8,47.24,95.06,40.46
2,47.42,95.22,40.51
5,47.32,95.34,40.41
2,47.37,95.27,40.46
6,47.26,95.29,40.42
5,47.2,95.34,40.43
2,47.23,95.36,40.48
4,47.31,95.22,40.46
2,47.36,95.17,40.51
2,47.32,95.18,40.55
2,47.38,95.38,40.46
7,49.34,95.28,43.3
7,49.2,95.38,43.61
6,49.34,95.28,42.99
2,47.65,94.93,44.8
2,47.68,95.11,44.77
2,47.28,95.5,40.43
3,49.41,95.17,42.36
5,49.41,95.17,42.68
3,49.58,95.28,42.05
5,48.88,96.09,44.48
4,48.76,96.04,44.48
8,49.16,95.66,44.15
6,48.91,95.84,44.3
7,49.04,95.75,44.15
5,48.83,95.9,44.31
5,48.73,95.9,44.45
4,48.51,95.88,44.54
4,48.64,95.91,44.42
6,48.99,95.53,43.92
5,48.83,95.65,44.14
4,48.76,95.7,44.13
4,48.69,95.72,44.28
3,48.51,95.7,44.4
3,48.61,95.72,44.27
3,48.38,95.88,44.54
3,48.32,95.88,44.55
2,48.33,95.71,44.39
4,48.66,96.1,44.63
4,48.78,96.2,44.63
2,48.22,95.7,44.41
3,48.26,95.95,44.69
2,48.21,95.86,44.61
2,48.21,95.88,44.55
2,48.13,95.69,44.48
2,48.12,95.68,44.52
2,48.15,95.85,44.63
2,48.08,95.69,44.49
2,48.07,95.67,44.54
3,48.54,96.02,44.64
3,48.32,96,44.6
3,48.27,95.88,44.54
3,48.38,96.02,44.59
3,48.38,96.02,44.67
3,48.33,96.08,44.75
3,48.32,95.98,44.67
3,48.27,96.03,44.75
2,47.97,95.66,44.59
3,48.56,96.22,44.79
3,48.56,96.22,44.94
3,48.68,96.32,44.79
3,48.68,96.32,44.94
3,48.56,96.22,45.1
3,48.56,96.22,45.25
3,48.68,96.32,45.1
3,48.68,96.32,45.25
2,48.21,95.98,44.75
3,48.21,95.98,44.82
2,48.15,95.94,44.75
3,48.21,95.98,44.9
3,48.21,95.98,44.98
3,48.15,95.93,44.9
3,48.15,95.93,44.98
2,48.03,95.86,44.86
2,48,95.65,44.61
2,48,95.79,44.76
2,47.99,95.64,44.62
2,48,95.82,44.73
2,48,95.66,44.58
2,48,95.84,44.7
2,48.05,95.84,44.69
2,48.15,95.93,44.83
2,48.09,95.88,44.85
2,48.05,95.81,44.75
2,48.06,95.82,44.73
2,48.09,95.88,44.9
2,48.03,95.83,44.91
2,48.03,95.83,44.98
3,48.09,95.88,44.98
3,48.44,96.12,44.79
3,48.44,96.12,44.94
3,48.28,96.14,44.82
2,48.22,96.09,44.82
3,48.28,96.14,44.9
3,48.28,96.14,44.98
3,48.22,96.09,44.9
3,48.22,96.09,44.98
3,48.21,95.98,45.06
3,48.15,95.93,45.06
3,48.26,95.92,45.22
3,48.21,95.98,45.14
3,48.2,95.87,45.22
3,48.15,95.93,45.14
3,48.03,95.83,45.06
3,48.09,95.88,45.06
3,48.08,95.77,45.22
3,48.14,95.82,45.22
3,48.09,95.88,45.14
3,48.03,95.83,45.14
3,48.44,96.12,45.1
3,48.44,96.12,45.25
3,48.28,96.14,45.06
3,48.22,96.09,45.06
3,48.28,96.14,45.14
3,48.32,96.02,45.25
3,48.22,96.09,45.14
2,47.83,95.38,44.71
2,47.72,95.28,44.72
2,47.91,95.6,44.61
2,47.92,95.59,44.62
2,47.96,95.63,44.62
2,47.94,95.76,44.78
2,47.95,95.63,44.61
2,47.92,95.82,44.73
2,47.86,95.53,44.63
2,47.88,95.72,44.78
2,47.97,95.79,44.92
2,47.95,95.73,44.8
2,47.97,95.78,44.98
2,47.96,95.68,44.99
2,47.9,95.74,44.93
2,47.91,95.73,44.98
2,47.87,95.57,44.87
2,47.9,95.7,44.8
2,47.88,95.5,44.66
3,47.88,95.4,45.13
2,47.8,95.37,44.94
3,47.87,95.41,45.08
2,47.86,95.42,44.94
3,47.82,95.34,45.13
2,47.73,95.27,44.96
3,47.82,95.36,45.08
2,47.97,95.78,45.06
3,47.89,95.51,45.14
3,47.95,95.56,45.14
3,47.96,95.67,45.14
3,47.96,95.67,45.06
3,47.95,95.56,45.07
3,47.89,95.51,45.07
2,47.91,95.73,45.06
3,47.89,95.51,45.22
3,47.95,95.56,45.22
3,47.96,95.67,45.22
3,48.02,95.72,45.22
2,47.91,95.73,45.14
3,47.97,95.78,45.14
4,47.8,94.95,45.02
3,47.71,95.06,45
4,47.69,94.85,45.01
3,47.61,94.74,44.81
5,48.87,95.86,45.41
5,48.77,95.98,45.41
4,48.66,96.1,45.41
3,48.56,96.22,45.41
6,48.56,95.56,45.29
5,48.51,95.62,45.29
6,48.5,95.51,45.29
5,48.45,95.57,45.29
5,48.46,95.68,45.29
4,48.41,95.74,45.29
5,48.4,95.63,45.29
4,48.35,95.69,45.29
5,48.33,95.47,45.29
5,48.38,95.41,45.29
6,48.44,95.46,45.29
5,48.39,95.52,45.29
4,48.28,95.53,45.29
4,48.23,95.59,45.29
4,48.34,95.58,45.29
4,48.29,95.64,45.29
5,48.75,95.76,45.41
5,48.65,95.88,45.41
6,48.63,95.66,45.41
5,48.53,95.78,45.41
4,48.31,95.86,45.29
4,48.36,95.8,45.29
4,48.3,95.75,45.29
3,48.25,95.81,45.29
3,48.26,95.92,45.29
3,48.2,95.87,45.29
4,48.18,95.65,45.29
4,48.24,95.7,45.29
3,48.13,95.71,45.29
3,48.19,95.76,45.29
3,48.08,95.77,45.29
3,48.14,95.82,45.29
4,48.54,96,45.41
3,48.44,96.12,45.41
4,48.43,95.9,45.41
3,48.32,96.02,45.41
4,48.03,95.22,45.22
5,48.08,95.16,45.22
5,48.02,95.11,45.22
4,47.97,95.17,45.22
4,47.9,95.06,45.15
4,47.98,95.28,45.22
3,47.93,95.34,45.22
4,47.92,95.23,45.22
3,47.87,95.29,45.22
3,47.8,95.19,45.14
4,48.15,95.32,45.29
4,48.09,95.27,45.29
5,48.2,95.26,45.29
5,48.14,95.21,45.29
5,48.21,95.37,45.29
5,48.27,95.42,45.29
5,48.26,95.31,45.29
5,48.32,95.36,45.29
4,48.1,95.38,45.29
4,48.05,95.44,45.29
4,48.04,95.33,45.29
4,47.99,95.39,45.29
4,48.16,95.43,45.29
4,48.11,95.49,45.29
4,48.22,95.48,45.29
4,48.17,95.54,45.29
3,47.88,95.4,45.22
3,47.82,95.35,45.22
3,47.89,95.51,45.29
3,47.95,95.56,45.29
3,48,95.5,45.29
3,47.94,95.45,45.29
3,48.06,95.55,45.29
3,48.12,95.6,45.29
3,48.01,95.61,45.29
3,48.07,95.66,45.29
3,47.96,95.67,45.29
3,48.02,95.72,45.29
4,47.38,94.77,40.51
6,47.37,94.66,40.51
8,47.36,94.55,40.51
11,47.35,94.44,40.51
3,47.33,94.72,40.55
4,47.32,94.61,40.55
5,47.31,94.5,40.55
6,47.3,94.4,40.55
4,47.33,94.83,40.51
3,47.29,94.78,40.55
9,47.32,94.72,40.46
11,47.31,94.61,40.46
14,47.3,94.5,40.46
17,47.29,94.39,40.46
9,47.27,94.78,40.46
35,47.21,94.73,40.4
33,47.26,94.67,40.4
34,47.25,94.56,40.4
36,47.24,94.45,40.4
40,47.24,94.34,40.4
2,47.24,94.84,40.57
4,47.28,94.89,40.51
3,47.25,94.83,40.55
10,47.22,94.84,40.46
15,47.62,93.65,40.55
13,47.52,93.77,40.55
43,47.23,94.23,40.4
13,47.34,94.33,40.51
19,47.29,94.28,40.46
7,47.29,94.29,40.55
12,48.09,94.6,45.02
16,48.19,94.48,45.02
15,48.07,94.38,45.02
10,47.96,94.29,44.82
11,47.97,94.5,45.02
7,47.86,94.4,44.82
8,47.99,94.72,45.02
5,47.9,94.84,45.02
6,47.78,94.74,45.02
4,47.69,94.63,44.82
8,47.87,94.62,45.02
5,47.77,94.52,44.82
10,49.17,95.51,45.41
13,49.27,95.39,45.41
8,49.07,95.63,45.41
7,48.97,95.75,45.41
11,48.81,95.2,45.25
14,48.91,95.08,45.25
11,48.69,95.1,45.25
15,48.79,94.98,45.25
10,49.05,95.41,45.41
13,49.15,95.29,45.41
11,48.93,95.3,45.41
13,49.03,95.19,45.41
8,48.71,95.38,45.29
9,48.76,95.32,45.29
8,48.65,95.33,45.29
9,48.7,95.27,45.29
6,48.61,95.5,45.29
7,48.66,95.44,45.29
6,48.55,95.45,45.29
7,48.6,95.39,45.29
8,48.53,95.23,45.29
8,48.59,95.28,45.29
9,48.58,95.17,45.29
9,48.64,95.22,45.29
6,48.43,95.35,45.29
7,48.48,95.29,45.29
6,48.49,95.4,45.29
7,48.54,95.34,45.29
8,48.95,95.52,45.41
7,48.85,95.64,45.41
8,48.83,95.42,45.41
7,48.73,95.54,45.41
12,48.33,94.8,45.16
12,48.21,94.7,45.16
17,48.43,94.68,45.16
17,48.31,94.58,45.16
12,48.45,94.9,45.25
11,48.57,95,45.25
16,48.67,94.88,45.25
16,48.55,94.78,45.25
9,48.34,94.97,45.22
8,48.29,95.03,45.22
8,48.23,94.92,45.16
9,48.11,94.82,45.16
5,48.13,95.1,45.22
6,48.18,95.04,45.22
6,48.12,94.99,45.22
5,48.07,95.05,45.22
6,48.01,94.94,45.16
8,48.35,95.08,45.29
8,48.29,95.03,45.29
9,48.4,95.02,45.29
9,48.34,94.97,45.29
8,48.41,95.13,45.29
8,48.47,95.18,45.29
9,48.52,95.12,45.29
9,48.46,95.07,45.29
6,48.25,95.2,45.29
6,48.19,95.15,45.29
7,48.3,95.14,45.29
7,48.24,95.09,45.29
6,48.31,95.25,45.29
6,48.37,95.3,45.29
7,48.36,95.19,45.29
7,48.42,95.24,45.29
25,47.42,93.88,40.46
12,47.42,93.89,40.55
25,47.47,93.82,40.46
20,47.47,93.82,40.51
15,47.42,93.78,40.55
16,47.43,93.99,40.51
11,47.38,93.95,40.55
19,47.42,93.88,40.51
25,47.37,93.94,40.46
47,47.31,93.89,40.4
14,47.39,94.16,40.51
8,47.33,94.12,40.55
21,47.33,94.11,40.46
45,47.27,94.06,40.4
15,47.38,94.05,40.51
10,47.33,94.01,40.55
25,47.32,94,40.46
47,47.25,93.95,40.41
14,47.34,94.22,40.51
22,47.28,94.17,40.46
8,47.29,94.18,40.55
83,50.24,93.75,40.88
86,50.35,93.85,40.87
83,50.13,93.87,40.88
80,50.03,93.99,41.04
85,50.25,93.97,40.88
75,50.15,94.09,41.04
81,50.01,93.77,40.88
78,49.89,93.67,40.88
85,49.77,93.57,40.73
47,50.05,94.21,41.19
7,49.94,94.45,41.47
19,49.95,94.33,41.35
79,49.91,93.89,41.04
79,49.81,94.01,41.04
72,49.76,94.11,41.17
63,49.93,94.11,41.19
36,49.87,94.21,41.34
77,49.69,93.91,41.03
77,49.68,94.01,41.15
76,49.79,93.79,41.04
74,49.67,93.69,40.88
74,49.59,93.8,41.03
4,49.75,94.75,41.74
7,49.81,94.54,41.51
12,49.82,94.46,41.48
25,49.77,94.35,41.38
74,49.59,93.94,41.2
45,49.73,94.24,41.35
61,49.68,94.12,41.32
5,49.61,94.53,41.74
66,49.6,94.39,41.51
80,49.46,94,41.34
75,49.55,94.26,41.5
80,49.5,94.11,41.37
70,49.54,93.83,41.17
69,49.44,93.92,41.38
67,49.4,93.84,41.22
97,49.52,93.39,40.62
93,49.43,93.43,40.68
95,49.49,93.48,40.68
84,49.65,93.47,40.72
82,49.49,93.48,40.76
81,49.43,93.43,40.76
82,49.38,93.49,40.76
83,49.44,93.54,40.76
71,49.55,93.59,40.88
71,49.51,93.69,41.01
69,49.46,93.7,41.11
71,49.45,93.73,41.03
69,49.46,93.63,41.01
68,49.39,93.69,40.91
67,49.35,93.58,40.87
67,49.37,93.77,41.19
69,49.34,93.74,41.1
70,49.33,93.73,41.03
65,49.26,93.68,40.88
89,49.4,93.29,40.62
85,49.25,93.28,40.6
81,49.19,93.23,40.61
79,49.09,93.35,40.68
80,49.14,93.29,40.61
87,49.15,93.4,40.68
88,49.2,93.34,40.61
84,49.31,93.39,40.72
74,49.19,93.57,40.78
74,49.14,93.53,40.78
71,49,93.48,40.78
73,49.05,93.53,40.77
61,49.14,93.6,40.88
96,48.83,92.98,40.42
71,48.91,93.2,40.53
77,49.07,93.19,40.58
89,48.73,93.05,40.42
71,48.85,93.15,40.53
78,48.79,93.09,40.5
62,48.8,93.21,40.53
66,48.74,93.19,40.49
80,48.68,93.11,40.42
74,48.74,93.13,40.49
67,48.91,93.2,40.61
66,48.85,93.15,40.61
64,48.86,93.26,40.61
63,48.81,93.31,40.68
61,48.8,93.21,40.61
68,48.97,93.25,40.68
73,49.03,93.3,40.68
68,48.92,93.31,40.68
67,48.89,93.34,40.75
75,48.98,93.36,40.68
73,48.95,93.39,40.75
72,49.09,93.35,40.76
76,49.15,93.4,40.76
74,49.04,93.41,40.76
77,49.1,93.46,40.76
63,49.23,93.48,40.87
50,48.64,93.27,40.53
48,48.64,93.3,40.51
44,48.53,93.27,40.54
42,48.53,93.3,40.51
37,48.42,93.31,40.51
40,48.42,93.28,40.54
55,48.69,93.22,40.53
57,48.58,93.22,40.42
57,48.63,93.2,40.48
49,48.64,93.28,40.46
48,48.47,93.24,40.42
43,48.53,93.29,40.46
38,48.42,93.3,40.46
47,48.4,93.2,40.48
42,48.42,93.28,40.61
46,48.42,93.31,40.68
57,48.7,93.29,40.67
59,48.63,93.31,40.69
52,48.64,93.27,40.61
47,48.53,93.28,40.6
53,48.53,93.31,40.69
55,48.69,93.22,40.61
55,48.63,93.3,40.76
57,48.75,93.27,40.68
59,48.75,93.31,40.77
58,48.71,93.3,40.77
48,48.9,93.41,40.87
41,48.75,93.31,40.83
63,48.8,93.35,40.77
41,48.72,93.3,40.83
99,48.94,92.9,40.43
80,49.87,93.45,40.75
78,49.75,93.36,40.74
100,50.88,93.58,40.46
91,50.79,93.81,40.66
89,50.67,93.71,40.66
89,50.69,93.93,40.87
88,50.57,93.83,40.87
81,50.59,94.05,41.04
83,50.47,93.95,41.04
77,50.37,94.07,41.04
49,50.27,94.19,41.19
70,50.49,94.17,41.04
37,50.39,94.29,41.19
13,50.29,94.41,41.35
17,50.17,94.31,41.35
6,50.19,94.53,41.5
4,50.09,94.65,41.5
4,49.98,94.56,41.5
7,50.07,94.43,41.51
5,49.94,94.81,41.74
6,49.81,95.06,42.05
7,49.66,95.04,42.36
7,49.56,94.71,42.36
98,50.23,93.31,40.46
97,50.31,93.41,40.46
85,50.21,93.53,40.65
99,50.64,93.38,40.46
85,50.43,93.51,40.66
87,50.55,93.61,40.66
79,50.08,93.43,40.78
82,50.19,93.54,40.78
78,49.99,93.55,40.88
81,50.11,93.65,40.88
84,50.33,93.63,40.87
86,50.45,93.73,40.87
8,49.76,94.75,42.05
7,49.61,94.54,42.05
11,49.66,95.04,42.68
10,49.56,94.71,42.68
13,49.55,94.71,42.99
14,49.66,95.04,42.99
17,49.55,94.71,43.3
19,49.66,95.04,43.3
11,47.95,94.08,44.82
49,49.14,94.03,44.77
26,48.87,94.64,45.16
27,48.75,94.54,45.16
26,48.75,94.54,45.25
26,48.87,94.64,45.25
27,48.63,94.44,45.16
27,48.51,94.34,45.16
41,49.28,94.39,44.97
35,48.94,94.42,45.02
33,48.72,94.33,45.02
32,48.61,94.23,45.02
26,48.39,94.25,45.02
25,48.27,94.15,45.02
45,49.06,94.21,44.8
39,48.8,94.22,44.82
39,48.69,94.13,44.82
33,48.48,94.14,44.82
31,48.37,94.04,44.82
19,48.16,94.06,44.82
21,48.29,94.36,45.16
20,48.17,94.26,45.16
19,48.05,94.16,45.02
31,49.21,94.62,45.21
23,48.99,94.74,45.41
22,49.11,94.85,45.41
18,49.01,94.96,45.41
19,48.89,94.86,45.41
20,49.23,94.95,45.57
19,49.35,95.05,45.57
15,49.25,95.17,45.57
16,49.13,95.07,45.57
26,48.63,94.44,45.25
22,48.53,94.56,45.25
22,48.41,94.46,45.25
26,48.51,94.34,45.25
25,48.75,94.54,45.41
24,48.87,94.64,45.41
20,48.77,94.76,45.41
20,48.65,94.66,45.41
44,47.72,93.53,40.4
26,47.78,93.58,40.46
21,47.84,93.63,40.51
21,47.73,93.63,40.51
17,47.78,93.58,40.55
16,47.67,93.59,40.55
29,47.67,93.58,40.46
24,48,93.56,40.51
26,47.94,93.51,40.55
25,47.94,93.51,40.46
22,47.89,93.56,40.51
19,47.83,93.52,40.55
27,47.83,93.52,40.46
19,47.63,93.75,40.51
14,47.57,93.71,40.55
27,47.57,93.7,40.46
24,47.62,93.64,40.51
33,47.56,93.59,40.46
51,48.53,93.29,40.75
45,48.47,93.29,40.77
39,48.41,93.3,40.78
41,48.36,93.3,40.71
38,48.31,93.28,40.6
39,48.31,93.31,40.68
39,48.25,93.32,40.63
37,48.36,93.3,40.77
31,48.2,93.31,40.68
33,48.2,93.29,40.54
34,48.14,93.32,40.57
31,48.2,93.32,40.51
34,48.14,93.33,40.55
34,48.14,93.27,40.47
34,48.2,93.29,40.6
31,48.14,93.32,40.62
2,50.4,100.72,63.15
2,50.4,100.72,62.52
2,49.92,100.32,63.72
2,49.45,99.92,64.1
2,50.32,99.84,61.48
2,50.32,99.84,61.9
2,49.85,99.44,61.26
2,49.38,99.04,61.06
2,50.32,99.84,63.15
2,50.32,99.84,62.52
2,49.37,99.04,64.1
2,49.84,99.44,63.72
2,47.12,98.79,64.3
4,47.86,132.42,42.9
3,47.04,133.47,41.99
4,46.2,134.63,41.33
6,48.82,133.22,42.92
5,47.99,134.28,42.04
5,47.16,135.46,41.38
12,47.41,138.15,41.99
9,49.34,139.58,43.36
7,51.19,140.18,44.34
6,51.32,141.81,43.91
4,53.18,142.58,45.97
2,55.23,146.27,44.94
3,56.7,142.28,45.95
3,58.62,143.86,46.12
2,49.46,130.53,46.58
3,48.65,131.48,45.33
4,47.85,132.44,44.08
5,48.81,133.25,44.08
2,50.42,131.33,46.58
4,49.61,132.29,45.33
6,51.53,133.89,44.08
5,50.57,133.09,44.08
2,51.37,132.13,45.33
2,51.37,132.13,46.58
2,52.33,132.94,45.33
7,50.72,134.85,44.08
7,49.77,134.05,44.08
9,49.03,136,42.42
8,49.77,134.02,42.97
8,50.72,134.8,43.05
8,50.95,137.38,44.06
3,52.56,135.58,45.96
4,52.87,139.14,45.9
2,45.96,112.09,54.45
2,46.54,112.11,54.98
2,45.47,112.28,54.3
2,45.91,112.28,54.91
2,44.99,112,54.08
2,45.55,112.02,54.28
2,45.55,112.02,57.2
3,44.99,112,57.4
2,45.94,112.28,55.64
2,44.91,112.28,57.05
2,45.54,112.28,56.36
3,44.55,111.59,57.4
2,45.78,109.12,40.46
2,45.01,110.07,40.87
2,45.41,109.59,44.4
2,45.85,109.55,45.33
2,45.89,109.99,44.4
2,47.61,109.39,45.33
2,46.77,109.91,44.4
3,45.41,109.59,43.77
2,45.01,110.07,43.15
2,45.89,109.99,43.77
4,48.55,106.65,40.46
5,47.44,107.66,40.46
2,47.97,106.7,40.66
2,45.73,108.23,45.02
4,45.33,108.71,44.4
2,45.25,107.83,45.02
2,50.17,108.28,42.83
2,49.37,109.24,44.08
3,46.53,107.27,40.46
3,44.93,109.19,43.77
2,44.45,108.78,44.4
2,45.01,110.07,42.52
2,44.15,110.14,42.52
2,44.53,109.66,43.15
2,43.93,109.73,43.15
2,44.1,109.26,43.77
5,45.33,108.71,43.77
3,44.85,108.3,44.4
2,44.15,110.14,41.27
2,45.39,109.6,40.66
4,44.53,109.66,40.87
2,43.93,109.73,40.87
4,44.46,109.68,40.66
2,43.81,109.75,40.66
6,45.7,108.23,40.46
8,45.28,108.72,40.46
6,44.83,109.2,40.46
3,43.84,109.29,40.46
72,43.7,115.15,40.76
78,43.51,114.96,40.64
35,43.28,120.18,42.36
64,43.56,120.39,41.54
35,43.44,120.4,41.87
26,43.59,120.2,41.76
50,43.65,120.39,41.49
46,43.62,120.63,41.62
39,43.55,120.69,41.76
34,43.64,120.39,41.84
52,43.3,120.16,41.49
58,43.4,120.4,41.49
73,43.35,120.29,41.42
45,43.43,120.1,41.54
37,43.63,120.23,41.62
38,43.33,119.96,41.78
27,43.42,120.05,41.8
43,43.34,119.96,41.6
41,43.43,120.05,41.58
30,43.43,120.12,41.79
35,43.29,120.14,41.98
35,43.3,120.19,41.87
35,43.29,120.15,42.12
68,43.16,120.16,41.17
57,43.27,119.75,41.34
54,43.28,119.84,41.44
50,43.27,120.02,41.51
54,43.2,120.17,41.36
17,43.51,123.33,43.21
18,43.51,123.03,43.5
3,44.88,123.83,43.15
14,43.7,123.52,43.17
8,44.06,123.9,43.15
10,43.85,121.47,42.99
8,43.99,121.25,42.99
20,43.47,123.16,43.13
23,43.49,123.05,43.32
21,43.51,122.67,43.44
27,43.47,122.14,43.32
4,44.06,123.9,43.77
10,43.86,123.47,43.75
9,44.8,122.95,43.15
5,44.73,122.07,43.15
2,43.99,121.25,43.3
19,43.66,122.14,43.37
2,43.72,123.52,44.32
12,43.7,123,43.84
3,43.52,122.14,43.91
34,43.26,120.81,42.7
20,43.66,123.18,42.53
18,43.86,123.44,42.49
12,44.4,123.43,42.52
27,43.71,121.56,42.36
21,44.32,122.55,42.52
17,44.25,121.67,42.52
22,43.72,121.57,42.68
33,43.29,121.28,42.71
33,43.27,121.17,42.76
34,43.28,121.16,42.41
33,43.19,121.08,42.27
34,43.3,121.27,42.4
30,43.37,121.37,42.42
26,43.55,121.43,42.29
31,43.45,123.03,41.78
36,43.8,122.61,41.47
25,43.66,122.89,41.95
21,43.97,123.03,41.91
69,43.31,122.27,41.44
54,43.43,122.66,41.57
53,43.39,121.95,41.57
40,43.58,121.71,41.76
30,43.85,122.16,41.93
31,43.59,121.72,42.05
33,43.14,121.09,41.82
38,43.21,121.23,41.71
46,43.08,121.23,41.48
40,43.26,121.33,41.71
45,43.18,121.42,41.56
39,43.34,121.52,41.74
50,43.23,121.75,41.56
31,43.14,121.09,42.04
31,43.22,121.24,42.06
32,43.25,121.33,42.04
31,43.35,121.53,42.05
78,43.12,121.56,41.08
48,43.04,121.35,41.41
62,43.14,121.53,41.33
60,42.98,121.76,41.13
43,43.02,121.75,41.47
60,43.1,122.28,41.22
67,42.83,122.19,40.79
34,43.27,121.02,42.5
34,43.26,120.99,42.76
65,43.02,121.29,41.13
95,43.13,121.39,40.66
78,42.98,121.76,40.72
57,42.86,121.12,41.11
43,42.88,121.12,41.43
32,43.15,120.87,42.39
35,43.27,120.42,42.42
33,43.16,120.65,42.33
34,43.26,120.42,42.69
34,43.25,120.64,42.76
34,43.04,120.89,41.74
40,43.13,120.76,41.61
33,43.11,120.74,41.81
34,43.24,120.43,41.87
51,43.24,120.43,41.49
43,43.28,120.63,41.61
36,43.28,120.63,41.76
47,43.2,120.67,41.54
34,43.22,120.42,41.91
33,43.13,120.65,41.83
30,43.04,120.88,42.05
33,43.19,120.42,42.1
31,43.12,120.65,42.03
42,42.83,120.68,41.43
44,43.01,120.44,41.42
61,43,120.45,41.12
55,42.84,120.68,41.11
80,43.01,120.89,40.71
25,43.38,121.28,43.14
7,43.59,121.41,43.03
28,43.37,121.4,43.32
29,43.37,121.41,42.72
4,43.83,121.5,43.29
12,43.73,121.58,42.98
27,43.53,121.67,43.19
27,43.39,121.89,43.32
18,43.34,123.16,43.13
21,43.31,123.05,43.32
2,45.59,126.87,44.4
2,45.51,126.02,44.4
2,45,125.83,43.77
3,44.63,126.1,43.14
3,44.96,125.61,43.78
2,45.5,125.61,44.4
2,45.91,125.62,45.02
7,44.22,125.41,43.78
2,44.97,125.41,44.4
2,45.5,125.41,45.02
2,45.88,125.41,45.6
15,43.36,126.6,41.3
42,42.92,126.07,40.88
33,43.51,125.4,42.56
25,43.9,125.55,42.49
4,44.23,126.55,42.52
8,44.16,125.8,42.51
31,43.7,125.61,41.75
14,43.75,126.13,41.9
36,43.26,125.16,41.86
41,43.39,125.52,41.92
10,43.54,125.4,43.16
10,44.17,125.61,43.16
21,43.55,123.03,42.52
17,43.34,123.16,42.56
33,43.21,122.92,41.57
24,43.27,123.03,41.9
23,43.25,124.78,42.51
14,43.26,123.41,42.55
14,43.25,123.94,42.53
19,43.25,124.41,41.85
18,43.06,124.85,41.88
20,43.11,123.31,41.87
13,43.06,123.9,41.87
71,42.8,123.11,40.62
48,43.1,125.26,41.24
43,43.28,125.83,41.27
41,42.81,125.36,40.78
23,42.88,124.89,41.28
38,43.05,124.44,41.23
35,42.73,124.47,40.82
25,42.86,123.93,41.27
36,42.86,123.11,41.3
44,42.68,123.59,40.84
58,42.62,122.69,40.86
79,42.77,122.22,40.61
40,42.89,126.17,40.73
12,43.32,126.7,40.83
5,44.23,126.55,43.15
2,44.71,126.95,43.15
2,45.11,126.47,43.77
2,47.7,130.68,45.33
2,45.19,127.35,43.77
2,45.19,127.35,44.4
2,45.67,127.75,43.77
3,46.89,131.64,44.08
2,46.74,129.88,44.08
2,51.57,144.46,46.17
2,47.78,142.38,43.01
2,49.65,143.09,44.2
3,44.31,127.43,42.52
4,43.83,127.03,41.9
4,43.49,127.43,41.44
3,43.9,127.9,41.9
2,45.26,128.23,42.52
2,45.26,128.23,43.15
2,44.87,128.67,42
2,44.79,127.83,42.52
2,44.79,127.83,43.15
2,44.39,128.29,41.93
2,45.33,129.03,42.08
2,45.78,129.08,42.82
2,45.95,130.82,42.89
13,43,127.03,41.43
2,45.13,131.85,41.91
2,44.97,130.06,41.65
3,43.9,127.92,41.08
2,43.98,128.8,41.37
2,44.33,129.32,41.51
3,43.41,127.53,41.02
3,46.11,132.57,42.99
4,45.27,133.65,42.22
6,47.68,140.93,43.7
2,44.16,141.24,43.77
4,44.32,132.84,42.1
17,45.05,115.53,43.15
23,44.55,115.73,43.14
24,44.16,115.56,43.15
31,43.83,115.73,43.14
30,43.72,115.5,43.15
31,43.53,115.23,43.24
12,44.59,115.37,43.77
15,43.96,115.45,43.77
5,44.14,115.02,44.4
3,43.92,114.61,45.02
23,45.05,115.53,42.52
30,44.55,115.73,42.51
33,44.16,115.56,42.52
37,43.83,115.73,42.5
10,43.72,115.09,43.81
5,43.73,114.64,44.41
7,43.53,114.69,43.85
3,44.09,114.14,44.4
2,45.24,112.97,42.52
2,44.79,112.76,42.49
3,44.84,113.2,43.15
3,44.43,113.66,43.77
4,45.31,113.59,42.52
16,45.47,115.32,42.52
9,45.39,114.47,42.52
8,44.99,114.95,43.15
4,44.91,114.07,43.15
4,44.51,114.55,43.77
3,44.31,113,42.52
3,44.03,113.3,43.14
4,43.89,113.72,43.75
5,43.72,114.12,43.82
8,43.51,114.06,43.37
36,43.72,115.5,42.51
40,43.53,115.22,42.55
28,45.05,115.53,41.9
35,44.54,115.73,41.87
38,44.16,115.56,41.9
43,43.83,115.73,41.86
2,45.24,112.97,41.9
2,44.79,112.76,41.84
22,45.47,115.32,41.9
14,45.39,114.47,41.9
6,45.31,113.59,41.9
4,44.31,113,41.9
4,44.18,112.76,41.84
5,43.53,112.97,41.83
41,43.72,115.5,41.87
49,43.53,115.21,41.89
41,44.59,115.37,41.27
49,43.96,115.45,41.27
80,43.69,114.88,40.54
62,44.12,115.02,40.83
33,44.99,114.95,41.27
6,44.84,113.2,41.27
16,44.91,114.07,41.27
7,44.04,113.3,41.27
13,44.43,113.67,40.87
62,44.5,114.55,40.85
21,43.84,113.76,40.83
49,43.72,115.12,41.23
48,43.52,114.93,41.2
3,44.18,112.76,42.49
4,43.72,113.12,43.15
4,43.72,113.69,43.79
4,43.53,112.96,42.5
5,43.52,113.57,43.29
6,43.72,113.12,41.21
7,43.52,113.56,41.19
25,43.67,113.69,40.75
92,43.84,114.62,40.55
79,44.02,114.11,40.61
107,43.8,114.66,40.43
92,43.98,114.06,40.45
62,43.44,113.78,40.65
76,43.27,119.78,41.11
80,43.13,120.16,40.98
103,43.27,120.15,40.94
91,43.27,119.98,41.01
107,43.28,120.44,40.58
101,43.15,120.44,40.66
102,43.13,120.88,40.31
79,43.25,117.34,40.54
98,42.95,121.34,40.35
68,42.88,125.24,40.37
74,42.86,124.38,40.39
83,42.85,123.56,40.38
94,42.78,122.68,40.36
96,42.65,121.82,40.36
95,42.44,122.28,40.37
64,42.64,125.71,40.38
27,42.88,126.37,40.38
5,42.95,127.11,40.42
3,44.15,131.13,40.83
3,44.08,129.89,40.63
3,43.5,128.43,40.5
3,43.58,129.33,40.58
3,43.02,128.02,40.48
10,44.45,134.79,41.45
5,45.81,140.12,42.48
11,43.5,133.96,41.29
4,43.35,132.14,40.97
4,60.86,108.68,41.9
4,61.26,108.2,40.87
3,60.86,108.68,41.27
3,60.35,108.28,40.87
3,62.21,109,41.27
4,61.74,108.6,41.27
3,62.94,108.88,40.84
3,62.97,108.85,40.62
5,62.62,108.52,40.86
5,62.65,108.49,40.65
5,62.14,108.12,40.87
2,62.69,109.41,41.89
4,62.21,109,41.9
4,61.74,108.6,41.9
2,60.28,108.28,40.66
4,61.25,108.2,40.66
4,61.66,107.72,40.87
5,62.16,108.11,40.66
5,63.32,108.54,40.62
5,63.11,107.92,40.45
3,63.32,108.95,42.35
6,63.32,108.62,41.84
4,60.7,107.82,40.46
5,61.68,107.71,40.46
5,62.72,107.58,40.46
2,63.16,109.59,42.53
4,62.92,108.94,42.5
4,62.61,108.52,42.52
4,61.74,108.6,42.52
4,62.14,108.12,42.52
2,62.14,108.12,43.15
2,63.31,108.83,42.67
2,60.45,109.16,42.52
3,60.86,108.68,42.52
2,60.05,108.77,41.9
3,60.14,107.46,40.45
4,54.3,109.74,42.8
4,54.04,108.81,42.83
3,52.89,108.93,42.83
2,51.93,108.13,42.83
4,54.5,108.76,42.73
54,49.52,94.35,44.58
53,49.48,94.35,44.63
57,49.44,94.09,44.57
43,49.51,94.37,45.01
55,49.39,94.04,44.63
49,49.51,94.16,44.83
47,49.37,93.97,44.88
53,49.28,93.87,44.66
53,49.17,93.65,44.57
55,49.36,93.86,44.57
33,49.4,94.38,45.49
5,49,96.19,44.79
5,49,96.19,44.94
6,49.1,96.07,44.79
6,49.1,96.07,44.94
4,49,96.19,45.1
5,49.1,96.07,45.1
4,48.9,96.3,44.79
4,48.9,96.3,44.94
4,48.9,96.3,45.1
4,49,96.19,45.25
5,49.1,96.07,45.25
5,48.99,95.97,45.41
4,48.88,96.08,45.41
4,48.9,96.3,45.25
4,48.78,96.2,45.41
3,48.68,96.32,45.41
31,49.52,94.83,44.99
22,49.48,95.15,44.96
28,49.6,94.99,44.69
28,49.53,94.96,44.78
29,49.44,94.82,45.19
21,49.47,95.15,45.1
20,49.47,95.15,45.25
18,49.5,95.38,44.85
17,49.52,95.42,44.78
22,49.59,95.26,44.84
23,49.63,95.28,44.77
17,49.49,95.37,44.95
22,49.59,95.25,44.94
17,49.49,95.37,45.1
21,49.59,95.25,45.1
11,49.41,95.71,44.79
14,49.51,95.58,44.78
11,49.41,95.71,44.94
14,49.51,95.59,44.94
11,49.41,95.71,45.1
13,49.51,95.59,45.1
7,49.21,95.95,44.79
7,49.21,95.95,44.94
9,49.31,95.83,44.79
9,49.31,95.83,44.94
7,49.21,95.95,45.1
8,49.31,95.83,45.1
25,49.44,94.82,45.49
16,49.49,95.37,45.25
16,49.37,95.27,45.41
20,49.59,95.25,45.25
19,49.47,95.15,45.41
18,49.47,95.15,45.57
15,49.37,95.27,45.57
13,49.51,95.59,45.25
10,49.41,95.71,45.25
10,49.29,95.61,45.41
12,49.39,95.49,45.41
6,49.21,95.95,45.25
8,49.31,95.83,45.25
8,49.19,95.73,45.41
6,49.09,95.85,45.41
39,49.65,94.72,44.75
3,54.3,108.78,44.07
2,53.62,107.98,44.08
3,54.5,107.96,44.04
55,49.55,94.34,44.43
59,49.46,94.06,44.42
64,49.41,93.81,44.16
59,49.39,93.84,44.42
63,49.49,94.05,44.17
56,49.58,94.34,44.19
6,48.99,95.99,44.32
5,49,96.19,44.47
5,49,96.19,44.63
6,49.1,96.07,44.47
6,49.1,96.07,44.63
13,49.41,95.17,43.91
11,49.34,95.28,43.91
9,49.34,95.28,43.61
11,49.41,95.17,43.61
11,49.34,95.53,43.92
27,49.63,95.02,44.51
26,49.66,95.04,44.22
13,49.41,95.17,44.2
12,49.34,95.27,44.2
17,49.5,95.4,44.45
17,49.47,95.37,44.58
20,49.57,95.27,44.44
23,49.65,95.26,44.67
20,49.54,95.28,44.56
12,49.34,95.53,44.22
12,49.4,95.71,44.47
12,49.41,95.7,44.63
14,49.51,95.6,44.48
14,49.5,95.59,44.63
9,49.21,95.78,44.32
9,49.21,95.78,44.16
7,49.11,95.88,44.32
7,49.11,95.88,44.16
8,49.21,95.95,44.47
7,49.21,95.95,44.63
9,49.3,95.82,44.47
9,49.31,95.83,44.63
14,49.58,95.28,43.3
11,49.58,95.28,42.99
25,49.56,94.71,43.9
25,49.66,95.04,43.92
21,49.56,94.71,43.6
22,49.66,95.04,43.61
42,49.61,94.53,44.19
44,49.58,94.52,44.47
41,49.69,94.69,44.69
48,49.64,94.42,44.79
41,49.67,94.58,44.96
40,49.75,94.74,44.22
41,49.73,94.72,44.51
2,54.3,107.96,45.33
2,54.5,106.84,45.34
3,49.92,95.22,41.74
6,49.92,95.22,42.05
2,49.75,95.47,41.74
2,50.16,95.42,41.43
2,50.39,95.51,41.19
2,49.96,95.66,41.43
2,49.99,96.1,41.43
2,50.17,108.28,41.49
3,49.22,107.48,40.66
4,50.04,106.52,40.46
3,49.07,105.72,40.46
4,54.3,109.74,41.41
4,54.04,108.81,41.49
4,52.89,108.93,41.49
4,54.16,108.8,40.66
4,52.95,108.93,40.66
3,51.93,108.13,41.49
3,51.96,108.13,40.66
3,50.99,107.32,40.66
4,54.5,108.76,41.26
3,53.87,107.97,40.46
3,52.89,107.17,40.46
4,51.85,106.37,40.46
52,50.73,94.37,41.04
12,50.65,94.71,41.04
25,50.75,94.59,41.04
5,50.67,94.93,41.04
4,50.67,94.93,41.19
3,50.69,95.15,41.04
2,50.59,95.27,41.04
9,50.65,94.71,41.19
18,50.75,94.59,41.19
3,50.69,95.15,41.19
5,50.56,94.94,41.43
9,50.32,94.74,41.74
2,50.59,95.27,41.19
2,50.49,95.39,41.19
3,50.36,95.18,41.43
5,50.12,94.98,41.74
10,50.12,94.98,42.05
77,50.71,94.15,41.04
47,50.61,94.27,41.19
40,50.73,94.37,41.19
14,50.52,94.5,41.43
64,50.71,94.15,41.19
2,50.88,96.02,40.46
4,50.71,96.7,40.46
2,50.51,96.94,40.46
82,50.83,94.25,40.87
60,50.85,94.47,40.87
22,50.77,94.81,40.87
37,50.87,94.69,40.87
10,50.79,95.03,40.87
3,50.81,95.25,40.87
8,50.91,95.13,40.87
2,50.71,95.37,40.87
90,50.81,94.03,40.87
93,50.95,94.35,40.66
95,50.93,94.13,40.66
92,51.07,94.45,40.66
80,50.97,94.57,40.66
61,51,94.9,40.66
8,51.04,95.34,40.66
2,50.84,95.58,40.66
92,50.91,93.91,40.66
94,51.03,94.01,40.66
105,51.16,94.22,40.46
103,51.2,94.66,40.46
78,51.24,95.1,40.46
11,51.28,95.54,40.46
4,51.08,95.78,40.46
101,51.12,93.78,40.46
104,51.36,93.98,40.46
2,50.98,107.33,42.83
82,50.16,93.31,40.66
83,49.98,93.33,40.64
82,49.86,93.23,40.64
87,49.64,93.25,40.6
86,49.52,93.14,40.59
89,49.3,93.16,40.54
88,49.18,93.06,40.54
85,48.96,93.07,40.51
67,48.63,93.14,40.49
39,48.36,93.25,40.53
39,48.36,93.24,40.61
35,48.25,93.25,40.53
40,48.19,93.23,40.48
27,48.1,93.44,40.51
30,48.04,93.4,40.55
26,47.99,93.45,40.51
23,47.93,93.41,40.55
31,48.09,93.32,40.57
29,48.15,93.38,40.51
32,48.09,93.35,40.55
28,48.09,93.32,40.61
27,48.1,93.44,40.46
27,47.99,93.45,40.46
31,48.09,93.33,40.46
22,47.52,93.76,40.51
99,50.07,93.21,40.46
99,49.95,93.11,40.46
100,49.74,93.13,40.45
100,49.62,93.03,40.45
100,49.4,93.04,40.44
100,49.28,92.94,40.44
99,49.06,92.96,40.43
15,47.14,95.18,40.42
32,47.17,94.9,40.41
25,47.18,95.01,40.41
37,47.17,94.79,40.4
45,48.36,93.25,40.41
62,48.35,93.15,40.43
46,48.31,93.21,40.47
43,48.25,93.25,40.42
49,48.19,93.22,40.43
70,48.51,93.12,40.43
36,48.1,93.44,40.4
36,47.99,93.45,40.4
40,48.09,93.32,40.41
52,48.08,93.23,40.43
39,47.88,93.46,40.4
44,47.77,93.47,40.4
47,47.36,93.83,40.4
49,47.61,93.53,40.4
52,47.5,93.54,40.41
48,47.51,93.65,40.4
31,47.46,93.71,40.46
43,47.52,93.76,40.4
47,47.41,93.77,40.4
45,47.22,94.12,40.4
3,47.13,95.46,40.42
3,47.22,95.45,40.42
2,47.26,95.39,40.48
4,47.16,95.4,40.42
11,47.18,94.9,40.46
23,47.13,95.07,40.42
12,47.19,95.01,40.46
4,47.27,95.06,40.5
5,47.25,94.95,40.5
4,47.22,94.96,40.53
2,47.28,95.12,40.54
3,47.31,95.11,40.51
5,47.26,95.17,40.46
9,47.15,95.29,40.42
5,47.19,95.23,40.47
2,47.26,95.02,40.6
3,47.24,95.07,40.53
8,47.2,95.12,40.47
2,47.33,95.33,40.47
3,47.27,95.28,40.47
2,47.28,95.39,40.48
2,47.24,95.34,40.49
2,47.19,95.35,40.49
2,47.31,95.23,40.53
3,49.34,95.28,42.36
4,49.34,95.28,42.68
3,49.51,95.41,42.05
11,49.51,95.41,43.3
6,49.2,95.38,43.3
10,49.34,95.53,43.61
5,48.99,95.53,43.61
9,49.51,95.41,42.99
4,49.19,95.38,42.99
2,47.54,94.84,44.78
3,47.6,94.96,44.99
2,47.58,95.02,44.77
2,47.62,95.17,44.96
2,47.61,95.19,44.72
3,48.58,96.44,45.41
3,48.46,96.34,45.41
3,48.34,96.24,45.41
3,48.22,96.14,45.41
2,47.17,95.51,40.42
2,49.76,95.9,41.74
5,49.58,95.28,42.36
8,49.58,95.28,42.68
4,49.75,95.47,42.05
2,49.52,95.71,41.74
4,48.66,96.11,44.47
4,48.78,96.2,44.47
5,48.89,96.09,44.32
7,49.14,95.85,43.93
6,49,95.99,44.16
4,48.77,96.05,44.32
6,49.14,95.85,43.61
7,49.1,95.71,43.92
6,48.91,95.84,44.15
5,48.83,95.9,44.14
4,48.74,95.92,44.3
3,48.52,95.9,44.45
4,48.64,95.92,44.3
4,48.81,95.66,43.91
4,48.69,95.72,44.14
3,48.62,95.72,44.16
3,48.5,95.71,44.28
3,48.33,95.9,44.44
2,48.33,95.71,44.28
3,48.54,96.04,44.48
3,48.56,96.22,44.47
3,48.56,96.22,44.63
4,48.9,96.3,44.47
4,48.9,96.3,44.63
3,48.68,96.32,44.47
3,48.68,96.32,44.63
2,48.13,95.71,44.39
2,48.21,95.9,44.47
2,48.21,96,44.59
2,48.21,95.98,44.67
2,48.11,95.88,44.55
2,48.15,95.96,44.69
2,48.11,95.86,44.61
2,48.05,95.7,44.42
2,48.04,95.69,44.48
2,48.05,95.88,44.56
2,48.05,95.86,44.63
2,48.04,95.67,44.53
2,47.99,95.69,44.49
3,48.44,96.13,44.47
3,48.44,96.12,44.63
3,48.33,96.05,44.48
3,48.33,96.08,44.59
3,48.33,96.08,44.67
3,48.28,96.14,44.75
2,48.27,96.03,44.59
3,48.27,96.03,44.67
2,48.22,96.09,44.75
2,47.99,95.67,44.53
2,47.91,95.61,44.58
2,47.95,95.64,44.58
2,47.92,95.83,44.7
2,47.84,95.56,44.58
3,48.46,96.34,44.79
3,48.46,96.34,44.94
3,48.8,96.42,44.79
3,48.8,96.42,44.94
3,48.58,96.44,44.79
3,48.58,96.44,44.94
3,48.46,96.34,45.1
3,48.46,96.34,45.25
3,48.8,96.42,45.1
3,48.8,96.42,45.25
3,48.58,96.44,45.1
3,48.58,96.44,45.25
2,48.16,96.04,44.75
2,48.16,96.04,44.82
2,48.1,95.99,44.75
2,48.1,95.98,44.82
2,48.16,96.04,44.9
2,48.16,96.04,44.98
2,48.1,95.99,44.9
2,48.1,95.99,44.98
2,47.95,95.82,44.73
2,47.95,95.82,44.75
2,47.98,95.92,44.8
2,47.98,95.89,44.84
2,47.98,95.93,44.77
2,47.95,95.84,44.69
2,48.04,95.95,44.75
2,48.04,95.94,44.83
2,48.04,95.94,44.9
2,47.98,95.89,44.9
2,47.98,95.89,44.98
2,48.04,95.94,44.98
3,48.34,96.24,44.79
3,48.34,96.24,44.94
2,48.23,96.2,44.82
2,48.23,96.2,44.75
2,48.17,96.15,44.75
2,48.17,96.15,44.82
2,48.23,96.2,44.98
2,48.23,96.2,44.9
2,48.17,96.15,44.9
2,48.17,96.15,44.98
3,48.16,96.04,45.06
2,48.1,95.99,45.06
3,48.21,95.98,45.22
3,48.21,95.98,45.29
3,48.15,95.93,45.29
3,48.16,96.04,45.14
3,48.1,95.99,45.14
3,48.15,95.93,45.22
2,47.98,95.89,45.06
2,48.04,95.94,45.06
3,48.09,95.88,45.29
3,48.03,95.83,45.29
3,48.03,95.83,45.22
3,48.09,95.88,45.22
2,48.04,95.94,45.14
2,47.98,95.89,45.14
3,48.34,96.24,45.1
3,48.34,96.24,45.25
3,48.23,96.2,45.14
2,48.23,96.2,45.06
2,48.17,96.15,45.06
2,48.17,96.15,45.14
3,48.22,96.14,45.25
2,47.75,95.45,44.63
2,47.64,95.37,44.63
2,47.78,95.42,44.66
2,47.76,95.47,44.88
2,47.67,95.33,44.67
2,47.64,95.37,44.88
2,47.85,95.76,44.73
2,47.86,95.75,44.76
2,47.91,95.86,44.85
2,47.91,95.79,44.75
2,47.89,95.93,44.8
2,47.89,95.8,44.73
2,47.84,95.81,44.85
2,47.78,95.67,44.77
2,47.92,95.84,44.9
2,47.92,95.84,44.98
2,47.83,95.64,44.98
2,47.86,95.79,44.91
2,47.86,95.79,44.98
2,47.81,95.63,44.81
3,47.83,95.46,45.14
3,47.77,95.41,45.14
3,47.77,95.41,45.07
3,47.83,95.46,45.07
3,47.7,95.31,45.12
3,47.83,95.46,45.22
3,47.77,95.41,45.22
2,47.92,95.84,45.06
2,47.85,95.62,45.1
2,47.86,95.79,45.06
3,47.85,95.62,45.25
3,47.91,95.73,45.29
3,47.97,95.78,45.29
3,47.91,95.73,45.22
3,47.97,95.78,45.22
2,47.86,95.79,45.14
2,47.92,95.84,45.14
2,48.48,96.56,45.41
2,48.36,96.46,45.41
2,48.71,96.65,45.49
2,48.24,96.36,45.41
2,48.12,96.26,45.41
3,47.52,94.64,44.79
3,47.45,94.74,44.77
4,47.79,94.96,45.15
3,47.68,95.09,45.14
4,47.66,94.86,45.15
4,47.57,94.75,45
4,48.88,96.08,45.57
5,48.99,95.97,45.57
5,48.87,95.86,45.57
4,48.77,95.98,45.57
3,48.68,96.32,45.57
4,48.78,96.2,45.57
4,48.66,96.1,45.57
3,48.56,96.22,45.57
6,48.51,95.56,45.41
5,48.41,95.68,45.41
5,48.39,95.46,45.41
4,48.29,95.58,45.41
5,48.75,95.76,45.57
5,48.65,95.88,45.57
6,48.63,95.66,45.57
5,48.53,95.78,45.57
4,48.31,95.8,45.41
3,48.21,95.92,45.41
4,48.19,95.7,45.41
3,48.09,95.82,45.41
4,48.54,96,45.57
3,48.44,96.12,45.57
4,48.43,95.9,45.57
3,48.32,96.02,45.57
4,48.03,95.22,45.29
5,48.08,95.16,45.29
5,48.02,95.11,45.29
4,47.97,95.17,45.29
4,47.91,95.06,45.25
4,47.98,95.28,45.29
4,47.93,95.34,45.29
4,47.92,95.23,45.29
3,47.87,95.29,45.29
3,47.81,95.18,45.25
5,48.15,95.26,45.41
5,48.27,95.36,45.41
4,48.05,95.38,45.41
4,48.17,95.48,45.41
3,47.83,95.46,45.29
3,47.77,95.41,45.29
3,47.88,95.4,45.29
3,47.82,95.35,45.29
3,47.71,95.3,45.25
3,47.95,95.5,45.41
3,48.07,95.6,45.41
3,47.85,95.62,45.41
3,47.97,95.72,45.41
5,47.32,94.72,40.51
7,47.31,94.61,40.51
10,47.3,94.5,40.51
12,47.29,94.39,40.51
3,47.27,94.67,40.55
4,47.26,94.56,40.55
6,47.25,94.45,40.55
7,47.24,94.35,40.55
3,47.2,94.74,40.57
5,47.27,94.78,40.51
3,47.23,94.73,40.55
11,47.26,94.67,40.46
13,47.25,94.56,40.46
16,47.24,94.45,40.46
20,47.24,94.34,40.46
12,47.21,94.73,40.46
37,47.15,94.68,40.41
35,47.2,94.62,40.4
36,47.19,94.51,40.4
39,47.18,94.4,40.4
43,47.17,94.29,40.41
2,47.24,94.85,40.62
2,47.2,94.73,40.61
4,47.2,94.85,40.54
3,47.22,94.78,40.57
5,47.23,94.84,40.51
3,47.22,94.78,40.55
15,47.16,94.79,40.46
17,47.58,93.62,40.55
16,47.47,93.73,40.55
44,47.16,94.18,40.41
23,47.23,94.23,40.46
13,47.28,94.28,40.51
7,47.24,94.24,40.55
7,47.22,94.19,40.55
8,47.85,94.19,44.82
6,47.76,94.31,44.82
5,47.67,94.42,44.82
4,47.59,94.54,44.81
12,48.09,94.6,45.16
17,48.19,94.48,45.16
16,48.07,94.38,45.16
14,47.95,94.28,45.02
12,47.97,94.5,45.16
11,47.85,94.4,45.02
9,47.99,94.72,45.16
6,47.89,94.84,45.16
6,47.77,94.74,45.16
6,47.66,94.64,45.02
9,47.87,94.62,45.16
8,47.76,94.52,45.02
11,49.39,95.49,45.57
9,49.29,95.61,45.57
10,49.17,95.51,45.57
12,49.27,95.39,45.57
6,49.09,95.85,45.57
8,49.19,95.73,45.57
8,49.07,95.63,45.57
6,48.97,95.75,45.57
11,48.81,95.2,45.41
14,48.91,95.08,45.41
11,48.69,95.1,45.41
15,48.79,94.98,45.41
10,49.05,95.41,45.57
12,49.15,95.29,45.57
10,48.93,95.3,45.57
13,49.03,95.19,45.57
8,48.71,95.32,45.41
7,48.61,95.44,45.41
8,48.59,95.22,45.41
7,48.49,95.34,45.41
8,48.95,95.52,45.57
7,48.85,95.64,45.57
8,48.83,95.42,45.57
7,48.73,95.54,45.57
12,48.33,94.8,45.25
12,48.21,94.7,45.25
17,48.43,94.68,45.25
17,48.31,94.58,45.25
12,48.45,94.9,45.41
11,48.57,95,45.41
15,48.67,94.88,45.41
16,48.55,94.78,45.41
9,48.23,94.92,45.25
9,48.11,94.82,45.25
6,48.13,95.1,45.29
7,48.18,95.04,45.29
6,48.07,95.05,45.29
7,48.12,94.99,45.29
6,48.01,94.94,45.25
9,48.35,95.02,45.41
9,48.47,95.12,45.41
6,48.25,95.14,45.41
7,48.37,95.24,45.41
30,47.36,93.83,40.46
14,47.37,93.84,40.55
31,47.41,93.77,40.46
24,47.41,93.77,40.51
16,47.38,93.76,40.55
44,47.19,93.9,40.42
19,47.37,93.94,40.51
13,47.33,93.9,40.55
16,47.35,93.8,40.55
22,47.36,93.83,40.51
31,47.31,93.89,40.46
47,47.24,93.84,40.41
13,47.31,93.89,40.57
15,47.33,94.11,40.51
9,47.29,94.07,40.55
26,47.27,94.06,40.46
45,47.2,94.01,40.41
11,47.3,93.97,40.55
17,47.32,94,40.51
31,47.26,93.95,40.46
10,47.29,93.97,40.57
14,47.28,94.17,40.51
27,47.22,94.12,40.46
8,47.25,94.14,40.55
9,47.26,94.05,40.57
53,48.35,93.16,40.48
83,50.23,93.75,41.04
84,50.35,93.85,41.04
81,50.13,93.87,41.04
69,50.03,93.99,41.19
81,50.25,93.97,41.04
61,50.15,94.09,41.19
80,50.01,93.77,41.04
77,49.89,93.67,41.04
75,49.77,93.57,40.88
29,50.05,94.21,41.35
15,49.96,94.33,41.51
73,49.91,93.89,41.19
72,49.82,94.01,41.19
57,49.79,94.1,41.3
42,49.93,94.11,41.35
23,49.89,94.2,41.5
74,49.71,93.9,41.18
72,49.79,93.79,41.19
73,49.67,93.69,41.04
72,49.63,93.79,41.16
6,49.82,94.54,41.74
20,49.8,94.37,41.51
64,49.63,93.94,41.34
31,49.75,94.22,41.5
58,49.67,94.05,41.37
16,49.58,94.34,41.74
67,49.47,94,41.5
74,49.51,94.12,41.5
57,49.61,93.85,41.38
65,49.53,93.76,41.22
62,49.45,93.93,41.51
62,49.41,93.84,41.35
71,49.65,93.47,40.88
82,49.53,93.37,40.72
67,49.43,93.49,40.88
70,49.55,93.59,41.03
67,49.49,93.69,41.19
69,49.43,93.66,41.1
69,49.41,93.67,41.04
66,49.38,93.56,41.01
65,49.31,93.63,40.91
57,49.38,93.76,41.34
67,49.33,93.72,41.2
67,49.25,93.68,41.03
79,49.41,93.27,40.72
82,49.28,93.19,40.62
76,49.19,93.29,40.72
64,49.31,93.39,40.88
59,49.19,93.53,40.9
77,49.09,93.49,40.78
62,49.14,93.59,41.03
54,49.02,93.5,40.88
80,49.16,93.08,40.62
96,48.72,92.91,40.43
83,48.83,92.98,40.52
75,48.95,93.09,40.59
70,49.07,93.18,40.72
88,48.61,93,40.42
78,48.73,93.05,40.5
72,48.79,93.11,40.54
73,48.68,93.1,40.49
64,48.74,93.16,40.53
66,48.79,93.1,40.61
60,48.74,93.16,40.61
65,48.91,93.2,40.68
62,48.85,93.15,40.68
63,48.86,93.26,40.68
61,48.82,93.3,40.75
59,48.8,93.21,40.68
64,48.97,93.25,40.76
68,49.03,93.3,40.76
64,48.92,93.31,40.76
70,48.98,93.36,40.76
59,49.26,93.45,41.01
59,49.11,93.38,40.87
46,48.91,93.42,41.04
50,48.58,93.24,40.47
42,48.47,93.25,40.47
56,48.63,93.17,40.53
49,48.58,93.23,40.53
42,48.47,93.24,40.53
46,48.41,93.19,40.53
44,48.47,93.24,40.61
42,48.42,93.27,40.67
48,48.46,93.3,40.71
54,48.63,93.17,40.61
52,48.64,93.26,40.68
49,48.58,93.23,40.61
47,48.53,93.27,40.68
43,48.41,93.19,40.61
54,48.69,93.22,40.68
54,48.67,93.29,40.78
50,48.64,93.25,40.74
49,48.57,93.29,40.78
55,48.75,93.26,40.76
47,48.94,93.35,40.9
45,48.76,93.25,40.84
45,48.74,93.25,40.84
38,48.79,93.34,40.89
31,48.62,93.29,40.87
86,48.94,92.9,40.55
99,48.93,92.83,40.44
76,49.97,93.33,40.78
75,49.87,93.45,40.88
74,49.85,93.23,40.78
71,49.75,93.35,40.88
76,49.63,93.25,40.74
75,49.51,93.15,40.74
10,49.81,95.06,42.36
103,51.08,93.34,40.46
89,50.88,93.58,40.66
90,50.79,93.81,40.87
88,50.67,93.71,40.87
87,50.69,93.93,41.04
87,50.57,93.83,41.04
70,50.59,94.05,41.19
74,50.47,93.95,41.19
31,50.27,94.19,41.35
63,50.37,94.07,41.19
55,50.49,94.17,41.19
25,50.39,94.29,41.35
24,50.27,94.19,41.5
20,50.39,94.29,41.5
11,50.29,94.41,41.5
13,50.17,94.31,41.5
11,50.09,94.54,41.74
11,49.94,94.81,42.05
14,49.81,95.06,42.68
107,51.05,92.9,40.46
12,49.76,94.75,42.36
10,49.61,94.54,42.36
102,50.85,93.14,40.46
99,50.4,93.18,40.46
82,50.23,93.31,40.66
79,50.14,93.31,40.78
84,50.31,93.41,40.66
86,50.64,93.38,40.66
84,50.43,93.51,40.87
86,50.55,93.61,40.87
78,50.1,93.43,40.88
81,50.21,93.53,40.87
79,49.99,93.55,41.04
81,50.11,93.65,41.04
84,50.33,93.63,41.04
86,50.45,93.73,41.04
13,49.82,94.54,42.05
10,49.58,94.34,42.05
18,49.76,94.75,42.68
14,49.61,94.54,42.68
76,50.06,93.23,40.78
73,49.94,93.13,40.78
42,49.58,94.34,42.99
20,49.61,94.54,42.99
24,49.75,94.75,42.99
19,49.81,95.06,42.99
27,49.61,94.54,43.3
30,49.75,94.75,43.3
24,49.81,95.06,43.3
54,49.58,94.34,43.3
68,49.41,93.81,43.89
73,49.41,93.81,43.6
56,49.15,93.6,44.46
19,48.05,93.97,44.82
19,47.94,94.07,45.02
11,47.85,94,44.82
45,49.23,93.98,44.94
48,48.99,93.86,44.77
39,49.41,94.37,45.19
30,48.73,94.32,45.25
32,48.96,94.41,45.23
31,48.73,94.32,45.16
30,48.61,94.22,45.25
31,48.61,94.22,45.16
26,48.39,94.24,45.16
25,48.27,94.14,45.16
42,49.13,94.19,44.99
36,48.82,94.21,45.02
36,48.7,94.11,45.02
31,48.49,94.13,45.02
30,48.37,94.03,45.02
24,48.15,94.05,45.02
43,48.86,94.03,44.81
39,48.57,94.03,44.82
38,48.46,93.94,44.82
30,48.26,93.95,44.82
51,49.11,93.72,44.67
52,48.97,93.5,44.58
21,48.29,94.36,45.25
26,48.39,94.24,45.25
25,48.27,94.14,45.25
21,48.17,94.26,45.25
20,48.05,94.16,45.16
33,49.16,94.18,45.49
22,49.44,94.82,45.8
27,49.2,94.62,45.49
21,48.99,94.74,45.57
20,49.11,94.85,45.57
17,49.01,94.96,45.57
18,48.89,94.86,45.57
15,49.24,95.06,45.8
31,48.71,94.1,45.41
31,48.83,94.2,45.41
28,48.73,94.32,45.41
28,48.61,94.22,45.41
28,48.96,94.41,45.49
25,48.63,94.44,45.41
21,48.53,94.56,45.41
21,48.41,94.46,45.41
25,48.51,94.34,45.41
23,48.75,94.54,45.57
22,48.87,94.64,45.57
18,48.77,94.76,45.57
19,48.65,94.66,45.57
28,49.4,94.38,45.8
28,49.16,94.18,45.8
90,48.5,92.9,40.43
49,47.66,93.47,40.41
17,47.63,93.58,40.55
29,47.72,93.53,40.46
23,47.78,93.57,40.51
25,47.67,93.58,40.51
17,47.73,93.54,40.55
34,47.61,93.54,40.46
16,47.63,93.56,40.57
24,47.94,93.5,40.51
21,47.88,93.46,40.55
28,47.88,93.46,40.46
24,47.83,93.51,40.51
18,47.78,93.49,40.55
31,47.77,93.47,40.46
17,47.76,93.47,40.57
23,47.57,93.7,40.51
16,47.52,93.67,40.55
32,47.51,93.65,40.46
15,47.5,93.66,40.57
28,47.56,93.6,40.51
40,47.5,93.55,40.46
27,47.54,93.58,40.54
44,48.53,93.25,40.74
36,48.46,93.24,40.78
33,48.41,93.24,40.78
25,48.42,93.3,40.86
31,48.36,93.25,40.77
37,48.36,93.24,40.68
23,48.09,93.31,40.68
20,48.14,93.3,40.75
37,48.31,93.27,40.67
35,48.25,93.25,40.61
28,48.3,93.29,40.78
33,48.25,93.3,40.7
20,48.19,93.29,40.78
30,48.2,93.27,40.66
25,48.14,93.31,40.7
34,48.14,93.26,40.53
39,48.08,93.24,40.48
32,48.14,93.29,40.5
31,48.14,93.26,40.61
2,49.92,100.32,63.15
2,49.92,100.32,62.52
2,49.84,99.44,61.48
2,49.84,99.44,61.9
2,49.37,99.04,61.26
2,46.64,98.39,64.3
15,45.48,136.51,41.7
3,47.07,133.36,43.01
4,46.23,134.46,42.31
5,48.03,134.16,43.04
5,47.19,135.27,42.36
12,47.42,137.93,42.96
9,49.35,139.16,44.27
4,51.27,141.03,45.85
2,49.46,130.53,47.83
5,48.01,134.2,44.08
3,48.65,131.48,46.58
3,47.85,132.44,45.33
3,47.05,133.4,44.08
5,48.81,133.25,45.33
3,49.61,132.29,46.58
2,50.42,131.33,47.83
4,50.65,133.97,45.96
8,49.05,135.8,43.85
4,50.95,137.49,45.96
2,52.87,139.1,48.46
2,48.5,129.72,47.83
2,49.46,130.53,49.08
2,45.57,112.08,54.45
2,45.99,112.08,54.98
2,44.9,112.28,54.32
2,45.52,112.28,54.91
2,44.52,111.63,54.08
2,45.09,111.85,54.27
2,44.01,112.06,54.08
2,45.09,111.85,57.21
3,44.07,112.04,57.4
2,45.55,112.28,55.64
3,44.03,112.28,57.04
2,45,112.28,56.34
2,44,111.12,57.4
2,44.63,111.49,57.2
2,43.68,110.69,57.4
3,46.62,108.61,40.46
3,45.8,109.11,40.66
2,45.41,109.59,40.87
2,45.01,110.07,41.27
5,46.12,107.75,40.46
3,46.65,108.59,45.33
4,45.81,109.11,44.4
3,46.29,109.51,44.4
2,47.61,109.39,44.08
4,45.81,109.11,43.77
3,45.41,109.59,43.15
3,46.29,109.51,43.77
2,45.89,109.99,43.15
3,48.55,106.65,40.66
2,47.82,106.71,40.82
4,47.45,107.65,40.66
2,46.13,107.75,45.02
4,45.73,108.23,44.4
3,45.25,107.83,44.4
2,49.22,107.48,42.83
2,48.41,108.44,44.08
5,45.73,108.23,43.77
2,46.05,106.87,40.46
3,45.41,109.59,42.52
4,44.93,109.19,43.15
3,44.45,108.78,43.77
2,44.05,108.39,44.4
2,45.01,110.07,41.9
2,44.15,110.14,41.9
3,44.53,109.66,42.52
2,43.93,109.73,42.52
2,44.1,109.26,43.15
2,43.9,108.84,43.77
5,45.33,108.71,43.15
4,44.85,108.3,43.77
2,44.35,107.9,44.4
4,44.53,109.66,41.27
2,43.93,109.73,41.27
5,44.93,109.19,40.87
6,44.89,109.19,40.66
4,44.1,109.26,40.87
4,44,109.27,40.66
4,45.33,108.71,40.87
5,45.31,108.71,40.66
3,45.72,108.23,40.66
4,45.21,107.83,40.46
6,44.78,108.31,40.46
6,44.3,108.8,40.46
2,43.61,108.86,40.46
72,43.65,114.83,40.74
67,43.42,114.75,40.68
35,43.27,119.93,42.41
33,43.15,120.19,42.33
34,43.25,119.97,42.69
37,43.27,119.71,41.87
42,43.47,120.4,41.68
43,43.44,120.13,41.58
47,43.25,120.16,41.54
54,43.31,120.31,41.49
40,43.28,119.82,41.73
39,43.28,120.07,41.75
41,43.29,120.07,41.62
35,43.22,120.18,41.91
37,43.26,120.24,41.76
36,43.27,119.73,42.05
35,43.28,119.87,42.14
34,43.19,120.17,42.08
60,43.15,119.81,41.14
71,43.14,119.99,41.05
53,43.08,120.18,41.22
48,43.26,119.49,41.41
48,43.14,119.79,41.37
45,43.17,119.91,41.47
44,43.11,120.19,41.43
57,43.25,119.1,41.08
43,43.25,119.11,41.41
43,43.25,117.34,41.17
44,43.25,118.15,41.21
62,43.05,117.34,40.68
33,43.25,119.96,43
19,43.66,123.22,43.12
17,43.85,123.46,43.15
22,43.66,122.95,43.39
12,44.4,123.43,43.15
7,44.24,121.67,43.15
19,43.42,123.16,43.2
19,43.56,123.03,43.03
27,43.31,121.63,43.32
21,43.59,122.93,43.19
23,43.65,122.62,43.31
26,43.56,122.15,43.19
24,43.4,122.71,43.32
6,44.4,123.43,43.77
4,43.87,123.48,44.24
11,44,123.04,43.77
4,44.8,122.95,43.77
19,44.3,122.55,43.15
22,43.95,122.15,43.18
8,43.7,122.15,43.83
2,43.73,123.03,44.43
32,43.25,120.82,43.06
29,43.08,120.85,42.67
31,43.27,121.16,43.13
27,43.27,121.65,43.47
32,43.26,120.97,43.09
33,43.25,120.63,43.03
33,43.25,120.42,43.01
22,43.65,122.88,42.5
20,43.98,123.03,42.51
30,43.59,121.72,42.37
27,43.84,122.15,42.52
30,43.59,121.72,42.68
30,43.18,121.41,42.66
33,43.27,121.28,42.86
28,43.12,121.27,42.71
30,43.13,121.1,42.24
31,43.17,121.23,42.4
32,43.22,121.37,42.39
30,43.35,121.54,42.36
50,43.22,122.26,41.57
36,43.39,121.96,41.77
28,43.45,122.61,41.93
30,43.39,121.96,42.05
35,43.06,121.31,41.74
36,43.16,121.45,41.74
34,43.16,121.76,41.76
36,43.01,121.75,41.68
30,43.06,121.3,42.05
30,43.16,121.45,42.05
29,43.15,121.76,42.05
57,42.89,121.56,41.11
44,42.9,121.56,41.43
45,42.84,122.22,41.3
51,42.67,121.36,41.11
42,42.67,121.36,41.43
62,42.57,121.81,40.85
31,43.13,121.07,42.48
29,43.09,121.06,42.72
34,42.87,121.12,41.74
29,42.87,121.12,42.05
50,42.63,120.92,41.11
71,42.85,121.34,40.76
42,42.63,120.92,41.43
28,43.01,120.88,42.34
32,43.14,120.43,42.39
31,43.09,120.66,42.28
34,43.25,120.22,42.75
30,43.08,120.43,42.67
29,43.06,120.66,42.74
34,42.83,120.68,41.74
38,43.11,120.44,41.65
34,42.99,120.44,41.77
29,42.83,120.68,42.05
30,43.01,120.44,42.05
49,42.59,120.48,41.11
49,42.8,120.24,41.11
42,42.59,120.48,41.43
41,42.79,120.24,41.43
33,43.25,120.22,43
60,42.97,120.13,40.99
69,42.81,120.46,40.76
79,42.72,121.36,40.59
14,43.55,125.4,43.77
8,43.25,124.78,43.15
12,43.25,123.93,43.19
31,43.28,121.28,43.16
30,43.28,121.34,43.32
27,43.36,121.41,43.03
26,43.35,121.51,43.19
29,43.34,121.57,42.67
27,43.59,121.72,42.97
24,43.39,121.94,43.19
25,43.31,122.23,43.32
18,43.28,123.03,43.03
18,43.22,122.94,43.19
22,43.26,123.05,43.48
18,43.26,123.43,43.22
2,45.51,126.02,45.02
2,45.11,126.47,44.4
2,45,125.83,44.39
3,44.63,126.1,43.77
8,44.17,125.85,43.14
7,44.18,125.61,43.77
2,44.96,125.61,44.4
2,45.5,125.61,45.02
5,44.23,125.41,44.4
2,44.98,125.41,45.02
2,45.49,125.41,45.62
18,43.56,125.4,44.4
2,47.7,130.68,46.58
6,43.83,127.03,42.52
15,43.35,126.63,41.9
39,42.61,125.8,40.88
32,42.89,126.21,41.29
28,43.26,125.16,42.51
35,43.43,125.55,42.55
16,43.75,126.14,42.52
28,43.11,125.27,41.88
36,43.29,125.81,41.9
9,43.26,125.16,43.14
14,43.45,125.57,43.15
58,42.32,122.28,40.94
21,43.29,123.03,42.53
26,43.13,122.84,41.94
18,43.25,124.42,42.51
19,43.06,124.85,42.52
19,43.11,123.31,42.53
14,43.06,123.9,42.52
14,43.05,124.45,41.88
13,42.89,124.9,41.9
25,42.87,123.14,41.91
14,42.86,123.93,41.89
49,42.63,125.35,40.66
45,42.58,124.47,40.7
56,42.58,123.54,40.7
68,42.54,122.7,40.69
27,42.53,124.93,40.86
24,42.75,125.35,41.26
19,42.67,124.46,41.27
35,42.47,124.05,40.91
29,42.61,123.58,41.28
50,42.4,123.16,40.94
42,42.57,122.7,41.3
70,42.47,121.83,40.69
65,42.3,122.29,40.75
47,42.52,125.8,40.73
24,42.52,126.62,41.39
33,42.84,126.42,40.81
10,42.94,127.12,41.01
12,43.75,126.15,43.15
4,44.23,126.55,43.77
6,43.83,127.03,43.15
3,44.31,127.43,43.15
2,44.71,126.95,43.77
2,44.71,126.95,44.4
2,45.19,127.35,45.02
3,46.89,131.64,45.33
2,46.74,129.88,45.33
2,44.79,127.83,43.77
2,44.79,127.83,44.4
2,45.26,128.23,43.77
2,45.26,128.23,44.4
2,45.78,129.07,44.08
3,46.09,132.6,44.08
2,45.94,130.84,44.08
3,47.79,142.11,43.97
3,49.66,142.88,46
3,43.91,127.91,42.52
5,43.42,127.52,41.88
3,43.51,128.36,41.97
2,44.86,128.71,42.52
2,44.86,128.71,43.15
2,44.41,129.15,42.11
2,44.38,128.31,42.52
2,44.38,128.31,43.15
2,43.99,128.74,42.03
3,43.62,129.16,42.13
2,44.98,130.01,42.85
2,45.15,131.77,42.98
6,43.43,127.51,42.52
13,42.94,127.11,41.88
3,44.17,131.03,41.82
2,44.09,129.83,41.63
3,43.5,128.41,41.28
3,43.58,129.28,41.53
4,43.02,128.01,41.23
4,45.3,133.51,43.13
6,47.66,140.48,44.39
9,44.47,134.61,42.43
7,45.82,139.88,43.45
9,43.52,133.8,42.28
4,44.14,140.78,44.44
3,42.3,140.19,43.54
4,44.34,132.72,43.08
4,43.36,132.01,41.97
17,44.59,115.37,43.15
26,43.96,115.45,43.14
23,43.71,115.12,43.18
21,43.52,114.98,43.21
9,44.14,115.02,43.77
4,43.92,114.61,44.4
25,44.59,115.37,42.52
34,43.96,115.45,42.52
8,43.72,114.65,43.8
11,43.52,114.63,43.38
5,44.08,114.14,43.77
3,44.84,113.2,42.52
4,44.43,113.66,43.15
13,44.99,114.95,42.52
6,44.91,114.07,42.52
7,44.51,114.55,43.15
4,44.04,113.3,42.52
5,43.86,113.74,43.14
10,43.67,114.11,43.27
18,43.49,114.08,43.12
31,43.71,115.12,42.53
25,43.51,114.93,42.64
30,44.59,115.37,41.9
38,43.96,115.45,41.9
3,44.84,113.2,41.9
19,44.99,114.95,41.9
9,44.91,114.07,41.9
5,44.04,113.3,41.89
5,43.72,113.12,41.87
6,43.52,113.57,41.9
36,43.72,115.11,41.89
33,43.52,114.92,41.9
41,44.13,115.02,41.27
67,43.84,114.64,40.78
10,44.43,113.66,41.27
33,44.51,114.55,41.27
12,43.85,113.75,41.28
59,44.01,114.15,40.83
43,43.68,114.8,41.25
43,43.41,114.76,41.21
42,43.25,116.48,41.18
4,43.72,113.12,42.51
5,43.69,113.68,43.2
5,43.52,113.57,42.63
11,43.68,113.69,41.24
25,43.44,113.78,41.22
64,43.48,113.91,40.75
99,43.56,114.45,40.54
98,43.52,114,40.57
110,43.59,114.46,40.43
112,43.5,113.91,40.44
90,43.31,113.78,40.65
62,43.05,116.48,40.68
66,43.25,116.48,40.54
70,43.26,119.5,41.07
107,43.27,119.98,40.57
96,43.13,119.99,40.65
77,43.08,119.12,40.68
64,43.05,118.18,40.69
102,43.26,119.11,40.57
91,43.25,118.18,40.56
98,42.88,120.46,40.34
87,43.25,117.79,40.45
94,42.98,116.49,40.37
97,43.03,117.34,40.36
95,42.55,120.94,40.37
68,42.63,124.84,40.38
76,42.62,123.99,40.39
90,42.55,123.14,40.36
98,42.2,120.97,40.38
96,42.38,121.48,40.37
99,42.11,122.31,40.38
63,42.34,125.75,40.38
31,42.49,126.68,40.42
5,42.54,127.61,40.48
3,43.1,128.94,40.55
3,42.62,128.52,40.54
3,43.22,130.28,40.7
5,42.15,128.09,40.54
24,43.66,135.77,41.61
10,43.89,138.46,42.12
14,42.56,133.14,41.11
27,42.71,134.94,41.44
6,42.4,131.31,40.81
2,40.38,138.77,42.21
4,61.26,108.2,41.9
3,60.35,108.28,41.9
4,61.26,108.2,41.27
4,60.78,107.8,40.87
3,60.35,108.28,41.27
2,59.98,107.84,40.85
4,62.92,108.88,41.27
5,62.61,108.52,41.27
5,62.14,108.12,41.27
4,63.17,108.66,40.74
5,62.87,108.07,40.86
5,62.96,108,40.64
5,62.54,107.64,40.87
5,63.18,109.04,42.22
5,62.94,108.94,41.88
6,63.17,108.74,41.79
5,62.61,108.52,41.9
5,62.14,108.12,41.9
4,61.66,107.72,41.27
4,61.66,107.72,41.9
4,60.75,107.81,40.66
3,61.18,107.32,40.87
4,61.67,107.72,40.66
4,62.06,107.24,40.87
5,62.61,107.62,40.66
6,63.32,108.53,41.2
6,63.3,107.9,40.59
5,63.31,108.48,42.09
4,61.17,107.33,40.46
5,63.09,107.11,40.46
4,62.15,107.22,40.46
2,62.85,108.06,43.14
4,63.15,108.89,42.57
4,62.87,108.06,42.52
3,61.26,108.2,42.52
3,61.66,107.72,42.52
4,62.54,107.64,42.52
2,61.66,107.72,43.15
3,62.54,107.64,43.15
3,63.3,107.97,43.21
5,63.3,107.93,42.59
2,62.82,107.18,43.77
2,63.3,107.14,43.78
3,60.23,107.42,40.64
2,59.99,106.93,40.45
3,60.67,106.94,40.46
2,59.24,105.97,40.45
10,49.92,95.22,42.36
15,49.92,95.22,42.68
4,54.3,108.77,42.79
3,53.62,107.98,42.83
2,52.74,107.17,42.83
4,54.5,107.96,42.72
19,50.32,94.74,42.05
17,50.12,94.98,42.36
50,49.66,94.33,44.76
52,49.71,94.33,44.69
37,49.64,94.58,45.18
52,49.56,93.97,44.75
54,49.61,94.03,44.69
48,49.63,94.13,44.95
43,49.6,94.14,45.18
46,49.47,93.93,44.98
55,49.3,93.74,44.57
49,49.42,93.78,44.79
50,49.3,93.51,44.69
52,49.53,93.76,44.69
32,49.64,94.58,45.49
35,49.36,93.94,45.49
37,49.6,94.14,45.49
27,49.64,94.58,45.8
5,49.12,96.29,44.79
5,49.12,96.29,44.94
6,49.22,96.17,44.79
6,49.22,96.17,44.94
4,49.12,96.29,45.1
4,49.12,96.29,45.25
5,49.22,96.17,45.1
5,49.22,96.17,45.25
4,49.02,96.41,44.79
4,49.02,96.41,44.94
3,48.92,96.53,44.79
3,48.92,96.53,44.94
4,49.02,96.41,45.1
3,49.02,96.41,45.25
3,48.92,96.53,45.1
3,48.92,96.53,45.25
4,49.11,96.18,45.49
4,49.11,96.18,45.8
3,48.91,96.42,45.49
3,48.91,96.42,45.8
2,48.95,96.86,45.49
29,49.7,95.03,44.89
27,49.68,95.02,45.18
18,49.6,95.47,44.79
22,49.7,95.35,44.78
17,49.61,95.47,44.94
22,49.71,95.35,44.94
17,49.61,95.47,45.1
21,49.71,95.35,45.1
12,49.53,95.81,44.79
14,49.63,95.69,44.79
11,49.53,95.81,44.94
14,49.63,95.69,44.94
10,49.53,95.81,45.1
13,49.63,95.69,45.1
12,49.63,95.69,45.25
10,49.53,95.81,45.25
7,49.32,96.05,44.79
7,49.32,96.05,44.94
9,49.43,95.93,44.79
9,49.43,95.93,44.94
7,49.32,96.05,45.1
6,49.32,96.05,45.25
8,49.43,95.93,45.1
8,49.43,95.93,45.25
24,49.68,95.02,45.49
20,49.68,95.02,45.8
19,49.71,95.35,45.25
16,49.61,95.47,45.25
15,49.49,95.37,45.41
19,49.59,95.25,45.41
14,49.49,95.37,45.57
17,49.59,95.25,45.57
14,49.48,95.26,45.8
10,49.52,95.7,45.49
9,49.52,95.7,45.8
7,49.32,95.94,45.49
6,49.32,95.94,45.8
40,49.89,94.78,44.87
36,49.88,94.78,45.18
31,49.88,94.78,45.49
27,49.88,94.78,45.8
2,53.99,106.93,44.08
3,54.3,107.96,44.07
3,54.5,106.84,44.05
55,49.75,94.32,44.51
58,49.64,93.99,44.5
63,49.34,93.7,44.16
64,49.59,93.71,44.21
58,49.33,93.72,44.41
57,49.56,93.73,44.5
64,49.67,93.98,44.21
67,49.49,94.05,43.89
58,49.58,94.34,43.9
59,49.78,94.32,44.22
70,49.49,94.05,43.6
58,49.58,94.34,43.6
6,49.11,96.18,44.24
5,49.12,96.29,44.47
5,49.12,96.29,44.63
6,49.22,96.17,44.47
6,49.22,96.17,44.63
4,49.02,96.41,44.47
4,49.02,96.41,44.63
18,49.58,95.28,43.92
15,49.51,95.41,43.92
13,49.51,95.41,43.61
16,49.58,95.28,43.61
13,49.52,95.71,43.93
12,49.52,95.71,43.61
9,49.31,95.93,43.93
31,49.81,95.06,44.24
32,49.78,95.05,44.57
20,49.58,95.28,44.22
16,49.51,95.41,44.22
18,49.62,95.5,44.48
18,49.61,95.48,44.63
23,49.72,95.36,44.48
22,49.7,95.35,44.63
13,49.52,95.71,44.24
12,49.53,95.81,44.47
12,49.53,95.81,44.63
15,49.63,95.69,44.47
15,49.63,95.69,44.63
9,49.31,95.93,44.24
8,49.32,96.05,44.47
8,49.32,96.05,44.63
10,49.43,95.93,44.47
10,49.43,95.93,44.63
16,49.75,95.47,43.3
13,49.75,95.47,42.99
40,49.61,94.54,43.91
38,49.76,94.75,43.92
30,49.81,95.06,43.93
35,49.61,94.54,43.6
35,49.76,94.75,43.61
27,49.81,95.06,43.61
51,49.82,94.54,44.22
49,49.78,94.52,44.55
47,49.81,94.4,44.95
44,49.94,94.8,44.24
43,49.92,94.79,44.56
24,49.92,95.22,43.3
24,50.12,94.98,42.68
20,49.92,95.22,42.99
4,50.16,95.42,41.74
8,50.16,95.42,42.05
3,49.96,95.66,41.74
6,49.96,95.66,42.05
3,49.99,96.1,41.74
3,50.4,95.62,41.43
2,50.51,95.61,41.19
2,50.2,95.86,41.43
2,50.23,96.3,41.43
2,50.03,96.54,41.43
2,49.22,107.48,41.49
3,50.98,107.33,41.49
4,50.03,106.52,40.66
2,49.06,105.72,40.66
4,50.86,105.56,40.46
2,49.88,104.76,40.46
4,54.3,108.77,41.41
4,53.62,107.98,41.49
4,53.72,107.97,40.66
4,52.74,107.17,41.49
4,52.79,107.17,40.66
4,51.81,106.37,40.66
4,54.29,106.95,40.46
4,54.5,107.96,41.25
3,53.68,106.23,40.46
3,52.71,105.41,40.46
71,50.83,94.25,41.04
59,50.83,94.25,41.19
45,50.85,94.47,41.04
11,50.77,94.81,41.04
22,50.87,94.69,41.04
8,50.77,94.81,41.19
16,50.87,94.69,41.19
5,50.79,95.03,41.04
4,50.79,95.03,41.19
3,50.81,95.25,41.04
5,50.91,95.13,41.04
3,50.81,95.25,41.19
5,50.91,95.13,41.19
2,50.71,95.37,41.04
3,50.71,95.37,41.19
2,50.61,95.49,41.19
33,50.85,94.47,41.19
12,50.76,94.7,41.43
21,50.52,94.5,41.74
6,50.8,95.14,41.43
10,50.56,94.94,41.74
4,50.6,95.38,41.43
6,50.36,95.18,41.74
12,50.36,95.18,42.05
86,50.81,94.03,41.04
77,50.81,94.03,41.19
38,50.72,94.26,41.43
2,50.47,96.5,40.87
3,50.88,96.02,40.66
2,50.67,96.26,40.66
7,50.71,96.7,40.66
3,50.51,96.94,40.66
6,50.55,97.38,40.46
28,51.11,96.22,40.46
17,50.91,96.46,40.46
70,50.95,96.9,40.46
36,50.75,97.14,40.46
90,50.93,94.13,40.87
79,50.95,94.35,40.87
57,50.97,94.57,40.87
75,51.07,94.45,40.87
30,51,94.9,40.87
5,51.04,95.34,40.87
2,50.84,95.58,40.87
92,50.91,93.91,40.87
93,51.03,94.01,40.87
97,51.16,94.22,40.66
88,51.2,94.66,40.66
48,51.24,95.1,40.66
9,51.28,95.54,40.66
5,51.08,95.78,40.66
93,51.12,93.78,40.66
97,51.36,93.98,40.66
108,51.4,94.42,40.46
103,51.44,94.86,40.46
58,51.48,95.3,40.46
21,51.52,95.74,40.46
26,51.32,95.98,40.46
105,51.32,93.54,40.46
111,51.29,93.1,40.46
109,51.56,93.74,40.46
107,51.6,94.18,40.46
81,50.07,93.21,40.66
80,49.95,93.11,40.66
82,49.74,93.13,40.64
82,49.62,93.03,40.63
86,49.4,93.04,40.59
85,49.28,92.94,40.59
87,49.06,92.96,40.54
6,47.14,95.19,40.47
67,48.52,93.09,40.5
43,48.3,93.2,40.52
39,48.3,93.2,40.61
34,48.19,93.21,40.61
39,48.19,93.21,40.53
24,47.98,93.32,40.61
28,48.04,93.38,40.51
25,47.98,93.36,40.55
25,47.99,93.32,40.57
24,47.95,93.33,40.58
28,47.93,93.39,40.51
21,47.89,93.39,40.55
31,48.09,93.29,40.54
27,48.03,93.32,40.57
30,48.09,93.33,40.51
27,48.03,93.33,40.55
29,48.09,93.29,40.6
24,48.03,93.32,40.62
29,48.04,93.39,40.46
30,47.93,93.4,40.46
35,48.03,93.28,40.47
39,47.55,93.49,40.47
26,47.46,93.71,40.51
100,50.16,92.98,40.46
100,49.83,93.01,40.46
101,49.71,92.91,40.46
101,49.5,92.92,40.45
101,49.38,92.83,40.45
101,49.16,92.84,40.44
102,49.48,92.74,40.46
101,49.04,92.74,40.45
117,51.25,92.66,40.46
19,47.1,95.13,40.42
15,47.09,95.24,40.42
36,47.11,94.85,40.41
28,47.12,94.96,40.42
35,47.05,94.8,40.41
36,47.1,94.74,40.41
69,48.35,93.12,40.43
54,48.3,93.19,40.42
59,48.19,93.19,40.43
80,48.39,93.03,40.42
37,48.04,93.39,40.4
40,47.93,93.4,40.4
49,48.03,93.27,40.42
59,48.08,93.2,40.43
46,47.82,93.4,40.41
51,47.71,93.41,40.41
53,47.6,93.42,40.42
47,47.3,93.78,40.41
55,47.54,93.39,40.43
53,47.55,93.48,40.41
53,47.44,93.49,40.42
51,47.45,93.6,40.41
37,47.4,93.67,40.46
47,47.46,93.71,40.4
49,47.35,93.72,40.41
52,47.38,93.46,40.42
43,47.15,94.07,40.41
40,47.15,93.96,40.42
6,47.1,95.35,40.42
3,47.09,95.47,40.42
2,47.16,95.41,40.5
23,47.09,95.02,40.43
5,47.17,94.9,40.53
18,47.12,94.85,40.47
13,47.13,94.96,40.47
12,47.14,95.07,40.47
5,47.18,95.01,40.53
2,47.22,94.96,40.61
2,47.25,95.17,40.53
4,47.21,95.22,40.48
3,47.14,95.3,40.49
2,47.24,95.06,40.61
4,47.19,95.12,40.53
5,47.15,95.17,40.48
2,47.26,95.28,40.53
2,47.21,95.34,40.53
4,49.51,95.41,42.36
2,49.19,95.38,42.36
6,49.51,95.41,42.68
3,49.2,95.38,42.68
2,49.33,95.53,42.05
8,49.34,95.53,43.3
4,48.99,95.53,43.3
6,49.1,95.7,43.61
3,48.81,95.66,43.61
6,49.34,95.53,42.99
3,48.99,95.53,42.99
3,47.48,94.87,44.97
2,47.5,94.94,44.76
3,47.56,94.98,45.14
3,47.58,95.21,45.12
2,47.53,95.29,44.63
2,47.45,94.94,44.74
2,47.51,95.07,44.95
2,47.51,95.11,44.72
2,47.56,95.25,44.67
2,47.53,95.28,44.89
2,47.39,94.84,44.71
2,48.95,96.86,45.8
2,48.48,96.56,45.57
3,48.58,96.44,45.57
3,48.46,96.34,45.57
2,48.36,96.46,45.57
2,48.71,96.65,45.8
3,48.1,96.04,45.41
3,47.98,95.94,45.41
3,48.34,96.24,45.57
2,48.24,96.36,45.57
3,48.22,96.14,45.57
2,48.12,96.26,45.57
2,47.75,95.74,45.41
3,47.87,95.84,45.41
2,49.83,96.78,41.43
6,49.99,96.1,42.05
2,49.79,96.34,41.74
4,49.76,95.9,42.05
2,49.55,96.14,41.74
7,49.75,95.47,42.36
10,49.75,95.47,42.68
3,49.52,95.71,42.05
2,49.13,95.86,42.05
14,49.76,95.9,43.3
12,49.76,95.9,42.99
10,49.52,95.71,43.3
8,49.31,95.93,43.61
9,49.52,95.71,42.99
4,49.14,95.85,42.99
5,49.14,95.85,43.3
4,48.66,96.11,44.32
4,48.78,96.2,44.32
5,48.89,96.09,44.16
5,48.96,96.03,43.93
4,48.77,96.05,44.16
6,49.11,96.18,43.93
5,48.96,96.03,43.61
5,48.89,95.86,43.92
4,48.74,95.92,44.15
4,48.65,95.92,44.18
3,48.52,95.92,44.3
3,48.68,95.72,43.91
3,48.52,95.71,44.14
2,48.33,95.71,44.14
2,48.33,95.91,44.3
2,48.14,95.71,44.28
3,48.54,96.06,44.32
3,48.44,96.13,44.32
2,48.33,96.06,44.32
3,48.68,96.32,44.32
3,48.56,96.22,44.32
4,48.91,96.42,44.24
3,48.46,96.34,44.47
3,48.46,96.34,44.63
3,48.92,96.53,44.63
3,48.92,96.53,44.47
3,48.8,96.42,44.47
3,48.8,96.42,44.63
3,48.58,96.44,44.47
3,48.58,96.44,44.63
2,48,95.71,44.28
2,48.21,96.01,44.51
2,48.11,95.9,44.44
2,48.16,96.04,44.59
2,48.16,96.04,44.67
2,48.1,96,44.59
2,48.1,95.99,44.67
2,47.99,95.71,44.4
2,48.01,95.9,44.47
2,48.04,95.98,44.61
2,48.01,95.88,44.55
2,48.04,95.97,44.68
2,48.01,95.86,44.61
2,47.97,95.69,44.47
2,47.95,95.87,44.56
2,48.34,96.24,44.47
2,48.34,96.24,44.63
2,48.22,96.14,44.47
2,48.22,96.14,44.63
2,47.73,95.48,44.59
2,47.62,95.39,44.59
2,47.9,95.67,44.4
2,47.95,95.86,44.62
2,47.91,95.65,44.5
2,47.84,95.77,44.69
2,47.88,95.93,44.77
2,47.89,95.81,44.69
2,47.8,95.59,44.39
2,47.75,95.7,44.7
2,47.82,95.58,44.5
2,48.95,96.86,44.86
2,48.95,96.86,45.18
2,48.48,96.56,44.79
2,48.48,96.56,44.94
2,48.36,96.46,44.79
2,48.36,96.46,44.94
2,48.71,96.65,44.86
2,48.48,96.56,45.1
2,48.48,96.56,45.25
2,48.36,96.46,45.1
2,48.36,96.46,45.25
2,48.71,96.65,45.18
2,48.11,96.1,44.75
2,48.11,96.1,44.82
2,48.05,96.05,44.75
2,48.05,96.05,44.82
2,48.11,96.1,44.9
2,48.11,96.1,44.98
2,48.05,96.05,44.9
2,48.05,96.05,44.98
2,47.93,95.96,44.75
2,47.99,96,44.75
2,47.99,96,44.82
2,47.93,95.95,44.83
2,47.99,96,44.9
2,47.93,95.95,44.9
2,47.93,95.95,44.98
2,47.99,96,44.98
2,48.24,96.36,44.79
2,48.24,96.36,44.94
2,48.12,96.26,44.79
2,48.12,96.26,44.94
2,48.11,96.1,45.06
2,48.11,96.1,45.14
2,48.05,96.05,45.14
2,48.05,96.05,45.06
3,48.1,96.04,45.25
2,47.93,95.95,45.06
2,47.99,96,45.06
2,47.93,95.95,45.14
2,47.99,96,45.14
2,47.98,95.94,45.25
2,48.24,96.36,45.1
2,48.24,96.36,45.25
2,48.12,96.26,45.1
2,48.12,96.26,45.25
2,47.66,95.58,44.76
2,47.54,95.49,44.76
2,47.71,95.54,44.99
2,47.7,95.54,44.81
2,47.59,95.44,44.99
2,47.58,95.44,44.81
2,47.81,95.85,44.83
2,47.85,95.91,44.81
2,47.87,95.9,44.84
2,47.71,95.79,44.79
2,47.72,95.77,44.85
2,47.87,95.9,44.9
2,47.81,95.85,44.9
2,47.87,95.9,44.98
2,47.81,95.85,44.98
2,47.74,95.74,44.94
2,47.73,95.52,45.1
2,47.61,95.42,45.1
3,47.73,95.52,45.25
3,47.61,95.42,45.25
2,47.87,95.9,45.06
2,47.81,95.85,45.06
2,47.87,95.9,45.14
2,47.81,95.85,45.14
2,47.75,95.74,45.1
2,47.75,95.74,45.25
2,47.87,95.84,45.25
2,48.75,97.09,45.49
2,48.75,97.09,45.8
2,48.38,96.68,45.41
2,48.26,96.58,45.41
2,48.51,96.89,45.49
2,48.38,96.68,45.57
2,48.26,96.58,45.57
2,48.51,96.89,45.8
2,48,96.16,45.41
2,47.88,96.06,45.41
2,48.14,96.48,45.41
2,48.02,96.38,45.41
2,48.14,96.48,45.57
2,48.02,96.38,45.57
2,47.65,95.86,45.41
2,47.76,95.96,45.41
2,48.31,97.13,46.11
2,47.34,94.65,44.72
4,47.46,94.65,44.99
3,47.43,94.55,44.78
3,47.37,94.77,44.95
3,47.39,94.64,44.75
4,47.79,94.96,45.25
3,47.69,95.08,45.25
3,47.57,94.98,45.25
4,47.67,94.86,45.25
4,47.54,94.76,45.14
3,47.59,95.2,45.25
3,49.11,96.18,46.11
4,48.88,95.97,45.8
3,48.91,96.42,46.11
3,48.67,96.21,45.8
6,48.51,95.56,45.57
5,48.41,95.68,45.57
6,48.39,95.46,45.57
5,48.29,95.58,45.57
5,48.64,95.77,45.8
4,48.31,95.8,45.57
3,48.21,95.92,45.57
4,48.19,95.7,45.57
3,48.09,95.82,45.57
4,48.43,96.01,45.8
5,48.03,95.16,45.41
5,47.91,95.06,45.41
4,47.93,95.28,45.41
4,47.81,95.18,45.41
5,48.15,95.26,45.57
5,48.27,95.36,45.57
4,48.05,95.38,45.57
4,48.17,95.48,45.57
3,47.83,95.4,45.41
3,47.71,95.3,45.41
3,47.73,95.52,45.41
4,47.95,95.5,45.57
4,48.07,95.6,45.57
3,47.85,95.62,45.57
3,47.97,95.72,45.57
6,47.19,94.29,40.57
7,47.2,94.3,40.55
7,47.26,94.67,40.51
9,47.25,94.56,40.51
11,47.24,94.45,40.51
13,47.23,94.34,40.51
4,47.22,94.62,40.55
5,47.21,94.51,40.55
7,47.2,94.41,40.55
6,47.17,94.74,40.54
3,47.18,94.67,40.57
7,47.21,94.73,40.51
4,47.2,94.67,40.55
14,47.2,94.62,40.46
24,47.18,94.29,40.46
17,47.19,94.51,40.46
20,47.18,94.4,40.46
16,47.16,94.68,40.46
40,47.11,94.24,40.42
33,47.09,94.64,40.42
36,47.14,94.57,40.41
38,47.13,94.46,40.4
41,47.12,94.35,40.41
3,47.2,94.85,40.6
2,47.21,94.77,40.62
4,47.17,94.74,40.59
2,47.18,94.67,40.62
3,47.17,94.9,40.61
23,47.06,94.8,40.47
7,47.16,94.8,40.53
8,47.19,94.79,40.5
19,47.11,94.74,40.46
16,47.57,93.61,40.57
16,47.44,93.7,40.57
39,47.1,94.13,40.42
28,47.17,94.18,40.46
14,47.23,94.23,40.51
7,47.21,94.21,40.57
31,47.06,94.08,40.43
35,47.07,94.19,40.42
28,47.12,94.24,40.47
18,47.19,94.19,40.5
4,47.19,94.29,40.62
14,47.84,94.19,45.02
7,47.75,94.1,44.82
10,47.74,94.3,45.02
5,47.66,94.22,44.81
7,47.64,94.42,45.02
4,47.58,94.34,44.8
5,47.55,94.54,45.01
4,47.5,94.45,44.8
12,48.09,94.6,45.25
17,48.19,94.48,45.25
16,48.07,94.38,45.25
15,47.95,94.28,45.16
12,47.97,94.5,45.25
12,47.85,94.4,45.16
9,47.99,94.72,45.25
6,47.89,94.84,45.25
6,47.77,94.74,45.25
6,47.64,94.64,45.15
9,47.87,94.62,45.25
8,47.75,94.52,45.16
7,49.52,95.7,46.11
10,49.28,95.5,45.8
5,49.32,95.94,46.11
6,49.08,95.74,45.8
11,48.81,95.2,45.57
13,48.91,95.08,45.57
11,48.69,95.1,45.57
14,48.79,94.98,45.57
10,49.04,95.3,45.8
8,48.71,95.32,45.57
7,48.61,95.44,45.57
9,48.59,95.22,45.57
7,48.49,95.34,45.57
7,48.84,95.53,45.8
12,48.33,94.8,45.41
13,48.21,94.7,45.41
16,48.43,94.68,45.41
17,48.31,94.58,45.41
12,48.45,94.9,45.57
11,48.57,95,45.57
15,48.67,94.88,45.57
15,48.55,94.78,45.57
9,48.23,94.92,45.41
9,48.11,94.82,45.41
6,48.13,95.04,45.41
6,48.01,94.94,45.41
9,48.35,95.02,45.57
9,48.47,95.12,45.57
7,48.25,95.14,45.57
7,48.37,95.24,45.57
36,47.3,93.79,40.46
15,47.34,93.81,40.57
27,47.36,93.74,40.51
16,47.36,93.77,40.56
37,47.35,93.72,40.46
16,47.38,93.75,40.57
40,47.15,93.85,40.43
43,47.18,93.79,40.42
33,47.2,93.9,40.47
26,47.32,93.79,40.5
36,47.25,93.84,40.46
22,47.31,93.9,40.51
20,47.28,93.89,40.54
10,47.31,93.89,40.62
39,47.16,93.75,40.43
30,47.21,94.02,40.46
21,47.27,93.96,40.51
17,47.27,94.06,40.51
16,47.23,94.06,40.54
20,47.24,93.95,40.53
8,47.29,93.97,40.62
30,47.16,94.08,40.47
18,47.22,94.13,40.51
16,47.2,94.12,40.54
8,47.24,94.13,40.57
7,47.26,94.05,40.62
29,47.16,93.97,40.48
51,48.35,93.14,40.53
44,48.35,93.14,40.61
77,50.23,93.75,41.19
76,50.35,93.85,41.19
49,50.03,93.99,41.35
73,50.13,93.87,41.19
41,50.15,94.09,41.35
70,50.25,93.97,41.19
74,50.01,93.77,41.19
74,49.89,93.67,41.19
75,49.77,93.57,41.04
30,50.15,94.09,41.5
20,50.05,94.21,41.5
16,49.95,94.31,41.74
56,49.91,93.89,41.35
36,50.03,93.99,41.5
27,49.94,94.11,41.5
54,49.83,94,41.34
62,49.75,93.9,41.33
61,49.79,93.79,41.35
70,49.67,93.69,41.19
13,49.78,94.32,41.74
43,49.65,93.93,41.5
40,49.69,94.06,41.5
23,49.49,94.05,41.74
44,49.63,93.85,41.51
57,49.57,93.75,41.35
52,49.41,93.82,41.51
51,49.38,93.74,41.42
72,49.65,93.47,41.04
68,49.53,93.37,40.88
66,49.44,93.48,41.03
69,49.57,93.57,41.18
59,49.53,93.65,41.34
67,49.45,93.63,41.2
67,49.33,93.6,41.03
50,49.35,93.71,41.42
56,49.34,93.71,41.34
67,49.25,93.66,41.19
64,49.41,93.27,40.88
75,49.3,93.17,40.72
61,49.19,93.29,40.88
59,49.32,93.38,41.03
60,49.21,93.51,41.03
54,49.07,93.45,40.9
61,49.15,93.58,41.19
55,49.02,93.51,41.04
72,49.17,93.07,40.72
79,49.04,92.99,40.62
96,48.71,92.84,40.43
81,48.72,92.91,40.54
74,48.84,93,40.61
65,48.95,93.08,40.72
57,49.07,93.18,40.88
41,48.92,93.42,41.19
75,48.61,92.99,40.52
71,48.73,93.06,40.56
65,48.68,93.11,40.54
66,48.73,93.05,40.61
60,48.68,93.11,40.61
61,48.79,93.1,40.68
57,48.74,93.16,40.68
60,48.91,93.2,40.76
58,48.85,93.15,40.76
59,48.86,93.26,40.76
56,48.8,93.21,40.76
52,49.13,93.36,41.01
54,48.99,93.29,40.87
45,48.97,93.33,41.04
34,48.8,93.34,41.04
51,48.63,93.17,40.68
53,48.51,93.13,40.58
48,48.58,93.23,40.68
43,48.47,93.24,40.68
40,48.41,93.19,40.69
49,48.75,93.24,40.82
51,48.69,93.22,40.76
48,48.63,93.17,40.76
46,48.58,93.22,40.76
42,48.82,93.27,40.91
39,48.64,93.22,40.9
37,48.79,93.33,41.14
29,48.71,93.3,40.93
21,48.61,93.3,41.01
23,48.5,93.29,40.91
78,48.94,92.92,40.63
85,48.93,92.83,40.57
99,48.82,92.76,40.44
75,49.97,93.33,40.88
76,49.87,93.45,41.04
71,49.85,93.23,40.88
72,49.73,93.13,40.77
73,49.75,93.35,41.04
68,49.63,93.25,40.88
71,49.61,93.03,40.77
64,49.51,93.15,40.88
73,49.39,93.05,40.74
71,49.27,92.95,40.74
16,49.94,94.81,42.36
91,51.08,93.34,40.66
89,50.88,93.58,40.87
90,50.79,93.81,41.04
89,50.67,93.71,41.04
87,50.67,93.71,41.19
87,50.79,93.81,41.19
80,50.69,93.93,41.19
81,50.57,93.83,41.19
46,50.48,94.06,41.43
24,50.28,94.3,41.74
21,50.1,94.54,42.05
23,49.94,94.81,42.68
93,51.05,92.9,40.66
106,50.81,92.7,40.46
20,49.82,94.54,42.36
16,49.58,94.34,42.36
88,50.85,93.14,40.66
102,50.61,92.94,40.46
83,50.4,93.18,40.66
78,50.2,93.31,40.87
81,50.31,93.41,40.87
85,50.64,93.38,40.87
85,50.43,93.51,41.04
87,50.55,93.61,41.04
80,50.09,93.43,41.04
82,50.21,93.53,41.04
77,49.99,93.55,41.19
77,50.11,93.65,41.19
86,50.55,93.61,41.19
85,50.43,93.51,41.19
81,50.33,93.63,41.19
82,50.45,93.73,41.19
28,49.96,94.31,42.05
21,49.79,94.32,42.05
19,49.49,94.05,42.05
29,49.82,94.54,42.68
26,49.58,94.34,42.68
105,50.57,92.5,40.46
102,50.37,92.74,40.46
71,49.81,93.03,40.78
69,49.7,92.93,40.78
75,50.07,93.21,40.87
70,49.95,93.11,40.87
71,49.49,94.05,42.99
53,49.78,94.32,42.99
37,49.82,94.54,42.99
30,49.94,94.81,42.99
44,49.82,94.54,43.3
36,49.94,94.81,43.3
60,49.78,94.32,43.3
72,49.49,94.05,43.3
79,49.41,93.81,42.99
76,49.41,93.81,43.29
70,49.59,93.7,43.91
68,49.34,93.7,43.89
76,49.59,93.7,43.61
73,49.34,93.7,43.6
62,49.21,93.6,44.16
58,49.23,93.64,44.38
53,49.28,93.46,44.55
55,48.99,93.47,44.42
31,48.15,93.87,44.82
24,48.04,93.95,45.02
22,47.94,93.89,44.81
20,47.93,94.06,45.16
19,47.82,93.97,45.01
14,47.75,93.92,44.8
48,48.78,93.63,44.74
41,49.37,93.94,45.18
43,49.07,93.79,44.94
47,48.8,93.74,44.77
38,49.17,94.17,45.21
33,48.83,94.2,45.25
35,48.83,94.2,45.16
33,48.71,94.1,45.25
29,48.49,94.12,45.25
34,48.71,94.1,45.16
30,48.49,94.12,45.16
29,48.37,94.02,45.25
29,48.37,94.02,45.16
24,48.15,94.04,45.16
40,48.9,93.99,45
35,48.59,94.01,45.02
34,48.47,93.92,45.02
30,48.25,93.93,45.02
43,48.64,93.85,44.81
38,48.35,93.86,44.82
39,48.24,93.77,44.82
47,49.22,93.61,44.81
48,49.06,93.34,44.69
51,48.79,93.37,44.58
50,48.92,93.56,44.66
28,48.49,94.12,45.41
27,48.37,94.02,45.41
21,48.29,94.36,45.41
25,48.39,94.24,45.41
24,48.27,94.14,45.41
24,48.15,94.04,45.25
21,48.17,94.26,45.41
20,48.05,94.16,45.25
20,47.93,94.06,45.25
32,48.92,93.97,45.49
30,48.59,94,45.41
30,48.47,93.9,45.41
31,49.6,94.14,45.8
30,49.36,93.94,45.8
33,49.12,93.73,45.49
16,49.68,95.02,46.11
12,49.48,95.26,46.11
18,49.44,94.82,46.11
23,49.2,94.62,45.8
13,49.24,95.06,46.11
17,49,94.85,45.8
29,48.71,94.1,45.57
29,48.83,94.2,45.57
26,48.73,94.32,45.57
26,48.61,94.22,45.57
24,48.96,94.41,45.8
23,48.63,94.44,45.57
20,48.53,94.56,45.57
20,48.41,94.46,45.57
23,48.51,94.34,45.57
18,48.76,94.65,45.8
23,49.4,94.38,46.11
23,49.16,94.18,46.11
27,48.92,93.97,45.8
96,48.59,92.78,40.44
74,48.5,92.9,40.54
89,48.38,92.84,40.43
34,47.66,93.48,40.46
29,47.62,93.55,40.51
26,47.72,93.53,40.51
17,47.7,93.52,40.57
28,47.6,93.52,40.53
13,47.63,93.56,40.62
37,47.6,93.43,40.47
26,47.88,93.46,40.51
19,47.84,93.43,40.55
33,47.82,93.41,40.46
37,47.71,93.42,40.46
28,47.77,93.47,40.51
26,47.75,93.44,40.54
22,47.89,93.38,40.57
20,47.83,93.42,40.57
14,47.76,93.47,40.62
43,47.66,93.37,40.48
42,47.44,93.5,40.47
38,47.38,93.47,40.48
31,47.55,93.48,40.53
39,47.45,93.6,40.46
27,47.51,93.66,40.51
25,47.5,93.63,40.54
12,47.5,93.66,40.62
30,47.5,93.54,40.53
20,47.54,93.58,40.61
43,47.4,93.56,40.47
39,48.47,93.22,40.76
32,48.36,93.23,40.76
35,48.41,93.19,40.76
32,48.41,93.22,40.87
28,48.31,93.24,40.78
14,48.3,93.3,40.9
34,48.3,93.2,40.69
25,48.09,93.28,40.66
21,48.03,93.31,40.69
17,48.04,93.29,40.76
21,48.14,93.25,40.76
16,48.09,93.3,40.78
32,48.25,93.25,40.68
26,48.25,93.29,40.76
21,48.17,93.24,40.78
14,48.21,93.29,40.86
30,48.19,93.21,40.68
27,48.14,93.25,40.68
37,48.08,93.22,40.53
32,48.08,93.22,40.61
2,46.23,98.87,64.3
2,49.36,99.04,61.48
2,46.64,98.39,64.1
2,46.15,97.99,64.3
4,45.29,133.55,44.08
4,46.27,134.31,43.17
14,45.5,136.32,42.68
6,47.24,135.11,43.2
6,47.2,135.16,44.08
4,46.24,134.36,44.08
11,47.44,137.69,44.11
5,49.35,139.44,45.91
2,48.65,131.48,47.83
5,48.01,134.2,45.33
3,47.85,132.44,46.58
3,47.05,133.4,45.33
3,48.81,133.25,46.58
2,49.61,132.29,47.83
2,49.61,132.29,49.08
5,49.04,135.89,45.96
2,50.65,133.97,48.46
2,50.95,137.49,48.46
2,46.89,131.64,46.58
2,47.7,130.68,47.83
2,48.5,129.72,49.08
2,48.65,131.48,49.08
2,47.54,128.92,49.08
2,45.01,112.09,54.46
2,45.59,112.08,54.98
2,44.04,112.28,54.31
2,44.98,112.28,54.93
2,43.53,111.72,54.29
2,43.7,111.7,54.08
2,44.16,111.9,54.27
2,44.2,111.89,57.21
3,43.71,111.71,57.4
2,45,112.28,55.64
2,44.17,112.09,56.91
2,44.07,112.28,56.34
2,44.13,111.06,57.21
3,46.63,108.6,40.66
3,45.81,109.11,40.87
3,45.41,109.59,41.27
2,46.13,107.75,40.66
3,45.63,107.35,40.46
5,46.65,108.59,44.08
4,45.81,109.11,42.52
4,45.81,109.11,43.15
2,46.29,109.51,42.52
3,46.29,109.51,43.15
4,45.25,107.83,43.77
2,44.78,107.42,44.4
2,48.4,108.45,41.49
3,47.29,107.51,40.84
3,46.13,107.75,44.4
2,45.66,107.35,44.4
3,48.41,108.44,42.83
4,46.13,107.75,43.77
6,45.73,108.23,43.15
3,45.56,106.47,40.46
3,45.41,109.59,41.9
5,44.93,109.19,42.52
4,44.45,108.78,43.15
2,44.05,108.4,43.77
2,43.73,109.75,42.51
2,43.73,109.26,43.14
2,43.73,108.85,43.77
4,44.53,109.66,41.9
2,43.93,109.73,41.9
3,44.1,109.26,42.52
2,43.9,108.84,43.15
6,45.33,108.71,42.52
5,44.85,108.3,43.15
3,44.35,107.9,43.77
5,44.93,109.19,41.27
2,43.73,109.76,41.2
4,44.1,109.26,41.27
3,45.33,108.71,41.27
5,44.45,108.78,40.87
6,44.39,108.79,40.66
3,43.79,108.85,40.65
2,43.73,109.27,40.76
4,43.9,108.84,40.87
3,44.85,108.3,40.87
4,44.82,108.31,40.66
3,45.24,107.83,40.66
5,44.7,107.43,40.46
4,44.18,107.91,40.46
2,43.81,108.4,40.46
2,43.53,108.87,40.6
63,43.3,114.75,40.74
75,43.44,114.65,40.75
35,43.25,119.53,42.39
32,43.12,119.95,42.39
30,43.06,120.2,42.29
34,43.25,119.54,42.69
29,43.07,119.98,42.68
34,43.25,119.12,42.37
33,43.25,119.12,42.68
38,43.26,119.49,41.74
36,43.13,119.76,41.85
38,43.16,119.9,41.72
42,43.24,120.24,41.61
34,43.11,120.21,41.82
35,43.26,119.5,42.08
34,43.14,119.77,42.02
35,43.17,119.91,42.1
32,43.1,120.2,42.03
37,43.25,119.11,41.74
35,43.25,119.11,42.06
33,43.25,117.34,41.87
35,43.25,118.15,41.88
50,43.05,119.82,41.19
54,43.09,119.52,41.1
52,42.97,120,41.13
44,43.05,119.81,41.35
42,43.08,119.52,41.43
42,42.98,120,41.43
46,43.25,118.71,41.24
48,43.06,119.11,41.11
40,43.05,119.12,41.42
43,43.05,117.34,41.23
42,43.05,118.15,41.25
56,42.81,117.35,40.81
71,43.05,117.79,40.61
32,43.25,119.12,42.99
26,43.05,119.96,42.99
32,43.25,119.55,42.99
31,43.25,119.96,43.31
30,43.25,119.12,43.3
18,43.44,123.03,43.08
20,43.64,122.87,42.97
23,43.77,122.59,43.16
26,43.7,122.15,42.95
20,43.97,123.02,43.14
24,43.22,121.72,43.19
21,43.41,122.64,43.19
25,43.27,122.31,43.48
3,44.02,123.03,44.39
5,44.3,122.55,44.08
9,43.96,122.14,43.77
29,43.27,121.4,43.49
31,43.25,120.82,43.37
25,42.94,120.88,42.64
26,43.06,120.87,43.02
30,43.26,121.18,43.45
26,43.12,121.28,43.04
21,43.13,121.72,43.35
27,43.26,121.71,43.82
30,43.25,120.99,43.42
26,43.08,121.05,43.02
26,43.05,120.66,43
31,43.25,120.64,43.34
31,43.25,120.41,43.33
26,43.05,120.43,43
31,43.25,120.22,43.31
23,43.44,122.59,42.52
28,43.39,121.96,42.36
26,43.39,121.96,42.68
30,43.12,121.49,42.6
28,43.15,121.41,42.8
24,42.99,121.34,42.66
24,43.15,121.75,42.68
27,43.04,121.32,42.35
30,43.14,121.47,42.34
27,43.15,121.76,42.36
34,42.91,121.56,41.74
29,42.91,121.56,42.05
32,42.96,122.22,41.92
34,42.67,121.36,41.74
28,42.67,121.36,42.05
50,42.42,121.16,41.11
57,42.29,121.45,40.92
42,42.43,121.16,41.43
47,42.5,121.82,41.28
26,42.87,121.12,42.36
23,42.85,121.12,42.67
34,42.63,120.92,41.74
29,42.63,120.92,42.05
49,42.38,120.72,41.11
60,42.52,120.93,40.84
42,42.39,120.72,41.43
44,42.19,120.96,41.43
51,42.19,120.96,41.11
26,42.82,120.68,42.36
28,42.98,120.45,42.35
29,43.06,120.23,42.74
25,42.92,120.45,42.65
23,42.81,120.68,42.67
34,42.59,120.48,41.74
34,42.79,120.24,41.74
29,42.59,120.48,42.05
29,42.79,120.24,42.05
50,42.35,120.28,41.11
48,42.55,120.04,41.11
43,42.35,120.28,41.43
42,42.55,120.04,41.43
26,43.05,120.23,42.99
54,42.84,118.2,40.81
61,42.88,119.13,40.76
73,42.95,120,40.71
77,42.66,120.48,40.58
58,42.41,120.05,40.83
75,42.71,116.5,40.64
70,42.77,117.35,40.63
67,42.41,120.94,40.69
16,43.26,125.16,43.77
13,43.46,125.57,43.77
17,43.25,124.78,43.78
21,43.25,123.95,43.81
9,43.25,124.42,43.16
10,43.06,124.85,43.15
14,43.06,123.9,43.16
27,43.17,121.41,43.05
26,43.16,121.46,43.19
26,43.35,121.57,42.98
23,43.25,123.96,44.42
24,43.39,121.96,42.97
21,43.22,122.23,43.19
18,43.19,122.87,42.97
17,43.1,123.34,43.15
17,43.11,122.97,43.38
25,43.25,123.16,43.87
4,44.23,126.55,44.4
2,45.11,126.47,45.02
2,45,125.83,45.02
3,44.63,126.1,44.4
6,44.17,125.85,43.77
7,44.18,125.61,44.4
2,44.96,125.61,45.02
2,45.5,125.62,45.64
4,44.24,125.41,45.02
2,44.98,125.41,45.63
21,43.26,124.76,44.4
19,43.57,125.4,45.02
16,43.46,125.57,44.4
21,43.27,125.17,44.4
2,46.74,129.88,46.58
16,43.35,126.63,42.52
27,42.88,126.22,41.89
20,42.41,125.81,41.29
25,43.11,125.27,42.52
32,43.26,125.83,42.52
17,42.76,125.35,41.9
11,43.11,125.28,43.14
17,43.26,125.84,43.15
48,42.11,122.3,41.31
22,43.14,122.84,42.52
32,42.57,122.7,41.9
15,43.05,124.45,42.52
16,42.89,124.9,42.52
22,42.87,123.13,42.52
17,42.86,123.93,42.52
21,42.61,123.58,41.89
12,42.67,124.46,41.9
21,42.46,126.71,41.88
37,42.45,124.91,40.72
45,42.42,124.03,40.76
60,42.39,123.16,40.74
14,42.32,124.95,41.27
23,42.26,124.07,41.29
40,42.19,123.18,41.31
64,42.14,120.97,40.77
66,42.28,121.49,40.74
67,42,122.31,40.84
30,42.26,125.81,40.8
18,42.06,126.24,41.39
25,42.46,126.72,40.98
8,42.53,127.6,41.23
9,43.75,126.15,43.77
12,43.35,126.63,43.15
2,44.71,126.95,45.02
5,43.83,127.03,44.4
5,43.83,127.03,43.77
6,43.43,127.51,43.15
3,43.91,127.91,43.15
3,44.31,127.43,43.77
3,44.31,127.43,44.4
2,44.79,127.83,45.02
3,46.09,132.6,45.33
2,45.94,130.84,45.33
2,44.38,128.31,43.77
2,44.38,128.31,44.4
2,44.86,128.71,43.77
2,44.86,128.71,44.4
2,44.98,130.03,44.08
2,45.13,131.79,44.08
2,45.94,130.84,46.58
3,44.33,132.75,44.08
4,47.74,141.33,45.87
2,44.22,141.63,45.9
2,40.64,141.06,44.49
4,43.5,128.39,42.52
4,43.15,128.78,42.07
5,43.04,127.97,41.93
3,44.17,130.96,42.94
3,44.02,129.22,42.84
14,42.95,127.1,42.52
7,43.02,127.98,42.52
12,42.56,127.57,41.94
3,43.1,128.9,41.46
4,42.62,128.5,41.42
3,43.22,130.21,41.69
8,42.14,128.08,41.41
7,44.48,134.46,43.24
8,45.82,139.47,44.32
7,43.52,133.67,43.16
19,43.67,135.59,42.59
11,43.9,138.25,43.1
12,42.56,132.99,42.1
22,42.72,134.77,42.43
6,42.3,139.77,44.37
6,40.39,138.55,43.18
4,43.36,131.92,43.01
7,42.41,131.2,41.8
3,38.98,139.95,44.36
61,42.8,116.48,40.79
17,44.13,115.02,43.14
18,43.68,114.86,43.12
8,43.91,114.61,43.75
24,44.13,115.02,42.52
14,43.67,114.57,43.28
22,43.44,114.53,43.12
13,44.51,114.55,42.52
5,44.43,113.66,42.52
9,44.06,114.14,43.15
6,43.84,113.75,42.54
17,43.6,114.13,42.99
18,43.44,113.91,43.12
24,43.67,114.8,42.58
22,43.41,114.76,42.67
30,44.13,115.02,41.89
19,44.51,114.55,41.9
6,44.43,113.66,41.9
8,43.85,113.75,41.89
7,43.68,113.69,41.9
19,43.44,113.78,41.9
30,43.68,114.8,41.9
28,43.41,114.76,41.9
39,43.87,114.62,41.27
68,43.53,114.45,40.77
29,44.03,114.14,41.27
68,43.54,114.05,40.8
42,43.43,114.63,41.25
45,43.29,114.77,41.19
31,43.25,116.47,41.88
43,43.25,115.7,41.2
44,43.05,116.47,41.24
28,43.25,117.34,42.51
31,43.25,118.15,42.52
6,43.68,113.69,42.57
15,43.44,113.78,42.68
29,43.48,113.92,41.25
43,43.31,113.78,41.21
74,43.23,113.91,40.75
96,43.33,114.2,40.55
112,43.41,114.15,40.43
92,43.27,113.68,40.63
44,43.25,115.2,41.2
69,43.25,115.7,40.55
68,43.06,115.68,40.68
104,43.26,119.55,40.6
102,43.08,120,40.32
86,43.11,119.55,40.69
96,43.06,119.13,40.36
98,43.05,118.22,40.36
97,43.25,118.7,40.59
68,43.06,118.7,40.7
97,42.39,120.06,40.37
98,42.79,117.82,40.36
105,42.66,116.06,40.37
100,42.74,116.95,40.36
96,42.17,120.45,40.38
72,42.31,124.88,40.38
83,42.3,124.02,40.38
93,42.23,123.17,40.38
99,42.02,120.76,40.38
100,42.04,121.41,40.39
102,41.7,121.9,40.41
97,41.81,122.77,40.41
67,41.99,125.36,40.39
58,42.02,126.28,40.42
27,42.07,127.2,40.48
24,41.67,127.68,40.54
4,42.25,129.48,40.61
17,41.46,128.46,40.57
20,41.61,132.31,40.93
31,41.76,134.13,41.27
17,41.98,136.82,41.8
40,40.81,133.3,41.11
12,41.46,130.47,40.68
4,38.47,137.12,41.87
2,59.71,107.94,41.9
3,59.99,107.87,41.89
3,60.78,107.8,41.9
3,59.99,107.87,41.27
4,60.78,107.8,41.27
3,60.25,107.4,40.86
3,60.7,106.92,40.87
2,62.49,106.76,43.77
5,63.16,108.65,41.25
5,62.86,108.06,41.27
5,62.54,107.64,41.27
6,63.12,107.99,40.75
5,62.82,107.18,40.87
5,63.16,108.59,42.03
5,62.87,108.06,41.9
4,62.54,107.64,41.9
3,61.18,107.32,41.9
3,61.18,107.32,41.27
4,62.06,107.24,41.27
4,62.06,107.24,41.9
3,61.18,107.32,40.66
4,61.58,106.84,40.87
5,62.92,107.16,40.66
4,62.49,106.76,40.87
4,62.09,107.23,40.66
6,63.3,107.9,41.14
5,63.3,107.08,40.58
6,63.3,107.92,41.91
4,61.61,106.84,40.46
4,62.67,106.74,40.46
2,63.1,108.01,43.17
3,62.82,107.18,43.15
5,63.12,107.99,42.55
4,62.82,107.18,42.52
2,60.73,107.36,42.83
3,62.06,107.24,42.52
2,62.06,107.24,43.15
4,62.49,106.76,42.52
3,62.49,106.76,43.15
4,63.3,107.13,43.16
5,63.3,107.12,42.52
2,63.1,107.15,43.77
2,62.79,106.24,43.77
2,63.3,106.19,43.76
2,60.07,106.89,40.62
3,60.69,106.93,40.66
2,59.36,106,40.76
2,59.23,106.06,40.6
2,60.43,106.51,40.46
3,61.1,106.44,40.46
4,59.43,105.58,40.57
14,50.16,95.42,42.36
19,50.16,95.42,42.68
10,49.96,95.66,42.36
14,49.96,95.66,42.68
3,53.99,106.93,42.83
4,54.3,107.96,42.79
2,53.46,106.22,42.83
4,54.5,106.84,42.74
35,50.52,94.5,42.05
29,50.32,94.74,42.36
21,50.56,94.94,42.05
20,50.36,95.18,42.36
28,50.36,95.18,42.68
51,49.88,94.3,44.85
43,49.84,94.34,45.18
50,49.8,93.9,44.87
43,49.8,93.9,45.18
51,49.45,93.62,44.68
46,49.37,93.39,44.77
46,49.57,93.7,44.93
50,49.68,93.69,44.78
41,49.56,93.7,45.17
37,49.84,94.34,45.49
34,49.56,93.7,45.49
37,49.8,93.9,45.49
32,49.84,94.34,45.8
22,49.64,94.58,46.11
22,49.88,94.78,46.11
18,49.64,94.58,46.43
17,49.88,94.78,46.43
5,49.35,96.38,44.86
4,49.35,96.38,45.18
3,49.15,96.62,44.86
3,49.15,96.62,45.18
2,49.19,97.06,44.86
2,49.19,97.06,45.18
4,49.35,96.38,45.49
3,49.35,96.38,45.8
3,49.15,96.62,45.49
2,49.15,96.62,45.8
2,49.19,97.06,45.49
2,49.19,97.06,45.8
2,48.99,97.3,45.49
2,48.99,97.3,45.8
29,49.92,95.22,44.86
26,49.92,95.22,45.18
18,49.73,95.57,44.79
22,49.83,95.45,44.79
17,49.73,95.57,44.94
21,49.83,95.45,44.94
16,49.73,95.57,45.1
20,49.83,95.45,45.1
15,49.73,95.57,45.25
19,49.83,95.45,45.25
13,49.76,95.9,44.86
11,49.76,95.9,45.18
8,49.55,96.14,44.86
7,49.55,96.14,45.18
23,49.92,95.22,45.49
19,49.92,95.22,45.8
15,49.72,95.46,45.49
13,49.72,95.46,45.8
9,49.76,95.9,45.49
7,49.76,95.9,45.8
6,49.55,96.14,45.49
5,49.55,96.14,45.8
49,50.08,94.54,44.87
43,50.08,94.54,45.18
39,50.12,94.98,44.86
35,50.12,94.98,45.18
38,50.08,94.54,45.49
32,50.08,94.54,45.8
31,50.12,94.98,45.49
26,50.12,94.98,45.8
3,49.35,96.38,46.11
2,49.15,96.62,46.11
15,49.92,95.22,46.11
10,49.72,95.46,46.11
6,49.76,95.9,46.11
4,49.55,96.14,46.11
12,49.92,95.22,46.43
8,49.72,95.46,46.43
21,50.12,94.98,46.11
16,50.12,94.98,46.43
2,54.3,106.84,44.07
2,54.5,105.24,44.06
56,49.92,94.31,44.56
58,49.83,93.89,44.56
63,49.51,93.57,44.21
64,49.72,93.65,44.24
56,49.49,93.59,44.49
56,49.69,93.68,44.57
65,49.85,93.88,44.24
69,49.68,93.97,43.91
61,49.95,94.31,44.24
62,49.79,94.32,43.92
72,49.67,93.97,43.61
62,49.79,94.32,43.61
7,49.35,96.38,43.93
6,49.35,96.38,44.24
6,49.35,96.38,44.55
4,49.15,96.62,44.24
4,49.15,96.62,44.55
20,49.75,95.47,43.93
18,49.75,95.47,43.61
16,49.76,95.9,43.93
15,49.76,95.9,43.61
10,49.55,96.14,43.93
10,49.55,96.14,43.61
31,49.92,95.22,44.24
31,49.92,95.22,44.55
21,49.75,95.47,44.24
19,49.73,95.57,44.47
19,49.73,95.57,44.63
23,49.83,95.45,44.47
23,49.83,95.45,44.63
15,49.76,95.9,44.24
14,49.76,95.9,44.55
10,49.55,96.14,44.24
9,49.55,96.14,44.55
29,50.16,95.42,43.3
24,50.16,95.42,42.99
20,49.96,95.66,43.3
17,49.96,95.66,42.99
19,49.99,96.1,43.3
18,49.99,96.1,42.99
51,49.82,94.54,43.92
43,49.94,94.81,43.93
29,49.92,95.22,43.93
49,49.82,94.54,43.61
40,49.94,94.81,43.61
27,49.92,95.22,43.61
57,50.09,94.54,44.24
53,50.08,94.54,44.56
43,50.12,94.98,44.24
42,50.12,94.98,44.55
36,50.12,94.98,43.3
39,50.32,94.74,42.68
30,50.12,94.98,42.99
40,50.36,95.18,43.3
35,50.36,95.18,42.99
2,50.07,96.98,41.43
6,50.4,95.62,41.74
12,50.4,95.62,42.05
4,50.2,95.86,41.74
9,50.2,95.86,42.05
5,50.23,96.3,41.74
11,50.23,96.3,42.05
4,50.03,96.54,41.74
5,50.64,95.82,41.43
2,50.64,95.82,41.11
3,50.44,96.06,41.43
2,50.44,96.06,41.11
6,50.47,96.5,41.43
3,50.47,96.5,41.11
2,50.27,96.74,41.11
4,50.27,96.74,41.43
2,50.02,106.52,41.49
3,51.78,106.37,41.49
4,50.84,105.56,40.66
3,51.67,104.61,40.46
4,53.99,106.94,41.5
4,54.1,106.95,40.66
4,54.3,107.96,41.4
4,53.46,106.22,41.49
3,53.54,106.23,40.66
4,52.63,105.41,40.66
4,54.5,106.85,41.27
3,54.23,105.31,40.46
2,53.54,104.46,40.46
84,50.93,94.13,41.04
65,50.95,94.35,41.04
75,50.93,94.13,41.19
53,50.95,94.35,41.19
40,50.97,94.57,41.04
61,51.07,94.45,41.04
30,50.97,94.57,41.19
49,51.07,94.45,41.19
14,51,94.9,41.11
5,51.04,95.34,41.11
3,50.84,95.58,41.11
33,50.96,94.46,41.43
42,50.72,94.26,41.74
12,51,94.9,41.43
20,50.76,94.7,41.74
9,51.04,95.34,41.43
12,50.8,95.14,41.74
7,50.84,95.58,41.43
8,50.6,95.38,41.74
16,50.6,95.38,42.05
91,50.91,93.91,41.04
87,50.91,93.91,41.19
91,51.03,94.01,41.04
86,51.03,94.01,41.19
70,50.92,94.02,41.43
5,50.88,96.02,40.87
3,50.67,96.26,40.87
9,50.71,96.7,40.87
4,50.51,96.94,40.87
2,50.31,97.18,40.87
8,50.55,97.38,40.66
2,50.35,97.62,40.66
2,50.17,98.08,40.66
24,51.11,96.22,40.66
16,50.91,96.46,40.66
55,50.95,96.9,40.66
28,50.75,97.14,40.66
57,50.79,97.58,40.46
8,50.59,97.82,40.46
13,50.65,98.48,40.46
62,51.35,96.42,40.46
66,51.15,96.66,40.46
73,51.19,97.1,40.46
69,50.99,97.34,40.46
92,51.16,94.22,40.87
66,51.2,94.66,40.87
24,51.24,95.1,40.87
9,51.28,95.54,40.87
7,51.08,95.78,40.87
93,51.12,93.78,40.87
97,51.36,93.98,40.87
100,51.4,94.42,40.66
88,51.44,94.86,40.66
35,51.48,95.3,40.66
20,51.52,95.74,40.66
24,51.32,95.98,40.66
96,51.32,93.54,40.66
99,51.29,93.1,40.66
100,51.56,93.74,40.66
102,51.6,94.18,40.66
112,51.84,94.38,40.46
111,51.64,94.62,40.46
105,51.68,95.06,40.46
62,51.72,95.5,40.46
49,51.76,95.94,40.46
51,51.56,96.18,40.46
109,51.52,93.3,40.46
116,51.49,92.86,40.46
100,51.76,93.5,40.46
108,51.8,93.94,40.46
80,50.16,92.98,40.66
80,49.83,93.01,40.65
80,49.71,92.91,40.65
82,49.5,92.92,40.63
82,49.38,92.83,40.64
85,49.16,92.84,40.6
81,49.48,92.74,40.66
84,49.04,92.74,40.61
103,51.25,92.66,40.66
8,47.1,95.14,40.48
5,47.09,95.25,40.49
62,48.35,93.11,40.48
54,48.19,93.18,40.48
68,48.4,93.01,40.51
46,48.29,93.09,40.61
53,48.29,93.09,40.54
47,48.24,93.15,40.53
40,48.24,93.15,40.61
36,48.13,93.16,40.61
42,48.13,93.16,40.54
51,48.08,93.19,40.49
27,47.98,93.29,40.59
22,47.94,93.33,40.63
22,47.97,93.31,40.64
30,47.98,93.34,40.51
30,47.98,93.3,40.55
29,47.95,93.31,40.55
31,47.88,93.36,40.51
32,48.03,93.29,40.51
33,48.03,93.27,40.53
28,48.03,93.27,40.6
40,47.97,93.25,40.48
35,47.87,93.35,40.46
32,47.98,93.34,40.46
46,47.53,93.39,40.48
40,47.5,93.45,40.48
27,47.4,93.66,40.53
40,47.37,93.46,40.48
38,47.36,93.5,40.48
26,47.11,94.03,40.48
30,47.13,93.97,40.47
101,49.92,92.78,40.46
101,49.6,92.81,40.46
102,49.47,92.67,40.46
101,49.26,92.72,40.45
101,49.14,92.62,40.46
100,48.92,92.64,40.45
77,51.69,92.62,40.46
105,51.45,92.42,40.46
114,51.01,92.46,40.46
111,50.77,92.25,40.46
9,47.05,95.3,40.42
19,47.06,95.13,40.42
17,47.03,95.19,40.42
23,47.05,95.02,40.43
33,47.06,94.91,40.43
27,47.03,94.08,40.43
30,47,94.86,40.43
26,46.99,94.75,40.43
29,47.04,94.69,40.42
71,48.29,93.09,40.42
66,48.24,93.15,40.42
64,48.13,93.16,40.42
80,48.27,92.92,40.43
47,47.87,93.34,40.41
43,47.98,93.33,40.41
55,47.97,93.24,40.43
68,48.07,93.11,40.42
64,48.02,93.17,40.42
53,47.76,93.35,40.41
57,47.75,93.26,40.43
55,47.65,93.36,40.43
57,47.54,93.36,40.43
41,47.19,93.71,40.43
45,47.24,93.73,40.42
37,47.12,93.86,40.43
35,47.12,93.74,40.43
55,47.49,93.43,40.42
39,47.34,93.62,40.47
52,47.38,93.55,40.42
49,47.4,93.66,40.41
48,47.28,93.67,40.42
46,47.25,93.63,40.43
53,47.35,93.5,40.42
54,47.38,93.43,40.42
36,47.1,94.02,40.42
36,47.09,93.92,40.42
7,47.01,95.32,40.42
4,47.05,95.41,40.42
3,47.1,95.36,40.5
5,46.99,95.36,40.42
12,47.1,95.02,40.48
17,47.07,94.9,40.48
7,47.12,94.96,40.53
8,47.11,94.85,40.53
8,47.11,95.13,40.48
6,47.13,95.07,40.53
2,47.18,95.01,40.61
3,47.12,94.96,40.61
2,47.2,95.23,40.53
2,47.16,95.29,40.54
2,47.19,95.12,40.61
4,47.14,95.18,40.53
3,47.1,95.24,40.54
3,49.33,95.53,42.36
5,49.34,95.53,42.68
2,48.99,95.53,42.68
5,49.1,95.7,43.3
2,48.81,95.66,43.3
4,48.89,95.85,43.61
2,47.89,95.68,44.28
2,48.67,95.71,43.61
4,49.1,95.71,42.99
2,48.81,95.66,42.99
2,47.79,95.6,44.27
2,47.51,95.31,44.59
3,47.44,94.88,45.13
2,47.42,94.98,44.94
2,47.46,95.1,45.11
2,47.49,95.32,45.1
2,47.43,95.21,44.63
2,47.42,95.4,44.76
2,47.36,94.98,44.91
2,47.42,95.03,44.69
2,47.46,95.17,44.67
2,47.42,95.18,44.88
2,47.47,95.34,44.99
2,47.46,95.35,44.82
2,47.31,94.93,44.64
2,47.28,94.94,44.59
2,47.36,94.93,44.67
2,47.31,94.74,44.68
2,47.28,94.88,44.88
3,47.61,95.42,45.41
2,47.49,95.32,45.25
3,47.47,95.1,45.25
2,48.95,96.86,46.11
2,49.21,97.28,46.27
2,48.75,97.09,46.11
2,48.71,96.65,46.11
3,48.47,96.45,45.8
2,48.51,96.89,46.11
3,48.1,96.04,45.57
2,48,96.16,45.57
3,47.98,95.94,45.57
2,47.88,96.06,45.57
3,48.23,96.25,45.8
2,47.63,95.64,45.41
3,47.75,95.74,45.57
3,47.87,95.84,45.57
2,47.65,95.86,45.57
2,47.76,95.96,45.57
7,49.76,95.9,42.36
3,49.83,96.78,41.74
7,50.03,96.54,42.05
2,49.87,97.22,41.43
11,49.99,96.1,42.36
15,49.99,96.1,42.68
2,49.59,96.58,41.74
5,49.79,96.34,42.05
10,49.76,95.9,42.68
3,49.55,96.14,42.05
2,49.35,96.38,41.74
4,49.52,95.71,42.36
6,49.52,95.71,42.68
3,49.14,95.85,42.68
2,49.31,95.94,42.05
2,49.13,95.86,42.36
10,49.55,96.14,43.3
7,49.35,96.38,43.61
13,49.79,96.34,43.3
12,49.79,96.34,42.99
8,49.55,96.14,42.99
7,49.31,95.93,43.3
5,49.11,96.18,43.61
6,49.31,95.93,42.99
3,48.96,96.03,42.99
4,48.96,96.03,43.3
4,49.15,96.62,43.93
4,48.78,96.2,44.16
4,48.8,96.09,43.92
3,48.67,96.11,44.16
3,48.68,96.32,44.16
3,48.56,96.22,44.16
4,48.91,96.42,43.93
4,48.8,96.09,43.61
4,48.73,95.92,43.92
3,48.54,95.92,44.15
2,48.42,95.71,43.92
2,48.33,95.92,44.15
2,48.15,95.71,44.14
2,48.12,95.92,44.3
2,48,95.72,44.15
3,48.55,96.06,44.16
3,48.44,96.13,44.16
2,48.34,96.24,44.32
2,48.33,96.07,44.16
2,48.22,96.14,44.32
3,48.95,96.86,44.24
3,49.19,97.06,44.24
2,49.19,97.06,44.55
2,48.95,96.86,44.55
3,48.58,96.44,44.32
2,48.46,96.34,44.32
2,48.71,96.65,44.24
2,48.48,96.56,44.47
2,48.48,96.56,44.63
2,48.36,96.46,44.47
2,48.36,96.46,44.63
2,48.71,96.65,44.55
2,47.95,95.92,44.3
2,48.24,96.36,44.32
2,48.12,96.26,44.32
2,48.11,96.06,44.48
2,48.11,96.1,44.67
2,48.11,96.1,44.59
2,48.05,96.05,44.59
2,48.05,96.05,44.67
2,47.94,95.9,44.44
2,47.99,96.02,44.51
2,47.93,95.98,44.61
2,47.93,95.97,44.67
2,47.99,96.01,44.59
2,47.99,96,44.67
2,47.92,95.88,44.54
2,48.24,96.36,44.47
2,48.24,96.36,44.63
2,48.12,96.26,44.47
2,48.12,96.26,44.63
2,47.69,95.52,44.39
2,47.64,95.62,44.7
2,47.71,95.5,44.5
2,47.51,95.53,44.7
2,47.6,95.42,44.5
2,47.82,95.85,44.45
2,47.8,95.87,44.75
2,47.84,95.82,44.58
2,47.85,95.91,44.75
2,47.72,95.74,44.58
2,48.75,97.09,44.86
2,48.99,97.3,44.86
2,48.99,97.3,45.18
2,48.75,97.09,45.18
2,48.38,96.68,44.79
2,48.38,96.68,44.94
2,48.26,96.58,44.79
2,48.26,96.58,44.94
2,48.51,96.89,44.86
2,48.38,96.68,45.1
2,48.38,96.68,45.25
2,48.26,96.58,45.1
2,48.26,96.58,45.25
2,48.51,96.89,45.18
2,48,96.16,44.79
2,48,96.16,44.94
2,47.88,96.06,44.79
2,47.88,96.06,44.94
2,48.14,96.48,44.79
2,48.14,96.48,44.94
2,48.02,96.38,44.79
2,48.02,96.38,44.94
2,48,96.16,45.1
2,48,96.16,45.25
2,47.88,96.06,45.1
2,47.88,96.06,45.25
2,48.14,96.48,45.1
2,48.14,96.48,45.25
2,48.02,96.38,45.1
2,48.02,96.38,45.25
2,47.59,95.7,44.78
2,47.6,95.67,44.84
2,47.46,95.6,44.78
2,47.48,95.58,44.84
2,47.62,95.64,44.95
2,47.5,95.54,44.95
2,47.76,95.96,44.78
2,47.65,95.86,44.79
2,47.76,95.96,44.94
2,47.65,95.86,44.94
2,47.63,95.64,45.1
2,47.51,95.54,45.1
2,47.63,95.64,45.25
2,47.51,95.54,45.25
2,47.76,95.96,45.1
2,47.65,95.86,45.1
2,47.65,95.86,45.25
2,47.76,95.96,45.25
2,48.28,96.8,45.41
2,48.28,96.8,45.57
2,48.16,96.7,45.41
2,48.16,96.7,45.57
2,48.27,96.69,45.8
2,47.9,96.28,45.41
2,47.78,96.18,45.41
2,48.04,96.6,45.41
2,48.04,96.6,45.57
2,47.92,96.5,45.41
2,47.92,96.5,45.57
2,47.9,96.28,45.57
2,47.78,96.18,45.57
2,48.03,96.49,45.8
2,47.53,95.76,45.41
2,47.54,95.98,45.41
2,47.66,96.08,45.41
2,47.54,95.98,45.57
2,47.66,96.08,45.57
2,48.55,97.33,46.43
2,48.31,97.13,46.43
2,48.07,96.93,46.11
2,47.83,96.73,46.11
3,47.32,94.47,44.73
3,47.23,94.67,44.9
2,47.28,94.56,44.7
4,47.42,94.66,45.14
4,47.35,94.56,44.96
3,47.37,94.46,44.76
3,47.32,94.78,45.11
3,47.3,94.66,44.93
2,47.18,94.66,44.59
2,47.21,94.65,44.63
2,47.25,94.65,44.66
5,47.79,94.96,45.41
4,47.69,95.08,45.41
4,47.57,94.98,45.41
3,47.45,94.88,45.25
5,47.67,94.86,45.41
4,47.55,94.76,45.25
4,47.43,94.66,45.25
3,47.33,94.78,45.25
3,47.59,95.2,45.41
2,49.15,96.62,46.43
2,49.35,96.38,46.43
3,49.11,96.18,46.43
4,48.88,95.97,46.11
2,48.91,96.42,46.43
3,48.67,96.21,46.11
5,48.64,95.77,46.11
5,48.4,95.57,45.8
3,48.43,96.01,46.11
4,48.2,95.81,45.8
5,48.03,95.16,45.57
5,47.91,95.06,45.57
4,47.93,95.28,45.57
4,47.81,95.18,45.57
5,48.16,95.37,45.8
4,47.83,95.4,45.57
3,47.71,95.3,45.57
3,47.73,95.52,45.57
3,47.61,95.42,45.57
4,47.96,95.61,45.8
3,47.15,94.58,40.62
6,47.16,94.37,40.57
13,47.15,94.29,40.54
7,47.17,94.37,40.55
15,47.18,94.29,40.51
4,47.15,94.58,40.57
8,47.2,94.62,40.51
10,47.19,94.51,40.51
13,47.18,94.4,40.51
7,47.14,94.45,40.57
5,47.17,94.57,40.55
7,47.16,94.47,40.55
8,47.14,94.69,40.54
9,47.17,94.68,40.51
4,47.16,94.37,40.62
18,47.15,94.57,40.46
24,47.13,94.36,40.46
21,47.14,94.46,40.46
20,47.1,94.63,40.47
25,47.08,94.31,40.47
36,47.06,94.3,40.42
31,47.04,94.2,40.43
29,47.03,94.58,40.42
34,47.08,94.52,40.41
37,47.07,94.41,40.41
25,47,94.14,40.42
20,47.01,94.85,40.48
2,47.19,94.85,40.67
2,47.17,94.68,40.69
3,47.16,94.79,40.61
4,47.14,94.69,40.61
4,47.11,94.85,40.61
18,47,94.76,40.48
11,47.05,94.8,40.53
9,47.1,94.74,40.53
17,47.05,94.7,40.47
12,47.57,93.61,40.62
12,47.44,93.7,40.62
30,47.11,94.13,40.47
16,47.16,94.18,40.53
4,47.21,94.21,40.62
26,47.07,94.08,40.48
26,47.08,94.19,40.47
16,47.12,94.24,40.53
8,47.15,94.29,40.6
3,47.18,94.3,40.68
15,47.83,94.18,45.16
14,47.73,94.09,45.02
7,47.66,94.02,44.8
11,47.73,94.3,45.16
10,47.63,94.21,45.01
5,47.58,94.13,44.79
8,47.63,94.42,45.15
7,47.53,94.33,45
4,47.49,94.25,44.78
6,47.52,94.54,45.15
5,47.44,94.44,44.99
3,47.41,94.36,44.77
13,48.09,94.6,45.41
17,48.19,94.48,45.41
17,48.07,94.38,45.41
16,47.95,94.28,45.25
13,47.97,94.5,45.41
12,47.85,94.4,45.25
16,47.83,94.18,45.25
12,47.73,94.3,45.25
9,47.99,94.72,45.41
6,47.89,94.84,45.41
6,47.77,94.74,45.41
6,47.65,94.64,45.25
9,47.87,94.62,45.41
9,47.75,94.52,45.25
8,47.63,94.42,45.25
6,47.53,94.54,45.25
3,49.55,96.14,46.43
5,49.76,95.9,46.43
6,49.52,95.7,46.43
8,49.28,95.5,46.11
4,49.32,95.94,46.43
6,49.08,95.74,46.11
9,49.04,95.3,46.11
11,48.8,95.09,45.8
6,48.84,95.53,46.11
7,48.6,95.33,45.8
12,48.33,94.8,45.57
12,48.21,94.7,45.57
16,48.43,94.68,45.57
16,48.31,94.58,45.57
12,48.56,94.89,45.8
9,48.23,94.92,45.57
9,48.11,94.82,45.57
7,48.13,95.04,45.57
7,48.01,94.94,45.57
8,48.36,95.13,45.8
2,49.54,95.92,47.52
36,47.24,93.74,40.47
24,47.29,93.78,40.53
11,47.34,93.81,40.62
39,47.3,93.68,40.47
25,47.34,93.71,40.53
12,47.38,93.74,40.62
34,47.18,93.72,40.48
39,47.26,93.63,40.48
32,47.16,93.85,40.48
36,47.2,93.79,40.47
23,47.2,93.9,40.53
23,47.25,93.84,40.53
15,47.28,93.89,40.61
7,47.3,93.9,40.68
33,47.16,93.75,40.48
20,47.21,94.01,40.53
12,47.23,94.05,40.6
14,47.25,93.95,40.61
6,47.28,93.96,40.7
20,47.16,94.07,40.53
10,47.2,94.12,40.61
4,47.25,94.06,40.68
5,47.24,94.13,40.62
21,47.15,93.96,40.53
20,47.1,94.02,40.53
14,47.99,93.29,40.78
55,48.39,93.03,40.59
39,48.35,93.14,40.68
33,49.41,93.81,42.05
55,50.24,93.86,41.43
62,50.01,93.77,41.35
65,49.89,93.67,41.35
73,49.77,93.57,41.19
30,50.05,94.1,41.74
42,49.91,93.89,41.5
35,49.84,94,41.5
43,49.77,93.89,41.5
48,49.8,93.79,41.5
62,49.7,93.68,41.34
26,49.67,93.97,41.74
26,49.41,93.82,41.75
46,49.59,93.73,41.51
45,49.39,93.74,41.51
54,49.54,93.63,41.42
64,49.62,93.59,41.32
67,49.53,93.37,41.04
72,49.65,93.47,41.19
65,49.57,93.53,41.32
68,49.45,93.47,41.18
55,49.51,93.6,41.42
60,49.48,93.6,41.34
66,49.36,93.56,41.19
44,49.34,93.7,41.5
58,49.26,93.65,41.35
59,49.41,93.27,41.04
61,49.29,93.17,40.88
51,49.19,93.28,41.03
61,49.33,93.37,41.18
61,49.24,93.47,41.19
52,49.09,93.42,41.04
60,49.16,93.57,41.35
50,49.04,93.5,41.19
58,49.18,93.06,40.88
69,49.06,92.97,40.72
81,48.71,92.84,40.56
71,48.72,92.94,40.62
63,48.83,92.98,40.72
53,48.95,93.08,40.88
45,49.07,93.19,41.04
37,49,93.29,41.19
37,48.82,93.34,41.21
32,48.94,93.42,41.35
60,48.73,93.05,40.68
55,48.68,93.11,40.68
64,48.62,93.02,40.6
55,48.79,93.1,40.76
54,48.73,93.05,40.76
53,48.74,93.16,40.76
51,48.68,93.11,40.76
47,49.01,93.26,41.01
50,48.86,93.19,40.87
37,48.84,93.24,41.04
28,48.74,93.3,41.06
45,48.51,93.12,40.72
43,48.64,93.18,40.86
32,48.85,93.21,41.14
41,48.73,93.23,40.93
30,48.62,93.2,41.01
34,48.5,93.21,40.92
30,48.74,93.3,41.16
25,48.68,93.3,41.05
16,48.5,93.29,41.04
100,48.8,92.54,40.46
68,48.93,92.87,40.72
82,48.82,92.76,40.59
99,48.7,92.66,40.45
77,49.97,93.33,41.04
76,49.87,93.45,41.19
73,49.85,93.23,41.04
67,49.74,93.13,40.88
67,49.63,93.25,41.04
74,49.75,93.35,41.19
69,49.58,92.83,40.78
63,49.62,93.03,40.88
70,49.49,92.93,40.77
60,49.51,93.15,41.04
61,49.4,93.05,40.88
69,49.48,92.76,40.78
69,49.37,92.84,40.77
58,49.28,92.95,40.88
70,49.15,92.85,40.74
68,49.03,92.75,40.75
30,50.1,94.54,42.36
89,51.08,93.34,40.87
92,50.88,93.58,41.11
73,50.68,93.82,41.43
56,50.72,94.26,42.05
46,50.48,94.06,41.74
37,50.28,94.3,42.05
39,50.1,94.54,42.68
86,51.05,92.9,40.87
89,50.81,92.7,40.66
38,49.96,94.31,42.36
30,49.78,94.32,42.36
39,49.49,94.05,42.36
84,50.85,93.14,40.87
84,50.61,92.94,40.66
79,50.4,93.18,40.87
81,50.19,93.31,41.04
83,50.31,93.41,41.04
89,50.64,93.38,41.11
84,50.31,93.41,41.19
82,50.19,93.31,41.19
80,50.09,93.43,41.19
81,50.21,93.53,41.19
72,49.99,93.55,41.35
70,50.11,93.65,41.35
77,50.44,93.62,41.43
42,50.05,94.1,42.05
38,49.67,93.98,42.05
48,49.96,94.31,42.68
42,49.78,94.32,42.68
62,49.49,94.05,42.68
104,50.33,92.29,40.46
86,50.57,92.5,40.66
63,49.41,93.81,42.36
102,50.13,92.54,40.46
82,50.37,92.74,40.66
66,49.83,93.01,40.87
63,49.72,92.91,40.87
72,50.16,92.98,40.87
78,50.07,93.21,41.04
73,49.96,93.11,41.04
78,49.41,93.81,42.68
103,50.09,92.09,40.46
102,49.89,92.34,40.46
73,49.67,93.97,42.99
57,49.96,94.31,42.99
63,49.96,94.31,43.3
48,50.1,94.54,42.99
53,50.1,94.54,43.3
74,49.67,93.97,43.3
82,49.59,93.7,42.99
80,49.34,93.7,42.99
80,49.59,93.7,43.3
77,49.34,93.7,43.29
71,49.72,93.65,43.93
70,49.51,93.57,43.91
67,49.21,93.6,43.89
77,49.72,93.65,43.61
76,49.51,93.57,43.61
72,49.21,93.6,43.6
62,49.35,93.45,44.21
61,49,93.45,44.17
56,49.37,93.5,44.45
60,48.82,93.32,44.16
50,49.34,93.36,44.63
52,49.09,93.31,44.51
54,48.81,93.34,44.42
30,48.14,93.84,45.02
33,48.04,93.79,44.81
25,48.03,93.94,45.16
26,47.92,93.86,45.01
27,47.85,93.82,44.79
24,48.03,93.94,45.25
20,47.81,93.96,45.15
21,47.71,93.88,44.99
21,47.66,93.85,44.77
43,48.84,93.52,44.9
47,48.6,93.52,44.72
39,49.12,93.73,45.18
42,48.85,93.66,44.95
37,48.93,93.97,45.22
32,48.59,94,45.25
34,48.59,94,45.16
32,48.47,93.9,45.25
28,48.25,93.92,45.25
33,48.47,93.9,45.16
29,48.25,93.92,45.16
39,48.67,93.8,45
34,48.35,93.82,45.02
34,48.24,93.73,45.01
43,48.43,93.68,44.79
40,48.14,93.7,44.8
42,49.52,93.26,44.86
34,49.52,93.26,45.18
43,49.34,93.47,44.93
44,49.15,93.21,44.78
50,48.67,93.32,44.58
46,48.86,93.19,44.69
45,49,93.42,44.8
49,48.72,93.41,44.64
38,49.32,93.5,45.16
28,48.59,94,45.57
26,48.49,94.12,45.57
28,48.47,93.9,45.57
26,48.37,94.02,45.57
27,48.25,93.92,45.41
26,48.13,93.82,45.41
20,48.29,94.36,45.57
23,48.39,94.24,45.57
23,48.27,94.14,45.57
24,48.15,94.04,45.41
20,48.17,94.26,45.57
20,48.05,94.16,45.41
24,48.03,93.94,45.41
20,47.93,94.06,45.41
20,47.81,93.96,45.25
30,48.88,93.53,45.49
31,48.68,93.77,45.49
29,48.35,93.8,45.41
28,48.23,93.7,45.41
26,48.68,93.77,45.8
32,49.8,93.9,45.8
26,49.6,94.14,46.11
26,49.52,93.26,45.49
29,49.56,93.7,45.8
31,49.32,93.5,45.49
25,49.36,93.94,46.11
28,49.12,93.73,45.8
23,49.29,93.06,45.49
28,49.08,93.29,45.49
25,48.88,93.53,45.8
13,49.68,95.02,46.43
9,49.48,95.26,46.43
14,49.44,94.82,46.43
19,49.2,94.62,46.11
10,49.24,95.06,46.43
14,49,94.85,46.11
19,48.96,94.41,46.11
24,48.72,94.21,45.8
15,48.76,94.65,46.11
19,48.52,94.45,45.8
21,49.6,94.14,46.43
18,49.4,94.38,46.43
20,49.36,93.94,46.43
18,49.16,94.18,46.43
22,48.92,93.97,46.11
21,48.68,93.77,46.11
4,49.46,95.04,47.52
5,49.3,93.28,47.52
6,49.38,94.16,47.52
2,49.46,95.04,48.15
2,49.23,92.39,47.52
10,48.3,93.29,41.03
78,48.59,92.78,40.58
96,48.48,92.68,40.45
63,48.48,92.93,40.62
72,48.38,92.84,40.56
91,48.37,92.77,40.44
29,47.66,93.47,40.53
13,47.7,93.52,40.62
21,47.6,93.52,40.61
10,47.62,93.56,40.7
40,47.54,93.4,40.49
32,47.6,93.42,40.53
40,47.76,93.36,40.47
29,47.82,93.41,40.51
30,47.71,93.42,40.53
31,47.86,93.33,40.53
29,47.8,93.39,40.54
21,47.76,93.44,40.61
20,47.89,93.37,40.62
13,47.77,93.46,40.68
17,47.83,93.42,40.62
46,47.71,93.32,40.48
33,47.65,93.37,40.53
45,47.75,93.27,40.48
32,47.44,93.49,40.53
33,47.49,93.44,40.53
33,47.38,93.45,40.53
24,47.55,93.48,40.61
28,47.45,93.61,40.53
19,47.49,93.63,40.61
9,47.51,93.64,40.68
16,47.54,93.57,40.67
23,47.5,93.54,40.61
20,47.4,93.66,40.61
31,47.39,93.55,40.53
32,48.41,93.18,40.84
33,48.35,93.14,40.76
29,48.3,93.2,40.76
24,48.3,93.21,40.91
34,48.29,93.09,40.76
29,48.24,93.15,40.76
39,48.29,93.09,40.68
34,48.24,93.15,40.68
9,48,93.29,40.86
24,48.03,93.26,40.68
19,47.98,93.3,40.7
18,47.93,93.32,40.7
23,48.14,93.24,40.74
20,48.03,93.25,40.74
10,48.09,93.3,40.89
18,48.09,93.25,40.79
27,48.25,93.23,40.75
25,48.19,93.2,40.76
21,48.19,93.22,40.87
31,48.13,93.16,40.68
26,48.08,93.22,40.68
39,48.07,93.11,40.61
44,48.07,93.12,40.55
40,48.02,93.17,40.54
34,48.02,93.17,40.61
2,45.74,98.46,64.3
2,46.16,97.99,64.1
2,45.66,97.58,64.3
2,45.58,96.7,64.3
7,43.52,124.14,47.89
2,46.74,129.88,47.83
3,45.29,133.55,45.33
6,44.48,134.51,44.08
6,47.2,135.16,45.33
4,46.24,134.36,45.33
11,45.53,136.14,43.98
6,47.43,137.8,45.96
2,49.35,139.41,48.46
6,43.53,133.71,44.08
2,46.09,132.6,46.58
2,47.85,132.44,47.83
3,48.01,134.2,46.58
4,47.2,135.16,46.58
3,47.05,133.4,46.58
3,46.24,134.36,46.58
2,48.81,133.25,47.83
2,48.81,133.25,49.08
2,49.04,135.89,48.46
2,46.89,131.64,47.83
2,47.7,130.68,49.08
2,48.5,129.72,50.33
2,47.85,132.44,49.08
2,47.54,128.92,50.33
2,46.74,129.88,49.08
2,45.94,130.84,47.83
2,47.43,137.8,50.96
2,44.18,112.09,54.46
2,45.05,112.08,54.99
2,44.06,112.28,54.92
2,43.88,111.6,57.21
2,45.05,112.08,55.64
2,44.07,112.28,55.64
3,46.54,108.61,40.85
4,45.81,109.11,41.27
4,45.81,109.11,41.9
2,46.29,109.51,41.9
2,45.25,107.83,40.87
2,45.65,107.35,40.66
6,45.14,106.95,40.46
5,46.65,108.59,42.83
6,45.73,108.23,42.52
5,45.25,107.83,43.15
3,45.66,107.35,43.77
3,44.78,107.42,43.77
3,47.46,107.65,41.53
4,47.46,107.63,42.83
4,46.13,107.75,43.15
2,45.57,106.47,40.66
4,45.07,106.07,40.46
5,44.93,109.19,41.9
4,44.45,108.78,42.52
3,44.05,108.4,43.15
2,43.73,108.32,43.77
2,43.73,109.75,41.87
2,43.73,109.26,42.51
2,43.73,108.85,43.14
3,44.1,109.26,41.9
3,43.9,108.84,42.52
4,45.33,108.71,41.9
5,44.85,108.3,42.52
4,44.35,107.9,43.15
2,44.01,107.49,43.77
2,43.53,107.51,43.77
4,44.45,108.78,41.27
2,43.73,109.27,41.21
3,43.9,108.84,41.27
2,44.85,108.3,41.27
4,43.96,108.39,40.65
4,44.05,108.39,40.87
3,43.72,108.86,40.76
4,44.35,107.9,40.87
4,44.28,107.9,40.66
6,44.75,107.43,40.66
6,44.12,107.03,40.46
3,43.76,107.49,40.46
2,43.53,108.3,40.63
66,43.27,114.82,40.65
66,43.19,114.65,40.8
29,43.25,118.15,43.14
26,43.25,117.34,43.14
31,43.07,119.54,42.38
28,42.95,120.01,42.35
28,43.05,119.55,42.68
24,42.9,120,42.66
33,43.25,118.71,42.52
30,43.05,119.12,42.37
27,43.05,119.12,42.68
34,43.03,119.79,41.85
36,43.08,119.52,41.74
35,42.98,120.01,41.74
33,43.08,119.52,42.06
33,43.04,119.79,41.98
31,42.98,120,42.05
36,43.25,118.71,41.89
36,43.05,119.12,41.74
32,43.05,119.12,42.05
31,43.05,117.34,41.89
32,43.05,118.15,41.89
60,42.61,116.98,40.85
48,42.91,119.57,41.12
48,42.76,119.8,41.11
41,42.9,119.57,41.42
41,42.76,119.8,41.43
48,42.86,119.13,41.11
41,42.85,119.13,41.43
43,43.05,118.71,41.26
46,42.8,117.35,41.27
45,42.82,118.19,41.27
56,42.64,117.82,40.86
25,43.05,119.12,42.99
30,43.25,118.71,43.15
21,42.88,119.98,42.99
26,43.05,119.56,42.99
24,43.05,119.96,43.3
31,43.25,119.56,43.3
28,43.25,119.98,43.77
27,43.25,119.11,43.78
23,43.05,119.12,43.3
2,43.53,122.24,50.14
20,43.43,122.59,42.97
22,43.14,121.75,42.97
19,43.12,122.29,43.36
26,43.26,122.27,43.91
2,43.71,124.04,49.19
2,43.73,123.04,49.96
5,43.52,123.13,49.47
2,43.52,121.14,49.4
2,43.52,121.17,46.41
3,43.52,123.11,46.36
28,43.25,121.22,43.88
23,43.12,121.5,43.37
22,42.91,120.9,43
24,43.06,120.87,43.32
21,42.98,121.34,42.99
24,43.11,121.28,43.35
18,43,121.77,43.27
21,43.09,121.75,43.73
24,43.08,121.06,43.35
20,42.85,121.12,42.99
28,43.25,120.48,43.8
20,42.8,120.68,42.99
24,43.05,120.67,43.32
22,42.89,120.45,42.99
24,43.05,120.43,43.31
24,43.05,120.23,43.31
25,42.91,121.56,42.36
22,42.9,121.56,42.68
23,42.96,122.22,42.52
24,42.67,121.36,42.36
20,42.67,121.36,42.68
35,42.43,121.16,41.74
29,42.43,121.16,42.05
33,42.49,121.82,41.9
48,42.04,121.42,41.31
24,42.63,120.92,42.36
21,42.63,120.92,42.68
35,42.39,120.72,41.74
29,42.39,120.72,42.05
37,42.19,120.96,41.74
31,42.19,120.96,42.05
58,42.16,120.46,40.91
52,42.15,120.52,41.11
44,42.15,120.52,41.43
47,41.95,120.76,41.43
53,41.96,120.75,41.14
24,42.59,120.48,42.36
26,42.79,120.24,42.36
22,42.79,120.24,42.67
21,42.59,120.48,42.68
35,42.35,120.28,41.74
34,42.55,120.04,41.74
29,42.35,120.28,42.05
29,42.55,120.04,42.05
52,42.11,120.08,41.11
50,42.31,119.84,41.11
45,42.11,120.08,41.43
43,42.31,119.84,41.43
20,42.78,120.24,42.99
18,42.59,120.48,42.99
68,42.8,118.23,40.63
55,42.7,118.72,40.83
58,42.09,119.65,40.93
70,42.27,120.07,40.67
61,42.74,119.6,40.77
68,42.56,117.83,40.69
75,42.43,116.08,40.7
72,42.5,116.94,40.7
65,42.1,120.45,40.74
13,43.11,125.28,43.77
12,43.26,125.84,43.77
19,43.25,124.4,43.79
15,43.07,124.85,43.77
18,43.05,123.94,43.77
24,43.25,123.61,43.94
11,43.04,124.45,43.15
12,42.89,124.9,43.15
15,42.86,123.93,43.14
18,42.67,121.36,42.99
20,42.9,121.56,42.99
22,43.25,124.38,44.41
24,43.25,123.58,44.44
25,43.25,123.07,44.45
24,43.25,123.93,45.03
18,43.05,123.97,44.41
19,43.09,122.23,42.95
16,42.88,123.1,43.14
19,43.07,123.11,43.81
4,44.23,126.55,45.02
10,43.75,126.15,44.39
2,45.11,126.47,45.65
2,45,125.83,45.64
3,44.63,126.1,45.02
6,44.17,125.85,44.39
6,44.19,125.61,45.02
2,44.96,125.62,45.64
3,44.24,125.41,45.64
2,44.97,125.41,46.25
2,44.97,125.41,46.88
17,43.57,125.4,45.64
23,43.26,124.76,45.02
17,43.08,124.84,44.4
17,43.46,125.57,45.02
22,43.27,125.17,45.02
14,43.26,125.84,44.4
17,43.12,125.28,44.39
2,44.79,127.83,45.65
2,44.71,126.95,45.65
15,42.87,126.22,43.15
25,42.87,126.22,42.52
16,42.4,125.82,41.89
12,41.94,125.41,41.35
19,42.76,125.36,42.52
11,42.31,124.94,41.9
13,42.76,125.36,43.15
52,41.68,121.9,41.4
37,42.08,122.3,41.9
49,41.75,122.77,41.4
23,42.56,122.7,42.52
32,42.16,123.18,41.9
21,42.61,123.58,42.52
18,42.24,124.06,41.9
15,42.67,124.46,42.52
20,42.47,126.7,42.52
16,41.98,126.31,41.87
19,42.08,127.17,41.93
37,42.2,124.93,40.77
50,42.16,124.05,40.82
62,42.09,123.18,40.84
19,41.88,124.55,41.36
37,41.83,123.66,41.39
66,41.96,120.76,40.8
66,41.95,121.41,40.84
68,41.62,121.9,40.96
65,41.71,122.77,40.96
29,41.91,125.4,40.87
12,41.6,125.85,41.45
27,41.98,126.32,40.98
20,42.06,127.2,41.23
19,41.66,127.67,41.41
18,41.61,132.18,41.92
13,42.47,126.7,43.15
11,42.87,126.22,43.77
10,43.35,126.63,44.4
9,43.35,126.63,43.77
11,42.95,127.1,43.15
5,43.83,127.03,45.02
2,44.31,127.43,45.02
5,43.43,127.51,44.4
5,43.43,127.51,43.77
6,43.02,127.98,43.15
4,43.5,128.39,43.15
3,43.91,127.91,43.77
3,43.91,127.91,44.4
2,44.38,128.31,45.02
2,44.38,128.31,45.65
2,44.86,128.71,45.65
2,44.86,128.71,45.02
2,44.98,130.03,45.33
2,45.13,131.79,45.33
2,44.17,130.99,44.08
2,44.02,129.23,44.08
2,45.13,131.79,46.58
2,44.98,130.03,46.58
3,44.33,132.75,45.33
4,43.37,131.95,44.08
4,45.83,139.74,45.92
3,42.3,140.04,45.93
4,43.1,128.86,43.15
4,43.09,128.87,42.5
6,42.66,128.41,42.05
4,43.22,130.16,42.88
7,42.62,128.46,43.15
13,42.55,127.58,42.52
7,42.62,128.48,42.5
17,41.69,127.63,42.06
11,42.17,128.03,42.06
6,42.25,129.42,41.59
15,41.45,128.43,41.54
15,43.67,135.35,43.3
13,43.68,135.48,44.07
11,43.92,138.01,44.19
10,42.56,132.87,43.07
16,42.72,134.61,43.23
13,42.72,134.67,44.08
16,41.61,132.07,42.99
25,41.76,133.96,42.26
17,41.99,136.62,42.78
34,40.81,133.15,42.1
9,38.47,136.93,42.85
8,40.39,138.3,44.23
2,34.95,137.24,42.93
7,42.4,131.12,42.93
14,41.46,130.39,41.67
3,36.86,138.51,44.22
26,43.25,116.47,42.52
48,42.76,116.48,41.25
66,42.55,116.01,40.85
15,43.87,114.61,43.14
22,43.87,114.63,42.54
21,43.38,114.24,43.12
21,43.5,114.46,42.99
15,44.02,114.14,42.54
16,43.49,114.01,42.99
22,43.25,115.18,42.57
20,43.29,114.73,43.12
23,43.44,114.63,42.6
21,43.29,114.76,42.69
20,43.25,115.17,43.2
24,43.25,115.69,42.54
32,43.31,113.78,41.9
27,43.87,114.62,41.89
19,44.03,114.14,41.9
22,43.49,113.92,41.89
30,43.44,114.63,41.9
29,43.29,114.76,41.9
29,43.25,115.19,41.9
70,43.28,114.24,40.78
39,43.55,114.42,41.27
31,43.54,114.05,41.27
44,43.26,114.91,41.22
43,43.18,114.63,41.24
47,43.07,115.11,41.24
29,43.25,115.69,41.89
30,43.05,116.46,41.89
46,43.05,115.66,41.24
66,42.77,115.56,40.78
25,43.05,117.34,42.52
26,43.05,118.15,42.52
24,43.25,116.46,43.15
21,43.25,115.68,43.17
17,43.48,113.91,42.6
26,43.31,113.78,42.64
40,43.23,113.92,41.25
43,43.27,113.69,41.22
66,43.13,113.81,40.73
32,43.27,113.69,41.9
21,43.3,114.21,43.12
22,43.3,113.78,43.08
20,43.26,114.17,43.35
88,43.26,113.19,40.6
113,43.27,114.16,40.35
99,43.16,114.17,40.46
73,43.25,115.11,40.54
72,43.1,115.07,40.65
102,42.94,115.58,40.36
115,43.26,113.36,40.31
100,43.08,113.39,40.48
110,42.28,115.64,40.37
99,42.5,117.42,40.37
98,42.83,119.57,40.36
94,42.81,118.71,40.37
97,42.1,119.66,40.38
96,42.52,118.29,40.37
107,42.21,116.54,40.38
104,41.89,120.32,40.38
105,41.76,120.56,40.38
105,41.78,119.68,40.39
79,41.97,124.48,40.39
89,41.91,123.63,40.41
74,41.5,124.98,40.42
105,41.56,121.03,40.41
106,41.3,121.49,40.44
101,41.41,122.36,40.44
94,41.52,123.23,40.44
60,41.55,125.88,40.43
54,41.59,126.8,40.48
55,41.19,127.27,40.54
66,41.22,125.46,40.45
22,41.05,128.95,40.58
66,40.48,127.63,40.57
34,40.65,131.47,40.78
50,39.85,132.46,40.95
25,40.08,135.17,41.48
37,40.5,129.64,40.61
5,36.56,135.48,41.56
2,59.66,107.33,41.55
3,60.27,107.4,41.89
3,60.27,107.4,41.27
2,60.06,106.91,40.83
3,60.7,106.92,41.9
3,60.7,106.92,41.27
3,60.46,106.49,40.87
3,61.1,106.44,40.87
5,63.12,107.98,41.22
5,62.82,107.18,41.27
5,63.1,107.13,40.76
5,63.12,107.99,41.9
4,62.82,107.18,41.9
3,61.58,106.84,41.9
3,61.58,106.84,41.27
4,62.49,106.76,41.27
4,62.49,106.76,41.9
4,61.98,106.36,40.87
4,61.59,106.84,40.66
3,61.5,105.96,40.87
4,62.78,106.28,40.87
4,62.56,106.75,40.66
4,62.93,105.83,40.87
5,63.3,107.09,41.1
4,63.3,106.31,40.58
5,63.3,107.11,41.85
4,63.3,105.8,40.57
4,62.05,106.35,40.46
3,61.53,105.95,40.46
4,63.23,105.8,40.46
4,63.04,106.25,40.46
3,63.1,107.15,43.15
4,63.1,107.15,42.52
3,61.54,106.4,42.83
4,62.79,106.24,42.52
3,62.79,106.24,43.15
4,63.3,106.18,43.13
4,63.3,106.18,42.49
2,63.1,106.19,43.77
2,62.32,105.45,44.08
2,63.3,105.41,44.07
2,59.53,104.85,42.9
2,59.53,103.85,44.09
2,60.47,106.52,40.65
3,61.1,106.44,40.66
4,59.47,105.71,40.69
4,59.51,105.03,40.57
3,60.51,105.6,40.45
3,61.42,104.91,40.46
19,50.4,95.62,42.36
26,50.4,95.62,42.68
14,50.2,95.86,42.36
20,50.2,95.86,42.68
17,50.23,96.3,42.36
21,50.23,96.3,42.68
3,54.3,106.84,42.8
2,53.94,105.27,42.83
3,54.5,105.25,42.77
47,50.52,94.5,42.36
36,50.76,94.7,42.05
32,50.56,94.94,42.36
24,50.8,95.14,42.05
42,50.56,94.94,42.68
26,50.6,95.38,42.36
35,50.6,95.38,42.68
2,49.3,93.28,48.15
52,50.03,94.1,44.86
46,50.04,94.1,45.18
48,50,93.66,44.86
41,50,93.66,45.18
45,49.75,93.47,44.86
37,49.76,93.46,45.18
40,50.04,94.1,45.49
30,49.76,93.46,45.49
25,49.76,93.46,45.8
35,50,93.66,45.49
29,50,93.66,45.8
20,49.73,93.02,45.49
14,49.73,93.02,45.8
18,49.49,92.82,45.49
12,49.49,92.82,45.8
34,50.04,94.1,45.8
26,49.84,94.34,46.11
27,50.08,94.54,46.11
21,49.84,94.34,46.43
21,50.08,94.54,46.43
6,49.71,92.8,46.9
14,49.78,93.68,46.9
12,49.86,94.56,46.9
5,49.59,96.58,44.86
4,49.59,96.58,45.18
3,49.39,96.82,44.86
3,49.39,96.82,45.18
2,49.43,97.26,44.86
2,49.43,97.26,45.18
2,49.23,97.5,44.86
3,49.59,96.58,45.49
2,49.59,96.58,45.8
2,49.39,96.82,45.49
2,49.39,96.82,45.8
2,49.43,97.26,45.49
29,50.16,95.42,44.86
25,50.16,95.42,45.18
20,49.96,95.66,44.86
17,49.96,95.66,45.18
12,49.99,96.1,44.86
10,49.99,96.1,45.18
8,49.79,96.34,44.86
6,49.79,96.34,45.18
21,50.16,95.42,45.49
18,50.16,95.42,45.8
14,49.96,95.66,45.49
12,49.96,95.66,45.8
8,49.99,96.1,45.49
6,49.99,96.1,45.8
5,49.79,96.34,45.49
4,49.79,96.34,45.8
53,50.28,94.3,44.86
47,50.28,94.3,45.18
48,50.32,94.74,44.86
43,50.32,94.74,45.18
39,50.36,95.18,44.86
35,50.36,95.18,45.18
41,50.28,94.3,45.49
36,50.28,94.3,45.8
38,50.32,94.74,45.49
32,50.32,94.74,45.8
30,50.36,95.18,45.49
25,50.36,95.18,45.8
14,50.16,95.42,46.11
11,50.16,95.42,46.43
9,49.96,95.66,46.11
7,49.96,95.66,46.43
3,50.01,96.32,46.27
6,49.94,95.44,46.9
2,50.01,96.32,46.9
26,50.32,94.74,46.11
21,50.32,94.74,46.43
25,50.56,94.94,46.11
20,50.56,94.94,46.43
20,50.36,95.18,46.11
15,50.36,95.18,46.43
11,50.34,94.96,46.9
6,49.86,94.56,47.52
6,49.78,93.68,47.52
3,49.71,92.8,47.52
2,49.78,93.68,48.15
2,49.86,94.56,48.15
3,49.94,95.44,47.52
5,50.34,94.96,47.52
2,50.34,94.96,48.15
59,50.03,94.1,44.55
57,50,93.66,44.55
63,49.77,93.45,44.24
54,49.76,93.46,44.55
65,50,93.66,44.24
65,50.05,94.1,44.24
71,49.86,93.88,43.93
64,49.96,94.31,43.93
76,49.86,93.88,43.61
65,49.96,94.31,43.61
7,49.59,96.58,43.93
8,49.59,96.58,43.61
4,49.39,96.82,43.93
6,49.59,96.58,44.24
6,49.59,96.58,44.55
4,49.39,96.82,44.24
3,49.39,96.82,44.55
3,49.43,97.26,44.24
2,49.43,97.26,44.55
33,50.16,95.42,43.93
32,50.16,95.42,43.61
23,49.96,95.66,43.93
22,49.96,95.66,43.61
19,49.99,96.1,43.93
20,49.99,96.1,43.61
12,49.79,96.34,43.93
13,49.79,96.34,43.61
33,50.16,95.42,44.24
32,50.16,95.42,44.55
23,49.96,95.66,44.24
22,49.96,95.66,44.55
17,49.99,96.1,44.24
15,49.99,96.1,44.55
11,49.79,96.34,44.24
9,49.79,96.34,44.55
36,50.4,95.62,43.3
32,50.4,95.62,42.99
27,50.2,95.86,43.3
24,50.2,95.86,42.99
25,50.23,96.3,43.3
24,50.23,96.3,42.99
17,50.03,96.54,42.99
17,50.03,96.54,43.3
58,50.1,94.54,43.93
43,50.12,94.98,43.93
57,50.1,94.54,43.61
40,50.12,94.98,43.61
45,50.36,95.18,43.93
44,50.36,95.18,43.61
64,50.28,94.3,44.24
59,50.28,94.3,44.55
55,50.32,94.74,44.24
52,50.32,94.74,44.55
45,50.36,95.18,44.24
43,50.36,95.18,44.55
57,50.52,94.5,42.68
52,50.32,94.74,43.3
46,50.32,94.74,42.99
55,50.56,94.94,43.3
50,50.56,94.94,42.99
47,50.6,95.38,43.3
42,50.6,95.38,42.99
3,50.31,97.18,41.11
2,50.11,97.42,41.11
3,50.11,97.42,41.43
5,50.31,97.18,41.43
5,50.07,96.98,41.74
10,50.64,95.82,41.74
18,50.64,95.82,42.05
7,50.44,96.06,41.74
14,50.44,96.06,42.05
11,50.47,96.5,41.74
18,50.47,96.5,42.05
8,50.27,96.74,41.74
13,50.27,96.74,42.05
12,50.88,96.02,41.43
7,50.88,96.02,41.11
9,50.67,96.26,41.43
5,50.67,96.26,41.11
17,50.71,96.7,41.43
12,50.71,96.7,41.11
6,50.51,96.94,41.11
10,50.51,96.94,41.43
2,52.58,105.41,41.49
3,51.64,104.61,40.66
4,54.3,106.86,41.41
3,53.94,105.29,41.49
3,54.05,105.31,40.66
2,53.43,104.46,40.66
3,54.5,105.27,41.28
82,51.16,94.22,41.11
42,51.2,94.66,41.11
14,51.24,95.1,41.11
11,51.28,95.54,41.11
10,51.08,95.78,41.11
69,51.16,94.22,41.43
71,50.92,94.02,41.74
32,51.2,94.66,41.43
41,50.96,94.46,41.74
57,50.96,94.46,42.05
15,51.24,95.1,41.43
22,51,94.9,41.74
18,51.28,95.54,41.43
18,51.04,95.34,41.74
32,51.04,95.34,42.05
15,51.08,95.78,41.43
13,50.84,95.58,41.74
23,50.84,95.58,42.05
95,51.12,93.78,41.11
93,51.12,93.78,41.43
98,51.36,93.98,41.11
95,51.36,93.98,41.43
24,51.11,96.22,40.87
17,50.91,96.46,40.87
48,50.95,96.9,40.87
25,50.75,97.14,40.87
9,50.55,97.38,40.87
3,50.35,97.62,40.87
2,50.17,98.08,40.87
2,50.25,98.96,40.66
47,50.79,97.58,40.66
10,50.59,97.82,40.66
15,50.65,98.48,40.66
55,51.35,96.42,40.66
57,51.15,96.66,40.66
71,51.19,97.1,40.66
63,50.99,97.34,40.66
2,50.72,99.36,40.46
44,51.05,98,40.46
21,51.13,98.88,40.46
75,51.59,96.62,40.46
74,51.39,96.86,40.46
50,51.45,97.52,40.46
92,51.4,94.42,40.87
65,51.44,94.86,40.87
22,51.48,95.3,40.87
21,51.52,95.74,40.87
24,51.32,95.98,40.87
94,51.32,93.54,40.87
92,51.29,93.1,40.87
98,51.56,93.74,40.87
100,51.6,94.18,40.87
106,51.84,94.38,40.66
104,51.64,94.62,40.66
88,51.68,95.06,40.66
44,51.72,95.5,40.66
43,51.76,95.94,40.66
47,51.56,96.18,40.66
102,51.52,93.3,40.66
108,51.49,92.86,40.66
96,51.76,93.5,40.66
103,51.8,93.94,40.66
102,52.04,94.14,40.46
112,52.08,94.59,40.46
116,51.88,94.82,40.46
111,51.92,95.26,40.46
85,51.96,95.71,40.46
81,52,96.15,40.46
73,51.79,96.38,40.46
52,51.95,93.04,40.46
79,52,93.7,40.46
49,52.24,93.91,40.46
80,49.92,92.78,40.66
81,49.6,92.81,40.65
81,49.47,92.67,40.66
82,49.26,92.72,40.64
82,49.14,92.62,40.65
82,48.92,92.64,40.63
75,51.69,92.62,40.66
91,51.45,92.42,40.66
93,51.25,92.66,40.87
97,51.01,92.46,40.66
93,50.77,92.26,40.66
8,47.06,95.14,40.48
11,47.04,95.03,40.48
7,47.03,95.2,40.49
3,47.05,95.3,40.51
18,47.02,94.09,40.49
62,48.29,93.08,40.49
57,48.23,93.14,40.48
54,48.13,93.15,40.49
66,48.27,92.92,40.53
47,48.18,93.05,40.6
54,48.07,93.1,40.5
52,48.02,93.16,40.49
37,47.97,93.23,40.53
31,47.97,93.23,40.61
41,47.81,93.31,40.47
37,47.92,93.29,40.47
28,47.92,93.28,40.6
33,47.92,93.28,40.53
43,47.53,93.35,40.49
25,47.11,93.86,40.49
24,47.11,93.74,40.49
45,47.49,93.42,40.47
34,47.43,93.39,40.54
29,47.34,93.61,40.53
39,47.28,93.6,40.48
40,47.34,93.49,40.48
39,47.37,93.42,40.48
31,47.33,93.51,40.53
29,47.1,94.01,40.47
23,47.08,93.91,40.49
102,49.69,92.58,40.46
102,49.36,92.61,40.46
102,49.24,92.5,40.46
101,49.02,92.52,40.46
2,51.87,92.14,40.46
114,51.21,92.21,40.46
122,50.97,92,40.46
109,50.53,92.05,40.46
109,50.29,91.84,40.46
101,48.9,92.46,40.46
6,46.92,95.26,40.42
21,47.02,95.08,40.42
16,46.97,95.14,40.42
27,47.01,94.97,40.43
16,46.94,94.09,40.42
22,46.99,94.03,40.42
24,46.95,94.92,40.43
24,46.96,94.81,40.43
20,46.94,94.7,40.43
24,46.98,94.64,40.43
71,48.17,93.04,40.42
78,48.16,92.86,40.43
81,48.15,92.79,40.44
60,47.97,93.21,40.43
54,47.81,93.29,40.42
53,47.92,93.28,40.42
61,47.75,93.23,40.43
69,47.95,93.06,40.42
57,47.7,93.3,40.43
58,47.59,93.32,40.43
60,47.48,93.32,40.42
42,47.18,93.68,40.43
27,47.07,93.69,40.42
32,47.08,93.8,40.42
57,47.43,93.39,40.42
48,47.28,93.59,40.43
49,47.34,93.61,40.42
44,47.22,93.62,40.43
51,47.31,93.51,40.42
53,47.32,93.39,40.42
30,47.04,93.98,40.42
27,47.03,93.86,40.42
17,46.99,93.81,40.42
3,47.01,95.32,40.52
2,47.11,95.35,40.55
2,47.05,95.41,40.52
2,46.99,95.36,40.53
2,47.06,95.29,40.56
7,47.07,95.02,40.53
9,47.06,94.91,40.53
5,47.06,94.91,40.61
4,47.04,95.19,40.55
4,47.07,95.02,40.61
5,47.08,95.13,40.53
3,47.13,95.07,40.61
2,47.12,94.96,40.68
2,47.14,95.18,40.61
2,47.09,95.24,40.61
2,49.09,95.71,42.36
3,49.1,95.71,42.68
3,48.89,95.85,43.3
2,48.67,95.71,43.3
3,48.72,95.92,43.61
2,47.89,95.68,44.14
2,48.42,95.71,43.61
3,48.89,95.85,42.99
2,48.67,95.71,42.99
2,47.41,95.24,44.59
2,47.4,95.44,44.7
2,47.39,95.44,45.1
2,47.37,95.22,45.1
2,47.34,95,45.11
2,47.23,94.9,45.1
2,47.34,95.13,44.59
2,47.36,95.11,44.63
2,47.32,95.31,44.77
2,47.33,95.5,44.78
2,47.36,95.48,44.84
2,47.29,95.01,45.01
2,47.31,95.09,44.85
2,47.39,95.1,44.66
2,47.35,95.24,44.99
2,47.35,95.26,44.81
2,47.38,95.44,44.95
2,47.32,95.01,44.62
2,47.27,94.82,44.63
2,47.24,94.85,44.58
2,47.17,94.99,44.77
2,47.12,95,44.71
2,47.23,94.99,44.82
2,47.2,94.91,44.98
2,47.18,94.78,44.83
2,47.51,95.54,45.41
3,47.49,95.32,45.41
3,47.47,95.1,45.41
2,47.39,95.44,45.25
2,47.37,95.22,45.25
3,47.35,95,45.25
3,47.23,94.9,45.25
2,47.41,95.66,45.41
2,48.75,97.09,46.43
2,48.95,96.86,46.43
2,48.71,96.65,46.43
2,48.47,96.45,46.11
2,48.51,96.89,46.43
2,48.27,96.69,46.11
3,48.23,96.25,46.11
3,47.99,96.05,45.8
2,48.03,96.49,46.11
3,47.63,95.64,45.57
3,47.51,95.54,45.57
2,47.41,95.66,45.57
2,47.53,95.76,45.57
3,47.76,95.85,45.8
5,49.55,96.14,42.36
12,50.03,96.54,42.36
8,50.07,96.98,42.05
15,50.03,96.54,42.68
2,49.63,97.02,41.74
5,49.83,96.78,42.05
2,49.71,97.9,41.43
2,49.91,97.66,41.43
5,49.87,97.22,42.05
3,49.87,97.22,41.74
2,49.67,97.46,41.43
8,49.79,96.34,42.36
10,49.79,96.34,42.68
2,49.39,96.82,41.74
3,49.59,96.58,42.05
7,49.55,96.14,42.68
2,49.35,96.38,42.05
3,49.31,95.94,42.36
4,49.31,95.93,42.68
2,48.96,96.03,42.68
2,49.11,96.18,42.05
2,48.96,96.03,42.36
2,48.8,96.09,42.99
6,49.35,96.38,43.3
4,49.15,96.62,43.61
10,49.83,96.78,43.3
10,49.83,96.78,42.99
8,49.59,96.58,43.3
8,49.59,96.58,42.99
5,49.39,96.82,43.61
6,49.35,96.38,42.99
5,49.11,96.18,43.3
4,48.91,96.42,43.61
4,49.11,96.18,42.99
3,48.8,96.09,43.3
3,48.95,96.86,43.93
3,49.43,97.26,43.93
3,49.19,97.06,43.93
3,48.68,96.23,43.93
3,48.58,96.44,44.16
2,48.46,96.34,44.16
2,48.71,96.65,43.93
3,48.67,96.23,43.61
2,48.44,95.92,43.93
2,48.09,95.71,43.92
2,48.12,95.92,44.15
2,48.11,96.07,44.32
2,47.95,95.92,44.16
2,48.45,96.1,43.93
2,48.34,96.24,44.16
2,48.22,96.14,44.16
2,48.24,96.36,44.16
2,48.12,96.26,44.16
2,48.44,96.1,43.61
2,48.75,97.09,44.24
2,49.23,97.5,44.55
2,49.23,97.5,44.24
2,48.99,97.3,44.24
2,48.99,97.3,44.55
2,48.75,97.09,44.55
2,48.48,96.56,44.16
2,48.48,96.56,44.32
2,48.36,96.46,44.16
2,48.36,96.46,44.32
2,48.51,96.89,44.24
2,48.38,96.68,44.47
2,48.38,96.68,44.63
2,48.26,96.58,44.47
2,48.26,96.58,44.63
2,48.51,96.89,44.55
2,48,96.15,44.32
2,48,96.16,44.47
2,48,96.16,44.63
2,47.89,96.07,44.48
2,47.89,96.06,44.63
2,48.14,96.48,44.47
2,48.14,96.48,44.63
2,48.02,96.38,44.63
2,47.61,95.65,44.59
2,47.76,95.97,44.63
2,48.28,96.8,44.94
2,48.28,96.8,45.1
2,48.28,96.8,45.25
2,48.16,96.7,45.1
2,48.16,96.7,45.25
2,47.9,96.28,44.79
2,47.9,96.28,44.94
2,47.78,96.18,44.79
2,47.78,96.18,44.94
2,47.9,96.28,45.1
2,47.9,96.28,45.25
2,47.78,96.18,45.1
2,47.78,96.18,45.25
2,48.04,96.6,45.1
2,48.04,96.6,45.25
2,47.92,96.5,45.1
2,47.92,96.5,45.25
2,47.52,95.76,44.79
2,47.4,95.66,44.79
2,47.53,95.76,44.94
2,47.41,95.66,44.94
2,47.66,96.08,44.94
2,47.54,95.98,44.94
2,47.53,95.76,45.1
2,47.41,95.66,45.1
2,47.53,95.76,45.25
2,47.41,95.66,45.25
2,47.66,96.08,45.1
2,47.54,95.98,45.1
2,47.54,95.98,45.25
2,47.66,96.08,45.25
2,47.8,96.4,45.41
2,47.8,96.4,45.57
2,47.68,96.3,45.41
2,47.68,96.3,45.57
2,47.83,96.73,45.8
2,47.79,96.29,45.8
2,47.42,95.88,45.41
2,47.44,96.1,45.41
2,47.56,96.2,45.41
2,47.56,96.2,45.57
2,47.44,96.1,45.57
2,47.42,95.88,45.57
2,47.55,96.09,45.8
2,48.07,96.93,46.43
2,47.83,96.73,46.43
2,47.59,96.53,46.11
2,47.23,94.74,44.62
2,47.2,94.73,44.57
2,47.27,94.39,44.69
3,47.21,94.47,44.9
2,47.18,94.49,44.63
3,47.16,94.68,45
2,47.15,94.57,44.86
2,47.22,94.48,44.66
4,47.3,94.56,45.12
3,47.28,94.46,44.94
3,47.21,94.68,45.1
2,47.02,94.69,44.71
2,47.06,94.68,44.76
2,47.18,94.56,44.63
2,47.11,94.68,44.8
5,47.79,94.96,45.57
4,47.69,95.08,45.57
4,47.57,94.98,45.57
4,47.45,94.88,45.41
5,47.67,94.86,45.57
5,47.55,94.76,45.41
5,47.43,94.66,45.41
4,47.31,94.56,45.25
4,47.33,94.78,45.41
3,47.21,94.68,45.25
3,47.59,95.2,45.57
3,47.49,95.32,45.57
3,47.47,95.1,45.57
2,49.13,96.4,46.9
3,48.88,95.97,46.43
3,48.67,96.21,46.43
4,48.64,95.77,46.43
5,48.4,95.57,46.11
3,48.43,96.01,46.43
4,48.2,95.81,46.11
5,48.16,95.37,46.11
5,47.92,95.17,45.8
4,47.96,95.61,46.11
4,47.72,95.41,45.8
2,48.65,95.99,47.52
2,47.14,94.35,40.75
2,47.15,94.62,40.77
2,47.11,94.69,40.76
3,47.15,94.36,40.69
5,47.13,94.45,40.62
2,47.14,94.58,40.68
2,47.11,94.53,40.76
5,47.12,94.58,40.6
4,47.13,94.51,40.62
16,47.14,94.36,40.51
13,47.11,94.35,40.53
9,47.12,94.58,40.54
6,47.13,94.51,40.57
11,47.15,94.57,40.51
11,47.1,94.45,40.54
6,47.14,94.51,40.55
13,47.14,94.46,40.51
10,47.09,94.63,40.53
8,47.11,94.35,40.6
19,47.05,94.58,40.47
26,47.08,94.41,40.47
21,47.09,94.52,40.46
24,47.03,94.37,40.48
16,47.06,94.3,40.53
20,47.03,94.2,40.48
16,46.99,94.14,40.49
30,47.01,94.36,40.43
28,47.01,94.26,40.43
28,47,94.48,40.43
19,46.95,94.2,40.42
6,47,94.86,40.61
11,47,94.86,40.53
17,46.97,94.81,40.48
2,47.15,94.8,40.68
3,47.13,94.69,40.68
2,47.15,94.62,40.71
4,47.11,94.74,40.61
5,47.09,94.63,40.61
2,47.11,94.85,40.68
5,47.05,94.8,40.61
12,46.99,94.75,40.53
12,47.04,94.69,40.53
9,47.56,93.6,40.69
9,47.43,93.7,40.69
19,47.1,94.13,40.53
9,47.16,94.18,40.61
3,47.2,94.2,40.7
18,47.05,94.08,40.53
15,47,94.14,40.54
17,47.06,94.19,40.53
9,47.12,94.24,40.61
4,47.14,94.29,40.66
3,47.18,94.26,40.71
15,47.71,94.08,45.15
15,47.62,94,44.99
9,47.58,93.95,44.77
11,47.6,94.2,45.15
10,47.52,94.11,44.98
5,47.5,94.05,44.76
4,47.39,94.17,44.73
3,47.33,94.28,44.71
8,47.5,94.32,45.14
6,47.42,94.23,44.97
4,47.44,94.16,44.75
5,47.4,94.44,45.14
4,47.33,94.35,44.95
12,48.09,94.6,45.57
16,48.19,94.48,45.57
16,48.07,94.38,45.57
16,47.95,94.28,45.41
13,47.97,94.5,45.57
12,47.85,94.4,45.41
16,47.83,94.18,45.41
16,47.71,94.08,45.25
12,47.73,94.3,45.41
11,47.61,94.2,45.25
9,47.99,94.72,45.57
7,47.89,94.84,45.57
7,47.77,94.74,45.57
6,47.65,94.64,45.41
9,47.87,94.62,45.57
9,47.75,94.52,45.41
9,47.63,94.42,45.41
8,47.51,94.32,45.25
6,47.53,94.54,45.41
6,47.41,94.44,45.25
3,49.54,95.92,46.9
7,49.28,95.5,46.43
5,49.08,95.74,46.43
8,49.04,95.3,46.43
10,48.8,95.09,46.11
6,48.84,95.53,46.43
7,48.6,95.33,46.11
11,48.56,94.89,46.11
13,48.32,94.69,45.8
7,48.36,95.13,46.11
8,48.12,94.93,45.8
2,49.06,95.52,47.52
2,48.58,95.11,48.15
26,47.24,93.73,40.53
18,47.29,93.78,40.61
9,47.33,93.8,40.7
28,47.29,93.67,40.53
19,47.34,93.71,40.6
9,47.37,93.74,40.7
25,47.18,93.69,40.53
27,47.23,93.62,40.53
23,47.14,93.85,40.53
25,47.19,93.79,40.53
16,47.2,93.9,40.61
17,47.25,93.84,40.61
12,47.27,93.89,40.66
7,47.31,93.87,40.71
18,47.08,93.8,40.54
22,47.13,93.74,40.53
13,47.2,94.01,40.61
8,47.22,94.06,40.66
5,47.26,94.03,40.71
5,47.27,93.96,40.76
10,47.24,93.95,40.68
13,47.16,94.07,40.61
7,47.19,94.11,40.67
4,47.23,94.12,40.69
16,47.15,93.96,40.61
20,47.09,93.91,40.54
16,47.1,94.02,40.61
17,47.04,93.98,40.54
15,47.04,93.86,40.55
18,47.97,93.24,40.78
13,47.92,93.32,40.77
56,48.28,92.94,40.61
44,48.39,93.02,40.72
11,48.4,93.29,41.07
54,49.59,93.7,42.05
46,49.34,93.7,42.05
52,50.24,93.86,41.74
64,50.11,93.65,41.5
53,50.01,93.77,41.5
66,49.99,93.55,41.5
57,49.89,93.67,41.5
66,49.77,93.57,41.35
38,49.86,93.88,41.74
52,49.72,93.67,41.5
40,49.59,93.71,41.75
28,49.39,93.74,41.69
49,49.55,93.63,41.51
67,49.65,93.47,41.35
70,49.53,93.37,41.19
66,49.47,93.44,41.32
53,49.5,93.58,41.5
63,49.39,93.52,41.35
33,49.34,93.7,41.74
47,49.26,93.64,41.5
51,49.29,93.17,41.04
63,49.41,93.27,41.19
65,49.35,93.35,41.32
49,49.2,93.27,41.18
64,49.27,93.44,41.35
49,49.12,93.38,41.19
54,49.16,93.57,41.5
53,49.05,93.49,41.35
45,49.18,93.06,41.04
55,49.06,92.96,40.88
61,48.72,92.89,40.72
49,48.84,92.98,40.88
30,48.75,93.29,41.24
39,48.95,93.08,41.04
36,49.08,93.17,41.18
29,48.89,93.21,41.21
33,49.03,93.26,41.35
32,48.93,93.4,41.48
23,48.84,93.34,41.35
54,48.62,93,40.72
40,48.88,93.17,41.02
46,48.73,93.1,40.88
32,48.77,93.19,41.07
29,48.87,93.13,41.13
31,48.63,93.13,40.99
36,48.51,93.12,40.88
26,48.79,93.17,41.16
31,48.7,93.19,41.05
23,48.51,93.18,41.04
25,48.71,93.28,41.26
25,48.67,93.28,41.18
16,48.51,93.28,41.16
100,48.68,92.48,40.46
81,48.8,92.54,40.65
52,48.94,92.86,40.88
66,48.82,92.77,40.74
99,48.58,92.56,40.45
80,48.7,92.66,40.62
80,50.07,93.21,41.19
79,49.97,93.33,41.19
72,49.87,93.45,41.35
77,49.96,93.11,41.19
68,49.74,93.13,41.04
76,49.85,93.23,41.19
73,49.75,93.35,41.35
71,49.63,93.25,41.19
60,49.6,92.8,40.87
60,49.62,93.03,41.04
60,49.5,92.93,40.88
52,49.4,93.05,41.04
65,49.51,93.15,41.19
59,49.48,92.71,40.87
58,49.38,92.83,40.88
68,49.24,92.75,40.77
46,49.28,92.95,41.04
56,49.16,92.84,40.88
68,49.12,92.65,40.77
54,49.04,92.74,40.88
67,48.91,92.66,40.77
66,50.72,94.26,42.36
48,50.28,94.3,42.36
91,51.08,93.34,41.11
93,51.12,93.78,41.74
92,50.88,93.58,41.43
78,50.92,94.02,42.05
72,50.68,93.82,41.74
57,50.48,94.06,42.05
74,50.72,94.26,42.68
58,50.28,94.3,42.68
84,51.05,92.9,41.11
80,50.81,92.7,40.87
52,50.05,94.1,42.36
52,49.67,93.97,42.36
87,50.85,93.14,41.11
78,50.61,92.94,40.87
90,50.64,93.38,41.43
84,50.41,93.18,41.11
74,50.44,93.62,41.74
79,50.2,93.42,41.43
60,50.24,93.86,42.05
49,49.86,93.88,42.05
62,50.05,94.1,42.68
66,49.67,93.97,42.68
84,50.33,92.3,40.66
74,50.57,92.5,40.87
69,49.59,93.7,42.36
74,49.34,93.7,42.36
82,50.13,92.54,40.66
72,50.37,92.74,40.87
65,49.93,92.78,40.87
67,49.84,93.01,41.04
60,49.72,92.91,41.04
76,50.17,92.98,41.11
79,49.59,93.7,42.68
82,49.34,93.7,42.68
103,49.85,91.89,40.46
82,50.09,92.09,40.66
102,49.65,92.13,40.46
81,49.89,92.34,40.66
78,49.86,93.88,42.99
70,50.05,94.1,42.99
73,50.05,94.1,43.3
66,50.28,94.3,42.99
70,50.28,94.3,43.3
79,49.86,93.88,43.3
38,49.73,93.02,44.86
29,49.73,93.02,45.18
84,49.72,93.65,42.99
84,49.51,93.57,42.99
80,49.21,93.6,42.99
82,49.72,93.65,43.3
81,49.51,93.57,43.3
76,49.21,93.6,43.29
71,49.77,93.45,43.93
69,49.35,93.45,43.91
66,49,93.45,43.89
65,48.82,93.31,43.89
79,49.77,93.45,43.61
76,49.35,93.45,43.61
71,49,93.45,43.6
61,49.52,93.25,44.24
61,49.11,93.28,44.21
51,49.52,93.26,44.55
60,48.9,93.13,44.22
59,48.71,93.26,44.16
49,49.16,93.2,44.61
51,48.88,93.16,44.5
53,48.69,93.29,44.42
41,48.04,93.63,44.78
29,48.13,93.82,45.16
31,48.02,93.75,45.01
37,47.95,93.72,44.79
28,48.13,93.82,45.25
25,47.91,93.84,45.15
27,47.81,93.77,44.99
34,47.76,93.75,44.76
24,47.91,93.84,45.25
26,47.58,93.79,44.72
21,47.69,93.86,45.14
23,47.6,93.79,44.96
21,47.69,93.86,45.25
40,48.87,93.43,45
49,48.4,93.32,44.58
42,48.63,93.39,44.88
47,48.4,93.4,44.67
36,48.89,93.53,45.18
45,48.22,93.49,44.73
35,48.69,93.77,45.22
31,48.35,93.8,45.25
32,48.35,93.8,45.15
30,48.23,93.7,45.25
32,48.23,93.7,45.15
38,48.44,93.61,44.98
34,48.12,93.64,44.99
43,48.23,93.59,44.77
39,49.29,93.06,44.86
31,49.29,93.06,45.18
40,49.09,93.28,44.93
42,48.93,93.03,44.78
45,48.72,93.14,44.69
50,48.56,93.32,44.58
44,48.78,93.25,44.78
49,48.57,93.34,44.62
35,49.08,93.3,45.17
35,49.49,92.82,44.86
26,49.49,92.82,45.18
24,48.48,94.01,45.8
27,48.35,93.8,45.57
25,48.25,93.92,45.57
26,48.23,93.7,45.57
25,48.13,93.82,45.57
26,48.01,93.72,45.41
19,48.28,94.25,45.8
23,48.15,94.04,45.57
20,48.05,94.16,45.57
22,48.03,93.94,45.57
23,47.91,93.84,45.41
19,47.93,94.06,45.57
20,47.81,93.96,45.41
23,47.79,93.74,45.41
20,47.69,93.86,45.41
28,48.64,93.33,45.49
29,48.44,93.57,45.49
28,48.11,93.6,45.41
24,48.44,93.57,45.8
15,49.25,92.62,45.49
22,49.78,93.68,46.27
21,49.52,93.26,45.8
26,49.32,93.5,45.8
23,49.12,93.73,46.11
20,49.05,92.85,45.49
18,49.29,93.06,45.8
21,48.88,93.53,46.11
23,49.08,93.29,45.8
25,48.84,93.09,45.49
23,48.64,93.33,45.8
8,49.71,92.8,46.27
9,49.25,92.62,45.8
8,49.46,95.04,46.9
15,49.2,94.62,46.43
11,49,94.85,46.43
15,48.96,94.41,46.43
20,48.72,94.21,46.11
12,48.76,94.65,46.43
16,48.52,94.45,46.11
16,48.28,94.25,46.11
19,48.48,94.01,46.11
12,49.38,94.16,46.9
18,49.12,93.73,46.43
18,48.92,93.97,46.43
17,48.88,93.53,46.43
17,48.68,93.77,46.43
20,48.44,93.57,46.11
10,49.3,93.28,46.9
3,49.23,92.39,46.9
4,48.98,94.63,47.52
5,48.9,93.75,47.52
3,48.83,92.87,47.52
2,49.38,94.16,48.15
2,48.98,94.63,48.15
2,48.9,93.75,48.15
2,48.5,94.23,48.15
2,48.83,92.87,48.15
7,48.3,93.28,41.17
14,48.29,93.18,41.03
7,48.18,93.29,41.07
60,48.59,92.79,40.73
76,48.48,92.68,40.61
96,48.36,92.58,40.45
53,48.5,92.9,40.72
62,48.38,92.86,40.63
73,48.37,92.77,40.58
90,48.26,92.7,40.44
7,48.1,93.29,41.02
22,47.66,93.47,40.61
10,47.69,93.51,40.69
16,47.6,93.52,40.68
8,47.62,93.54,40.76
26,47.6,93.42,40.61
34,47.54,93.38,40.53
35,47.48,93.33,40.54
11,47.75,93.47,40.7
24,47.71,93.42,40.61
32,47.76,93.36,40.53
34,47.81,93.3,40.53
25,47.86,93.34,40.6
17,47.76,93.43,40.67
23,47.8,93.39,40.61
15,47.88,93.36,40.72
15,47.82,93.42,40.69
27,47.65,93.36,40.61
35,47.7,93.31,40.53
36,47.59,93.32,40.54
37,47.75,93.25,40.53
25,47.44,93.49,40.61
27,47.49,93.43,40.61
27,47.38,93.44,40.61
31,47.32,93.4,40.54
29,47.43,93.38,40.61
18,47.55,93.49,40.69
23,47.34,93.61,40.61
21,47.45,93.61,40.61
16,47.49,93.62,40.66
9,47.48,93.66,40.7
17,47.5,93.54,40.68
15,47.39,93.66,40.68
24,47.39,93.55,40.61
55,48.16,92.88,40.64
26,48.29,93.13,40.87
36,48.17,93.04,40.72
8,47.97,93.3,40.91
14,47.98,93.22,40.87
21,47.97,93.21,40.76
23,47.91,93.27,40.68
25,47.97,93.22,40.68
20,47.9,93.26,40.75
22,48.2,93.19,40.84
16,48.08,93.22,40.9
25,48.13,93.16,40.76
22,48.08,93.21,40.76
33,48.07,93.11,40.68
28,48.07,93.11,40.76
24,48.02,93.17,40.76
29,48.02,93.17,40.68
41,47.96,93.08,40.6
2,44.04,112.28,50.61
2,44.02,112.05,50.51
2,45.32,98.94,64.3
2,45.24,98.06,64.3
2,45.76,98.46,64.1
2,47.33,96.11,61.06
2,45.68,97.58,64.1
2,45.16,97.18,64.3
2,45.07,96.3,64.3
2,44.98,125.41,48.14
8,43.7,124,47.86
16,43.51,123.3,47.88
2,44.99,125.41,48.77
2,45,125.41,49.38
3,45.29,133.55,46.58
5,44.48,134.51,45.33
6,45.52,136.2,45.96
2,47.43,137.8,48.46
7,42.57,132.9,44.08
2,44.33,132.75,46.58
4,43.53,133.71,45.33
2,43.91,138.11,48.46
2,43.41,125.19,51.85
2,46.09,132.6,47.83
2,47.12,134.28,48.46
2,46.89,131.64,49.08
2,47.7,130.68,50.33
2,46.74,129.88,50.33
2,44.98,130.03,47.83
2,45.94,130.84,49.08
2,45.13,131.79,47.83
2,44.08,112.29,52.56
2,43.25,114.21,52.51
2,43.25,114.21,53.14
2,43.25,114.21,53.76
3,43.25,114.21,54.39
2,44.2,112.08,54.98
2,43.45,110.52,54.94
2,44.27,111.79,55.02
2,44.2,112.08,55.64
2,43.52,112.08,55.6
4,43.25,114.21,55.02
4,43.25,114.21,55.64
2,43.25,114.21,56.89
4,43.25,114.21,56.27
3,43.25,113.28,55.02
4,43.25,113.28,55.65
3,43.25,113.27,56.28
2,43.25,113.26,56.9
4,46.65,108.6,41.56
3,45.73,108.23,41.9
2,45.25,107.83,41.27
2,45.66,107.35,40.87
7,44.78,107.42,40.87
9,45.16,106.95,40.66
11,44.62,106.54,40.46
3,46.13,107.75,42.52
5,45.25,107.83,42.52
3,45.66,107.35,43.15
4,44.78,107.42,43.15
2,45.18,106.95,43.77
2,44.29,107.02,43.77
2,45.58,106.47,40.87
4,45.09,106.07,40.66
4,44.55,105.66,40.46
2,43.73,107.51,43.77
4,44.45,108.78,41.9
3,44.05,108.4,42.52
2,43.73,108.32,43.14
2,43.73,109.26,41.88
3,43.9,108.84,41.9
2,43.73,108.85,42.52
4,44.85,108.3,41.9
4,44.35,107.9,42.52
4,44.01,107.49,43.15
2,43.53,107.51,43.15
3,44.05,108.4,41.27
3,43.73,108.85,41.22
4,44.35,107.9,41.27
5,43.91,107.48,40.65
7,44.01,107.49,40.87
3,43.72,108.3,40.77
12,44.23,107.02,40.66
7,43.72,106.62,40.46
2,43.53,107.5,40.66
64,43.15,114.75,40.74
67,42.98,114.25,40.71
69,42.95,115.05,40.68
79,42.68,115.6,40.61
75,42.16,115.65,40.75
25,43.25,118.15,43.77
24,43.25,117.34,43.77
23,43.05,118.15,43.14
21,43.05,117.34,43.14
27,42.89,119.56,42.36
25,42.76,119.8,42.36
23,42.87,119.57,42.67
22,42.74,119.8,42.67
26,42.85,119.13,42.36
23,42.85,119.13,42.68
28,43.05,118.71,42.52
34,42.89,119.57,41.75
34,42.76,119.8,41.74
30,42.9,119.57,42.05
29,42.76,119.8,42.06
34,42.85,119.13,41.74
29,42.85,119.13,42.05
33,43.05,118.71,41.89
31,42.8,117.35,41.9
31,42.82,118.19,41.89
50,42.51,116.94,41.27
62,42.35,117.41,40.95
47,42.72,119.36,41.11
49,42.51,119.6,41.11
42,42.71,119.36,41.43
43,42.51,119.6,41.43
47,42.56,117.82,41.28
58,42.41,118.28,40.93
45,42.63,118.71,41.27
21,42.85,119.13,42.99
24,43.05,118.71,43.15
26,43.25,118.7,43.76
20,42.74,119.8,42.99
21,42.86,119.57,42.99
19,42.88,119.99,43.3
24,43.05,119.56,43.3
21,43.05,119.98,43.76
28,43.25,119.57,43.78
26,43.25,119.99,44.4
25,43.25,119.1,44.4
19,42.85,119.13,43.3
21,43.05,119.11,43.77
2,43.89,122.18,50.1
5,43.51,120.97,47.88
3,43.73,122.2,49.96
6,43.52,122.23,49.42
16,42.84,122.22,43.18
20,43.08,122.25,43.83
26,43.25,122.23,44.46
2,44.88,123.83,48.15
4,44.01,123.88,47.84
2,44.88,123.83,47.52
9,43.48,123.06,48.82
6,43.69,123.04,49.31
17,43.46,121.39,48.82
5,43.7,121.19,49.25
4,43.7,123.04,46.43
19,43.48,121.39,46.94
22,43.48,123.06,46.94
2,43.52,122.18,46.41
27,43.25,120.51,44.41
27,43.25,121.31,44.44
17,42.89,121.56,43.29
20,42.91,120.9,43.29
20,42.98,121.34,43.28
21,43.06,121.26,43.81
17,42.98,121.78,43.61
18,42.63,120.92,42.99
18,42.85,121.12,43.3
16,42.67,121.36,43.3
18,42.8,120.68,43.3
19,42.89,120.45,43.3
22,43.05,120.49,43.79
18,42.78,120.24,43.3
16,42.59,120.48,43.3
24,42.43,121.16,42.36
20,42.43,121.16,42.68
23,42.49,121.82,42.52
37,42.01,121.42,41.9
53,41.58,121,41.39
17,42.43,121.16,42.99
24,42.39,120.72,42.36
20,42.39,120.72,42.68
25,42.19,120.96,42.36
20,42.19,120.96,42.68
37,42.15,120.52,41.74
31,42.15,120.52,42.05
40,41.95,120.76,41.74
34,41.95,120.76,42.05
55,41.91,120.32,41.12
47,41.91,120.32,41.43
51,41.71,120.56,41.43
56,41.73,120.55,41.17
24,42.35,120.28,42.36
24,42.55,120.04,42.36
21,42.55,120.04,42.68
21,42.35,120.28,42.68
38,42.11,120.08,41.74
36,42.31,119.84,41.74
32,42.11,120.08,42.05
30,42.31,119.84,42.05
51,41.88,119.67,41.3
18,42.39,120.72,42.99
17,42.19,120.96,42.99
18,42.55,120.04,42.99
18,42.35,120.28,42.99
70,42.34,117.42,40.75
63,42.57,118.66,40.69
78,42.58,119.6,40.61
65,42.03,119.65,40.75
55,42.37,119.23,40.89
64,42.39,118.29,40.74
74,42.06,116.54,40.83
70,41.85,120.33,40.78
71,41.72,120.56,40.83
72,41.73,119.68,40.83
23,43.25,124.36,45.02
12,42.76,125.36,43.77
16,43.05,124.44,43.77
14,42.89,124.9,43.78
15,42.85,123.96,43.75
19,43.06,123.58,43.9
14,42.67,124.46,43.15
17,42.6,123.58,43.14
16,42.49,121.82,43.15
18,43.05,124.42,44.4
19,43.05,123.58,44.41
25,43.25,123.56,45.03
26,43.25,123.04,45.03
19,43.05,123.05,44.42
23,43.25,123.94,45.63
14,42.84,123.99,44.4
20,43.05,123.96,45.02
15,42.84,123.1,43.75
16,42.56,122.7,43.15
3,44.23,126.55,45.65
10,43.75,126.15,45.02
2,44.63,126.1,45.65
5,44.17,125.85,45.02
5,44.19,125.6,45.64
2,44.97,125.61,46.26
2,44.97,125.61,46.89
9,44,125.4,46.57
20,43.27,125.16,45.64
16,43.46,125.56,45.64
20,43.26,124.75,45.64
14,42.9,124.89,44.4
19,43.08,124.84,45.02
22,43.25,124.37,45.63
12,42.87,126.22,44.4
15,43.26,125.84,45.02
19,43.12,125.28,45.02
12,42.76,125.35,44.4
2,44.31,127.43,45.65
2,44.71,126.95,46.27
4,43.83,127.03,45.65
13,42.39,125.82,43.15
18,42.39,125.82,42.52
11,41.91,125.42,41.9
17,41.51,125.02,41.45
15,42.31,124.94,42.52
18,41.84,124.54,41.9
13,42.31,124.94,43.15
57,41.33,121.48,41.47
44,41.6,121.9,41.89
56,41.41,122.36,41.48
51,41.49,123.24,41.48
25,42.08,122.3,42.52
42,41.67,122.78,41.89
26,42.16,123.18,42.52
34,41.75,123.66,41.89
21,42.24,124.06,42.52
17,41.99,126.3,42.52
17,42.07,127.18,42.52
17,41.25,125.48,41.52
12,41.51,125.91,41.88
17,41.6,126.76,41.93
42,41.86,124.51,40.89
55,41.8,123.65,40.95
35,41.47,124.18,41.49
34,41.44,125,41.01
71,41.51,121.03,40.94
72,41.27,121.49,41.06
68,41.36,122.37,41.07
61,41.45,123.24,41.06
21,41.51,125.9,41.04
26,41.58,126.8,41.22
27,41.19,127.27,41.41
26,41.19,125.48,41.11
30,40.65,131.36,41.78
13,41.99,126.3,43.15
11,42.39,125.82,43.77
9,43.35,126.63,45.02
12,42.07,127.18,43.15
10,42.47,126.7,44.4
11,42.47,126.7,43.77
9,42.95,127.1,44.4
9,42.95,127.1,43.77
10,42.55,127.58,43.15
4,43.43,127.51,45.65
5,43.43,127.51,45.02
3,43.91,127.91,45.02
3,43.91,127.91,45.65
5,43.06,128.42,44.08
2,44.17,130.99,45.33
3,43.22,130.19,44.08
2,44.02,129.23,45.33
2,44.17,130.99,46.58
2,44.02,129.23,46.58
3,43.37,131.95,45.33
6,42.41,131.14,44.08
10,41.61,132.1,44.08
8,43.68,135.47,45.33
5,43.91,138.11,45.96
8,42.72,134.67,45.33
4,40.39,138.42,45.96
2,36.87,138.77,45.89
10,42.14,128.06,43.15
12,42.14,128.06,42.52
8,42.26,129.37,42.82
12,41.67,127.66,43.15
16,41.67,127.66,42.52
18,41.21,127.23,42.06
14,41.52,128.29,42.15
18,41.05,128.9,41.58
34,40.48,127.62,41.53
20,41.76,133.82,43.15
15,41.76,133.86,44.08
15,42,136.43,44.03
19,40.81,133.06,44.08
27,40.65,131.28,42.92
29,40.81,133.03,43.07
44,39.85,132.33,41.94
25,40.08,135,42.46
10,36.56,135.31,42.54
10,38.48,136.73,44.07
2,33.03,135.62,42.6
3,34.95,137.03,44.11
15,41.45,130.33,42.87
30,40.5,129.57,41.61
19,43.25,114.19,43.84
20,43.25,115.15,43.81
23,43.05,116.46,42.52
31,42.77,116.47,41.9
68,42.18,115.64,40.94
52,42.45,116.06,41.27
21,43.55,114.42,42.55
19,43.37,114.25,42.99
19,43.53,114.06,42.57
22,43.27,114.89,42.59
21,43.07,115.1,42.54
19,43.18,114.61,42.99
20,43.26,114.76,43.39
21,43.19,114.63,42.62
20,43.26,114.91,43.13
18,43.06,115.11,43.15
22,43.05,115.65,42.53
27,43.55,114.42,41.9
31,43.23,113.92,41.9
24,43.54,114.05,41.89
29,43.26,114.9,41.9
29,43.18,114.63,41.9
30,43.06,115.11,41.9
40,43.18,114.24,41.27
45,43.11,114.78,41.25
43,43.07,114.51,41.27
47,42.9,115.08,41.26
41,42.9,114.08,41.27
30,43.05,115.66,41.89
49,42.74,115.57,41.27
69,42.43,115.17,40.85
23,42.8,117.35,42.52
23,42.82,118.19,42.52
23,43.25,116.46,43.77
20,43.05,116.46,43.15
19,43.05,115.65,43.16
21,43.25,115.66,43.79
25,43.23,113.91,42.57
26,43.27,113.69,42.61
38,43.12,113.82,41.25
43,43.26,113.22,41.22
68,43.08,113.26,40.71
29,43.12,113.82,41.89
33,43.25,113.21,41.89
20,43.21,114.23,42.99
21,43.2,113.91,42.96
23,43.26,113.71,43.06
18,43.1,114.18,43.25
22,43.26,113.68,43.38
41,42.86,113.36,41.27
55,42.75,113.13,40.83
83,43.25,112.45,40.56
115,43.26,113.71,40.3
105,43.1,113.74,40.46
111,43.05,114.25,40.33
103,43.09,115.06,40.33
111,42.48,115.18,40.37
111,42.85,113.03,40.36
112,41.95,115.67,40.38
104,42.17,117.44,40.38
102,42.19,118.32,40.38
97,42.4,119.18,40.38
111,41.66,116.14,40.41
108,41.78,117.02,40.41
108,41.43,119.26,40.42
109,41.48,120.14,40.4
87,41.47,124.11,40.44
83,41.18,124.58,40.46
117,40.75,120.21,40.46
112,41.06,120.63,40.43
110,41.01,121.51,40.46
105,41.1,122.39,40.47
97,41.2,123.26,40.47
77,40.92,125.49,40.48
64,41.12,126.38,40.49
68,40.72,126.86,40.53
90,39.76,126.86,40.57
70,40.1,128.14,40.59
58,39.7,130.62,40.68
63,38.89,131.62,40.81
34,38.16,133.52,41.17
79,39.54,128.8,40.59
6,34.64,133.82,41.23
3,59.52,104.76,41.44
3,61.1,106.44,41.9
2,60.04,106.59,41.56
3,61.1,106.44,41.27
3,60.52,105.74,40.83
2,60.61,105.61,42.81
2,61.39,104.64,44.08
5,63.1,107.14,41.21
4,63.1,106.34,40.76
5,63.1,107.14,41.88
4,63.1,105.81,40.76
3,61.5,105.96,41.9
4,61.98,106.36,41.9
4,61.98,106.36,41.27
3,61.5,105.96,41.27
4,62.79,106.24,41.9
4,62.79,106.24,41.27
3,62.27,105.6,40.85
4,62.01,106.36,40.66
3,61.51,105.96,40.66
4,63.04,105.82,40.66
4,62.88,106.27,40.66
4,63.3,106.17,41.82
4,63.3,106.17,41.08
4,63.3,105.48,40.53
3,62.48,105.43,40.46
3,63.1,106.19,43.14
4,63.1,106.19,42.51
3,62.32,105.45,42.83
4,63.3,105.41,42.79
2,63.1,105.41,44.08
2,59.71,104.91,42.85
2,59.73,103.86,44.08
4,59.53,103.84,42.82
2,59.53,103.04,44.08
4,59.67,105.14,40.71
3,60.56,105.63,40.64
3,61.42,104.92,40.66
4,59.82,104.73,40.45
3,61.36,104.32,40.46
27,50.64,95.82,42.36
36,50.64,95.82,42.68
22,50.44,96.06,42.36
28,50.44,96.06,42.68
28,50.49,96.72,42.52
2,54.3,105.24,42.81
69,50.96,94.46,42.36
76,50.96,94.46,42.68
50,50.76,94.7,42.36
40,51,94.9,42.05
60,50.76,94.7,42.68
38,50.8,95.14,42.36
48,50.8,95.14,42.68
48,51.04,95.34,42.36
58,51.04,95.34,42.68
35,50.84,95.58,42.36
46,50.84,95.58,42.68
52,50.24,93.86,44.86
45,50.24,93.86,45.18
44,50.2,93.42,44.86
36,50.2,93.42,45.18
40,49.96,93.22,44.86
32,49.96,93.22,45.18
39,50.24,93.86,45.49
33,50.24,93.86,45.8
24,49.96,93.22,45.49
18,49.96,93.22,45.8
29,50.2,93.42,45.49
23,50.2,93.42,45.8
13,49.93,92.78,45.49
8,49.93,92.78,45.8
12,49.69,92.58,45.49
6,49.69,92.58,45.8
27,50.26,94.08,46.27
2,50.11,92.32,46.27
14,50.18,93.2,46.27
2,50.11,92.32,46.9
10,50.18,93.2,46.9
16,50.26,94.08,46.9
54,50.48,94.06,44.86
48,50.48,94.06,45.18
42,50.48,94.06,45.49
36,50.48,94.06,45.8
4,49.83,96.78,44.86
3,49.83,96.78,45.18
3,49.63,97.02,44.86
2,49.63,97.02,45.18
2,49.83,96.78,45.49
2,49.83,96.78,45.8
2,49.63,97.02,45.49
29,50.4,95.62,44.86
25,50.4,95.62,45.18
20,50.2,95.86,44.86
16,50.2,95.86,45.18
12,50.23,96.3,44.86
9,50.23,96.3,45.18
7,50.03,96.54,44.86
5,50.03,96.54,45.18
20,50.4,95.62,45.49
16,50.4,95.62,45.8
13,50.2,95.86,45.49
10,50.2,95.86,45.8
7,50.23,96.3,45.49
5,50.23,96.3,45.8
4,50.03,96.54,45.49
3,50.03,96.54,45.8
54,50.52,94.5,44.86
48,50.52,94.5,45.18
48,50.56,94.94,44.86
43,50.56,94.94,45.18
39,50.6,95.38,44.86
34,50.6,95.38,45.18
43,50.52,94.5,45.49
37,50.52,94.5,45.8
37,50.56,94.94,45.49
32,50.56,94.94,45.8
29,50.6,95.38,45.49
23,50.6,95.38,45.8
8,50.42,95.84,46.27
4,50.42,95.84,46.9
29,50.74,94.48,46.27
18,50.82,95.36,46.27
17,50.74,94.48,46.9
9,50.82,95.36,46.9
7,50.26,94.08,47.52
5,50.18,93.2,47.52
2,50.18,93.2,48.15
3,50.26,94.08,48.15
2,50.42,95.84,47.52
7,50.74,94.48,47.52
4,50.82,95.36,47.52
2,50.74,94.48,48.15
59,50.24,93.86,44.55
53,50.2,93.42,44.55
60,49.96,93.22,44.24
50,49.96,93.22,44.55
62,50.2,93.42,44.24
66,50.24,93.86,44.24
72,50,93.66,43.93
69,50.05,94.1,43.93
79,50,93.66,43.61
73,50.05,94.1,43.61
68,50.48,94.06,44.24
61,50.48,94.06,44.55
8,49.83,96.78,43.93
9,49.83,96.78,43.61
5,49.63,97.02,43.61
5,49.63,97.02,43.93
3,49.69,97.68,43.77
6,49.83,96.78,44.24
5,49.83,96.78,44.55
4,49.63,97.02,44.24
3,49.63,97.02,44.55
2,49.69,97.68,44.4
11,50.09,97.2,43.15
4,50.17,98.08,43.15
38,50.4,95.62,43.93
38,50.4,95.62,43.61
28,50.2,95.86,43.93
28,50.2,95.86,43.61
21,50.23,96.3,43.93
24,50.23,96.3,43.61
14,50.03,96.54,43.93
16,50.03,96.54,43.61
36,50.4,95.62,44.24
33,50.4,95.62,44.55
26,50.2,95.86,44.24
23,50.2,95.86,44.55
18,50.23,96.3,44.24
15,50.23,96.3,44.55
11,50.03,96.54,44.24
9,50.03,96.54,44.55
45,50.64,95.82,43.3
42,50.64,95.82,42.99
35,50.44,96.06,43.3
33,50.44,96.06,42.99
28,50.49,96.72,43.15
68,50.28,94.3,43.93
57,50.32,94.74,43.93
70,50.28,94.3,43.61
55,50.32,94.74,43.61
58,50.56,94.94,43.93
57,50.56,94.94,43.61
49,50.6,95.38,43.93
49,50.6,95.38,43.61
64,50.52,94.5,44.24
60,50.52,94.5,44.55
56,50.56,94.94,44.24
52,50.56,94.94,44.55
47,50.6,95.38,44.24
43,50.6,95.38,44.55
74,50.74,94.48,43.15
60,50.8,95.14,43.3
56,50.8,95.14,42.99
67,51.04,95.34,43.3
65,51.04,95.34,42.99
55,50.84,95.58,43.3
53,50.84,95.58,42.99
11,50.55,97.38,41.11
4,50.35,97.62,41.11
3,50.17,98.08,41.27
15,50.55,97.38,41.43
7,50.35,97.62,41.43
9,50.11,97.42,42.05
6,50.11,97.42,41.74
10,50.31,97.18,41.74
15,50.31,97.18,42.05
6,50.17,98.08,41.9
19,50.88,96.02,41.74
29,50.88,96.02,42.05
15,50.67,96.26,41.74
23,50.67,96.26,42.05
24,50.71,96.7,41.74
30,50.71,96.7,42.05
17,50.51,96.94,41.74
23,50.51,96.94,42.05
30,51.11,96.22,41.43
26,51.11,96.22,41.11
24,50.91,96.46,41.43
20,50.91,96.46,41.11
43,50.95,96.9,41.43
43,50.95,96.9,41.11
25,50.75,97.14,41.11
29,50.75,97.14,41.43
3,54.3,105.27,41.41
2,54.5,103.5,41.3
81,51.4,94.42,41.11
41,51.44,94.86,41.11
18,51.48,95.3,41.11
26,51.52,95.74,41.11
27,51.32,95.98,41.11
70,51.4,94.42,41.43
72,51.16,94.22,41.74
95,51.36,93.98,41.74
80,51.16,94.22,42.05
35,51.44,94.86,41.43
42,51.2,94.66,41.74
60,51.2,94.66,42.05
23,51.48,95.3,41.43
27,51.24,95.1,41.74
47,51.24,95.1,42.05
35,51.52,95.74,41.43
29,51.28,95.54,41.74
46,51.28,95.54,42.05
33,51.32,95.98,41.43
24,51.08,95.78,41.74
36,51.08,95.78,42.05
95,51.32,93.54,41.11
98,51.32,93.54,41.43
91,51.29,93.1,41.11
98,51.56,93.74,41.11
99,51.6,94.18,41.11
98,51.56,93.74,41.43
97,51.6,94.18,41.43
54,51.35,96.42,40.87
54,51.15,96.66,40.87
68,51.19,97.1,40.87
58,50.99,97.34,40.87
41,50.79,97.58,40.87
12,50.59,97.82,40.87
16,50.65,98.48,40.87
2,50.25,98.96,40.87
3,50.72,99.36,40.66
47,51.05,98,40.66
24,51.13,98.88,40.66
71,51.59,96.62,40.66
71,51.39,96.86,40.66
57,51.45,97.52,40.66
3,51.21,99.76,40.46
38,51.53,98.4,40.46
17,51.61,99.29,40.46
50,51.85,97.05,40.46
27,51.93,97.93,40.46
96,51.64,94.62,40.87
104,51.84,94.38,40.87
66,51.68,95.06,40.87
34,51.72,95.5,40.87
44,51.76,95.94,40.87
48,51.56,96.18,40.87
84,51.45,92.42,40.87
74,51.69,92.62,40.87
97,51.52,93.3,40.87
100,51.49,92.86,40.87
93,51.76,93.5,40.87
100,51.8,93.94,40.87
98,52.04,94.14,40.66
108,52.08,94.59,40.66
109,51.88,94.82,40.66
99,51.92,95.26,40.66
71,51.96,95.71,40.66
74,52,96.15,40.66
68,51.79,96.38,40.66
57,51.95,93.04,40.66
80,52,93.7,40.66
56,52.24,93.91,40.66
80,52.28,94.35,40.46
99,52.32,94.79,40.46
117,52.12,95.03,40.46
107,52.16,95.47,40.46
90,52.4,95.67,40.46
91,52.2,95.91,40.46
52,52.26,96.57,40.46
8,52.42,93.44,40.46
16,52.48,94.11,40.46
81,49.69,92.58,40.66
81,49.36,92.61,40.66
82,49.24,92.5,40.66
82,49.02,92.52,40.65
6,51.87,92.15,40.66
97,51.21,92.22,40.66
103,50.97,92.01,40.66
2,51.79,91.33,40.87
89,51.21,92.22,40.87
87,51.25,92.66,41.11
87,51.01,92.46,40.87
91,50.97,92.02,40.87
80,50.77,92.26,40.87
89,50.53,92.05,40.66
85,50.29,91.85,40.66
82,48.9,92.46,40.66
9,47.01,95.08,40.49
7,46.97,95.14,40.5
13,47,94.98,40.49
3,46.92,95.26,40.53
11,46.93,94.09,40.5
15,46.98,94.03,40.49
12,46.94,94.93,40.49
11,46.92,94.7,40.49
12,46.97,94.64,40.49
59,48.17,93.03,40.51
64,48.16,92.86,40.56
48,48.07,92.96,40.62
64,48.15,92.79,40.58
50,47.97,93.2,40.49
48,47.75,93.22,40.49
53,47.95,93.05,40.52
35,47.86,93.19,40.58
42,47.58,93.31,40.49
37,47.54,93.27,40.55
41,47.48,93.32,40.5
28,47.17,93.67,40.49
19,47.06,93.69,40.5
21,47.07,93.8,40.49
33,47.38,93.34,40.55
41,47.43,93.38,40.49
24,47.28,93.56,40.61
29,47.28,93.57,40.53
30,47.21,93.62,40.49
25,47.33,93.5,40.61
36,47.31,93.5,40.48
35,47.32,93.39,40.5
28,47.28,93.46,40.54
12,46.98,93.93,40.55
20,47.03,93.97,40.49
17,47.02,93.86,40.5
12,46.99,93.81,40.51
102,49.45,92.38,40.46
102,49.12,92.4,40.46
105,49.61,91.68,40.46
102,49.41,91.93,40.46
111,50.05,91.62,40.46
7,51.39,91.68,40.46
126,50.73,91.79,40.46
126,50.49,91.57,40.46
117,49.81,91.4,40.46
102,49,92.3,40.46
101,48.89,92.39,40.46
99,48.46,92.5,40.46
3,46.8,95.16,40.43
16,46.91,95.04,40.42
11,46.9,94.04,40.42
11,46.9,94.15,40.42
14,46.93,93.98,40.42
16,46.88,94.82,40.42
16,46.87,94.6,40.42
71,48.05,92.94,40.43
79,48.04,92.72,40.45
69,47.84,92.99,40.43
63,47.85,93.18,40.42
63,47.69,93.2,40.42
60,47.64,93.26,40.43
66,47.63,93.16,40.42
62,47.53,93.26,40.42
59,47.42,93.29,40.42
63,47.83,92.92,40.43
33,47.12,93.63,40.42
21,47.06,93.62,40.42
19,47.03,93.65,40.42
20,47.02,93.75,40.42
56,47.37,93.33,40.42
49,47.28,93.56,40.43
40,47.17,93.57,40.42
43,47.26,93.36,40.42
49,47.27,93.45,40.42
20,46.98,93.92,40.42
12,46.95,93.82,40.42
2,47.04,95.3,40.61
2,46.94,95.25,40.61
5,46.98,95.14,40.55
6,47.03,95.08,40.54
9,47.02,94.97,40.53
10,46.96,94.92,40.54
5,47.01,94.97,40.61
6,46.95,94.92,40.61
2,47.06,94.91,40.68
3,47.03,95.19,40.61
3,46.97,95.14,40.61
2,47.07,95.02,40.68
4,47.02,95.08,40.61
3,47.08,95.13,40.61
2,48.89,95.85,42.68
3,48.72,95.92,43.3
2,48.42,95.71,43.3
2,48.43,95.92,43.61
2,48.72,95.92,42.99
2,47.28,95.35,44.7
2,47.29,95.56,45.1
2,47.27,95.34,45.1
2,47.25,95.12,45.1
2,47.29,95.56,45.25
2,47.13,95.02,45.1
2,47.11,94.8,45.1
2,47.2,95.22,44.7
2,47.23,95.19,44.76
2,47.21,95.4,44.79
2,47.24,95.38,44.85
2,47.28,95.56,44.79
2,47.23,95.13,44.97
2,47.27,95.17,44.8
2,47.29,95.56,44.94
2,47.26,95.34,44.95
2,47.18,95.08,44.75
2,47.14,95.08,44.69
2,47.03,95.03,44.79
2,47.07,95.02,44.85
2,47.12,94.87,44.76
2,47.08,94.9,44.7
2,47.12,95.02,44.95
2,47.1,94.8,44.96
3,47.37,95.22,45.57
2,47.39,95.44,45.57
2,47.39,95.44,45.41
3,47.37,95.22,45.41
3,47.35,95,45.41
2,47.27,95.34,45.25
2,47.25,95.12,45.25
3,47.23,94.9,45.41
2,47.13,95.02,45.25
3,47.11,94.8,45.25
2,47.31,95.78,45.41
2,47.31,95.78,45.57
2,47.29,95.56,45.41
2,47.29,95.56,45.57
2,48.73,96.87,46.9
2,48.47,96.45,46.43
2,48.27,96.69,46.43
3,48.23,96.25,46.43
3,47.99,96.05,46.11
2,48.03,96.49,46.43
2,47.79,96.29,46.11
3,47.76,95.85,46.11
3,47.52,95.65,45.8
2,47.55,96.09,46.11
2,48.25,96.47,47.52
2,48.8,96.09,42.68
2,49.77,98.56,41.9
3,49.35,96.38,42.36
6,50.17,98.08,42.52
8,49.83,96.78,42.36
12,50.09,97.2,42.52
10,49.83,96.78,42.68
2,49.43,97.26,41.74
3,49.63,97.02,42.05
3,49.69,97.68,41.9
5,49.59,96.58,42.36
7,49.59,96.58,42.68
2,49.39,96.82,42.05
5,49.35,96.38,42.68
2,49.15,96.62,42.05
2,49.11,96.18,42.36
3,49.11,96.18,42.68
2,48.67,96.23,42.99
2,49.77,98.56,43.15
4,49.15,96.62,43.3
3,48.95,96.86,43.61
4,49.69,97.68,43.15
3,49.43,97.26,43.61
6,49.63,97.02,42.99
6,49.63,97.02,43.3
5,49.39,96.82,43.3
5,49.39,96.82,42.99
3,49.19,97.06,43.61
4,49.15,96.62,42.99
3,48.91,96.42,43.3
2,48.71,96.65,43.61
3,48.91,96.42,42.99
2,48.67,96.23,43.3
2,48.44,96.1,43.3
2,48.44,96.1,42.99
2,48.75,97.09,43.93
2,49.23,97.5,43.61
2,49.23,97.5,43.93
2,48.99,97.3,43.93
2,48.99,97.3,43.61
2,48.51,96.89,43.93
2,48.47,96.45,43.93
2,48.47,96.45,43.61
2,48.05,95.92,43.92
2,48.11,96.07,44.16
2,48.23,96.25,43.93
2,48.23,96.25,43.61
2,47.8,96.4,45.25
2,47.68,96.3,45.25
2,47.42,95.88,44.94
2,47.42,95.88,45.1
2,47.31,95.78,45.1
2,47.42,95.88,45.25
2,47.31,95.78,45.25
2,47.44,96.1,45.25
2,47.56,96.2,45.25
2,47.59,96.53,45.8
2,47.32,96,45.41
2,47.2,95.9,45.41
2,47.32,96,45.57
2,47.2,95.9,45.57
2,47.35,96.33,45.8
2,47.31,95.89,45.8
2,47.35,96.33,46.11
2,47.59,96.53,46.43
2,47.35,96.33,46.43
2,47.08,94.78,44.75
2,47.04,94.77,44.69
2,47.21,94.33,44.63
2,47.19,94.3,44.58
3,47.14,94.46,45
3,47.14,94.37,44.84
2,46.97,94.49,44.71
2,46.96,94.47,44.71
2,47.02,94.48,44.76
2,47.17,94.42,44.62
2,47.07,94.58,44.98
2,47.08,94.48,44.81
4,47.19,94.46,45.25
3,47.09,94.58,45.25
4,47.19,94.46,45.1
3,47.09,94.58,45.1
2,46.94,94.7,44.82
2,46.98,94.58,44.69
2,47.02,94.58,44.75
2,46.99,94.7,44.94
2,46.99,94.7,45.1
5,47.68,94.97,45.8
4,47.45,94.88,45.57
5,47.55,94.76,45.57
5,47.43,94.66,45.57
5,47.31,94.56,45.41
4,47.33,94.78,45.57
4,47.21,94.68,45.41
3,47.48,95.21,45.8
3,47.35,95,45.57
3,47.23,94.9,45.57
4,47.19,94.46,45.41
3,47.09,94.58,45.41
3,46.99,94.7,45.25
3,48.65,95.99,46.9
4,48.4,95.57,46.43
3,48.2,95.81,46.43
5,48.16,95.37,46.43
5,47.92,95.17,46.11
4,47.96,95.61,46.43
4,47.72,95.41,46.11
4,47.48,95.21,46.11
5,47.68,94.97,46.11
2,48.18,95.59,47.52
2,47.7,95.19,48.15
10,47.07,94.3,40.61
3,47.09,94.35,40.76
2,47.15,94.32,40.78
2,47.12,94.41,40.77
2,47.11,94.69,40.74
2,47.09,94.64,40.77
5,47.11,94.35,40.68
8,47.1,94.45,40.6
3,47.12,94.43,40.7
3,47.12,94.46,40.67
3,47.11,94.48,40.69
2,47.07,94.57,40.78
4,47.11,94.58,40.66
3,47.12,94.52,40.7
2,47.11,94.5,40.78
2,47.11,94.47,40.76
3,47.06,94.53,40.76
7,47.03,94.58,40.61
7,47.08,94.52,40.6
12,47.03,94.58,40.53
9,47.07,94.41,40.6
14,47.07,94.41,40.53
24,47.03,94.47,40.48
14,47.1,94.52,40.51
11,47.08,94.53,40.53
10,47.02,94.36,40.61
15,47.02,94.36,40.53
15,47.01,94.25,40.53
12,46.95,94.2,40.55
17,46.99,94.25,40.49
13,46.94,94.2,40.5
20,46.94,94.48,40.43
21,46.96,94.31,40.43
13,46.89,94.26,40.42
3,47,94.86,40.68
7,46.9,94.82,40.58
2,47.09,94.75,40.76
2,47.1,94.74,40.68
3,47.09,94.63,40.68
6,47.04,94.69,40.61
3,47.05,94.8,40.68
7,46.99,94.75,40.61
8,46.93,94.7,40.61
11,46.94,94.71,40.53
8,46.98,94.64,40.61
12,46.99,94.64,40.53
8,47.59,93.55,40.78
8,47.54,93.59,40.77
8,47.48,93.64,40.77
7,47.42,93.69,40.77
9,46.94,93.99,40.56
13,46.99,94.03,40.54
7,46.91,94.04,40.56
10,46.95,94.09,40.55
13,47.11,94.13,40.61
6,47.15,94.18,40.68
3,47.19,94.2,40.76
14,47.05,94.08,40.61
13,47,94.14,40.61
13,47.06,94.19,40.61
6,47.12,94.24,40.68
2,47.17,94.26,40.77
2,47.16,94.26,40.83
11,47.5,93.88,44.72
13,47.4,93.8,44.64
5,47.42,93.98,44.7
16,47.59,93.98,45.14
16,47.51,93.9,44.96
16,47.59,93.98,45.25
11,47.48,94.1,45.13
10,47.42,94.02,44.94
12,47.49,94.1,45.25
4,47.35,94.09,44.68
5,47.29,94.14,44.9
2,47.25,94.21,44.63
2,47.22,94.2,44.59
4,47.22,94.25,44.88
3,47.29,94.2,44.66
8,47.39,94.22,45.25
5,47.29,94.34,45.25
7,47.38,94.22,45.12
6,47.36,94.13,44.93
5,47.28,94.34,45.12
13,48.08,94.49,45.8
16,47.95,94.28,45.57
12,47.85,94.4,45.57
16,47.83,94.18,45.57
16,47.71,94.08,45.41
12,47.73,94.3,45.57
12,47.61,94.2,45.41
8,47.88,94.73,45.8
7,47.65,94.64,45.57
9,47.75,94.52,45.57
9,47.63,94.42,45.57
9,47.51,94.32,45.41
7,47.53,94.54,45.57
6,47.41,94.44,45.41
12,47.49,94.1,45.41
16,47.59,93.98,45.41
9,47.39,94.22,45.41
6,47.29,94.34,45.41
4,49.06,95.52,46.9
8,48.8,95.09,46.43
6,48.6,95.33,46.43
9,48.56,94.89,46.43
11,48.32,94.69,46.11
6,48.36,95.13,46.43
8,48.12,94.93,46.11
8,47.88,94.73,46.11
12,48.08,94.49,46.11
3,48.58,95.11,47.52
2,48.1,94.71,48.15
20,47.24,93.73,40.61
14,47.28,93.78,40.68
7,47.31,93.8,40.76
21,47.29,93.67,40.61
8,47.37,93.72,40.76
15,47.34,93.71,40.68
6,47.32,93.78,40.79
20,47.18,93.68,40.61
19,47.12,93.64,40.55
22,47.23,93.62,40.61
23,47.17,93.58,40.55
14,47.06,93.62,40.56
18,47.14,93.85,40.61
19,47.19,93.79,40.61
12,47.2,93.9,40.68
5,47.27,93.93,40.78
12,47.24,93.84,40.68
6,47.29,93.87,40.77
3,47.27,93.92,40.85
16,47.08,93.8,40.61
13,47.03,93.76,40.55
18,47.13,93.74,40.61
17,47.08,93.7,40.55
13,47.04,93.65,40.56
8,47.22,93.95,40.74
9,47.2,94.01,40.68
4,47.24,94.03,40.77
9,47.16,94.07,40.68
3,47.22,94.1,40.77
2,47.24,94.05,40.88
12,47.15,93.96,40.68
16,47.09,93.91,40.61
11,47.1,94.02,40.68
14,47.04,93.97,40.61
11,47,93.81,40.56
13,47.03,93.86,40.61
11,46.98,93.92,40.61
18,47.92,93.26,40.78
6,47.97,93.3,40.99
8,47.92,93.33,40.88
46,48.28,92.92,40.72
32,48.4,93.02,40.88
15,48.4,93.17,41.07
10,48.39,93.28,41.2
60,49.72,93.65,42.05
62,49.51,93.57,42.05
67,49.21,93.6,42.05
58,50,93.66,41.74
69,49.87,93.45,41.5
49,49.72,93.66,41.74
60,49.77,93.57,41.5
45,49.56,93.62,41.69
71,49.75,93.35,41.5
63,49.66,93.46,41.5
69,49.53,93.37,41.35
51,49.51,93.57,41.74
58,49.4,93.5,41.5
48,49.21,93.6,41.74
68,49.41,93.27,41.35
51,49.29,93.17,41.19
54,49.22,93.25,41.32
64,49.29,93.42,41.5
55,49.15,93.35,41.35
65,49.05,93.49,41.5
54,48.97,93.43,41.53
37,49.18,93.06,41.19
40,49.06,92.96,41.04
46,48.72,92.88,40.88
34,48.84,92.98,41.04
21,48.81,93.15,41.24
18,48.76,93.29,41.36
27,48.96,93.08,41.19
32,49.1,93.15,41.33
36,49.03,93.23,41.48
21,48.91,93.18,41.35
21,48.85,93.34,41.5
41,48.62,93,40.88
25,48.82,93.09,41.15
32,48.74,93.09,41.03
25,48.52,93.08,41.02
17,48.75,93.13,41.26
21,48.71,93.15,41.18
14,48.52,93.14,41.16
16,48.7,93.27,41.35
17,48.58,93.28,41.22
100,48.67,92.41,40.46
80,48.68,92.48,40.66
66,48.8,92.56,40.78
36,48.94,92.86,41.04
50,48.82,92.76,40.88
78,48.58,92.56,40.64
63,48.7,92.68,40.76
61,49.69,92.58,40.87
72,49.84,93.01,41.19
79,49.96,93.22,41.43
72,49.74,93.13,41.19
73,49.63,93.25,41.35
52,49.6,92.81,41.04
64,49.72,92.91,41.19
52,49.5,92.93,41.04
65,49.62,93.03,41.19
70,49.51,93.15,41.35
52,49.4,93.05,41.19
47,49.48,92.71,41.04
59,49.36,92.61,40.87
46,49.38,92.83,41.04
57,49.26,92.72,40.87
38,49.28,92.95,41.19
42,49.16,92.84,41.04
59,49.24,92.5,40.87
57,49.14,92.62,40.87
67,49,92.55,40.78
39,49.04,92.74,41.04
54,48.92,92.64,40.88
68,48.9,92.48,40.78
95,51.36,93.98,42.05
92,51.29,93.1,41.43
84,50.92,94.02,42.36
67,50.48,94.06,42.36
98,51.32,93.54,41.74
95,51.08,93.34,41.43
94,51.12,93.78,42.05
91,50.88,93.58,41.74
77,50.68,93.82,42.05
88,50.92,94.02,42.68
75,50.48,94.06,42.68
87,51.05,92.9,41.43
77,50.81,92.7,41.11
69,50.24,93.86,42.36
61,49.86,93.88,42.36
92,50.85,93.14,41.43
80,50.61,92.94,41.11
90,50.64,93.38,41.74
88,50.41,93.18,41.43
78,50.44,93.62,42.05
77,50.2,93.42,41.74
65,50,93.66,42.05
78,50.24,93.86,42.68
72,49.86,93.88,42.68
69,50.57,92.5,41.11
69,50.33,92.3,40.87
72,49.72,93.65,42.36
77,49.51,93.57,42.36
82,49.21,93.6,42.36
72,50.37,92.74,41.11
67,50.13,92.54,40.87
64,49.93,92.78,41.11
84,50.17,92.98,41.43
81,49.72,93.65,42.68
84,49.51,93.57,42.68
83,49.21,93.6,42.68
79,49.85,91.89,40.66
64,50.09,92.1,40.87
80,49.65,92.14,40.66
63,49.89,92.34,40.87
86,50,93.66,42.99
82,50.24,93.86,42.99
82,50.24,93.86,43.3
80,50.48,94.06,42.99
81,50.48,94.06,43.3
84,50,93.66,43.3
48,49.73,93.02,44.55
32,49.93,92.78,44.86
23,49.93,92.78,45.18
30,49.69,92.58,44.86
21,49.69,92.58,45.18
9,49.45,92.38,45.49
5,49.45,92.38,45.8
70,48.82,93.31,43.6
88,49.77,93.45,42.99
85,49.35,93.45,42.99
79,49,93.45,42.99
85,49.77,93.45,43.3
81,49.35,93.45,43.3
75,49,93.45,43.29
65,48.71,93.26,43.89
70,49.96,93.22,43.93
79,49.96,93.22,43.61
59,49.73,93.02,44.24
70,49.53,93.25,43.93
68,49.11,93.28,43.91
68,48.89,93.12,43.91
78,49.53,93.25,43.61
75,49.11,93.28,43.61
51,48.39,93.29,44.47
60,49.28,93.06,44.24
49,49.28,93.06,44.55
59,48.91,92.98,44.25
59,48.77,93.06,44.21
58,48.53,93.26,44.17
48,48.93,93.02,44.59
50,48.75,93.09,44.51
53,48.54,93.28,44.41
47,49.49,92.82,44.55
44,47.94,93.55,44.73
42,47.84,93.62,44.74
38,47.68,93.69,44.71
35,48.01,93.55,44.96
42,47.96,93.6,44.76
29,48.01,93.72,45.15
32,47.91,93.66,44.98
40,47.86,93.67,44.76
28,48.01,93.72,45.25
26,47.79,93.74,45.13
30,47.71,93.68,44.94
25,47.79,93.74,45.25
31,47.49,93.71,44.63
28,47.52,93.74,44.67
25,47.5,93.7,44.89
22,47.57,93.75,45.11
21,47.57,93.76,45.25
38,48.66,93.28,44.98
48,48.2,93.32,44.58
44,48.4,93.14,44.69
42,48.4,93.25,44.81
47,48.21,93.35,44.63
34,48.64,93.33,45.18
39,48.21,93.36,44.89
45,48.03,93.42,44.66
47,48.04,93.32,44.58
33,48.45,93.56,45.21
30,48.11,93.6,45.25
32,48.11,93.59,45.14
37,48.22,93.5,44.95
37,49.05,92.85,44.86
28,49.05,92.85,45.18
38,48.84,93.09,44.93
41,48.79,92.96,44.78
45,48.59,93.14,44.69
43,48.6,93.16,44.75
31,48.84,93.09,45.18
34,49.25,92.62,44.86
23,49.25,92.62,45.18
27,47.99,93.5,45.41
25,47.89,93.62,45.41
23,48.24,93.81,45.8
25,48.11,93.6,45.57
24,48.01,93.72,45.57
25,47.99,93.5,45.57
23,47.89,93.62,45.57
19,48.04,94.05,45.8
22,47.91,93.84,45.57
19,47.81,93.96,45.57
22,47.79,93.74,45.57
19,47.69,93.86,45.57
23,47.67,93.64,45.41
20,47.57,93.76,45.41
25,48.4,93.13,45.49
20,48.4,93.13,45.8
27,48.2,93.37,45.49
22,48.2,93.37,45.8
17,48.81,92.65,45.49
22,48.61,92.89,45.49
8,49.21,92.17,45.49
4,49.21,92.17,45.8
12,49.01,92.41,45.49
7,49.01,92.41,45.8
18,48.2,93.37,46.11
16,49.3,93.28,46.27
15,49.05,92.85,45.8
18,48.64,93.33,46.11
20,48.84,93.09,45.8
12,48.81,92.65,45.8
16,48.4,93.13,46.11
17,48.61,92.89,45.8
4,49.23,92.39,46.27
9,48.98,94.63,46.9
15,48.72,94.21,46.43
12,48.52,94.45,46.43
13,48.28,94.25,46.43
16,48.04,94.05,46.11
15,48.48,94.01,46.43
19,48.24,93.81,46.11
11,48.9,93.75,46.9
15,48.64,93.33,46.43
16,48.44,93.57,46.43
13,48.4,93.13,46.43
14,48.2,93.37,46.43
7,48.83,92.87,46.9
2,48.75,91.99,46.9
4,48.5,94.23,47.52
4,48.42,93.35,47.52
2,48.35,92.47,47.52
2,48.42,93.35,48.15
2,48.02,93.83,48.15
2,47.95,92.95,48.15
8,48.29,93.14,41.17
5,48.2,93.28,41.2
17,48.29,93.09,41.02
10,48.17,93.17,41.07
45,48.6,92.78,40.88
59,48.47,92.69,40.75
74,48.36,92.58,40.64
96,48.24,92.52,40.46
39,48.5,92.9,40.88
54,48.37,92.81,40.73
69,48.26,92.7,40.61
91,48.14,92.6,40.45
5,48.01,93.29,41.06
11,48.08,93.19,41.02
13,47.6,93.5,40.74
16,47.65,93.47,40.68
8,47.68,93.5,40.77
9,47.74,93.46,40.77
5,47.69,93.49,40.88
20,47.6,93.42,40.68
29,47.54,93.37,40.61
31,47.48,93.32,40.6
35,47.42,93.3,40.56
18,47.71,93.41,40.68
26,47.76,93.36,40.61
19,47.8,93.39,40.67
27,47.81,93.3,40.61
20,47.85,93.33,40.68
10,47.82,93.4,40.77
22,47.65,93.36,40.68
29,47.7,93.31,40.61
30,47.59,93.31,40.61
37,47.64,93.26,40.54
39,47.69,93.2,40.54
31,47.75,93.25,40.61
33,47.53,93.26,40.6
40,47.63,93.17,40.56
20,47.44,93.49,40.68
22,47.49,93.43,40.68
22,47.38,93.44,40.68
24,47.43,93.38,40.68
27,47.32,93.39,40.6
26,47.26,93.37,40.56
29,47.37,93.33,40.6
14,47.55,93.48,40.76
17,47.34,93.61,40.68
13,47.49,93.54,40.76
11,47.38,93.64,40.75
16,47.45,93.6,40.68
19,47.39,93.55,40.68
19,47.28,93.56,40.68
21,47.33,93.5,40.68
48,48.16,92.83,40.73
25,48.17,93.04,40.88
40,48.05,92.94,40.72
12,47.95,93.22,40.91
17,47.97,93.19,40.84
26,47.85,93.18,40.72
20,48.07,93.14,40.87
33,47.95,93.06,40.72
44,47.84,93.01,40.62
2,44.07,112.28,51.12
2,45.02,112.28,52.55
2,45.56,112.28,52.56
2,44.19,112.09,50.78
2,44.93,112.28,50.63
2,45.47,112.28,50.64
2,44.17,111.89,50.7
2,44.81,98.54,64.3
2,44.73,97.66,64.3
2,45.27,98.06,64.1
2,44.34,99.02,64.3
2,43.53,103.96,40.65
2,47.33,96.11,61.26
2,45.69,97.58,63.72
2,45.19,97.18,64.1
2,44.62,96.78,64.3
2,44.52,95.9,64.3
2,44.99,95.42,64.3
2,45,125.83,48.15
2,44.97,125.61,48.14
8,44.01,125.4,47.82
15,43.65,123.17,47.88
16,43.46,123.16,47.91
2,45,125.83,48.77
2,44.97,125.62,48.77
2,44.98,125.62,49.39
5,44.01,125.4,49.05
2,44.02,129.23,47.83
2,44.71,126.95,48.77
2,45.29,133.55,47.83
3,44.48,134.51,46.58
4,43.68,135.47,46.58
2,45.52,136.2,48.46
2,44.33,132.75,47.83
2,43.37,131.95,46.58
4,42.57,132.9,45.33
3,43.53,133.71,46.58
3,42.72,134.67,46.58
2,42,136.5,48.46
2,43.25,115.04,57.52
2,43.26,115.84,57.83
3,44.02,125.4,50.24
2,43.43,125.17,51.98
3,43.35,124.85,51.85
3,44,125.39,51.33
2,46.09,132.6,49.08
2,45.29,133.55,49.08
2,46.89,131.64,50.33
2,45.94,130.84,50.33
2,44.98,130.03,49.08
2,44.17,130.99,47.83
2,45.13,131.79,49.08
2,44.33,132.75,49.08
3,44.02,129.23,49.08
3,43.22,130.19,47.83
2,44.1,112.28,51.85
2,43.25,114.21,51.25
2,43.25,114.21,51.88
2,43.25,113.27,52.53
2,43.25,113.26,53.15
2,43.25,113.26,53.77
2,43.25,113.27,54.39
2,43.25,115.06,52.48
2,43.25,115.06,53.11
2,43.26,115.84,53.05
2,43.25,113.81,52.52
2,43.25,114.67,52.49
2,43.05,114.22,52.52
2,43.25,113.81,53.14
2,43.25,114.67,53.12
2,43.05,114.22,53.14
2,43.25,115.06,53.74
3,43.25,115.05,54.37
3,43.26,115.85,54.02
2,43.25,113.81,53.77
3,43.25,114.67,53.75
2,43.05,114.22,53.77
3,43.25,113.81,54.39
4,43.25,114.67,54.38
3,43.05,114.22,54.39
2,43.92,111.69,55.2
2,43.36,110.19,54.94
2,43.3,110.65,54.94
2,43.27,111.16,54.8
2,43.69,111.92,55.59
2,43.44,111.81,55.56
2,43.53,111.51,55.7
2,43.38,111.18,55.82
2,43.36,110.19,55.82
2,43.27,111.15,55.97
2,43.3,110.65,55.82
2,43.26,112.54,55
3,43.25,112.54,55.68
2,43.26,111.15,56.3
2,43.25,112.47,56.91
3,43.25,112.51,56.32
4,43.25,115.05,55
5,43.25,115.04,55.63
4,43.26,115.85,55.3
4,43.25,113.81,55.02
4,43.25,114.67,55.01
3,43.05,114.22,55.02
4,43.25,113.81,55.64
5,43.25,114.67,55.64
3,43.05,114.22,55.64
4,43.25,115.04,56.26
3,43.25,115.04,56.89
4,43.26,115.84,56.57
2,43.25,113.81,56.9
3,43.25,114.66,56.89
2,43.05,114.22,56.89
4,43.25,113.81,56.27
4,43.25,114.67,56.27
3,43.05,114.22,56.27
2,43.05,113.27,55.02
3,43.05,113.27,55.65
2,43.05,113.26,56.27
2,43.05,113.26,56.9
2,46.13,107.75,41.9
4,45.25,107.83,41.9
3,45.66,107.35,41.27
9,44.78,107.42,41.27
13,45.18,106.95,40.87
18,44.29,107.02,40.87
21,44.67,106.54,40.66
12,44.05,106.14,40.46
3,45.66,107.35,42.52
7,44.78,107.42,42.52
3,45.18,106.95,43.15
4,44.29,107.02,43.15
2,46.06,106.87,41.9
2,45.98,105.99,41.9
3,45.58,106.47,42.52
4,45.58,106.47,41.27
6,45.1,106.06,40.87
5,44.59,105.66,40.66
3,43.97,105.26,40.46
3,43.73,107.51,43.15
3,44.05,108.4,41.9
2,43.73,108.32,42.52
2,43.73,108.85,41.88
5,44.35,107.9,41.9
7,44.01,107.49,42.52
2,43.53,106.64,43.16
4,43.53,107.52,42.53
13,43.53,106.18,40.59
9,44.01,107.49,41.27
3,43.73,108.32,41.23
18,43.88,106.62,40.65
4,43.72,107.5,40.78
4,43.53,106.65,40.66
6,43.53,107.53,41.2
57,42.71,113.84,40.79
68,42.77,114.69,40.75
79,42.32,115.19,40.69
68,42.59,112.98,40.69
78,41.86,115.67,40.84
24,43.25,118.69,44.39
19,43.25,116.46,44.4
21,43.25,117.34,44.4
23,43.25,118.15,44.39
20,43.05,118.15,43.77
19,43.05,117.34,43.77
19,42.82,118.18,43.15
18,42.8,117.35,43.15
25,42.71,119.36,42.36
25,42.51,119.6,42.36
22,42.71,119.36,42.68
21,42.51,119.6,42.68
23,42.63,118.71,42.52
55,42.06,116.54,41.32
33,42.5,116.94,41.9
34,42.71,119.36,41.74
35,42.51,119.6,41.74
28,42.71,119.36,42.05
29,42.51,119.6,42.05
32,42.55,117.82,41.9
31,42.63,118.71,41.9
52,42.13,117.42,41.32
49,42.2,118.3,41.31
48,42.27,119.18,41.29
20,42.71,119.36,42.99
19,42.51,119.6,42.99
18,42.63,118.71,43.15
20,43.05,118.7,43.76
17,42.71,119.36,43.3
16,42.51,119.6,43.3
17,42.74,119.8,43.3
19,42.86,119.57,43.3
17,42.88,119.99,43.76
21,43.05,119.57,43.78
20,43.05,119.99,44.4
25,43.25,119.58,44.4
26,43.25,119.99,45.02
24,43.25,119.1,45.02
16,42.85,119.12,43.77
18,43.05,119.1,44.4
2,44,122.16,49.84
12,43.67,121.07,47.88
16,43.44,121.28,47.95
6,43.69,122.21,49.27
11,43.39,122.21,48.82
26,43.25,122.22,45.03
15,42.83,122.22,43.76
20,43.05,122.23,44.42
10,43.57,122.94,48.69
2,44.41,122.98,49.1
7,44.42,123.02,47.84
18,43.53,121.5,48.69
2,44.29,121.22,47.84
17,43.36,121.28,47.49
20,43.57,121.5,47.07
19,43.59,122.94,47.07
3,43.69,122.18,46.49
22,43.39,122.18,46.94
26,43.25,122.21,45.61
26,43.25,120.51,45.02
20,43.05,120.52,44.4
27,43.25,121.32,45.03
20,43.05,121.33,44.41
16,42.63,120.92,43.3
15,42.43,121.16,43.3
16,42.79,121.35,43.76
15,42.39,120.72,43.3
14,42.19,120.96,43.3
16,42.55,120.04,43.3
15,42.35,120.28,43.3
15,42.73,120.46,43.77
24,42.01,121.42,42.52
61,41.14,120.56,41.46
45,41.51,121.02,41.88
16,42.01,121.42,43.15
25,42.15,120.52,42.36
21,42.15,120.52,42.68
27,41.95,120.76,42.36
22,41.95,120.76,42.68
41,41.91,120.32,41.74
34,41.91,120.32,42.05
44,41.71,120.56,41.74
37,41.71,120.56,42.05
56,41.49,120.14,41.37
25,42.11,120.08,42.36
25,42.31,119.84,42.36
20,42.31,119.84,42.68
21,42.11,120.08,42.68
56,41.46,119.28,41.42
38,41.85,119.66,41.9
17,42.15,120.52,42.99
17,41.95,120.76,42.99
18,42.31,119.84,42.99
18,42.11,120.08,42.99
15,42.11,120.08,43.3
15,42.31,119.84,43.3
72,42.04,117.44,40.84
68,42.09,118.32,40.83
65,42.24,119.17,40.75
79,41.57,116.14,40.96
74,41.67,117.02,40.97
74,41.39,119.26,40.98
76,41.44,120.14,40.9
20,43.05,124.42,45.02
12,42.31,124.94,43.77
13,42.67,124.46,43.77
13,42.61,123.58,43.77
13,42.49,121.82,43.77
17,42.24,124.06,43.15
17,42.16,123.18,43.15
16,42.08,122.3,43.15
12,42.67,124.47,44.4
12,42.62,123.58,44.39
21,43.05,123.56,45.02
24,43.25,123.56,45.62
25,43.25,123.04,45.61
14,42.82,123.08,44.39
21,43.05,123.04,45.02
21,43.25,123.97,46.52
16,42.84,123.99,45.02
20,43.05,123.96,45.64
12,42.55,122.7,44.07
3,44.23,126.55,46.27
2,44.63,126.1,46.27
8,43.75,126.14,45.65
4,44.17,125.84,45.65
3,44.23,126.55,46.9
2,44.63,126.1,46.9
20,43.26,124.77,46.55
9,43.92,125.57,46.58
18,43.12,125.28,45.65
14,43.26,125.84,45.65
15,42.91,124.89,45.02
18,43.08,124.84,45.64
19,43.05,124.42,45.64
11,42.87,126.22,45.02
10,42.39,125.82,44.4
12,42.76,125.35,45.02
10,42.31,124.94,44.4
8,43.35,126.63,45.65
3,43.87,127.47,46.58
11,42.87,126.22,45.65
13,41.91,125.42,43.15
34,41.19,124.6,41.55
15,41.91,125.42,42.52
20,41.43,125.02,41.89
22,41.84,124.54,42.52
37,41.37,124.14,41.9
17,41.84,124.54,43.15
53,41.13,121.5,41.88
29,41.61,121.9,42.52
51,41.21,122.38,41.89
30,41.68,122.78,42.52
48,41.28,123.26,41.89
30,41.76,123.66,42.52
17,41.61,121.9,43.15
12,41.91,125.42,43.77
17,41.51,125.9,42.52
17,41.59,126.78,42.52
15,41.51,125.9,43.15
23,41.04,125.49,41.91
13,41.13,126.36,41.94
18,40.73,126.83,42.06
52,41.4,124.13,41.07
46,41.14,124.6,41.13
86,40.74,120.21,41.14
80,41.04,120.63,41.05
78,40.98,121.51,41.15
75,41.06,122.39,41.17
68,41.14,123.27,41.17
40,40.89,125.5,41.21
25,41.1,126.39,41.24
30,40.71,126.86,41.41
49,39.7,130.54,41.67
57,38.89,131.51,41.8
13,41.51,125.9,43.77
13,41.59,126.78,43.15
9,41.99,126.3,44.4
12,41.99,126.3,43.77
8,42.47,126.7,45.65
8,42.47,126.7,45.02
7,42.95,127.1,45.65
8,42.95,127.1,45.02
9,42.11,127.62,44.08
6,42.26,129.38,44.08
4,43.06,128.42,45.33
3,43.22,130.19,45.33
2,43.22,130.19,46.58
4,43.06,128.42,46.58
9,41.46,130.34,44.08
3,42.41,131.14,45.33
3,42.41,131.14,46.58
15,40.65,131.3,44.08
4,41.61,132.1,45.33
7,41.76,133.86,45.33
6,42,136.5,45.96
7,40.81,133.06,45.33
4,38.47,136.81,45.96
2,34.95,137.12,45.96
17,41.19,127.26,43.15
19,41.19,127.26,42.52
17,41.3,128.58,42.82
20,40.56,127.49,42.14
55,39.76,126.85,41.53
41,40.1,128.11,41.58
44,39.69,130.48,42.87
23,39.85,132.25,44.08
39,39.85,132.22,43
21,40.08,134.84,43.87
50,38.89,131.42,42.93
33,38.16,133.37,42.16
10,34.64,133.67,42.22
11,36.56,135.14,43.91
2,31.11,133.98,42.2
3,33.04,135.44,43.94
29,40.5,129.53,42.83
57,39.54,128.76,41.59
17,43.25,114.21,44.42
18,43.25,115.64,44.4
17,43.25,115.12,44.41
19,43.25,113.75,43.87
19,43.25,114.74,43.83
16,43.06,114.2,43.8
16,43.05,115.13,43.79
17,43.25,114.71,44.42
22,42.77,116.47,42.52
35,42.45,116.06,41.9
59,41.97,115.65,41.31
22,43.19,114.24,42.55
21,43.12,114.77,42.54
21,42.9,115.08,42.53
22,43.07,114.5,42.57
18,43.1,114.81,43.04
17,42.9,115.1,43.12
17,43.08,114.7,43.31
22,42.74,115.57,42.52
29,43.18,114.24,41.89
29,43.11,114.78,41.9
30,43.06,114.51,41.89
31,42.9,115.09,41.89
48,42.73,114.69,41.27
27,42.9,114.07,41.89
45,42.63,113.82,41.26
52,42.42,113.4,40.91
32,42.74,115.57,41.9
66,42.11,114.76,40.93
54,42.36,115.18,41.28
23,42.5,116.94,42.52
23,42.55,117.82,42.52
18,42.77,116.47,43.15
18,43.05,116.46,43.77
17,42.74,115.57,43.15
17,43.05,115.64,43.78
23,43.25,113.21,43.22
23,43.12,113.81,42.55
28,43.26,113.22,42.57
67,43.25,109.34,41.17
39,43.08,113.29,41.25
43,43.25,112.43,41.2
65,43.05,112.45,40.69
56,42.82,112.47,40.81
29,43.08,113.28,41.89
33,43.25,112.42,41.88
19,43.25,113.21,43.82
20,42.9,114.07,42.52
19,43.1,114.18,42.89
20,43.11,113.83,42.96
19,43.09,113.76,43.3
17,42.91,114.22,43.13
26,42.86,113.35,41.89
59,42.37,112.53,40.95
45,42.57,112.94,41.28
124,43.05,109.34,40.68
135,43.25,109.34,40.54
132,43.25,110.72,40.51
100,43.25,111.6,40.53
112,43.03,112.47,40.36
106,42.78,113.82,40.36
112,42.79,114.7,40.36
104,42.14,114.77,40.38
104,42.5,113.41,40.37
113,42.5,112.54,40.37
110,41.83,114.8,40.39
113,41.53,115.26,40.4
105,41.82,117.9,40.41
104,41.87,118.79,40.4
110,41.09,118.84,40.45
113,41.25,115.73,40.43
111,41.38,116.61,40.44
108,41.46,117.49,40.44
115,40.78,118.87,40.48
114,41,119.73,40.44
93,40.87,124.62,40.48
99,40.95,123.73,40.49
95,40.58,125.08,40.5
127,40.45,120.23,40.49
120,40.65,121.09,40.48
114,40.76,121.97,40.49
117,40.43,123.33,40.53
108,40.84,122.85,40.5
91,40.18,126.02,40.53
105,39.19,127.06,40.58
82,38.74,129.79,40.62
73,37.93,130.79,40.71
41,36.25,131.85,40.89
105,38.58,127.97,40.59
7,32.71,132.14,40.87
3,59.53,103.79,41.33
3,59.69,104.85,41.48
4,59.95,105.11,40.79
3,60.59,105.6,41.55
3,61.43,105.08,40.82
3,60.05,104.88,42.8
3,61.39,104.64,42.83
2,60.47,103.83,44.08
2,62.16,103.68,44.08
4,63.1,106.19,41.87
4,63.1,106.18,41.2
4,63.1,105.49,40.72
3,62.32,105.43,41.55
3,62.38,105.44,40.66
3,63,104.43,40.46
3,63.3,105.39,41.35
2,59.53,103,41.32
3,63.1,105.41,42.82
3,62.74,104.44,42.83
4,63.3,104.37,42.78
2,60.02,103.01,44.08
3,59.73,103.85,42.83
2,59.73,103.04,44.08
3,59.53,103.03,42.81
4,59.95,104.81,40.63
2,61.36,104.33,40.66
3,60.3,103.78,40.46
2,62.3,103.67,40.46
3,59.74,102.96,40.46
2,50.25,98.96,42.52
22,50.57,97.6,42.52
9,50.65,98.48,42.52
48,50.89,96.24,42.52
48,50.97,97.12,42.52
86,51.16,94.22,42.36
88,51.16,94.22,42.68
74,51.22,94.88,42.52
69,51.3,95.76,42.52
49,50.44,93.62,44.86
42,50.44,93.62,45.18
38,50.41,93.18,44.86
29,50.41,93.18,45.18
34,50.17,92.98,44.86
25,50.17,92.98,45.18
35,50.44,93.62,45.49
30,50.44,93.62,45.8
16,50.17,92.98,45.49
10,50.17,92.98,45.8
20,50.41,93.18,45.49
15,50.41,93.18,45.8
4,50.11,92.32,45.65
5,50.59,92.72,46.27
24,50.66,93.6,46.27
5,50.59,92.72,46.9
15,50.66,93.6,46.9
52,50.68,93.82,44.86
46,50.68,93.82,45.18
56,50.72,94.26,44.86
50,50.72,94.26,45.18
40,50.68,93.82,45.49
35,50.68,93.82,45.8
44,50.72,94.26,45.49
39,50.72,94.26,45.8
2,50.09,97.2,45.02
28,50.64,95.82,44.86
23,50.64,95.82,45.18
19,50.44,96.06,44.86
15,50.44,96.06,45.18
7,50.49,96.72,45.02
18,50.64,95.82,45.49
14,50.64,95.82,45.8
12,50.44,96.06,45.49
9,50.44,96.06,45.8
3,50.49,96.72,45.65
58,50.96,94.46,44.86
52,50.96,94.46,45.18
55,50.76,94.7,44.86
49,50.76,94.7,45.18
48,50.8,95.14,44.86
43,50.8,95.14,45.18
48,51.04,95.34,44.86
42,51.04,95.34,45.18
39,50.84,95.58,44.86
33,50.84,95.58,45.18
46,50.96,94.46,45.49
40,50.96,94.46,45.8
43,50.76,94.7,45.49
37,50.76,94.7,45.8
37,50.8,95.14,45.49
31,50.8,95.14,45.8
35,51.04,95.34,45.49
29,51.04,95.34,45.8
27,50.84,95.58,45.49
22,50.84,95.58,45.8
30,51.14,94,46.27
18,51.14,94,46.9
5,50.89,96.24,46.27
2,50.89,96.24,46.9
28,51.22,94.88,46.27
14,51.3,95.76,46.27
15,51.22,94.88,46.9
6,51.3,95.76,46.9
7,50.66,93.6,47.52
2,50.59,92.72,47.52
2,50.66,93.6,48.15
8,51.14,94,47.52
3,51.14,94,48.15
6,51.22,94.88,47.52
2,51.3,95.76,47.52
2,51.22,94.88,48.15
57,50.44,93.62,44.55
57,50.41,93.18,44.24
48,50.41,93.18,44.55
56,50.17,92.98,44.24
45,50.17,92.98,44.55
65,50.44,93.62,44.24
71,50.2,93.42,43.93
80,50.2,93.42,43.61
73,50.24,93.86,43.93
79,50.24,93.86,43.61
74,50.48,94.06,43.93
78,50.48,94.06,43.61
87,51.14,94,43.15
67,50.68,93.82,44.24
59,50.68,93.82,44.55
68,50.72,94.26,44.24
63,50.72,94.26,44.55
7,50.09,97.2,43.77
2,50.17,98.08,43.77
4,50.09,97.2,44.4
14,50.57,97.6,43.15
4,50.65,98.48,43.15
42,50.64,95.82,43.93
44,50.64,95.82,43.61
32,50.44,96.06,43.93
34,50.44,96.06,43.61
21,50.49,96.72,43.77
38,50.64,95.82,44.24
34,50.64,95.82,44.55
28,50.44,96.06,44.24
24,50.44,96.06,44.55
12,50.49,96.72,44.4
52,50.89,96.24,43.15
34,50.97,97.12,43.15
73,50.74,94.48,43.77
60,50.8,95.14,43.93
61,50.8,95.14,43.61
64,51.04,95.34,43.93
66,51.04,95.34,43.61
53,50.84,95.58,43.93
55,50.84,95.58,43.61
69,50.96,94.46,44.24
64,50.96,94.46,44.55
65,50.76,94.7,44.24
60,50.76,94.7,44.55
58,50.8,95.14,44.24
53,50.8,95.14,44.55
59,51.04,95.34,44.24
54,51.04,95.34,44.55
49,50.84,95.58,44.24
44,50.84,95.58,44.55
80,51.22,94.88,43.15
72,51.3,95.76,43.15
3,50.25,98.96,41.27
3,50.25,98.96,41.9
37,50.79,97.58,41.11
34,50.79,97.58,41.43
15,50.59,97.82,41.11
18,50.59,97.82,41.43
18,50.65,98.48,41.27
23,50.57,97.6,41.9
15,50.65,98.48,41.9
37,51.11,96.22,41.74
46,51.11,96.22,42.05
30,50.91,96.46,41.74
38,50.91,96.46,42.05
50,50.97,97.12,41.9
57,51.35,96.42,41.43
54,51.35,96.42,41.11
52,51.15,96.66,41.43
52,51.15,96.66,41.11
64,51.19,97.1,41.43
66,51.19,97.1,41.11
54,50.99,97.34,41.11
51,50.99,97.34,41.43
2,54.3,103.5,41.42
84,51.64,94.62,41.11
101,51.84,94.38,41.11
47,51.68,95.06,41.11
32,51.72,95.5,41.11
49,51.76,95.94,41.11
51,51.56,96.18,41.11
97,51.56,93.74,41.74
76,51.64,94.62,41.43
74,51.4,94.42,41.74
98,51.84,94.38,41.43
96,51.6,94.18,41.74
84,51.4,94.42,42.05
95,51.6,94.18,42.05
45,51.68,95.06,41.43
48,51.44,94.86,41.74
67,51.44,94.86,42.05
41,51.72,95.5,41.43
40,51.48,95.3,41.74
61,51.48,95.3,42.05
59,51.76,95.94,41.43
58,51.56,96.18,41.43
50,51.52,95.74,41.74
64,51.52,95.74,42.05
43,51.32,95.98,41.74
55,51.32,95.98,42.05
80,51.45,92.42,41.11
73,51.69,92.62,41.11
93,51.52,93.3,41.11
92,51.52,93.3,41.43
93,51.49,92.86,41.11
90,51.76,93.5,41.11
98,51.8,93.94,41.11
87,51.76,93.5,41.43
96,51.8,93.94,41.43
90,51.52,93.3,41.74
85,51.76,93.5,41.74
96,52.04,94.14,40.87
70,51.59,96.62,40.87
70,51.39,96.86,40.87
61,51.45,97.52,40.87
48,51.05,98,40.87
25,51.13,98.88,40.87
4,50.72,99.36,40.87
5,51.2,99.76,40.66
43,51.53,98.4,40.66
20,51.61,99.29,40.66
55,51.85,97.05,40.66
40,51.93,97.93,40.66
27,52.01,98.81,40.46
5,52.11,100.11,40.46
16,52.34,97.45,40.46
19,52.42,98.33,40.46
101,51.88,94.82,40.87
104,52.08,94.59,40.87
83,51.92,95.26,40.87
62,51.96,95.71,40.87
71,52,96.15,40.87
67,51.79,96.38,40.87
11,51.87,92.16,40.87
60,51.95,93.04,40.87
80,52,93.7,40.87
60,52.24,93.91,40.87
81,52.28,94.35,40.66
97,52.32,94.79,40.66
113,52.12,95.03,40.66
100,52.16,95.47,40.66
86,52.4,95.67,40.66
85,52.2,95.91,40.66
53,52.26,96.57,40.66
2,52.35,92.56,40.66
14,52.42,93.44,40.66
25,52.48,94.11,40.66
4,52.72,94.31,40.46
39,52.52,94.55,40.46
64,52.58,95.21,40.46
41,52.66,96.09,40.46
11,52.75,96.97,40.46
81,49.45,92.38,40.66
82,49.12,92.4,40.66
77,49.61,91.69,40.66
78,49.41,91.93,40.66
24,51.39,91.73,40.66
100,50.73,91.81,40.66
99,50.49,91.6,40.66
24,51.32,91.05,40.65
39,51.39,91.76,40.87
6,51.79,91.33,41.27
32,51.32,91.16,40.87
68,51.69,92.62,41.43
87,51.49,92.86,41.43
75,51.45,92.42,41.43
83,51.21,92.22,41.11
85,51.25,92.66,41.43
80,51.01,92.46,41.11
81,50.97,92.02,41.11
86,50.73,91.82,40.87
72,50.77,92.26,41.11
74,50.53,92.06,40.87
83,50.49,91.62,40.87
69,50.29,91.86,40.87
83,50.05,91.64,40.66
85,49.81,91.44,40.66
82,49,92.3,40.66
82,48.89,92.39,40.66
77,48.46,92.5,40.65
7,46.9,95.04,40.51
2,46.8,95.16,40.55
8,46.9,94.04,40.51
8,46.9,94.15,40.51
10,46.93,93.98,40.51
8,46.86,94.82,40.5
7,46.85,94.6,40.51
58,48.05,92.94,40.55
60,48.04,92.72,40.61
40,47.42,93.29,40.51
53,47.84,92.99,40.55
50,47.85,93.16,40.5
46,47.69,93.19,40.5
40,47.74,93.1,40.61
43,47.63,93.25,40.5
39,47.59,93.21,40.56
47,47.63,93.16,40.51
43,47.53,93.26,40.5
54,47.83,92.92,40.57
18,47.13,93.52,40.56
22,47.11,93.63,40.5
16,47.06,93.62,40.51
14,47.03,93.65,40.51
14,47.02,93.75,40.51
38,47.37,93.33,40.5
22,47.22,93.51,40.6
25,47.22,93.52,40.55
34,47.27,93.55,40.49
26,47.16,93.57,40.5
20,47.16,93.49,40.56
24,47.27,93.45,40.6
25,47.24,93.4,40.56
30,47.26,93.36,40.51
32,47.26,93.45,40.49
13,46.97,93.92,40.5
9,46.95,93.82,40.52
102,49.21,92.17,40.46
111,49.37,91.46,40.46
103,49.17,91.72,40.46
129,50.25,91.33,40.46
3,51.31,90.76,40.57
90,50.91,91.2,40.46
127,49.57,91.11,40.46
135,50.01,91.04,40.46
102,48.88,92.2,40.46
101,48.78,92.32,40.46
100,48.56,92.34,40.46
99,48.45,92.42,40.46
9,46.78,94.94,40.42
7,46.86,94.05,40.42
7,46.87,94.15,40.42
6,46.87,93.93,40.42
4,46.76,94.72,40.42
3,46.75,94.5,40.43
67,47.94,92.84,40.44
80,47.92,92.62,40.45
69,47.74,93.08,40.42
68,47.63,93.13,40.42
65,47.58,93.21,40.42
62,47.47,93.21,40.42
59,47.42,93.25,40.42
57,47.72,92.86,40.44
29,47.12,93.52,40.42
20,47.05,93.58,40.42
14,47,93.64,40.42
11,46.96,93.7,40.42
49,47.31,93.28,40.42
44,47.26,93.32,40.42
32,47.16,93.49,40.42
45,47.22,93.51,40.42
39,47.23,93.4,40.42
10,46.92,93.87,40.42
7,46.91,93.76,40.43
2,47.01,94.97,40.68
5,46.92,95.03,40.6
3,46.95,94.92,40.68
2,47,94.86,40.76
2,46.95,94.92,40.76
2,48.72,95.92,42.68
2,48.43,95.92,43.3
2,47.19,95.68,45.1
2,47.19,95.68,45.25
2,47.17,95.46,45.1
2,47.15,95.24,45.1
2,47.17,95.46,45.25
2,47.03,95.14,45.1
2,47.01,94.92,45.1
2,46.89,94.82,45.1
2,47.1,95.27,44.79
2,47.14,95.25,44.85
2,47.17,95.46,44.94
2,47.15,95.24,44.94
2,47.02,95.14,44.79
2,46.98,94.93,44.8
2,47.03,95.14,44.94
2,47.01,94.92,44.94
2,46.89,94.82,44.94
3,47.28,95.45,45.8
2,47.08,95.69,45.8
2,47.17,95.46,45.57
2,47.17,95.46,45.41
2,47.27,95.34,45.57
3,47.25,95.12,45.57
2,47.27,95.34,45.41
3,47.25,95.12,45.41
2,47.15,95.24,45.25
3,47.13,95.02,45.57
2,47.13,95.02,45.41
3,47.11,94.8,45.41
2,47.03,95.14,45.25
2,47.01,94.92,45.25
2,46.89,94.82,45.25
2,47.08,95.69,45.49
2,48.25,96.47,46.9
3,47.99,96.05,46.43
2,47.79,96.29,46.43
3,47.76,95.85,46.43
3,47.52,95.65,46.11
2,47.55,96.09,46.43
2,47.31,95.89,46.11
3,47.28,95.45,46.11
2,47.77,96.07,47.52
2,48.67,96.23,42.68
2,49.77,98.56,42.52
2,49.15,96.62,42.36
4,49.69,97.68,42.52
2,49.23,97.5,42.05
6,49.63,97.02,42.68
2,49.43,97.26,42.05
5,49.63,97.02,42.36
3,49.39,96.82,42.36
4,49.39,96.82,42.68
2,49.19,97.06,42.05
3,49.15,96.62,42.68
2,48.91,96.42,42.36
2,48.91,96.42,42.68
3,48.95,96.86,43.3
2,48.75,97.09,43.61
3,49.21,97.28,43.15
2,48.95,96.86,42.99
2,48.71,96.65,43.3
2,48.71,96.65,42.99
2,48.47,96.45,43.3
2,47.32,96,45.25
2,47.2,95.9,45.25
2,47.09,95.8,45.25
2,47.11,96.13,45.8
2,47.11,96.13,46.11
2,47.08,95.69,46.11
2,46.87,95.93,45.8
2,47.11,96.13,46.43
3,46.8,94.93,40.61
2,46.89,94.82,44.79
2,47.06,94.3,44.77
2,47.02,94.26,44.7
3,47.05,94.35,44.97
2,46.92,94.48,44.84
2,46.87,94.48,44.78
2,46.98,94.4,44.69
2,47.01,94.4,44.75
2,46.96,94.48,44.95
4,47.07,94.36,45.25
3,46.97,94.48,45.25
3,47.07,94.36,45.1
3,46.97,94.48,45.1
2,46.86,94.6,44.79
2,46.87,94.6,44.94
2,46.87,94.6,45.1
5,47.44,94.77,45.8
5,47.31,94.56,45.57
4,47.21,94.68,45.57
5,47.19,94.46,45.57
4,47.09,94.58,45.57
3,47.24,95.01,45.8
3,47.11,94.8,45.57
4,47.07,94.36,45.41
3,46.99,94.7,45.57
3,46.99,94.7,45.41
3,46.97,94.48,45.41
3,46.87,94.6,45.25
3,48.18,95.59,46.9
5,47.92,95.17,46.43
4,47.72,95.41,46.43
4,47.48,95.21,46.43
4,47.24,95.01,46.11
5,47.68,94.97,46.43
5,47.44,94.77,46.11
2,47.7,95.19,47.52
2,47.22,94.79,48.15
4,47.09,94.35,40.74
6,47.07,94.3,40.68
12,47.01,94.25,40.61
3,47.07,94.4,40.77
4,47.1,94.32,40.78
8,46.91,94.15,40.56
11,46.95,94.2,40.61
2,47.07,94.64,40.75
2,47.05,94.5,40.78
3,47.03,94.58,40.76
4,47.03,94.58,40.68
3,47.05,94.53,40.74
4,47.07,94.53,40.68
3,47.06,94.46,40.77
6,47.07,94.42,40.68
7,47.02,94.36,40.68
10,46.97,94.48,40.57
10,46.96,94.31,40.61
10,46.9,94.27,40.55
12,46.96,94.32,40.54
8,46.89,94.26,40.61
11,46.92,94.48,40.5
13,46.95,94.3,40.49
10,46.89,94.26,40.5
10,46.85,94.38,40.42
3,46.77,94.16,40.43
5,46.83,94.21,40.42
3,46.89,94.82,40.72
3,46.78,94.72,40.6
3,46.99,94.7,40.72
7,46.88,94.6,40.59
8,47.44,93.61,40.78
9,47.39,93.65,40.78
5,47.58,93.57,40.86
4,47.44,93.67,40.88
7,47.35,93.73,40.78
8,46.93,93.98,40.61
12,46.99,94.03,40.61
6,46.88,94.04,40.61
9,46.94,94.09,40.61
9,47.11,94.13,40.69
5,47.14,94.18,40.74
3,47.19,94.16,40.79
11,47.05,94.08,40.68
10,47,94.14,40.68
9,47.06,94.19,40.68
5,47.1,94.24,40.76
3,47.1,94.25,40.85
2,47.19,94.19,40.89
13,47.44,93.83,44.67
16,47.4,93.81,44.89
16,47.39,93.77,44.62
5,47.35,93.91,44.63
17,47.26,93.7,44.77
4,47.32,93.9,44.59
9,47.31,93.93,44.87
6,47.38,93.91,44.66
17,47.47,93.88,45.12
16,47.47,93.88,45.25
11,47.37,94,45.11
12,47.37,94,45.25
3,47.31,94.03,44.63
2,47.28,94.01,44.58
5,47.22,94.12,45
5,47.23,94.04,44.83
2,47.24,94.14,44.58
3,47.11,94.17,44.77
2,47.27,94.11,44.62
2,47.07,94.16,44.72
4,47.14,94.23,44.99
3,47.16,94.16,44.81
8,47.27,94.12,45.25
5,47.17,94.24,45.25
7,47.27,94.12,45.1
4,47.17,94.24,45.1
14,47.84,94.29,45.8
16,47.71,94.08,45.57
12,47.61,94.2,45.57
16,47.59,93.98,45.57
12,47.49,94.1,45.57
8,47.64,94.53,45.8
9,47.51,94.32,45.57
7,47.41,94.44,45.57
9,47.39,94.22,45.57
6,47.29,94.34,45.57
12,47.37,94,45.41
16,47.47,93.88,45.41
9,47.27,94.12,45.41
6,47.17,94.24,45.41
5,48.58,95.11,46.9
9,48.32,94.69,46.43
7,48.12,94.93,46.43
7,47.88,94.73,46.43
8,47.64,94.53,46.11
9,48.08,94.49,46.43
12,47.84,94.29,46.11
3,48.1,94.71,47.52
2,47.62,94.31,48.15
2,47.24,94.06,41.01
15,47.24,93.73,40.68
11,47.27,93.78,40.74
11,47.34,93.69,40.74
16,47.29,93.67,40.68
4,47.32,93.79,40.88
9,47.28,93.74,40.78
17,47.18,93.68,40.68
17,47.12,93.63,40.6
18,47.23,93.62,40.68
19,47.17,93.57,40.6
12,47.06,93.58,40.61
14,47.14,93.85,40.68
15,47.19,93.79,40.68
3,47.3,93.87,40.91
4,47.21,93.9,40.88
8,47.19,93.9,40.76
9,47.23,93.84,40.76
14,47.08,93.8,40.68
11,47.02,93.75,40.61
16,47.13,93.74,40.68
14,47.07,93.69,40.6
10,47.01,93.64,40.61
8,46.96,93.7,40.61
3,47.16,94.02,40.9
7,47.19,94.01,40.75
6,47.15,94.07,40.76
8,47.15,93.96,40.76
13,47.09,93.91,40.68
8,47.1,94.02,40.76
13,47.04,93.97,40.68
13,47.03,93.86,40.68
9,46.97,93.81,40.61
11,46.98,93.92,40.68
7,46.92,93.87,40.61
6,46.92,93.76,40.62
10,47.94,93.2,40.98
12,47.89,93.25,40.9
5,47.91,93.33,41.04
7,47.82,93.39,40.88
32,48.28,92.92,40.88
20,48.39,93.02,41.03
9,48.4,93.13,41.2
6,48.39,93.27,41.34
72,49.77,93.45,42.05
73,49.35,93.45,42.05
82,49,93.45,42.05
65,49.77,93.45,41.74
73,49.63,93.25,41.5
68,49.53,93.37,41.5
62,49.35,93.45,41.74
70,49,93.45,41.74
73,49.51,93.15,41.5
69,49.41,93.27,41.5
59,49.29,93.17,41.35
66,49.17,93.33,41.51
55,49.07,93.26,41.53
39,49.17,93.07,41.35
28,49.06,92.96,41.19
31,48.72,92.88,41.04
21,48.83,92.98,41.19
12,48.77,93.28,41.51
15,48.82,93.12,41.36
35,49.08,93.12,41.46
20,48.98,93.05,41.34
22,48.93,93.16,41.5
35,48.82,93.32,41.74
8,48.7,93.26,41.5
21,48.73,93.05,41.16
27,48.61,93,41.03
15,48.52,93.05,41.15
12,48.75,93.09,41.35
14,48.6,93.13,41.22
12,48.58,93.27,41.35
81,48.67,92.41,40.66
66,48.68,92.5,40.78
54,48.8,92.54,40.88
23,48.94,92.86,41.19
34,48.82,92.76,41.04
50,48.7,92.66,40.88
63,48.58,92.58,40.77
63,48.46,92.51,40.78
7,48.48,93.27,41.37
49,49.69,92.58,41.11
60,49.45,92.38,40.87
80,49.96,93.22,41.74
53,49.6,92.81,41.19
75,49.73,93.02,41.43
53,49.5,92.93,41.19
60,49.4,93.05,41.35
44,49.36,92.61,41.04
43,49.48,92.71,41.19
40,49.38,92.83,41.19
43,49.26,92.73,41.04
41,49.28,92.95,41.35
30,49.16,92.84,41.19
42,49.24,92.5,41.04
59,49.12,92.4,40.87
41,49.14,92.62,41.04
57,49.02,92.52,40.87
38,48.92,92.64,41.04
25,49.04,92.74,41.19
59,49,92.3,40.87
58,48.9,92.42,40.87
71,48.82,93.31,42.05
84,49,93.45,42.36
82,49,93.45,42.68
81,51.76,93.5,42.05
94,51.56,93.74,42.05
93,51.36,93.98,42.36
91,51.36,93.98,42.68
86,51.52,93.3,42.05
91,51.29,93.1,41.74
94,51.12,93.78,42.36
83,50.68,93.82,42.36
96,51.32,93.54,42.05
97,51.08,93.34,41.74
92,50.88,93.58,42.05
92,51.12,93.78,42.68
88,50.68,93.82,42.68
90,51.05,92.9,41.74
82,50.81,92.7,41.43
84,50.44,93.62,42.36
74,50,93.66,42.36
95,50.85,93.14,41.74
88,50.61,92.94,41.43
91,50.64,93.38,42.05
89,50.41,93.18,41.74
80,50.2,93.42,42.05
89,50.44,93.62,42.68
82,50,93.66,42.68
60,50.33,92.3,41.11
75,50.57,92.5,41.43
81,49.77,93.45,42.36
83,49.35,93.45,42.36
61,50.13,92.54,41.11
82,50.37,92.74,41.43
88,50.17,92.98,41.74
75,49.93,92.78,41.43
83,49.96,93.22,42.05
87,49.77,93.45,42.68
86,49.35,93.45,42.68
51,50.09,92.1,41.11
60,49.85,91.9,40.87
50,49.89,92.34,41.11
60,49.65,92.14,40.87
57,49.61,91.7,40.87
58,49.41,91.94,40.87
90,50.2,93.42,42.99
88,50.66,93.6,43.15
87,50.2,93.42,43.3
67,50.41,93.18,43.93
76,50.41,93.18,43.61
67,50.17,92.98,43.93
76,50.17,92.98,43.61
55,49.93,92.78,44.24
43,49.93,92.78,44.55
43,49.69,92.58,44.55
18,50.11,92.32,45.02
29,49.45,92.38,44.86
19,49.45,92.38,45.18
3,49.63,91.92,45.65
78,48.82,93.31,42.99
75,48.82,93.31,43.29
74,48.89,93.12,43.61
70,48.71,93.26,43.59
91,49.96,93.22,42.99
86,49.96,93.22,43.3
88,49.53,93.25,42.99
84,49.11,93.28,42.99
84,49.53,93.25,43.3
80,49.11,93.28,43.3
68,48.77,93.06,43.91
63,48.53,93.26,43.89
56,49.69,92.58,44.24
69,49.73,93.02,43.93
78,49.73,93.02,43.61
58,49.49,92.82,44.24
69,49.27,93.06,43.93
69,48.91,92.98,43.93
78,49.28,93.06,43.61
76,48.91,92.97,43.61
55,48.2,93.26,44.19
51,48.2,93.28,44.43
48,48.39,93.1,44.55
53,47.99,93.26,44.2
49,48.03,93.29,44.48
59,49.04,92.86,44.24
48,49.04,92.86,44.55
59,48.82,92.92,44.24
58,48.56,93.06,44.21
47,48.8,92.95,44.58
50,48.57,93.09,44.49
46,49.25,92.62,44.55
38,47.61,93.67,44.66
37,47.89,93.44,44.9
36,47.78,93.52,44.9
32,47.6,93.59,44.86
44,47.86,93.5,44.67
43,47.77,93.6,44.69
40,47.6,93.63,44.63
32,47.99,93.5,45.12
36,47.92,93.5,44.94
29,47.99,93.5,45.25
29,47.89,93.62,45.13
34,47.81,93.58,44.94
27,47.89,93.62,45.25
27,47.67,93.64,45.11
24,47.67,93.64,45.25
40,47.56,93.62,44.58
31,47.45,93.69,44.58
27,47.37,93.59,44.77
28,47.44,93.72,44.62
24,47.43,93.64,44.99
26,47.41,93.64,44.82
22,47.45,93.66,45.1
21,47.45,93.66,45.25
37,48.41,93.1,44.94
40,48.4,92.99,44.77
43,48.18,93.14,44.69
42,48.19,93.18,44.76
31,48.4,93.13,45.18
36,48.19,93.26,44.99
40,47.99,93.27,44.8
46,47.9,93.37,44.58
42,47.99,93.14,44.69
32,48.2,93.37,45.18
35,48.81,92.65,44.86
25,48.81,92.65,45.18
37,48.61,92.89,44.87
29,48.61,92.89,45.18
29,49.21,92.17,44.86
17,49.21,92.17,45.18
32,49.01,92.41,44.86
21,49.01,92.41,45.18
26,47.87,93.4,45.41
25,47.77,93.52,45.41
21,48,93.61,45.8
24,47.87,93.4,45.57
23,47.77,93.52,45.57
18,47.8,93.85,45.8
21,47.67,93.64,45.57
19,47.57,93.76,45.57
18,47.45,93.66,45.57
20,47.55,93.54,45.57
22,47.55,93.54,45.41
19,47.45,93.66,45.41
23,48.17,92.93,45.49
18,48.17,92.93,45.8
24,47.96,93.17,45.49
20,47.96,93.17,45.8
15,48.57,92.45,45.49
19,48.37,92.69,45.49
6,48.97,91.97,45.49
3,48.97,91.97,45.8
10,48.77,92.21,45.49
5,48.77,92.21,45.8
18,48,93.61,46.11
15,47.8,93.85,46.11
16,47.96,93.17,46.11
11,48.83,92.87,46.27
10,48.57,92.45,45.8
14,48.17,92.93,46.11
14,48.37,92.69,45.8
2,48.75,91.99,46.27
9,48.5,94.23,46.9
12,48.04,94.05,46.43
15,48.24,93.81,46.43
12,47.8,93.85,46.43
14,48,93.61,46.43
9,48.42,93.35,46.9
11,48.17,92.93,46.43
13,47.96,93.17,46.43
5,48.35,92.47,46.9
4,48.02,93.83,47.52
3,47.95,92.95,47.52
2,47.87,92.07,47.52
2,47.54,93.43,48.15
2,47.47,92.55,48.15
3,47.71,93.48,41.01
3,48.21,93.27,41.34
10,48.29,93.05,41.15
4,48.11,93.28,41.22
6,48.18,93.13,41.2
15,48.17,93.04,41.03
29,48.6,92.78,41.04
46,48.48,92.68,40.88
59,48.36,92.6,40.77
97,48.23,92.44,40.46
72,48.24,92.52,40.65
25,48.5,92.9,41.04
39,48.38,92.8,40.88
54,48.26,92.71,40.75
66,48.14,92.6,40.64
91,48.02,92.54,40.46
4,48.02,93.28,41.19
3,47.91,93.32,41.16
8,47.98,93.17,41.06
14,48.07,93.11,41
13,47.92,93.13,40.98
7,47.65,93.43,40.9
14,47.65,93.46,40.75
15,47.7,93.41,40.76
16,47.6,93.42,40.76
23,47.54,93.37,40.68
17,47.65,93.36,40.76
26,47.48,93.32,40.68
32,47.42,93.27,40.61
20,47.75,93.3,40.72
25,47.59,93.31,40.68
32,47.64,93.25,40.61
35,47.69,93.19,40.6
28,47.53,93.26,40.68
35,47.58,93.21,40.61
34,47.47,93.22,40.61
38,47.63,93.15,40.61
15,47.44,93.49,40.76
17,47.49,93.43,40.76
18,47.38,93.44,40.76
19,47.43,93.38,40.76
23,47.32,93.39,40.68
25,47.37,93.33,40.68
24,47.26,93.34,40.61
26,47.31,93.29,40.61
10,47.52,93.49,40.84
13,47.34,93.61,40.76
12,47.44,93.59,40.75
14,47.39,93.56,40.76
15,47.28,93.56,40.76
16,47.33,93.5,40.76
19,47.22,93.51,40.68
21,47.27,93.45,40.68
35,48.16,92.82,40.88
49,48.04,92.73,40.75
28,48.06,92.94,40.88
44,47.94,92.85,40.74
17,47.85,93.17,40.87
32,47.73,93.08,40.72
22,47.95,93.06,40.88
39,47.84,92.96,40.72
2,45.03,112.28,51.88
2,44.99,112.28,51.14
2,45.54,112.28,51.16
2,45.57,112.28,51.88
2,43.53,109.2,51.12
2,43.53,108.85,50.61
2,43.53,109.25,50.62
2,43.82,109.75,50.7
2,43.61,108.84,50.51
2,43.88,109.27,50.51
2,44.43,109.67,50.51
2,43.62,99.08,64.3
2,44.25,98.14,64.3
2,44.86,98.54,64.1
2,44.13,97.26,64.3
2,44.78,97.66,64.1
2,45.29,98.06,63.72
2,43.83,98.62,64.3
2,43.53,98.61,63.99
5,43.52,105.28,40.59
2,43.53,104.36,40.64
2,43.53,103.94,41.2
2,44.92,94.54,64.3
2,45.21,97.18,63.72
2,44.69,96.78,64.1
2,44.06,96.38,64.3
2,44.6,95.9,64.1
2,43.96,95.5,64.3
2,43.53,95.53,64.08
2,44.45,95.02,64.3
14,43.25,123.98,47.83
3,44.23,126.55,47.52
2,44.63,126.1,47.52
3,44.23,126.55,48.15
2,44.63,126.1,48.15
14,43.26,124.78,47.82
8,43.92,125.57,47.83
16,43.34,123.16,47.86
16,43.54,123.03,47.91
21,43.32,123.03,46.94
10,43.31,123.03,48.82
8,43.25,123.99,48.95
3,44.23,126.55,48.77
2,44.63,126.1,48.77
2,44.23,126.55,49.4
2,44.63,126.1,49.4
7,43.26,124.71,49.09
5,43.92,125.57,49.07
3,43.87,127.47,47.83
4,43.06,128.42,47.83
3,43.87,127.47,49.08
2,43.37,131.95,47.83
2,42.57,132.9,46.58
3,41.76,133.86,46.58
2,43.6,134.59,48.46
3,42.41,131.14,47.83
2,41.61,132.1,46.58
2,40.81,133.06,46.58
2,40.08,134.9,48.46
7,43.26,122.19,49.3
3,43.25,114.21,50.63
2,43.25,115.44,57.52
2,43.27,116.08,57.83
2,43.41,116.19,57.82
4,43.41,116.19,55.29
4,43.41,116.19,56.57
5,43.25,123.93,50.47
2,44.23,126.55,50.02
5,43.26,124.69,50.24
2,43.93,125.57,50.3
4,43.26,123.89,51.35
4,43.27,124.77,51.31
2,43.3,124.87,51.99
2,43.91,125.54,51.43
2,44.98,130.03,50.33
3,44.17,130.99,49.08
2,43.37,131.95,49.08
2,43.87,127.47,50.33
2,44.02,129.23,50.33
4,43.06,128.42,49.08
4,42.26,129.38,47.83
3,43.22,130.19,49.08
3,42.41,131.14,49.08
4,43.25,122.18,50.31
2,43.26,122.16,51.34
3,43.31,123.09,51.84
2,43.68,109.78,51.21
2,43.25,113.27,50.63
2,43.25,113.28,51.26
2,43.25,113.28,51.89
2,43.25,115.07,51.22
2,43.25,115.06,51.84
2,43.25,113.81,51.26
2,43.25,114.67,51.24
2,43.05,114.22,51.26
2,43.25,113.81,51.89
2,43.25,114.67,51.87
2,43.05,114.22,51.89
2,43.25,112.52,52.56
2,43.25,112.47,53.16
2,43.25,112.46,53.77
2,43.05,113.26,52.52
2,43.05,113.26,53.15
2,43.25,115.45,52.44
2,43.05,115.1,52.5
2,43.05,115.09,53.13
2,43.11,115.95,53.11
2,43.05,113.81,52.52
2,43.05,114.69,52.51
2,43.05,113.81,53.14
2,43.05,114.69,53.14
2,43.25,115.45,53.73
3,43.05,115.09,53.76
3,43.25,115.45,54.36
4,43.05,115.09,54.39
3,43.1,115.95,54.06
3,43.28,116.08,54.01
2,43.05,113.81,53.77
2,43.05,114.7,53.76
2,43.05,113.81,54.39
2,42.86,114.23,54.4
3,43.05,114.69,54.39
2,43.28,110.24,54.72
2,43.28,110.03,54.83
2,43.27,109.87,55.13
2,43.27,110.12,55.97
2,43.27,109.87,55.56
2,43.26,110.15,56.3
2,43.27,110.76,54.74
2,43.32,111.81,55.55
2,43.49,111.69,55.51
2,43.36,111.14,55.7
3,43.3,111.67,55.82
3,43.27,111.67,55.97
2,43.27,112,55.63
2,43.27,110.67,55.98
2,43.07,112.49,55.66
2,43.25,110.69,56.94
2,43.25,111.59,56.93
2,43.25,110.68,56.41
3,43.25,111.66,56.37
2,43.05,112.48,56.29
4,43.25,115.45,54.99
4,43.05,115.09,55.01
5,43.25,115.44,55.63
4,43.05,115.09,55.64
4,43.1,115.95,55.32
4,43.27,116.08,55.29
3,43.05,113.81,55.02
2,42.86,114.23,55.02
4,43.05,114.69,55.02
3,43.05,113.81,55.64
2,42.86,114.23,55.65
4,43.05,114.69,55.64
4,43.25,115.44,56.26
3,43.05,115.09,56.27
3,43.25,115.44,56.89
2,43.05,115.09,56.89
3,43.1,115.95,56.58
4,43.27,116.08,56.57
2,43.05,113.81,56.9
2,43.05,114.69,56.89
3,43.05,113.81,56.27
2,42.86,114.23,56.27
3,43.05,114.69,56.27
2,42.83,113.3,55.65
6,45.66,107.35,41.9
11,44.78,107.42,41.9
17,45.18,106.95,41.27
22,44.29,107.02,41.27
30,44.7,106.54,40.87
29,43.98,106.61,40.87
7,43.7,105.74,40.46
25,44.16,106.14,40.66
6,45.18,106.95,42.52
10,44.29,107.02,42.52
2,44.7,106.54,43.15
3,43.99,106.61,43.14
10,45.58,106.47,41.9
6,45.5,105.59,41.9
6,45.1,106.06,42.52
12,45.1,106.06,41.27
2,45.02,105.18,41.27
9,44.62,105.66,40.87
4,44.09,105.26,40.66
2,43.65,104.86,40.46
3,43.73,106.63,43.15
9,44.01,107.49,41.9
6,43.73,107.51,42.52
2,43.73,108.32,41.89
4,43.52,106.67,42.58
6,43.53,107.53,41.89
22,43.71,106.17,40.74
7,43.52,105.75,40.67
11,43.73,107.51,41.25
14,43.71,106.64,40.78
12,43.52,106.73,41.16
75,42.78,112.48,40.63
66,42.57,113.77,40.65
90,42.61,114.71,40.59
61,42.38,114.33,40.85
72,42.06,114.77,40.75
62,42.39,113.39,40.73
71,42.36,112.54,40.75
80,41.76,114.8,40.83
83,41.46,115.26,40.94
23,43.25,118.69,45.02
18,43.05,118.69,44.4
17,43.25,116.46,45.02
15,43.05,116.46,44.4
20,43.25,117.34,45.02
16,43.05,117.34,44.4
22,43.25,118.15,45.02
17,43.05,118.15,44.39
16,42.82,118.18,43.77
15,42.8,117.35,43.77
17,42.55,117.82,43.15
17,42.5,116.94,43.15
23,42.25,119.18,42.52
23,42.18,118.3,42.52
63,41.61,116.12,41.41
41,42.02,116.54,41.9
58,41.7,117.02,41.41
37,42.1,117.42,41.9
35,42.18,118.3,41.9
34,42.25,119.18,41.9
54,41.77,117.9,41.4
52,41.82,118.8,41.37
17,42.18,118.3,43.15
15,42.63,118.7,43.77
17,42.25,119.18,43.15
15,42.68,119.58,43.77
15,42.88,120,44.4
19,43.05,119.58,44.4
20,43.05,119.99,45.02
27,43.25,120.54,45.64
25,43.25,119.58,45.02
27,43.25,119.98,45.63
26,43.25,119.1,45.64
14,42.85,119.11,44.4
18,43.05,119.1,45.02
25,43.25,118.69,45.64
24,43.25,118.15,45.64
5,43.95,122.17,49.1
17,43.3,121.28,47.95
17,43.5,121.41,47.94
12,43.39,122.21,48.69
11,43.29,121.39,48.82
23,43.29,121.39,46.94
12,42.49,121.82,44.39
15,42.8,122.24,44.39
22,43.05,122.22,45.02
27,43.25,121.32,45.61
9,43.78,121.69,47.91
13,43.93,122.59,47.87
18,43.34,121.41,47.55
21,43.39,122.19,47.07
24,43.26,122.2,46.41
23,43.05,122.21,45.63
21,43.05,120.52,45.02
14,42.73,120.45,44.4
15,42.77,121.35,44.39
21,43.05,121.33,45.02
12,42.01,121.42,43.77
15,42.15,120.52,43.3
14,41.95,120.76,43.3
13,42.42,120.94,43.77
13,42.33,120.06,43.77
71,40.8,120.2,41.55
55,41.05,120.62,41.88
29,41.53,121.02,42.52
17,41.53,121.02,43.15
27,41.91,120.32,42.36
22,41.91,120.32,42.68
30,41.71,120.56,42.36
24,41.71,120.56,42.68
64,41.08,119.78,41.48
46,41.45,120.14,41.9
62,41.12,118.84,41.54
47,41.37,119.26,41.89
25,41.85,119.66,42.52
18,41.91,120.32,42.99
18,41.71,120.56,42.99
14,41.91,120.32,43.3
14,41.71,120.56,43.3
16,41.85,119.66,43.15
71,41.73,117.9,40.95
70,41.8,118.78,40.9
77,41.06,118.84,41.12
84,41.21,115.73,41.05
79,41.31,116.61,41.08
74,41.39,117.49,41.07
85,40.76,118.87,41.22
82,40.98,119.73,41.07
13,42.68,124.47,45.02
12,41.84,124.54,43.77
12,42.24,124.06,43.77
11,42.16,123.18,43.77
11,42.08,122.3,43.77
17,41.76,123.66,43.15
17,41.68,122.78,43.15
9,42.24,124.06,44.4
9,42.16,123.18,44.4
10,42.01,121.42,44.4
11,41.61,121.9,43.77
22,43.26,123.23,46.4
13,42.62,123.58,45.02
21,43.05,123.57,45.64
17,42.82,123.07,45.02
21,43.05,123.04,45.63
17,42.84,123.99,45.65
19,43.06,123.96,46.57
10,42.08,122.3,44.4
14,42.54,122.7,45.02
13,42.76,125.35,45.64
16,42.9,124.89,45.64
18,43.09,124.84,46.57
7,43.68,125.97,46.58
15,42.68,124.47,45.65
63,40.67,121.09,41.93
9,42.39,125.82,45.02
9,41.91,125.42,44.4
9,42.31,124.94,45.02
9,41.84,124.54,44.4
9,41.51,125.9,44.4
11,42.31,124.94,45.65
9,42.39,125.82,45.65
8,42.91,126.66,46.58
19,41.43,125.02,43.15
40,40.98,124.63,41.92
25,41.43,125.02,42.52
36,41.36,124.14,42.52
53,40.91,123.75,41.95
44,40.58,125.1,41.98
20,41.36,124.14,43.15
37,41.13,121.5,42.52
61,40.76,121.97,41.96
20,41.13,121.5,43.15
66,40.46,123.34,42.04
38,41.2,122.38,42.52
58,40.83,122.85,41.97
37,41.28,123.26,42.52
19,41.2,122.38,43.15
13,41.43,125.02,43.77
24,41.03,125.5,43.15
32,41.03,125.5,42.52
22,41.11,126.38,42.52
19,41.11,126.38,43.15
27,40.71,126.86,43.15
30,40.71,126.86,42.52
36,40.35,125.97,42.04
60,40.84,124.63,41.23
70,40.9,123.74,41.25
63,40.55,125.09,41.3
97,40.44,120.23,41.25
89,40.64,121.1,41.22
71,40.31,121.55,42.03
83,40.73,121.97,41.27
86,40.4,123.33,41.4
78,40.8,122.85,41.27
58,40.17,126.02,41.41
72,38.74,129.73,41.62
68,37.93,130.69,41.7
13,41.03,125.5,43.77
7,41.99,126.3,45.65
7,41.99,126.3,45.02
12,41.15,126.82,44.08
11,41.3,128.58,44.08
6,42.11,127.62,45.33
4,42.26,129.38,45.33
4,42.26,129.38,46.58
6,42.11,127.62,46.58
14,40.5,129.54,44.08
4,41.46,130.34,45.33
3,41.46,130.34,46.58
19,39.7,130.49,44.08
4,40.65,131.3,45.33
26,38.89,131.45,44.08
6,39.85,132.25,45.33
6,40.08,134.9,45.96
4,36.56,135.2,45.96
2,33.04,135.51,45.96
41,39.89,126.86,42.14
34,40.34,127.78,42.83
82,39.19,127.05,41.57
60,38.74,129.69,42.84
58,37.94,130.63,42.88
27,38.17,133.24,43.72
37,36.25,131.74,41.88
11,32.72,132.05,41.86
10,34.64,133.54,43.76
3,31.11,133.84,43.75
50,39.54,128.73,42.82
93,38.58,127.94,41.58
16,43.25,113.25,44.41
14,43.25,114.22,45.03
16,43.25,113.8,44.42
13,43.05,114.22,44.41
14,43.05,115.64,44.4
16,43.25,115.64,45.02
15,43.25,115.12,45.02
14,43.05,115.12,44.4
12,43.25,114.22,45.65
14,43.25,114.71,45.03
16,43.06,113.79,43.82
14,42.86,114.23,43.76
15,42.88,115.12,43.77
16,43.05,114.72,43.8
14,43.05,114.71,44.4
21,43.25,117.33,45.64
18,43.25,116.46,45.65
23,42.45,116.06,42.52
45,41.95,115.66,41.9
69,41.53,115.25,41.38
22,42.73,114.69,42.52
17,42.72,114.69,43.14
25,42.35,115.18,42.52
33,42.73,114.69,41.9
53,42.28,114.29,41.27
31,42.64,113.82,41.89
51,42.21,113.43,41.29
38,42.35,115.18,41.9
62,41.9,114.78,41.31
25,42.02,116.54,42.52
24,42.1,117.42,42.52
17,42.45,116.06,43.15
15,42.77,116.47,43.77
17,42.35,115.18,43.15
14,42.74,115.57,43.77
25,43.25,109.34,41.86
24,43.25,112.43,43.16
19,43.07,113.27,43.17
28,43.25,112.42,42.53
23,43.08,113.29,42.54
60,43.25,108.94,41.2
67,43.25,109.9,41.15
59,43.05,109.34,41.23
113,42.86,109.35,40.79
55,43.25,110.7,41.13
39,43.05,112.45,41.25
46,43.25,111.57,41.16
115,43.05,110.73,40.67
87,43.05,111.6,40.68
64,42.62,112.1,40.85
42,42.8,112.47,41.27
29,43.25,110.7,41.84
31,43.25,111.57,41.85
28,43.05,112.44,41.89
20,43.25,112.43,43.79
16,43.05,113.25,43.79
16,42.85,113.34,43.14
20,42.86,113.35,42.52
22,42.64,113.82,42.52
16,42.66,113.83,43.14
31,42.56,112.94,41.9
53,42.15,112.54,41.32
133,43.25,108.45,40.56
134,43.25,108.93,40.55
116,43.05,108.93,40.69
109,43.08,109.36,40.38
139,43.25,109.92,40.52
129,43.05,109.92,40.67
129,42.96,110.71,40.37
129,42.99,111.61,40.37
123,42.74,112.07,40.36
105,42.37,114.3,40.38
106,42.17,113.43,40.38
111,42.17,112.56,40.39
112,41.43,114.38,40.41
119,41.79,112.14,40.41
114,41.14,114.85,40.43
108,41.37,118.38,40.44
116,40.95,115.75,40.46
114,41.06,116.63,40.47
111,41.14,117.51,40.47
126,40.43,118.45,40.52
139,40.11,119.81,40.52
125,40.5,119.34,40.5
117,40.12,124.26,40.54
134,40.17,120.69,40.52
129,40.26,121.57,40.53
128,40.17,122.47,40.55
120,39.59,125.24,40.56
134,38.42,126.18,40.58
98,37.78,128.96,40.6
83,36.97,129.96,40.65
45,34.44,130.47,40.68
127,37.63,127.15,40.58
3,30.74,130.42,40.63
30,60.04,97.08,50.15
22,59.87,96.77,50.3
43,61.59,97.08,50.15
30,61.57,96.72,50.3
28,62.97,97.08,50.15
45,63.08,96.8,50.3
3,59.73,103.83,41.43
3,60.03,104.88,41.51
3,61.39,104.63,41.51
3,60.47,103.83,42.83
3,62.16,103.68,42.83
3,63.1,105.4,41.47
2,62.74,104.44,41.49
2,62.84,104.44,40.66
3,63.3,104.37,41.29
2,59.53,102.05,41.31
2,59.73,103.03,41.43
3,63.1,104.37,42.81
2,63.3,102.71,42.76
3,60.02,103.01,42.83
3,59.73,103.04,42.82
2,59.53,102.06,42.8
2,60.41,103.81,40.66
2,62.22,103.68,40.66
2,59.91,102.99,40.66
2,61.2,102.86,40.46
2,62.94,102.73,40.46
2,60.16,102.04,40.46
2,50.72,99.36,42.52
26,51.05,98,42.52
7,51.13,98.88,42.52
70,51.37,96.64,42.52
50,51.45,97.52,42.52
90,51.62,94.4,42.52
85,51.7,95.28,42.52
80,51.78,96.16,42.52
43,50.64,93.38,44.86
36,50.64,93.38,45.18
47,50.88,93.58,44.86
41,50.88,93.58,45.18
7,50.51,91.84,45.02
21,50.59,92.72,45.02
29,50.64,93.38,45.49
24,50.64,93.38,45.8
30,50.88,93.58,45.8
35,50.88,93.58,45.49
6,50.59,92.72,45.65
14,51.07,93.12,46.27
9,51.07,93.12,46.9
52,51.14,94,45.02
41,51.14,94,45.65
19,50.89,96.24,45.02
4,50.97,97.12,45.02
11,50.89,96.24,45.65
55,51.22,94.88,45.02
38,51.3,95.76,45.02
42,51.22,94.88,45.65
25,51.3,95.76,45.65
23,51.54,93.52,46.27
15,51.54,93.52,46.9
32,51.62,94.4,46.27
19,51.62,94.4,46.9
2,51.37,96.64,46.27
24,51.7,95.28,46.27
8,51.78,96.16,46.27
12,51.7,95.28,46.9
2,51.78,96.16,46.9
3,51.51,93.08,47.83
8,51.62,94.4,47.52
2,51.62,94.4,48.15
6,52.1,94.81,47.52
2,52.1,94.81,48.15
4,51.7,95.28,47.52
60,50.64,93.38,44.24
51,50.64,93.38,44.55
54,50.88,93.58,44.55
62,50.88,93.58,44.24
41,50.59,92.72,44.4
76,50.66,93.6,43.77
73,51.54,93.52,43.15
77,51.14,94,43.77
84,51.62,94.4,43.15
64,51.14,94,44.4
7,50.57,97.6,43.77
3,50.57,97.6,44.4
12,51.05,98,43.15
2,51.13,98.88,43.15
44,50.89,96.24,43.77
18,50.97,97.12,43.77
31,50.89,96.24,44.4
9,50.97,97.12,44.4
59,51.37,96.64,43.15
27,51.45,97.52,43.15
76,51.22,94.88,43.77
65,51.3,95.76,43.77
67,51.22,94.88,44.4
53,51.3,95.76,44.4
83,51.7,95.28,43.15
76,51.78,96.16,43.15
5,50.72,99.36,41.27
4,50.72,99.36,41.9
48,51.05,98,41.27
25,51.13,98.88,41.27
41,51.05,98,41.9
17,51.13,98.88,41.9
68,51.37,96.64,41.9
63,51.45,97.52,41.9
72,51.59,96.62,41.43
70,51.59,96.62,41.11
69,51.39,96.86,41.43
69,51.39,96.86,41.11
64,51.45,97.52,41.27
93,52.04,94.14,41.11
92,51.88,94.82,41.11
100,52.08,94.59,41.11
69,51.92,95.26,41.11
67,51.92,95.26,41.43
60,51.96,95.71,41.11
70,52,96.15,41.11
73,52,96.15,41.43
68,51.79,96.38,41.11
72,51.79,96.38,41.43
89,52.04,94.14,41.43
93,51.8,93.94,41.74
90,51.8,93.94,42.05
87,51.88,94.82,41.43
96,52.08,94.59,41.43
82,51.64,94.62,41.74
96,51.84,94.38,41.74
88,51.64,94.62,42.05
93,51.84,94.38,42.05
62,51.68,95.06,41.74
78,51.68,95.06,42.05
66,51.96,95.71,41.43
76,51.92,95.26,41.74
82,51.92,95.26,42.05
61,51.72,95.5,41.74
75,51.72,95.5,42.05
75,51.78,96.16,41.9
23,51.87,92.16,41.27
62,51.95,93.04,41.27
79,52,93.7,41.11
77,52,93.7,41.43
62,52.24,93.91,41.11
62,52.24,93.91,41.43
58,51.95,93.04,41.9
74,52,93.7,41.74
71,52,93.7,42.05
80,52.28,94.35,40.87
59,51.85,97.05,40.87
46,51.93,97.93,40.87
45,51.53,98.4,40.87
21,51.6,99.29,40.87
5,51.2,99.76,40.87
32,52.01,98.81,40.66
6,52.1,100.1,40.66
26,52.33,97.45,40.66
28,52.41,98.33,40.66
10,52.82,97.85,40.46
7,52.92,99.16,40.46
107,52.12,95.03,40.87
94,52.32,94.79,40.87
92,52.16,95.47,40.87
80,52.2,95.91,40.87
81,52.4,95.67,40.87
54,52.25,96.57,40.87
4,52.35,92.57,40.87
20,52.42,93.45,40.87
32,52.48,94.11,40.87
9,52.72,94.31,40.66
47,52.52,94.55,40.66
65,52.58,95.21,40.66
42,52.66,96.09,40.66
15,52.74,96.97,40.66
2,52.9,93.85,40.66
5,52.98,94.73,40.46
13,53.06,95.61,40.46
4,53.16,96.49,40.46
6,53.25,97.37,40.46
81,49.21,92.17,40.66
79,49.37,91.48,40.66
76,49.17,91.73,40.66
99,50.25,91.38,40.66
14,51.31,90.96,40.75
96,50.91,91.31,40.65
92,50.91,91.39,40.87
27,51.87,92.16,41.9
55,51.39,91.76,41.27
8,51.79,91.33,41.9
35,51.32,91.16,41.27
95,49.57,91.2,40.65
74,51.47,92.64,41.9
77,51.21,92.22,41.43
79,51.01,92.46,41.43
76,50.97,92.02,41.43
76,50.73,91.82,41.11
72,50.77,92.26,41.43
64,50.53,92.06,41.11
71,50.49,91.62,41.11
80,50.25,91.42,40.87
57,50.29,91.86,41.11
65,50.05,91.66,40.87
64,49.81,91.46,40.87
106,50.01,91.15,40.65
81,50.01,91.23,40.87
25,50.51,91.84,44.4
2,50.4,91.19,45.02
8,50.03,91.47,45.02
81,48.88,92.2,40.66
82,48.78,92.32,40.66
80,48.56,92.34,40.66
79,48.45,92.42,40.66
4,46.78,94.94,40.52
6,46.86,94.05,40.52
6,46.87,94.15,40.52
5,46.87,93.93,40.53
2,46.76,94.72,40.52
3,46.75,94.5,40.54
56,47.94,92.84,40.59
56,47.92,92.62,40.64
40,47.42,93.25,40.52
50,47.73,93.07,40.53
49,47.63,93.12,40.52
43,47.62,93.04,40.63
45,47.58,93.2,40.51
42,47.47,93.21,40.52
49,47.72,92.86,40.6
20,47.12,93.52,40.51
15,47.11,93.52,40.61
15,47.05,93.58,40.52
11,47,93.64,40.52
9,46.96,93.7,40.52
33,47.31,93.28,40.52
30,47.26,93.32,40.52
18,47.16,93.46,40.61
23,47.15,93.49,40.51
29,47.21,93.51,40.5
21,47.21,93.4,40.61
27,47.22,93.4,40.51
5,46.87,93.83,40.63
7,46.92,93.87,40.52
6,46.91,93.76,40.54
102,48.97,91.97,40.46
123,49.13,91.16,40.46
108,48.93,91.51,40.46
137,50.42,90.95,40.46
4,51.31,90.76,41.07
32,50.9,90.76,40.57
135,49.77,90.89,40.46
134,49.56,90.76,40.54
133,49.33,90.91,40.46
137,50.01,90.76,40.58
102,48.76,92.1,40.46
101,48.66,92.22,40.46
100,48.44,92.24,40.46
99,48.34,92.36,40.46
4,46.82,93.99,40.43
6,46.83,94.1,40.42
2,46.77,93.94,40.43
3,46.81,93.88,40.43
79,47.8,92.56,40.46
64,47.82,92.74,40.45
67,47.62,93.02,40.43
66,47.57,93.09,40.42
65,47.52,93.15,40.42
59,47.61,92.94,40.44
57,47.41,93.16,40.43
53,47.36,93.22,40.42
47,47.59,92.75,40.45
23,47.09,93.53,40.42
12,47,93.53,40.43
8,46.95,93.59,40.43
5,46.9,93.65,40.43
34,47.2,93.26,40.43
34,47.19,93.41,40.42
31,47.16,93.45,40.42
4,46.86,93.71,40.43
4,46.86,93.82,40.43
2,46.91,95.04,40.72
2,46.97,95.7,45.25
2,47.07,95.58,45.1
2,47.07,95.58,45.25
2,47.05,95.36,45.1
2,47.05,95.36,45.25
2,46.93,95.26,45.1
2,46.91,95.04,45.1
2,46.93,95.26,45.25
2,46.79,94.94,45.1
2,46.77,94.72,45.1
2,47.05,95.36,44.94
2,46.91,95.04,44.79
2,46.93,95.26,44.94
2,46.91,95.04,44.94
2,46.79,94.94,44.79
2,46.79,94.94,44.94
2,46.77,94.72,44.94
2,47.04,95.25,45.8
2,46.84,95.49,45.8
2,47.04,95.25,45.49
3,47.01,94.92,45.57
2,47.01,94.92,45.41
2,46.91,95.04,45.25
3,46.89,94.82,45.57
2,46.89,94.82,45.41
2,46.79,94.94,45.25
2,46.77,94.72,45.25
2,46.84,95.49,45.49
2,47.77,96.07,46.9
3,47.52,95.65,46.43
2,47.31,95.89,46.43
2,47.08,95.69,46.43
3,47.28,95.45,46.43
3,47.04,95.25,46.11
2,47.3,95.67,47.52
2,49.29,98.16,42.52
2,48.95,96.86,42.36
2,49.21,97.28,42.52
2,48.95,96.86,42.68
2,48.71,96.65,42.68
2,48.75,97.09,42.99
2,48.75,97.09,43.3
2,46.87,95.93,46.43
2,46.87,95.93,46.11
2,46.84,95.49,46.11
2,46.64,95.73,45.8
2,46.78,94.94,40.72
2,46.98,94.26,44.61
2,46.77,94.72,44.78
2,46.82,94.6,44.65
2,46.92,94.24,44.81
3,46.95,94.26,44.94
2,46.84,94.37,44.79
2,46.85,94.38,44.94
4,46.95,94.26,45.25
3,46.85,94.38,45.25
3,46.95,94.26,45.1
3,46.85,94.38,45.1
2,46.75,94.5,44.79
2,46.75,94.5,44.94
2,46.75,94.5,45.1
5,47.2,94.57,45.8
5,47.07,94.36,45.57
4,46.97,94.48,45.57
3,47,94.81,45.8
5,46.95,94.26,45.57
4,46.95,94.26,45.41
3,46.87,94.6,45.57
4,46.85,94.38,45.57
3,46.87,94.6,45.41
3,46.85,94.38,45.41
3,46.75,94.5,45.25
5,47.2,94.57,46.11
3,47,94.81,46.11
3,47.7,95.19,46.9
3,47.24,95.01,46.43
5,47.44,94.77,46.43
5,47.2,94.57,46.43
3,47,94.81,46.43
2,47.22,94.79,47.52
2,46.74,94.39,48.15
5,46.87,93.93,40.62
3,46.82,93.89,40.63
4,47.05,94.4,40.75
5,47.06,94.3,40.76
9,47.01,94.25,40.68
5,47.01,94.36,40.76
2,47.07,94.35,40.88
9,46.95,94.2,40.68
7,46.89,94.15,40.61
4,46.82,93.99,40.62
5,46.83,94.1,40.62
2,47.02,94.6,40.84
2,47.03,94.44,40.9
5,46.97,94.48,40.72
8,46.96,94.31,40.68
7,46.86,94.38,40.6
8,46.9,94.26,40.68
5,46.84,94.21,40.61
3,46.78,94.16,40.62
7,46.84,94.38,40.51
3,46.77,94.16,40.54
5,46.83,94.21,40.52
2,46.73,94.28,40.43
3,46.77,94.72,40.72
4,46.87,94.6,40.72
3,46.77,94.5,40.62
7,47.54,93.51,40.88
6,47.39,93.61,40.9
10,47.3,93.71,40.78
4,47.55,93.6,40.93
2,47.44,93.67,41.04
4,47.36,93.73,40.88
9,46.93,93.98,40.68
11,46.99,94.03,40.68
7,46.88,94.04,40.68
9,46.94,94.09,40.68
8,47.05,94.08,40.76
7,47,94.14,40.76
4,47.08,94.24,40.82
6,47.06,94.19,40.76
6,47.11,94.13,40.76
2,47.11,94.17,40.91
2,47.25,94.01,44.51
2,47.21,94.13,44.5
19,47.38,93.74,44.58
12,47.35,93.79,44.59
17,47.33,93.76,44.99
17,47.32,93.74,44.82
18,47.25,93.66,44.74
17,47.18,93.65,44.85
8,47.2,93.83,44.76
6,47.32,93.85,44.57
7,47.16,93.82,44.71
10,47.23,93.89,44.97
10,47.26,93.85,44.81
17,47.35,93.78,45.1
17,47.35,93.78,45.25
11,47.25,93.9,45.1
12,47.25,93.9,45.25
5,47.16,93.97,44.76
4,47.12,93.95,44.69
6,47.14,94.01,44.96
3,47.01,94.14,44.85
3,47.12,94.07,44.75
2,47.08,94.08,44.69
3,46.97,94.14,44.8
4,47.05,94.14,44.95
8,47.15,94.02,45.25
5,47.05,94.14,45.25
7,47.15,94.02,45.09
5,47.05,94.14,45.1
13,47.6,94.09,45.8
15,47.47,93.88,45.57
12,47.37,94,45.57
8,47.4,94.33,45.8
9,47.27,94.12,45.57
6,47.17,94.24,45.57
12,47.25,93.9,45.57
15,47.35,93.78,45.57
12,47.25,93.9,45.41
16,47.35,93.78,45.41
9,47.15,94.02,45.57
6,47.05,94.14,45.57
9,47.15,94.02,45.41
6,47.05,94.14,45.41
11,47.6,94.09,46.11
8,47.4,94.33,46.11
6,48.1,94.71,46.9
7,47.64,94.53,46.43
10,47.84,94.29,46.43
7,47.4,94.33,46.43
9,47.6,94.09,46.43
3,47.62,94.31,47.52
2,47.14,93.91,48.15
2,47.32,93.78,41.03
2,47.29,93.88,41.04
2,47.14,94.02,41.01
5,47.26,93.74,40.9
11,47.24,93.73,40.76
12,47.29,93.67,40.76
13,47.18,93.68,40.76
15,47.12,93.63,40.68
14,47.23,93.62,40.76
17,47.17,93.57,40.68
12,47.06,93.58,40.68
9,47,93.54,40.62
14,47.11,93.52,40.68
4,47.22,93.83,40.92
10,47.14,93.85,40.76
6,47.18,93.89,40.84
11,47.19,93.79,40.76
12,47.08,93.8,40.76
11,47.02,93.75,40.68
12,47.13,93.74,40.76
13,47.07,93.69,40.68
10,47.01,93.64,40.68
7,46.95,93.6,40.62
8,46.96,93.7,40.68
5,46.91,93.65,40.63
4,47.11,94,40.86
10,47.09,93.91,40.76
10,47.04,93.97,40.76
11,47.03,93.86,40.76
9,46.97,93.81,40.68
10,46.98,93.92,40.76
8,46.92,93.87,40.68
6,46.91,93.76,40.68
4,46.87,93.71,40.63
5,46.86,93.82,40.68
8,47.86,93.23,41.04
9,47.78,93.33,40.9
4,47.8,93.41,41.03
20,48.28,92.92,41.04
3,48.29,93.27,41.37
11,48.39,93,41.18
6,48.39,93.09,41.34
3,48.39,93.26,41.48
2,48.2,93.26,41.48
80,49.53,93.25,42.05
81,49.11,93.28,42.05
73,49.53,93.25,41.74
67,49.4,93.05,41.5
67,49.29,93.17,41.5
68,49.11,93.28,41.74
52,49.28,92.95,41.5
51,49.17,93.07,41.5
22,49.06,92.96,41.35
18,48.72,92.89,41.19
7,48.64,93.26,41.53
13,48.84,93.09,41.51
13,48.84,92.96,41.34
21,48.98,93.04,41.49
35,48.9,93.13,41.74
9,48.76,93.07,41.5
17,48.71,93.26,41.74
6,48.57,93.26,41.5
16,48.61,92.99,41.19
9,48.6,93.09,41.35
4,48.46,93.26,41.51
15,48.94,92.86,41.35
37,48.8,92.54,41.04
56,48.68,92.44,40.87
20,48.82,92.76,41.19
34,48.7,92.66,41.04
51,48.58,92.56,40.88
53,48.46,92.46,40.87
6,48.49,93.08,41.37
17,48.6,92.78,41.19
14,48.5,92.9,41.19
56,49.69,92.58,41.43
40,49.45,92.38,41.11
60,49.21,92.17,40.87
80,49.73,93.02,41.74
35,49.36,92.61,41.19
55,49.49,92.82,41.43
32,49.26,92.73,41.19
25,49.16,92.84,41.35
42,49.12,92.4,41.04
30,49.24,92.5,41.19
40,49.02,92.52,41.04
28,49.14,92.62,41.19
17,49.04,92.74,41.35
23,48.92,92.64,41.19
41,49,92.3,41.04
40,48.9,92.42,41.04
60,48.88,92.2,40.87
58,48.78,92.32,40.87
57,48.56,92.34,40.87
82,48.82,93.31,42.36
81,48.82,93.31,42.68
67,48.89,93.12,42.05
51,48.71,93.26,42.05
85,49.11,93.28,42.36
85,49.11,93.28,42.68
83,51.54,93.52,42.52
89,51.29,93.1,42.05
93,50.88,93.58,42.36
96,51.08,93.34,42.05
93,50.88,93.58,42.68
89,51.05,92.9,42.05
86,50.81,92.7,41.74
93,50.64,93.38,42.36
86,50.2,93.42,42.36
95,50.85,93.14,42.05
92,50.61,92.94,41.74
91,50.41,93.18,42.05
93,50.64,93.38,42.68
91,50.2,93.42,42.68
80,50.57,92.5,41.74
64,50.33,92.3,41.43
89,49.96,93.22,42.36
86,49.53,93.25,42.36
88,50.37,92.74,41.74
71,50.13,92.54,41.43
91,50.17,92.98,42.05
83,49.93,92.78,41.74
86,49.73,93.02,42.05
92,49.96,93.22,42.68
89,49.53,93.25,42.68
45,49.85,91.9,41.11
51,50.09,92.1,41.43
42,49.65,92.14,41.11
54,49.89,92.34,41.43
41,49.61,91.7,41.11
57,49.37,91.5,40.87
38,49.41,91.94,41.11
55,49.17,91.73,40.87
77,51.07,93.12,43.15
90,50.41,93.18,42.99
84,50.41,93.18,43.3
89,50.17,92.98,42.99
84,50.17,92.98,43.3
61,50.59,92.72,43.77
67,49.93,92.78,43.93
76,49.93,92.78,43.61
41,50.11,92.32,44.4
44,49.45,92.38,44.55
17,49.63,91.92,45.02
2,49.15,91.52,45.65
82,48.89,93.12,42.99
77,48.71,93.26,42.99
79,48.89,93.12,43.3
74,48.71,93.26,43.29
74,48.77,93.06,43.61
68,48.53,93.26,43.6
91,49.73,93.02,42.99
86,49.73,93.02,43.3
87,49.28,93.06,42.99
83,48.91,92.97,42.99
84,49.28,93.06,43.3
81,48.91,92.97,43.3
60,48.2,93.26,43.9
58,47.99,93.26,43.91
69,48.82,92.92,43.93
66,48.56,93.06,43.91
76,48.82,92.92,43.61
68,49.69,92.58,43.93
77,49.69,92.58,43.61
58,49.45,92.38,44.24
70,49.49,92.82,43.93
79,49.49,92.82,43.61
59,49.25,92.62,44.24
70,49.04,92.86,43.93
78,49.04,92.86,43.61
41,47.55,93.59,44.49
33,47.44,93.67,44.5
55,48.18,93.06,44.22
45,48.39,92.98,44.63
47,48.18,93.09,44.5
52,47.87,93.32,44.2
48,47.88,93.34,44.44
52,47.93,93.06,44.23
49,47.98,93.27,44.41
44,47.98,93.1,44.56
60,48.81,92.65,44.24
47,48.81,92.65,44.55
58,48.61,92.85,44.24
47,48.61,92.87,44.56
47,49.21,92.17,44.55
47,49.01,92.41,44.55
32,47.51,93.56,44.81
34,47.85,93.37,45
33,47.75,93.45,45
29,47.54,93.52,44.97
44,47.72,93.49,44.58
39,47.79,93.36,44.81
37,47.7,93.49,44.84
43,47.73,93.53,44.63
34,47.49,93.5,44.76
31,47.87,93.4,45.1
28,47.87,93.4,45.25
30,47.77,93.52,45.1
27,47.77,93.52,45.25
27,47.56,93.54,45.1
24,47.55,93.54,45.25
34,47.44,93.48,44.69
26,47.3,93.51,44.84
27,47.32,93.57,44.69
25,47.31,93.6,44.74
23,47.33,93.55,44.95
22,47.33,93.56,45.1
20,47.33,93.56,45.25
36,48.16,92.92,44.87
28,48.17,92.93,45.18
35,47.95,93.14,44.94
38,47.95,93.01,44.77
41,47.83,93.19,44.69
30,47.96,93.17,45.18
33,48.57,92.45,44.86
23,48.57,92.45,45.18
35,48.37,92.69,44.86
26,48.37,92.69,45.18
30,48.97,91.97,44.86
17,48.97,91.97,45.18
32,48.77,92.21,44.86
19,48.77,92.21,45.18
23,47.75,93.3,45.57
25,47.75,93.3,45.41
22,47.65,93.42,45.57
24,47.65,93.42,45.41
20,47.76,93.41,45.8
17,47.56,93.65,45.8
18,47.33,93.56,45.57
20,47.43,93.44,45.57
21,47.43,93.44,45.41
19,47.33,93.56,45.41
20,47.93,92.73,45.49
16,47.93,92.73,45.8
22,47.72,92.97,45.49
18,47.72,92.97,45.8
12,48.33,92.25,45.49
7,48.33,92.25,45.8
16,48.13,92.49,45.49
12,48.13,92.49,45.8
2,48.73,91.77,45.8
5,48.73,91.77,45.49
8,48.53,92.01,45.49
4,48.53,92.01,45.8
16,47.76,93.41,46.11
14,47.56,93.65,46.11
12,47.93,92.73,46.11
9,47.93,92.73,46.43
11,47.72,92.97,46.43
14,47.72,92.97,46.11
7,48.35,92.47,46.27
8,48.02,93.83,46.9
11,47.56,93.65,46.43
13,47.76,93.41,46.43
7,47.95,92.95,46.9
3,47.87,92.07,46.9
4,47.54,93.43,47.52
3,47.47,92.55,47.52
2,47.06,93.03,48.15
3,47.66,93.51,41.06
5,47.65,93.4,41.01
2,48.1,93.27,41.36
4,48.19,93.1,41.34
5,48.08,93.12,41.22
9,48.18,93.01,41.18
17,48.05,92.94,41.04
30,48.48,92.68,41.04
47,48.36,92.58,40.88
58,48.24,92.54,40.78
97,48.12,92.38,40.46
74,48.23,92.44,40.66
25,48.38,92.8,41.04
41,48.26,92.7,40.88
53,48.14,92.62,40.77
93,48.01,92.47,40.46
63,48.02,92.54,40.65
23,48.16,92.82,41.04
3,47.94,93.29,41.21
3,48.02,93.27,41.32
6,47.98,93.13,41.19
3,47.86,93.35,41.22
5,47.85,93.19,41.16
11,47.83,93.15,41.02
14,47.95,93.05,41.03
11,47.63,93.39,40.86
18,47.54,93.37,40.76
20,47.59,93.31,40.76
21,47.48,93.32,40.76
23,47.53,93.26,40.76
27,47.42,93.27,40.68
32,47.41,93.17,40.63
30,47.36,93.23,40.62
13,47.74,93.28,40.87
27,47.63,93.2,40.72
29,47.47,93.21,40.68
36,47.52,93.16,40.62
40,47.57,93.1,40.62
11,47.43,93.44,40.88
19,47.32,93.39,40.76
21,47.37,93.33,40.76
20,47.31,93.28,40.76
19,47.26,93.34,40.76
21,47.26,93.34,40.68
23,47.31,93.28,40.68
21,47.21,93.27,40.63
9,47.33,93.55,40.87
16,47.22,93.51,40.76
17,47.27,93.45,40.76
16,47.21,93.4,40.76
15,47.16,93.46,40.76
16,47.16,93.46,40.68
19,47.21,93.4,40.68
39,48.04,92.72,40.88
46,47.92,92.64,40.77
33,47.94,92.84,40.88
43,47.82,92.75,40.76
22,47.73,93.08,40.88
36,47.62,92.98,40.73
28,47.84,92.96,40.88
40,47.72,92.87,40.74
2,43.53,108.83,51.12
2,45.95,112.28,51.88
2,43.72,109.23,51.21
2,43.88,109.78,51.29
2,44.14,110.14,51.28
2,43.72,109.26,50.78
2,43.91,109.78,50.9
2,52.04,113.63,50.86
2,51.56,113.94,50.88
2,44.01,109.26,50.7
2,44.49,109.67,50.71
2,52.21,113.29,50.67
2,52.03,113.57,50.5
2,51.61,113.94,50.5
2,44.34,108.79,50.51
2,44.89,109.19,50.51
3,44.96,110.08,50.51
2,45.45,110.5,50.51
2,43.78,97.75,64.3
2,44.35,98.14,64.1
2,43.53,97.69,63.99
2,43.72,96.85,64.3
2,44.25,97.26,64.1
2,44.81,97.66,63.72
2,43.53,96.86,63.98
2,43.58,98.19,64.3
2,43.98,98.62,64.1
2,43.72,98.61,63.82
2,43.53,98.2,63.98
2,43.52,98.62,63.41
2,43.72,104.37,40.78
9,43.71,105.28,40.75
2,43.53,105.26,42.71
4,43.53,104.3,41.17
4,43.52,104.9,40.66
2,44.96,94.54,64.1
2,44.37,94.14,64.3
2,44.73,96.78,63.72
2,43.68,96,64.3
2,44.19,96.38,64.1
2,43.53,96.01,63.97
2,43.66,95.09,64.3
2,44.1,95.5,64.1
2,43.72,95.53,63.91
2,43.53,95.15,63.97
2,44.53,95.02,64.1
2,43.91,94.62,64.3
2,43.53,94.63,63.99
15,43.27,123.44,47.87
13,43.07,123.95,47.84
13,43.09,124.84,47.83
7,43.69,125.97,47.83
19,43.25,122.92,47.07
16,43.29,123.03,47.86
9,43.26,123.54,49.1
11,43.23,122.92,48.69
7,43.25,123.14,49.46
7,43.06,123.97,48.92
6,43.09,124.78,49.1
5,43.69,125.97,49.08
7,42.91,126.66,47.83
6,42.11,127.62,47.83
5,42.91,126.66,49.08
4,42.11,127.62,49.08
4,41.3,128.58,47.83
3,41.46,130.34,47.83
2,40.65,131.3,46.58
2,40.5,129.54,47.83
17,43.26,120.24,47.85
17,43.27,121.14,47.88
6,43.26,121.31,49.32
5,43.1,122.19,49.23
5,43.25,120.18,49.16
2,43.25,115.08,50.61
3,43.25,113.27,50.02
3,43.25,114.21,50.01
2,43.25,113.81,50.64
3,43.25,114.68,50.62
2,43.05,114.22,50.64
4,43.25,118.62,49.06
16,43.25,118.63,47.82
2,43.25,109.3,55
2,43.25,109.28,55.68
2,43.28,116.33,57.83
3,43.28,116.33,55.32
3,43.28,116.33,56.58
5,43.25,123.22,50.28
3,43.05,123.97,50.52
4,43.09,124.77,50.29
2,43.69,125.97,50.34
4,43.26,123.12,51.3
3,43.1,123.95,51.44
3,43.11,124.86,51.42
2,43.7,125.95,51.59
2,42.91,126.66,50.33
2,43.06,128.42,50.33
3,42.26,129.38,49.08
2,41.46,130.34,49.08
3,41.3,128.58,49.08
2,43.25,120.22,50.29
3,43.25,121.35,50.31
2,43.05,122.19,50.32
2,43.09,122.21,51.41
2,43.23,123.13,51.98
2,43.26,111.14,50.69
2,43.25,112.49,50.61
3,43.25,112.47,50.01
2,43.25,112.54,51.21
2,43.26,112.55,51.89
2,43.05,113.26,50.64
2,43.25,115.58,50.58
2,43.25,115.58,51.17
2,43.05,115.1,51.25
2,43.26,115.45,51.79
2,43.06,115.1,51.87
2,43.05,113.81,51.27
2,43.05,114.69,51.26
2,43.05,113.81,51.89
2,43.05,114.69,51.89
2,43.27,110.19,54.41
2,43.26,111.68,52.63
2,43.25,111.59,53.19
2,43.07,112.49,52.54
2,43.05,112.46,53.15
2,43.25,110.69,53.76
2,43.25,111.59,53.76
2,43.25,110.75,54.29
2,43.26,111.6,54.32
2,42.88,115.13,52.52
2,43.07,115.51,52.49
2,42.88,115.12,53.15
2,43.07,115.51,53.12
2,42.97,116.01,53.15
2,42.88,115.12,53.77
3,43.07,115.52,53.75
3,42.88,115.12,54.4
4,43.07,115.52,54.38
3,42.96,116.02,54.07
2,43.13,116.2,54.05
2,42.69,114.7,53.77
2,42.69,114.7,54.4
2,43.27,109.67,55.02
2,43.26,109.65,55.71
2,43.25,109.78,56.4
2,43.25,111.69,55.51
2,43.21,111.57,55.7
2,43.12,111.61,55.88
2,43.11,111.9,55.6
2,43.07,111.63,56.32
3,42.88,115.12,55.02
4,43.07,115.52,55.01
3,42.88,115.12,55.65
4,43.07,115.51,55.64
3,42.96,116.02,55.34
4,43.13,116.2,55.32
2,42.69,114.7,55.02
2,42.69,114.7,55.65
2,42.88,115.12,56.27
3,43.07,115.51,56.27
2,43.07,115.51,56.89
2,42.96,116.02,56.58
3,43.13,116.2,56.58
16,45.18,106.95,41.9
18,44.29,107.02,41.9
33,44.7,106.54,41.27
34,43.95,106.62,41.28
37,44.23,106.14,40.87
12,43.86,105.74,40.65
8,44.7,106.54,42.52
8,43.96,106.61,42.51
6,44.62,105.66,42.52
16,45.1,106.06,41.9
7,45.02,105.18,41.9
17,44.62,105.66,41.27
2,44.54,104.78,41.27
10,44.16,105.26,40.87
4,43.83,104.86,40.65
6,43.7,106.65,42.55
9,43.73,107.52,41.89
2,43.52,105.75,42.62
5,43.52,106.81,42.03
16,43.7,105.74,40.79
37,43.51,105.8,41.13
28,43.69,106.68,41.22
20,43.51,106.65,41.69
92,43.28,106.35,41.13
87,43.28,106.17,41.23
20,43.25,109.34,42.51
53,43.25,108.45,41.21
47,43.25,107.55,41.23
106,43.05,108.45,40.69
122,42.67,110.72,40.66
104,42.72,111.61,40.64
83,42.51,112.07,40.7
71,42.23,114.29,40.71
71,42.08,113.42,40.81
74,42.06,112.56,40.85
84,41.39,114.38,40.95
82,41.68,112.14,40.97
87,41.12,114.84,41.04
17,43.05,118.69,45.02
12,42.63,118.7,44.4
13,43.05,116.46,45.02
12,42.77,116.47,44.4
13,42.8,117.35,44.4
14,43.05,117.34,45.02
14,42.82,118.19,44.39
16,43.05,118.15,45.02
14,42.55,117.82,43.77
14,42.5,116.94,43.77
17,42.1,117.42,43.15
17,42.02,116.54,43.15
73,41.27,115.72,41.46
26,41.78,118.78,42.52
27,41.7,117.9,42.52
52,41.54,116.14,41.89
66,41.35,116.6,41.5
46,41.62,117.02,41.89
60,41.43,117.48,41.48
43,41.69,117.9,41.89
57,41.41,118.42,41.49
40,41.78,118.78,41.9
17,41.7,117.9,43.15
13,42.18,118.3,43.77
17,41.78,118.78,43.15
13,42.25,119.18,43.77
13,42.68,119.58,44.4
11,42.33,120.06,44.4
16,42.88,120,45.02
23,43.05,120.52,45.64
19,43.05,119.58,45.02
23,43.05,119.99,45.64
27,43.25,119.58,45.64
28,43.25,120.29,46.53
26,43.25,118.59,46.59
14,42.85,119.11,45.02
20,43.05,119.1,45.64
19,43.05,118.69,45.64
17,43.05,118.15,45.64
11,43.7,122.18,48.35
12,43.19,121.51,48.68
17,43.21,121.42,47.93
20,43.18,121.51,47.07
26,43.26,121.31,46.41
15,42.58,121.95,45.02
23,43.05,121.33,45.64
15,43.33,122.21,47.76
19,42.79,122.23,45.64
22,43.1,122.2,46.47
15,42.73,120.45,45.02
12,42.43,120.94,44.4
17,42.77,121.35,45.02
11,41.53,121.02,43.77
12,41.93,120.54,43.77
12,41.85,119.66,43.77
10,41.93,120.54,44.4
66,40.59,120.22,41.93
37,41.05,120.62,42.52
20,41.05,120.62,43.15
57,40.98,119.73,41.9
30,41.45,120.14,42.52
59,40.91,118.86,41.91
31,41.37,119.26,42.52
17,41.45,120.14,43.15
18,41.37,119.26,43.15
75,41.32,118.38,41.07
90,40.92,115.75,41.15
85,41.01,116.63,41.18
79,41.09,117.51,41.17
96,40.42,118.45,41.36
110,40.1,119.81,41.35
96,40.49,119.34,41.27
10,42.24,124.06,45.02
11,42.16,123.18,45.02
11,41.36,124.14,43.77
11,41.76,123.66,43.77
11,41.68,122.78,43.77
19,41.28,123.26,43.15
8,41.36,124.14,44.4
8,41.76,123.66,44.4
8,41.68,122.78,44.4
11,41.2,122.38,43.77
9,41.53,121.02,44.4
11,42.01,121.42,45.02
9,41.61,121.9,44.4
7,41.2,122.38,44.4
11,41.13,121.5,43.77
16,42.62,123.58,45.65
18,42.82,123.07,45.65
20,43.08,123.19,46.48
18,42.86,123.97,46.61
14,42.16,123.18,45.65
11,42.08,122.3,45.02
16,42.54,122.7,45.65
12,42.24,124.06,45.65
15,42.59,124.92,46.58
47,40.65,121.09,42.52
24,40.65,121.09,43.15
75,40.21,120.69,42.01
7,41.91,125.42,45.02
8,41.43,125.02,44.4
8,41.03,125.5,44.4
8,41.84,124.54,45.02
8,41.91,125.42,45.65
6,41.51,125.9,45.65
6,41.51,125.9,45.02
9,41.84,124.54,45.65
11,41.95,125.86,46.58
26,40.96,124.62,43.15
41,40.96,124.62,42.52
64,40.28,124.33,42.05
45,40.88,123.74,42.52
33,40.55,125.1,43.15
47,40.55,125.1,42.52
25,40.88,123.74,43.15
47,40.72,121.97,42.52
70,40.31,122.46,42.06
22,40.72,121.97,43.15
54,40.39,123.34,42.5
45,40.8,122.86,42.52
24,40.8,122.86,43.15
31,40.4,123.33,43.15
58,40.23,121.57,42.51
28,40.25,121.57,43.15
13,40.96,124.62,43.77
8,40.96,124.62,44.4
8,40.55,125.1,44.4
13,40.55,125.1,43.77
74,39.72,125.21,42.11
44,40.18,126.01,42.82
92,40.1,124.27,41.43
106,40.17,120.69,41.35
99,40.24,121.57,41.39
83,39.87,121.12,42.09
97,40.16,122.47,41.45
97,39.59,125.24,41.51
92,37.78,128.92,41.6
75,36.98,129.89,41.64
12,40.19,126.01,44.08
13,40.34,127.78,44.08
4,41.15,126.82,45.33
4,41.3,128.58,45.33
7,41.15,126.82,46.58
4,41.3,128.58,46.58
16,39.54,128.73,44.08
3,40.5,129.54,45.33
2,40.5,129.54,46.58
20,38.74,129.69,44.08
3,39.7,130.49,45.33
26,37.93,130.65,44.08
5,38.89,131.45,45.33
5,38.17,133.29,45.96
3,34.64,133.6,45.96
59,39.38,126.97,42.81
122,38.42,126.17,41.58
2,29.21,132.25,43.58
9,30.79,130.43,41.56
70,37.78,128.88,42.83
61,36.98,129.84,42.85
36,34.46,130.4,41.66
29,36.25,131.64,43.59
9,32.72,131.94,43.58
69,38.58,127.93,42.82
119,37.63,127.13,41.57
3,27,127.33,43.42
19,43.25,109.34,43.14
17,43.25,112.45,44.4
14,43.25,113.26,45.03
13,43.05,113.26,44.4
12,43.25,113.26,45.65
14,43.25,113.81,45.03
11,43.05,114.22,45.02
13,43.05,113.81,44.41
12,42.86,114.23,44.4
13,42.84,113.31,43.76
12,42.74,115.57,44.4
12,43.05,115.64,45.02
16,43.25,115.64,45.65
14,43.25,114.22,46.89
12,43.25,114.22,46.27
13,43.25,114.85,45.65
12,42.88,115.12,44.4
11,43.05,115.12,45.02
12,43.25,113.81,45.65
9,43.05,114.22,45.65
11,43.05,114.71,45.02
13,42.65,113.82,43.77
14,42.69,114.7,43.77
11,42.69,114.7,44.4
21,43.25,116.9,46.58
15,43.05,117.33,45.64
12,43.05,116.46,45.65
28,41.95,115.66,42.52
79,41.19,114.84,41.45
59,41.45,115.26,41.88
26,42.27,114.3,42.52
17,42.27,114.3,43.15
31,41.87,114.78,42.52
39,42.27,114.3,41.9
62,41.82,113.91,41.33
40,42.19,113.42,41.9
60,41.79,113.02,41.39
49,41.87,114.78,41.9
72,41.46,114.38,41.39
32,41.54,116.14,42.52
29,41.62,117.02,42.52
18,41.95,115.66,43.15
13,42.45,116.06,43.77
19,41.87,114.78,43.15
13,42.35,115.18,43.77
10,42.35,115.18,44.4
24,43.25,108.94,41.87
27,43.25,109.9,41.86
22,43.05,109.34,41.88
23,43.25,110.69,43.14
24,43.25,111.57,43.14
22,43.25,109.9,42.5
25,43.25,110.7,42.5
27,43.25,111.57,42.51
19,43.05,112.44,43.15
23,43.05,112.44,42.52
27,42.8,112.47,41.9
55,43.05,108.94,41.24
94,42.71,108.94,40.83
65,42.86,109.35,41.27
58,43.05,109.9,41.23
121,42.76,109.82,40.81
48,43.05,110.7,41.22
41,43.05,111.58,41.23
111,42.79,110.71,40.8
82,42.8,111.6,40.79
49,42.52,112.05,41.27
24,43.05,110.7,41.88
26,43.05,111.57,41.88
20,43.25,111.57,43.77
16,43.05,112.45,43.78
16,42.56,112.94,43.15
21,42.56,112.94,42.52
27,42.19,113.42,42.52
18,42.19,113.42,43.15
42,42.12,112.54,41.9
63,41.72,112.13,41.41
136,43.27,105.36,40.57
104,43.08,107.53,40.68
135,43.14,106.24,40.66
144,43.27,106.25,40.57
133,43.26,107.54,40.57
131,43.25,108.04,40.57
110,43.04,108.47,40.38
123,43.04,107.56,40.35
101,42.86,108.94,40.4
107,42.92,109.82,40.38
113,42.75,110.29,40.37
138,42.81,111.17,40.36
127,42.24,111.67,40.38
107,41.86,113.9,40.39
109,41.82,113.01,40.4
115,41.07,113.96,40.44
114,41.46,112.6,40.44
125,41.41,111.72,40.44
118,40.85,114.87,40.46
125,40.6,115.33,40.49
115,40.86,117.98,40.49
121,40.7,116.21,40.49
117,40.8,117.09,40.5
138,40.08,118.04,40.56
149,39.69,120.29,40.55
155,39.45,120.74,40.57
152,39.68,119.13,40.55
141,39.49,124.07,40.58
145,39.77,121.17,40.56
148,39.58,122.52,40.58
138,39,125.19,40.58
154,37.48,125.36,40.58
113,36.83,128.13,40.58
90,36.02,129.13,40.59
63,33.93,129.29,40.55
144,36.98,126.3,40.57
31,31.73,128.5,40.53
18,59.53,96.62,50.14
19,60.51,96.12,50.3
31,60.04,97.08,49.29
27,60.18,96.88,49.96
22,60.03,96.58,50.1
56,61.6,97.08,49.29
43,61.57,96.88,49.96
32,61.55,96.54,50.1
62,62.81,96.88,49.96
51,62.9,96.62,50.1
22,63.22,95.36,50.3
19,63.19,94.41,50.3
20,62.97,94.91,50.3
24,62.53,95.98,50.3
79,62.98,97.08,49.3
55,63.3,96.67,50.15
2,60.47,103.83,41.49
2,62.16,103.68,41.49
2,61.24,102.88,42.83
2,62.69,102.74,42.83
3,63.1,104.37,41.42
2,59.53,101.23,41.3
2,59.73,102.06,41.42
2,60.02,103.01,41.49
2,63.1,102.71,42.81
2,60.37,102.07,42.83
2,59.73,102.07,42.82
2,61.22,102.87,40.66
2,62.79,102.74,40.66
2,60.29,102.06,40.66
18,51.53,98.4,42.52
2,51.6,99.29,42.52
67,51.85,97.05,42.52
33,51.93,97.93,42.52
2,54.5,99.07,42.91
50,51.95,93.04,42.52
70,52.02,93.92,42.52
80,52.1,94.81,42.52
78,52.18,95.69,42.52
72,52.25,96.57,42.52
8,50.99,92.24,45.02
31,51.07,93.12,45.02
21,51.07,93.12,45.65
3,51.47,92.64,46.27
3,51.47,92.64,46.9
11,51.95,93.04,46.27
7,51.95,93.04,46.9
39,51.54,93.52,45.02
31,51.54,93.52,45.65
55,51.62,94.4,45.02
44,51.62,94.4,45.65
13,51.37,96.64,45.02
2,51.45,97.52,45.02
6,51.37,96.64,45.65
53,51.7,95.28,45.02
31,51.78,96.16,45.02
38,51.7,95.28,45.65
18,51.78,96.16,45.65
28,52.02,93.92,46.27
17,52.02,93.92,46.9
29,52.1,94.81,46.27
16,52.1,94.81,46.9
17,52.18,95.69,46.27
3,52.25,96.57,46.27
7,52.18,95.69,46.9
3,52.46,93.89,47.83
5,54.5,98.31,44.12
4,51.32,91.16,43.77
2,51.32,91.16,44.4
46,51.07,93.12,44.4
23,50.99,92.24,44.4
8,50.91,91.39,44.4
3,52.27,91.69,42.52
4,51.79,91.33,43.15
40,50.99,92.24,43.77
50,51.47,92.64,43.15
61,51.07,93.12,43.77
41,51.95,93.04,43.15
61,51.54,93.52,43.77
62,52.02,93.92,43.15
50,51.54,93.52,44.4
76,51.62,94.4,43.77
75,52.1,94.81,43.15
66,51.62,94.4,44.4
4,51.05,98,43.77
6,51.53,98.4,43.15
41,51.37,96.64,43.77
12,51.45,97.52,43.77
25,51.37,96.64,44.4
5,51.45,97.52,44.4
50,51.85,97.05,43.15
14,51.93,97.93,43.15
77,51.7,95.28,43.77
63,51.78,96.16,43.77
66,51.7,95.28,44.4
47,51.78,96.16,44.4
76,52.18,95.69,43.15
66,52.25,96.57,43.15
5,51.2,99.76,41.27
2,51.2,99.76,41.9
47,51.53,98.4,41.27
18,51.6,99.29,41.27
38,51.53,98.4,41.9
8,51.6,99.29,41.9
71,51.85,97.05,41.9
54,51.93,97.93,41.9
65,51.85,97.05,41.27
54,51.93,97.93,41.27
78,52.28,94.35,41.11
100,52.12,95.03,41.11
93,52.12,95.03,41.43
90,52.32,94.79,41.11
85,52.32,94.79,41.43
83,52.16,95.47,41.11
79,52.16,95.47,41.43
75,52.2,95.91,41.11
74,52.2,95.91,41.43
75,52.4,95.67,41.11
72,52.4,95.67,41.43
58,52.25,96.57,41.27
75,52.28,94.35,41.43
85,52.04,94.14,41.74
61,52.24,93.91,41.74
81,52.04,94.14,42.05
59,52.24,93.91,42.05
84,52.1,94.81,41.9
76,52.18,95.69,41.9
67,52.25,96.57,41.9
8,52.35,92.57,41.27
29,52.42,93.45,41.27
38,52.48,94.11,41.11
42,52.48,94.11,41.43
11,52.35,92.57,41.9
33,52.42,93.45,41.9
52,52.52,94.55,40.87
14,52.72,94.31,40.87
34,52.33,97.45,40.87
33,52.41,98.33,40.87
34,52.01,98.81,40.87
6,51.94,99.98,40.84
18,52.82,97.85,40.66
9,52.9,99.15,40.66
65,52.58,95.21,40.87
43,52.66,96.09,40.87
19,52.73,96.97,40.87
4,52.9,93.85,40.87
8,52.98,94.73,40.66
16,53.06,95.61,40.66
6,53.14,96.49,40.66
10,53.22,97.37,40.66
2,53.46,95.13,40.46
3,53.68,96.91,40.46
3,52.27,91.69,41.9
2,54.52,91.8,40.46
3,54.45,90.93,40.46
79,48.97,91.97,40.66
90,49.13,91.24,40.65
63,49.13,91.3,40.87
78,48.93,91.52,40.66
127,50.43,91.09,40.65
14,51.31,90.96,41.19
79,50.9,90.96,40.75
23,51.87,92.16,42.52
6,51.79,91.33,42.52
106,50.43,91.19,40.87
31,51.32,91.16,41.9
54,51.39,91.76,41.9
82,50.91,91.39,41.27
64,51.47,92.64,42.52
68,49.57,91.27,40.87
113,49.77,91.03,40.65
80,49.76,91.13,40.87
104,49.56,90.96,40.72
108,49.33,91.05,40.65
73,49.33,91.15,40.87
76,50.99,92.24,41.9
71,50.73,91.82,41.43
63,50.53,92.06,41.43
64,50.49,91.62,41.43
67,50.25,91.42,41.11
53,50.29,91.86,41.43
52,50.05,91.66,41.11
49,49.81,91.46,41.11
65,50.01,91.23,41.11
111,50.01,90.96,40.76
28,51.39,91.76,43.15
9,51.32,91.16,43.15
59,50.99,92.24,43.15
2,51.31,90.96,43.77
23,50.91,91.39,43.77
48,50.51,91.84,43.77
2,50.9,90.96,44.39
20,50.4,91.19,44.4
36,50.03,91.47,44.4
2,50.36,90.96,45.02
14,49.56,91.21,45.02
81,48.76,92.1,40.66
81,48.66,92.22,40.66
80,48.44,92.24,40.66
78,48.34,92.36,40.66
3,46.82,93.99,40.54
4,46.82,94.1,40.53
2,46.77,93.94,40.56
2,46.73,94.11,40.56
3,46.81,93.88,40.55
52,47.8,92.56,40.66
50,47.82,92.74,40.62
37,47.36,93.22,40.53
50,47.62,93.02,40.55
39,47.52,93.06,40.64
48,47.57,93.09,40.53
36,47.47,93.11,40.63
45,47.52,93.15,40.53
39,47.41,93.16,40.54
48,47.61,92.94,40.58
39,47.59,92.75,40.63
17,47.09,93.52,40.52
11,47.05,93.48,40.62
10,47,93.53,40.54
7,46.95,93.59,40.54
5,46.9,93.65,40.55
15,47.11,93.38,40.62
24,47.2,93.25,40.55
24,47.19,93.41,40.51
22,47.16,93.45,40.51
4,46.86,93.71,40.56
4,46.86,93.82,40.55
103,48.73,91.77,40.46
133,48.9,90.93,40.46
122,48.69,91.19,40.46
127,50.41,90.76,40.57
3,51.31,90.76,41.8
20,50.9,90.76,41.07
133,49.75,90.76,40.58
132,49.32,90.76,40.58
109,50.01,90.76,40.9
2,50.9,90.76,43.76
15,50.36,90.76,44.39
11,49.55,90.76,45.02
102,48.53,92.01,40.46
100,48.32,92.14,40.46
99,48.22,92.26,40.46
2,46.77,94.05,40.43
84,47.8,92.49,40.46
63,47.7,92.64,40.46
61,47.51,93.05,40.43
60,47.46,93.1,40.43
46,47.49,92.88,40.45
47,47.32,93.17,40.43
39,47.48,92.69,40.46
16,47.05,93.47,40.42
7,46.95,93.49,40.43
5,46.89,93.55,40.43
3,46.86,93.6,40.43
27,47.17,93.18,40.44
21,47.09,93.36,40.43
2,46.83,93.71,40.43
2,46.8,93.77,40.44
2,46.65,94.62,44.79
2,46.65,94.62,44.94
2,46.65,94.62,45.25
2,46.65,94.62,45.1
2,46.84,95.49,45.18
2,46.81,95.16,45.1
2,46.81,95.16,45.25
2,46.69,95.06,45.1
2,46.67,94.84,45.1
2,46.69,95.06,45.25
2,46.81,95.16,44.94
2,46.67,94.84,44.79
2,46.69,95.06,44.94
2,46.67,94.84,44.94
2,46.8,95.05,45.8
2,46.6,95.29,45.8
3,46.77,94.72,45.57
2,46.8,95.05,45.49
2,46.77,94.72,45.41
2,46.67,94.84,45.25
2,46.6,95.29,45.49
2,46.8,95.05,46.11
2,47.3,95.67,46.9
2,46.84,95.49,46.43
3,47.04,95.25,46.43
2,46.8,95.05,46.43
2,46.82,95.27,47.52
2,46.64,95.73,46.43
2,46.6,95.29,46.43
2,46.64,95.73,46.11
2,46.6,95.29,46.11
2,46.4,95.53,45.8
2,44.27,96.38,46.27
2,46.99,94.2,44.56
2,46.88,94.25,44.67
2,46.81,94.36,44.65
2,46.74,94.5,44.63
2,46.83,94.16,44.79
3,46.83,94.16,44.94
2,46.73,94.28,44.79
2,46.73,94.28,44.94
4,46.83,94.16,45.25
3,46.73,94.28,45.25
3,46.83,94.16,45.1
3,46.73,94.28,45.1
2,46.63,94.4,44.79
2,46.63,94.4,44.94
2,46.63,94.4,45.1
5,46.96,94.37,45.8
3,46.76,94.61,45.8
5,46.83,94.16,45.57
5,46.83,94.16,45.41
4,46.73,94.28,45.57
3,46.65,94.62,45.57
3,46.75,94.5,45.57
3,46.75,94.5,45.41
2,46.65,94.62,45.41
3,46.73,94.28,45.41
3,46.63,94.4,45.25
5,46.96,94.37,46.11
3,46.76,94.61,46.11
3,47.22,94.79,46.9
4,46.96,94.37,46.43
3,46.76,94.61,46.43
2,46.74,94.39,47.52
2,46.26,93.99,48.15
3,46.78,93.94,40.64
6,46.87,93.93,40.68
4,46.81,93.88,40.68
2,47.07,94.29,40.94
3,47.02,94.34,40.84
6,47.01,94.25,40.76
6,46.96,94.31,40.76
7,46.95,94.2,40.76
8,46.89,94.15,40.68
6,46.9,94.26,40.76
4,46.81,93.99,40.68
6,46.83,94.1,40.68
3,46.78,94.06,40.63
2,46.95,94.48,40.87
6,46.85,94.38,40.72
3,46.76,94.29,40.62
6,46.84,94.21,40.68
4,46.77,94.16,40.68
2,46.74,94.11,40.64
2,46.73,94.28,40.55
2,46.87,94.6,40.88
3,46.75,94.5,40.72
6,47.49,93.53,40.93
4,47.36,93.59,41.04
6,47.3,93.68,40.9
2,47.66,93.5,41.19
3,47.56,93.59,41.04
2,47.46,93.65,41.16
2,47.36,93.73,41.03
9,46.93,93.98,40.76
9,46.99,94.03,40.76
7,46.88,94.04,40.76
8,46.94,94.09,40.76
4,47.04,94.13,40.87
41,47.53,93.57,44.38
33,47.42,93.65,44.39
21,47.35,93.72,44.41
11,47.31,93.76,44.41
4,47.28,93.84,44.4
21,47.37,93.73,44.5
12,47.33,93.78,44.51
4,47.3,93.86,44.5
2,47.24,93.96,44.39
2,47.26,93.95,44.48
3,47.08,93.95,44.6
2,47.04,94.07,44.58
20,47.24,93.63,44.69
15,47.2,93.69,44.7
17,47.23,93.67,44.95
18,47.15,93.6,44.84
9,47.1,93.79,44.84
8,47.07,93.79,44.79
10,47.17,93.77,44.68
10,47.13,93.8,44.95
17,47.23,93.68,45.1
16,47.23,93.68,45.25
11,47.13,93.8,45.1
12,47.13,93.8,45.25
5,47.01,93.91,44.8
6,47.03,93.92,44.94
3,46.93,94.04,44.79
4,46.94,94.04,44.94
8,47.03,93.92,45.25
6,46.93,94.04,45.25
7,47.03,93.92,45.1
5,46.93,94.04,45.1
13,47.36,93.89,45.8
8,47.16,94.13,45.8
12,47.13,93.8,45.57
15,47.23,93.68,45.57
12,47.13,93.8,45.41
16,47.23,93.68,45.41
9,47.03,93.92,45.57
7,46.93,94.04,45.57
9,47.03,93.92,45.41
6,46.93,94.04,45.41
11,47.36,93.89,46.11
7,47.16,94.13,46.11
6,47.62,94.31,46.9
7,47.16,94.13,46.43
9,47.36,93.89,46.43
3,47.14,93.91,47.52
2,46.66,93.51,48.15
2,47.32,93.77,41.1
3,47.23,93.72,41.03
2,47.19,93.83,41.04
2,47.14,93.95,41.06
2,47.07,94.01,40.99
8,47.21,93.66,40.87
13,47.12,93.63,40.76
15,47.17,93.57,40.76
12,47.06,93.58,40.76
13,47.11,93.52,40.76
9,47,93.53,40.68
7,46.96,93.49,40.64
11,47.05,93.47,40.68
7,47.13,93.8,40.88
11,47.02,93.75,40.76
12,47.07,93.69,40.76
9,46.96,93.7,40.76
10,47.01,93.64,40.76
7,46.95,93.59,40.68
5,46.9,93.56,40.64
5,46.9,93.65,40.68
4,46.87,93.6,40.64
6,47.03,93.92,40.88
9,46.97,93.81,40.76
8,46.92,93.87,40.76
7,46.91,93.76,40.76
6,46.86,93.82,40.76
4,46.85,93.71,40.68
3,46.8,93.77,40.69
6,47.75,93.32,41.04
3,47.77,93.41,41.19
11,48.27,92.92,41.19
2,48.29,93.26,41.51
4,48.28,93.09,41.37
6,48.39,92.97,41.33
3,48.39,93.07,41.48
2,48.18,93.07,41.48
2,48.11,93.26,41.51
82,49.28,93.06,42.05
70,49.28,93.06,41.74
31,49.16,92.84,41.5
27,49.05,92.97,41.51
19,49.04,92.74,41.5
15,48.94,92.86,41.5
62,48.91,92.97,42.05
9,48.53,93.26,41.74
10,48.71,92.88,41.35
7,48.69,93.07,41.53
31,48.92,92.98,41.72
11,48.85,92.94,41.5
18,48.77,93.06,41.74
9,48.62,92.96,41.34
6,48.61,93.07,41.5
4,48.48,93.06,41.51
12,48.82,92.76,41.35
38,48.68,92.44,41.04
23,48.8,92.54,41.19
20,48.7,92.66,41.19
35,48.58,92.56,41.04
36,48.46,92.46,41.04
53,48.34,92.36,40.87
9,48.6,92.78,41.35
7,48.5,92.9,41.35
17,48.48,92.68,41.19
14,48.38,92.8,41.19
82,49.49,92.82,42.05
70,49.69,92.58,41.74
34,49.45,92.38,41.43
36,49.21,92.17,41.11
58,48.97,91.97,40.87
71,49.49,92.82,41.74
28,49.12,92.4,41.19
29,49.25,92.62,41.43
26,49.02,92.52,41.19
14,48.92,92.64,41.35
27,49,92.3,41.19
25,48.9,92.42,41.19
41,48.88,92.2,41.04
40,48.78,92.32,41.04
38,48.56,92.34,41.04
59,48.76,92.1,40.87
59,48.66,92.22,40.87
57,48.44,92.24,40.87
55,48.93,91.53,40.87
79,48.89,93.12,42.36
75,48.71,93.26,42.36
82,48.89,93.12,42.68
79,48.71,93.26,42.68
50,48.77,93.06,42.05
30,48.53,93.26,42.05
87,49.28,93.06,42.36
88,49.28,93.06,42.68
77,48.91,92.97,42.36
82,48.91,92.97,42.68
88,51.07,93.12,42.52
87,50.81,92.7,42.05
93,50.41,93.18,42.36
93,50.61,92.94,42.05
93,50.41,93.18,42.68
72,50.33,92.3,41.74
83,50.57,92.5,42.05
93,50.17,92.98,42.36
90,49.73,93.02,42.36
91,50.37,92.74,42.05
80,50.13,92.54,41.74
88,49.93,92.78,42.05
93,50.17,92.98,42.68
92,49.73,93.02,42.68
59,50.09,92.1,41.74
38,49.85,91.9,41.43
88,49.49,92.82,42.36
65,49.89,92.34,41.74
36,49.65,92.14,41.43
80,49.69,92.58,42.05
90,49.49,92.82,42.68
40,49.37,91.5,41.11
30,49.61,91.7,41.43
35,49.17,91.73,41.11
25,49.41,91.94,41.43
79,50.59,92.72,43.15
88,49.93,92.78,42.99
84,49.93,92.78,43.3
65,50.11,92.32,43.77
48,49.63,91.92,44.4
19,49.15,91.52,45.02
2,48.68,91.24,45.65
80,48.77,93.06,42.99
74,48.53,93.26,42.99
78,48.77,93.06,43.3
72,48.53,93.26,43.29
71,48.56,93.06,43.61
64,48.2,93.26,43.6
61,47.99,93.26,43.61
81,48.82,92.92,42.99
80,48.82,92.92,43.3
87,49.69,92.58,42.99
84,49.69,92.58,43.3
89,49.49,92.82,42.99
86,49.49,92.82,43.3
85,49.04,92.86,42.99
83,49.04,92.86,43.3
61,48.18,93.06,43.92
55,47.86,93.32,43.91
57,47.93,93.06,43.92
68,48.61,92.85,43.93
74,48.61,92.85,43.61
72,49.45,92.38,43.93
79,49.45,92.38,43.61
62,49.21,92.17,44.24
72,49.25,92.62,43.93
80,49.25,92.62,43.61
62,49.01,92.41,44.24
72,48.81,92.65,43.93
79,48.81,92.65,43.61
48,47.68,93.45,44.19
46,47.7,93.47,44.44
35,47.42,93.45,44.58
29,47.31,93.54,44.58
54,48.16,92.87,44.24
45,48.16,92.89,44.56
49,47.78,93.13,44.22
50,47.86,92.9,44.24
42,47.95,92.99,44.63
46,47.92,93.08,44.47
44,47.8,93.15,44.51
61,48.57,92.45,44.24
47,48.57,92.45,44.55
57,48.37,92.7,44.24
46,48.37,92.7,44.55
51,48.97,91.97,44.55
49,48.77,92.21,44.55
34,47.74,93.29,44.95
33,47.64,93.41,44.96
39,47.63,93.34,44.69
29,47.43,93.44,44.95
38,47.63,93.39,44.76
31,47.42,93.41,44.84
27,47.75,93.3,45.25
30,47.75,93.3,45.1
29,47.65,93.42,45.1
26,47.65,93.42,45.25
26,47.43,93.44,45.1
23,47.43,93.44,45.25
30,47.32,93.34,44.79
27,47.31,93.34,44.94
25,47.21,93.45,44.79
23,47.21,93.46,44.94
25,47.31,93.34,45.1
22,47.31,93.34,45.25
21,47.21,93.46,45.1
20,47.21,93.46,45.25
33,47.93,92.73,44.86
26,47.93,92.73,45.18
34,47.72,92.97,44.87
27,47.72,92.97,45.18
31,48.33,92.25,44.86
20,48.33,92.25,45.18
32,48.13,92.49,44.86
23,48.13,92.49,45.18
15,48.73,91.77,45.18
29,48.73,91.77,44.86
30,48.53,92.01,44.86
17,48.53,92.01,45.18
22,47.52,93.21,45.49
18,47.52,93.21,45.8
16,47.32,93.45,45.8
19,47.31,93.34,45.57
17,47.21,93.46,45.57
21,47.31,93.34,45.41
18,47.21,93.46,45.41
17,47.69,92.53,45.49
13,47.69,92.53,45.8
20,47.49,92.77,45.49
16,47.49,92.77,45.8
9,48.09,92.05,45.49
5,48.09,92.05,45.8
13,47.89,92.29,45.49
9,47.89,92.29,45.8
3,48.27,91.57,45.65
11,47.32,93.45,46.43
12,47.52,93.21,46.43
15,47.52,93.21,46.11
14,47.32,93.45,46.11
10,47.69,92.53,46.11
8,47.69,92.53,46.43
10,47.49,92.77,46.43
12,47.49,92.77,46.11
4,47.87,92.07,46.27
7,47.54,93.43,46.9
5,47.47,92.55,46.9
2,47.39,91.67,46.9
3,47.06,93.03,47.52
2,46.99,92.15,47.52
2,46.59,92.63,48.15
2,47.66,93.48,41.32
8,47.62,93.34,40.99
5,47.59,93.42,41.06
9,47.71,93.26,41.01
7,47.42,93.42,41.03
6,47.3,93.52,41.02
3,48.07,93.09,41.36
5,48.18,92.98,41.32
13,48.16,92.82,41.19
10,48.05,92.94,41.19
21,47.94,92.84,41.04
97,48,92.28,40.46
32,48.36,92.58,41.04
73,48.12,92.38,40.66
49,48.24,92.48,40.87
28,48.26,92.7,41.04
43,48.14,92.6,40.88
51,48.02,92.56,40.78
92,47.9,92.4,40.46
67,48.01,92.47,40.66
26,48.04,92.72,41.04
2,47.93,93.28,41.35
5,47.89,93.14,41.21
2,47.97,93.27,41.37
3,47.97,93.1,41.32
2,47.85,93.34,41.35
8,47.95,93.02,41.18
8,47.86,93.05,41.17
4,47.8,93.21,41.21
8,47.83,93.1,41.15
13,47.74,93.08,41.04
17,47.84,92.96,41.04
14,47.53,93.32,40.88
23,47.42,93.27,40.76
25,47.47,93.21,40.76
25,47.41,93.16,40.76
23,47.36,93.22,40.76
29,47.41,93.16,40.68
26,47.36,93.22,40.68
27,47.31,93.18,40.63
17,47.63,93.2,40.88
31,47.51,93.1,40.72
14,47.31,93.34,40.88
17,47.19,93.24,40.73
12,47.21,93.46,40.88
13,47.09,93.36,40.72
38,47.92,92.62,40.88
42,47.8,92.58,40.78
34,47.82,92.74,40.88
38,47.71,92.66,40.78
26,47.61,92.98,40.88
32,47.5,92.89,40.75
30,47.72,92.86,40.88
35,47.6,92.77,40.76
2,43.73,108.84,51.21
2,43.9,108.84,51.27
2,44.09,109.26,51.27
2,44.53,109.66,51.27
2,44.1,109.26,50.89
2,44.53,109.66,50.89
2,52.16,113.42,50.77
2,52.03,113.64,51.27
2,52.02,113.62,50.66
2,51.58,113.93,50.69
2,51.75,113.44,50.84
3,44.99,110.07,50.71
2,45.47,110.48,50.71
2,52.12,113.13,50.6
2,52.21,113.29,51.23
2,52.21,113.28,52
2,51.9,113.29,50.5
2,51.13,113.51,50.51
2,45.39,109.59,50.51
2,45.87,110,50.51
3,46.35,110.41,50.51
2,46.82,110.82,50.51
2,43.93,97.75,64.11
2,44.41,98.14,63.72
2,43.72,97.69,63.82
2,43.52,97.71,63.41
2,43.89,96.85,64.1
2,44.32,97.26,63.72
2,43.73,96.86,63.82
2,43.77,98.19,64.11
2,43.72,98.2,63.81
2,43.52,98.21,63.36
2,43.71,105.28,42.66
3,43.72,104.34,41.23
10,43.71,104.92,40.79
3,43.5,104.98,42.23
12,43.51,104.85,41.13
2,45.46,94.94,63.15
2,44.98,94.54,63.72
2,44.45,94.14,64.1
2,43.84,93.74,64.3
2,43.53,93.72,63.99
2,45.86,94.46,63.15
2,45.38,94.06,63.72
2,43.86,96,64.1
2,43.84,95.09,64.11
2,43.73,95.15,63.81
2,43.52,95.14,63.37
2,44.58,95.02,63.72
2,44.04,94.62,64.1
2,43.63,94.2,64.3
2,43.73,94.63,63.82
2,43.52,94.64,63.48
2,43.53,94.21,63.98
14,43.12,123.34,47.87
12,42.87,123.95,47.84
11,42.59,124.92,47.83
7,42.88,123.97,48.79
8,43.09,123.48,49.02
15,43.02,122.73,47.86
6,43.08,123.12,49.4
6,42.61,124.94,49.08
9,41.95,125.86,47.83
6,41.15,126.82,47.83
5,41.95,125.86,49.08
3,41.15,126.82,49.08
3,40.34,127.78,47.83
16,43.08,120.3,47.85
16,43.13,121.26,47.87
5,43.08,121.37,49.25
5,42.84,122.22,49.09
4,43.06,120.24,49.13
11,43.25,112.46,48.14
11,43.25,113.26,46.89
11,43.25,113.26,46.27
10,43.25,112.46,47.52
5,43.25,112.46,49.39
10,43.25,112.46,48.77
13,43.25,113.26,48.14
13,43.25,113.26,47.52
15,43.25,114.22,48.14
16,43.25,114.22,47.52
2,43.25,115.61,49.98
5,43.25,113.26,49.39
4,43.25,114.22,49.39
10,43.25,113.26,48.77
9,43.25,114.22,48.77
3,43.25,114.83,50
2,43.05,115.1,50.63
3,43.25,113.81,50.01
3,43.05,113.26,50.02
3,43.05,114.22,50.02
2,43.05,113.81,50.64
2,42.86,114.23,50.65
2,43.05,114.7,50.64
15,43.25,116.89,47.82
3,43.25,116.88,49.05
4,43.05,118.64,49.08
15,43.05,118.64,47.83
2,43.25,108.9,55.02
3,43.05,123.23,50.29
2,42.87,123.99,50.65
2,42.61,124.94,50.34
3,43.09,123.15,51.4
2,43.05,121.36,50.32
2,43.25,111.65,50.58
2,43.1,111.13,50.72
2,43.25,110.7,50.01
3,43.25,111.59,50.01
2,43.05,112.47,50.63
4,43.05,112.47,50.02
2,43.31,111.69,52.32
2,42.83,113.3,50.65
2,43.05,115.62,50.62
2,43.06,116.87,50.29
2,42.89,115.13,51.28
2,43.07,115.64,51.23
2,42.97,116.05,51.9
2,43.08,115.52,51.86
2,43.26,109.82,54.29
2,42.75,115.59,52.52
2,42.75,115.59,53.14
2,42.75,115.59,53.77
2,42.75,115.59,54.39
2,42.75,115.59,55.02
2,42.75,115.59,55.65
2,42.6,116.61,55.33
2,42.75,115.59,56.27
2,42.6,116.61,56.58
90,42.8,107.57,40.61
21,44.7,106.54,41.9
19,43.92,106.61,41.9
41,44.2,106.15,41.28
27,43.94,105.73,40.88
6,44.21,106.14,42.52
4,44.16,105.26,42.52
16,44.62,105.66,41.9
5,44.54,104.78,41.9
2,44.1,104.38,41.9
2,43.88,104.86,42.47
17,44.15,105.26,41.28
2,44.1,104.38,41.27
15,43.92,104.89,40.88
3,43.68,105.75,42.57
11,43.68,106.75,42
4,43.5,105.75,42.23
10,43.45,105.84,42.12
44,43.64,105.77,41.21
74,43.45,105.83,41.42
83,43.28,105.27,41.16
121,43.12,105.37,40.67
58,43.27,106.85,41.22
73,43.37,106.18,41.42
11,43.37,106.17,42.12
24,43.64,106.58,41.7
29,43.39,106.37,41.77
70,43.31,105.86,41.42
22,43.28,106.45,41.83
11,43.31,105.84,42.12
11,43.28,106.28,42.23
71,43.16,106.3,41.2
82,43.28,105.85,41.14
70,43.17,106.12,41.31
116,43.01,106.24,40.74
19,43.25,108.94,42.51
15,43.05,109.34,42.52
17,43.25,108.45,42.52
15,43.25,107.54,42.53
23,43.25,108.45,41.88
20,43.25,107.54,41.89
47,43.25,108.04,41.22
48,43.05,108.45,41.25
43,43.07,107.54,41.26
100,43.05,108.04,40.69
86,42.84,108.46,40.8
77,42.85,107.55,40.79
16,43.25,108.45,43.14
13,43.25,107.53,43.15
18,43.25,108.94,43.14
91,42.56,108.96,40.71
114,42.62,109.84,40.68
119,42.53,110.29,40.7
115,42.59,111.17,40.68
88,42.09,111.67,40.83
77,41.79,113.89,40.85
74,41.74,113.01,40.94
87,41.05,113.96,41.07
80,41.4,112.6,41.06
91,41.34,111.72,41.08
94,40.83,114.87,41.14
100,40.58,115.33,41.24
10,41.85,119.66,44.4
11,42.25,119.18,44.4
11,42.45,116.06,44.4
10,42.18,118.3,44.4
12,42.63,118.7,45.02
10,42.77,116.47,45.02
11,42.5,116.94,44.4
11,42.8,117.35,45.02
11,42.55,117.82,44.4
12,42.82,118.19,45.02
12,42.1,117.42,43.77
12,42.02,116.54,43.77
18,41.62,117.02,43.15
19,41.54,116.14,43.15
67,41.07,115.73,41.88
32,41.3,118.38,42.52
35,41.22,117.5,42.52
59,41.15,116.61,41.89
53,41.23,117.5,41.89
49,41.31,118.37,41.9
19,41.22,117.5,43.15
12,41.7,117.9,43.77
18,41.3,118.38,43.15
12,41.78,118.78,43.77
13,42.68,119.58,45.02
12,42.33,120.06,45.02
18,42.73,120.45,45.65
18,42.88,120,45.65
22,43.05,119.58,45.64
27,43.25,119.54,46.36
24,43.06,120.31,46.58
16,42.85,119.11,45.65
20,43.05,118.6,46.59
13,42.63,118.7,45.65
13,42.82,118.18,45.65
15,42.95,121.75,47.89
16,42.49,121.82,45.65
18,42.77,121.35,45.65
23,43.09,121.36,46.44
20,42.84,122.23,46.6
14,42.43,120.94,45.33
13,42.01,121.42,45.65
10,41.93,120.54,45.02
12,41.05,120.62,43.77
12,41.45,120.14,43.77
12,41.37,119.26,43.77
9,41.45,120.14,44.4
77,40.14,119.82,42.02
47,40.57,120.21,42.52
25,40.57,120.21,43.15
68,40.53,119.35,41.96
39,40.97,119.73,42.52
70,40.48,118.46,42.01
40,40.9,118.85,42.52
20,40.97,119.73,43.15
20,40.9,118.85,43.15
85,40.83,117.98,41.25
95,40.67,116.21,41.26
88,40.75,117.1,41.28
107,40.07,118.04,41.49
123,39.69,120.29,41.46
128,39.45,120.74,41.53
125,39.68,119.13,41.48
7,41.36,124.14,45.02
9,41.76,123.66,45.02
9,41.68,122.78,45.02
10,41.76,123.66,45.65
8,41.36,124.14,45.65
11,40.72,121.97,43.77
10,40.84,123.3,44.08
9,41.05,120.62,44.4
9,41.53,121.02,45.02
8,41.13,121.5,44.4
9,41.61,121.9,45.02
8,41.2,122.38,45.02
7,40.72,121.97,44.4
12,40.65,121.09,43.77
12,40.25,121.57,43.77
11,41.68,122.78,45.65
14,42.08,122.3,45.65
17,42.49,123.14,46.59
10,41.2,122.38,45.65
11,41.61,121.9,45.65
13,41.8,124.1,46.58
93,39.52,120.74,42.13
58,40.17,120.69,42.52
30,40.17,120.69,43.15
87,39.76,120.27,42.09
6,40.99,125.06,45.33
9,40.99,125.06,46.58
51,40.03,124.25,42.82
68,39.77,121.17,42.51
36,39.77,121.17,43.15
52,39.88,122.49,42.8
10,40.04,124.25,44.08
65,39.23,125.21,42.81
123,39.48,124.07,41.56
116,39.77,121.17,41.49
123,39.57,122.52,41.55
122,38.99,125.19,41.57
102,36.84,128.11,41.54
75,36.03,129.08,41.56
44,33.95,129.27,41.46
3,28.78,128.62,41.45
5,28.47,125.9,41.39
11,39.23,125.21,44.08
13,39.39,126.97,44.08
3,40.19,126.01,45.33
3,40.34,127.78,45.33
5,40.19,126.01,46.58
4,40.34,127.78,46.58
16,38.58,127.93,44.08
2,39.54,128.73,45.33
2,39.54,128.73,46.58
20,37.78,128.89,44.08
3,38.74,129.69,45.33
26,36.98,129.84,44.08
4,37.93,130.65,45.33
4,36.25,131.68,45.96
3,32.73,131.99,45.96
2,26.99,127.27,45.97
76,38.43,126.17,42.82
137,37.49,125.36,41.56
26,31.82,128.57,41.38
8,30.81,130.36,43.41
71,36.82,128.08,42.79
57,36.02,129.03,42.8
25,34.33,130.05,43.47
129,36.98,126.3,41.53
80,37.62,127.13,42.81
4,28.72,126.38,43.32
5,28.91,128.78,43.35
36,34.02,129.01,42.06
21,43.25,109.9,43.14
17,43.25,109.34,43.77
12,43.05,109.34,43.14
19,43.25,110.69,43.77
16,43.25,111.58,44.4
14,43.25,112.46,45.02
13,43.05,112.46,44.4
11,43.25,112.45,45.65
10,43.05,113.26,45.02
11,42.83,113.3,44.39
8,43.05,113.26,45.65
11,43.05,113.81,45.02
9,42.86,114.23,45.02
10,42.64,113.82,44.4
12,42.56,112.94,43.77
16,43.25,115.23,46.58
9,42.74,115.57,45.02
11,43.05,115.64,45.65
13,43.25,113.81,46.9
7,43.05,114.22,46.9
11,43.25,113.81,46.27
7,43.05,114.22,46.27
10,42.88,115.12,45.02
9,43.05,114.85,45.65
8,43.05,113.81,45.65
7,42.86,114.23,45.65
9,42.69,114.7,45.02
12,42.19,113.42,43.77
13,42.27,114.3,43.77
10,42.27,114.3,44.4
8,42.35,115.18,45.02
11,42.8,117.35,45.65
15,43.05,116.9,46.58
9,42.77,116.47,45.65
37,41.47,115.26,42.52
74,40.99,114.85,41.87
36,41.79,113.9,42.52
20,41.79,113.9,43.15
44,41.39,114.37,42.52
73,41.4,113.55,41.45
52,41.79,113.9,41.9
56,41.7,113.02,41.88
70,41.44,112.59,41.48
64,41.38,114.38,41.88
82,41.12,113.96,41.48
44,41.07,115.73,42.52
39,41.14,116.61,42.52
81,40.61,115.33,41.94
21,41.47,115.26,43.15
12,41.95,115.66,43.77
24,41.39,114.37,43.15
12,41.87,114.78,43.77
9,41.95,115.66,44.4
9,41.87,114.78,44.4
21,43.05,108.94,41.89
29,42.86,109.35,41.9
24,43.05,109.9,41.88
16,43.05,110.69,43.14
17,43.05,111.57,43.14
17,43.05,109.9,42.51
19,43.05,110.7,42.51
21,43.05,111.57,42.52
15,42.8,112.47,43.15
19,42.8,112.47,42.52
33,42.51,112.06,41.9
73,42.44,108.52,40.92
71,42.65,108.94,41.27
97,42.51,109.4,40.88
70,42.7,109.81,41.26
118,42.62,110.28,40.84
58,42.74,110.71,41.26
99,42.66,111.17,40.82
48,42.77,111.59,41.25
59,42.07,111.66,41.32
31,42.75,110.71,41.9
29,42.78,111.59,41.89
14,43.05,111.57,43.77
12,42.8,112.47,43.77
18,42.12,112.54,43.15
29,42.12,112.54,42.52
40,41.72,113.02,42.52
22,41.72,113.02,43.15
59,41.63,112.14,41.89
74,41.37,111.72,41.5
122,43.26,104.94,40.55
150,43.12,105.36,40.34
141,43.27,105.83,40.55
131,43.14,105.82,40.65
153,43.15,106.24,40.32
137,43.27,106.79,40.56
119,43.13,106.78,40.66
105,42.81,108.08,40.38
129,42.71,107.18,40.36
93,42.59,108.53,40.4
96,42.67,109.41,40.38
111,42.42,110.31,40.37
136,42.51,111.19,40.37
128,41.71,111.25,40.42
113,41.35,113.49,40.43
122,40.79,113.99,40.47
117,41.14,112.62,40.47
125,41.09,111.75,40.47
127,40.52,114.45,40.49
139,40.12,114.93,40.52
134,40.21,115.81,40.52
146,39.79,116.29,40.56
129,40.36,117.57,40.53
131,40.28,116.69,40.53
148,39.78,118.07,40.58
161,39.25,119.78,40.57
164,39.15,120.77,40.58
164,39.33,118.63,40.58
154,39.08,123.45,40.58
169,38.92,121.68,40.58
158,38.27,124.41,40.59
172,36.8,124.51,40.57
120,35.87,127.29,40.54
63,32.92,128.43,40.53
94,35.06,128.28,40.53
141,36.38,126.35,40.55
166,36.2,124.55,40.56
15,30.09,126.35,40.49
20,59.53,96.62,49.28
17,59.53,95.41,50.14
18,59.73,96.44,49.96
17,59.81,95.33,50.3
19,62.91,93.99,50.3
18,62.45,94.5,50.3
18,61.43,95.07,50.3
20,60.6,95.95,50.1
31,60.06,97.08,47.93
28,60.18,96.88,49.16
20,60.13,96.47,49.85
64,61.61,97.08,47.92
59,62.8,96.51,49.85
49,61.58,96.88,49.16
29,61.54,96.43,49.84
25,63.03,95.25,50.1
20,63,94.33,50.1
21,62.81,94.82,50.1
29,62.41,95.84,50.1
80,62.81,96.88,49.17
54,63.1,96.49,49.96
21,63.3,93.96,50.14
27,63.3,95.34,50.15
21,63.3,94.38,50.14
23,63.3,94.9,50.15
27,63.3,95.91,50.15
92,62.97,97.08,47.93
59,63.3,96.67,49.29
193,62.65,86.06,50.15
145,58.68,86.06,50.2
153,59.03,86.06,50.15
189,62.68,86.21,50.3
161,58.8,86.4,50.3
168,59.08,86.15,50.3
7,52.01,98.81,42.52
2,52.01,98.81,43.15
51,52.33,97.45,42.52
13,52.41,98.33,42.52
5,52.41,98.33,43.15
2,54.33,99.05,42.86
7,54.51,98.18,42.96
11,52.35,92.57,42.52
31,52.42,93.45,42.52
47,52.5,94.33,42.52
56,52.58,95.21,42.52
56,52.66,96.09,42.52
55,52.73,96.97,42.52
15,51.47,92.64,45.02
8,51.47,92.64,45.65
21,51.95,93.04,45.02
17,51.95,93.04,45.65
18,52.42,93.45,46.27
11,52.42,93.45,46.9
43,52.02,93.92,45.02
36,52.02,93.92,45.65
54,52.1,94.81,45.02
42,52.1,94.81,45.65
7,51.85,97.05,45.02
2,51.85,97.05,45.65
46,52.18,95.69,45.02
20,52.25,96.57,45.02
32,52.18,95.69,45.65
9,52.25,96.57,45.65
17,52.9,93.85,46.27
10,52.9,93.85,46.9
26,52.5,94.33,46.27
15,52.5,94.33,46.9
22,52.58,95.21,46.27
10,52.58,95.21,46.9
13,53.06,95.61,46.27
5,53.06,95.61,46.9
10,52.66,96.09,46.27
3,52.66,96.09,46.9
10,54.51,97.52,44.11
7,54.31,98.26,44.09
25,51.47,92.64,44.4
16,51.39,91.76,43.77
17,51.87,92.16,43.15
8,51.39,91.76,44.4
3,51.79,91.33,43.77
3,52.27,91.69,43.15
2,51.79,91.33,44.4
36,51.47,92.64,43.77
11,52.35,92.57,43.15
2,52.75,92.09,43.15
27,51.95,93.04,44.4
29,52.42,93.45,43.15
33,51.95,93.04,43.77
55,52.02,93.92,43.77
45,52.5,94.33,43.15
49,52.02,93.92,44.4
70,52.1,94.81,43.77
56,52.58,95.21,43.15
63,52.1,94.81,44.4
30,51.85,97.05,43.77
16,51.85,97.05,44.4
30,52.33,97.45,43.15
70,52.18,95.69,43.77
51,52.25,96.57,43.77
60,52.18,95.69,44.4
35,52.25,96.57,44.4
61,52.66,96.09,43.15
49,52.73,96.97,43.15
34,52.01,98.81,41.27
23,52.01,98.81,41.9
58,52.33,97.45,41.9
33,52.41,98.33,41.9
46,52.33,97.45,41.27
38,52.41,98.33,41.27
54,52.52,94.55,41.11
55,52.52,94.55,41.43
20,52.72,94.31,41.11
26,52.72,94.31,41.43
61,52.58,95.21,41.27
43,52.66,96.09,41.27
29,52.73,96.97,41.27
49,52.5,94.33,41.9
57,52.58,95.21,41.9
49,52.66,96.09,41.9
47,52.73,96.97,41.9
3,52.83,92.97,41.27
8,52.9,93.85,41.27
4,52.83,92.97,41.9
12,52.9,93.85,41.9
10,52.98,94.73,40.87
24,52.81,97.85,40.87
13,52.74,99.02,40.84
2,53.75,98.19,40.65
17,53.06,95.61,40.87
7,53.13,96.49,40.87
13,53.21,97.37,40.87
2,53.46,95.13,40.66
3,53.63,96.9,40.65
2,54.51,91.88,40.66
3,54.44,91.11,40.66
5,54.93,91.24,40.46
3,55,92.25,40.46
3,54.44,90.76,40.57
44,49.13,91.3,41.11
78,48.73,91.77,40.66
106,48.9,91.06,40.65
71,48.9,91.16,40.87
90,48.69,91.27,40.65
122,50.41,90.96,40.75
16,51.31,90.96,41.86
63,50.9,90.96,41.19
43,51.39,91.76,42.52
21,51.32,91.16,42.52
72,50.91,91.39,41.9
85,50.43,91.19,41.27
72,50.99,92.24,42.52
50,49.57,91.27,41.11
104,49.75,90.96,40.76
61,49.75,91.13,41.11
99,49.32,90.96,40.76
53,49.34,91.15,41.11
65,50.51,91.84,41.9
58,50.25,91.42,41.43
44,50.05,91.66,41.43
38,49.81,91.46,41.43
52,50.01,91.23,41.43
86,50.01,90.96,41.03
4,51.31,90.96,43.14
43,50.91,91.39,43.15
66,50.51,91.84,43.15
9,50.9,90.96,43.77
49,50.4,91.19,43.77
65,50.03,91.47,43.77
19,50.36,90.96,44.39
55,49.56,91.21,44.4
12,49.55,90.96,45.02
80,48.53,92.01,40.66
80,48.32,92.14,40.66
78,48.22,92.26,40.66
2,46.74,93.94,40.57
2,46.77,94.05,40.55
2,46.75,93.83,40.58
56,47.8,92.49,40.66
44,47.7,92.64,40.65
33,47.32,93.17,40.56
46,47.51,93.05,40.56
43,47.46,93.1,40.55
38,47.49,92.88,40.61
30,47.48,92.69,40.65
8,47,93.43,40.64
13,47.05,93.47,40.54
7,46.95,93.49,40.56
5,46.89,93.55,40.56
4,46.86,93.6,40.56
20,47.17,93.18,40.58
16,47.09,93.36,40.55
3,46.83,93.71,40.57
2,46.8,93.77,40.57
109,48.49,91.55,40.46
133,48.89,90.76,40.58
137,48.45,90.96,40.46
2,51.31,90.76,42.47
22,50.9,90.76,41.81
93,50.42,90.76,41.08
101,49.73,90.76,40.9
95,49.33,90.76,40.9
85,50.01,90.76,41.29
9,50.9,90.76,43.13
44,50.36,90.76,43.76
56,49.55,90.76,44.39
4,48.67,90.76,45.02
105,48.29,91.8,40.46
101,48.09,92.05,40.46
82,47.68,92.42,40.46
65,47.58,92.54,40.46
97,47.88,92.18,40.46
93,47.78,92.3,40.46
48,47.39,93,40.44
30,47.38,92.78,40.45
42,47.29,93.1,40.44
46,47.47,92.62,40.46
9,46.99,93.42,40.43
5,46.91,93.48,40.44
4,46.88,93.52,40.43
2,46.82,93.61,40.44
16,47.07,93.14,40.44
9,46.97,93.26,40.44
2,46.79,93.66,40.44
2,46.55,94.74,44.79
2,46.55,94.74,44.94
2,46.53,94.52,44.79
2,46.53,94.52,44.94
2,46.53,94.52,45.25
2,46.55,94.74,45.25
2,46.55,94.74,45.1
2,46.53,94.52,45.1
2,46.6,95.29,45.18
2,46.57,94.96,45.1
2,46.57,94.96,45.25
2,46.45,94.86,45.1
2,46.45,94.86,45.25
2,46.57,94.96,44.94
2,46.45,94.86,44.94
2,46.56,94.85,45.8
2,46.36,95.09,45.8
2,46.56,94.85,45.49
2,46.36,95.09,45.49
2,46.56,94.85,46.11
2,46.82,95.27,46.9
2,46.56,94.85,46.43
2,46.34,94.87,47.52
2,44.73,96.78,45.02
2,45.13,96.3,45.65
2,44.27,96.38,45.65
2,46.36,95.09,46.43
2,46.4,95.53,46.43
2,46.36,95.09,46.11
2,46.4,95.53,46.11
2,46.16,95.33,45.8
2,44.65,95.9,46.27
2,43.97,95.97,46.27
2,45.06,95.42,46.9
2,46.82,94.16,44.63
2,46.73,94.28,44.63
2,46.63,94.4,44.63
2,46.71,94.06,44.79
3,46.71,94.06,44.94
2,46.61,94.18,44.79
2,46.61,94.18,44.94
4,46.71,94.06,45.25
3,46.61,94.18,45.25
4,46.71,94.06,45.1
3,46.61,94.18,45.1
2,46.51,94.3,44.79
2,46.51,94.3,44.94
3,46.51,94.3,45.25
2,46.51,94.3,45.1
5,46.72,94.17,45.8
3,46.52,94.41,45.8
4,46.61,94.18,45.57
5,46.71,94.06,45.57
5,46.71,94.06,45.41
4,46.61,94.18,45.41
3,46.52,94.41,45.49
4,46.72,94.17,46.43
3,46.52,94.41,46.43
5,46.72,94.17,46.11
3,46.52,94.41,46.11
3,46.74,94.39,46.9
2,46.26,93.99,47.52
2,45.78,93.58,48.15
3,46.76,93.94,40.68
2,46.75,93.83,40.69
6,46.87,93.93,40.76
4,46.81,93.88,40.76
3,46.95,94.26,40.88
7,46.89,94.15,40.76
5,46.84,94.21,40.76
5,46.82,93.99,40.76
6,46.83,94.1,40.76
3,46.77,94.05,40.68
3,46.76,93.94,40.76
4,46.78,94.16,40.76
2,46.85,94.38,40.88
3,46.73,94.28,40.72
3,46.72,94.11,40.69
3,47.58,93.38,41.19
4,47.49,93.5,41.04
2,47.35,93.55,41.16
4,47.27,93.66,41.03
2,47.55,93.58,41.19
2,47.35,93.73,41.1
5,46.93,94.04,40.88
2,47,94.12,41.02
36,47.4,93.43,44.44
29,47.28,93.52,44.44
35,47.47,93.61,44.2
2,47.27,93.83,44.21
20,47.19,93.59,44.45
17,47.33,93.72,44.36
12,47.31,93.75,44.36
14,47.14,93.65,44.46
7,47.1,93.74,44.45
20,47.21,93.61,44.58
15,47.17,93.67,44.59
8,47.13,93.77,44.58
2,47,94.05,44.45
3,47.05,93.89,44.44
4,47.09,93.88,44.56
3,46.97,93.92,44.67
2,46.9,94.03,44.64
18,47.09,93.56,44.78
17,47.11,93.58,44.94
10,47.01,93.7,44.79
11,47.01,93.7,44.94
17,47.11,93.58,45.1
16,47.11,93.58,45.25
12,47.01,93.7,45.1
12,47.01,93.7,45.25
6,46.92,93.82,44.78
7,46.91,93.82,44.94
4,46.81,93.94,44.79
4,46.81,93.94,44.94
9,46.91,93.82,45.25
6,46.81,93.94,45.25
8,46.91,93.82,45.1
5,46.81,93.94,45.1
12,47.12,93.69,45.8
8,46.92,93.93,45.8
15,47.11,93.58,45.57
12,47.01,93.7,45.57
12,47.01,93.7,45.41
15,47.11,93.58,45.41
7,46.81,93.94,45.57
9,46.91,93.82,45.57
9,46.91,93.82,45.41
6,46.81,93.94,45.41
9,47.12,93.69,46.43
6,46.92,93.93,46.43
11,47.12,93.69,46.11
7,46.92,93.93,46.11
5,47.14,93.91,46.9
3,46.66,93.51,47.52
2,46.18,93.1,48.15
2,47.21,93.69,41.1
5,47.22,93.61,41
4,47.16,93.68,41
3,47.1,93.79,41.02
3,47.02,93.91,41.03
9,47.11,93.58,40.88
9,47,93.53,40.76
10,47.05,93.47,40.76
7,46.94,93.48,40.76
8,46.99,93.42,40.76
8,46.99,93.42,40.69
6,46.94,93.48,40.69
7,47.01,93.7,40.88
6,46.9,93.65,40.76
7,46.95,93.59,40.76
5,46.89,93.54,40.76
4,46.84,93.6,40.76
5,46.89,93.54,40.69
4,46.84,93.6,40.69
5,46.91,93.82,40.88
5,46.85,93.71,40.76
4,46.8,93.77,40.76
3,46.79,93.66,40.76
2,46.74,93.72,40.76
3,46.79,93.66,40.7
2,46.74,93.72,40.7
4,47.7,93.29,41.19
2,47.75,93.41,41.35
4,48.39,92.94,41.47
2,48.28,93.07,41.51
6,48.27,92.91,41.35
3,48.17,92.95,41.47
2,48.07,93.07,41.51
65,49.04,92.86,42.05
39,49.04,92.86,41.74
14,48.92,92.64,41.5
11,48.82,92.76,41.5
49,48.82,92.92,42.05
18,48.82,92.92,41.73
8,48.71,92.88,41.5
6,48.62,92.93,41.49
10,48.56,93.06,41.74
6,48.6,92.78,41.5
5,48.5,92.89,41.5
11,48.8,92.54,41.5
8,48.7,92.66,41.5
13,48.8,92.54,41.35
11,48.7,92.66,41.35
24,48.68,92.44,41.19
20,48.58,92.56,41.19
24,48.56,92.34,41.19
22,48.46,92.46,41.19
36,48.34,92.36,41.04
56,48.32,92.14,40.87
53,48.22,92.26,40.87
9,48.48,92.68,41.35
7,48.38,92.8,41.35
19,48.36,92.58,41.19
16,48.26,92.7,41.19
66,49.25,92.62,42.05
47,49.45,92.38,41.74
21,49.21,92.17,41.43
34,48.97,91.97,41.11
56,48.73,91.77,40.87
45,49.25,92.62,41.74
28,48.88,92.2,41.19
17,49.01,92.41,41.43
26,48.78,92.32,41.19
27,48.76,92.1,41.19
40,48.76,92.1,41.04
40,48.66,92.22,41.04
26,48.66,92.22,41.19
38,48.44,92.24,41.04
58,48.53,92.01,40.87
35,48.93,91.53,41.11
63,48.69,91.32,40.87
71,48.77,93.06,42.36
60,48.53,93.26,42.36
79,48.77,93.06,42.68
74,48.53,93.26,42.68
30,48.56,93.06,42.05
4,48.2,93.26,42.05
78,49.04,92.86,42.36
84,49.04,92.86,42.68
70,48.82,92.92,42.36
78,48.82,92.92,42.68
87,50.59,92.72,42.52
76,50.33,92.3,42.05
91,49.93,92.78,42.36
85,50.13,92.54,42.05
91,49.93,92.78,42.68
43,49.85,91.9,41.74
65,50.09,92.1,42.05
86,49.69,92.58,42.36
78,49.25,92.62,42.36
74,49.89,92.34,42.05
46,49.65,92.14,41.74
64,49.45,92.38,42.05
87,49.69,92.58,42.68
84,49.25,92.62,42.68
31,49.61,91.7,41.74
26,49.37,91.5,41.43
29,49.41,91.94,41.74
20,49.17,91.73,41.43
78,50.11,92.32,43.15
74,49.63,91.92,43.77
61,49.15,91.52,44.4
14,48.68,91.24,45.02
75,48.56,93.06,42.99
64,48.2,93.26,42.99
75,48.56,93.06,43.3
66,48.2,93.26,43.3
65,48.18,93.06,43.61
60,47.99,93.26,43.3
57,47.86,93.32,43.61
59,47.93,93.06,43.61
42,47.99,93.26,42.99
76,48.61,92.85,42.99
77,48.61,92.85,43.3
83,49.45,92.38,42.99
83,49.45,92.38,43.3
86,49.25,92.62,42.99
85,49.25,92.62,43.3
80,48.81,92.65,42.99
81,48.81,92.65,43.3
49,47.68,93.45,43.91
42,47.68,93.45,43.61
62,48.16,92.86,43.93
56,47.86,92.9,43.93
53,47.78,93.13,43.92
68,48.37,92.7,43.93
73,48.37,92.7,43.61
81,49.21,92.17,43.61
67,48.97,91.97,44.24
76,49.21,92.17,43.93
76,49.01,92.41,43.93
81,49.01,92.41,43.61
65,48.77,92.21,44.24
74,48.57,92.45,43.93
79,48.57,92.45,43.61
44,47.57,93.29,44.22
41,47.59,93.31,44.51
34,47.3,93.31,44.48
33,47.31,93.33,44.64
28,47.18,93.42,44.48
27,47.2,93.44,44.64
52,47.93,92.73,44.24
43,47.93,92.73,44.55
47,47.68,92.93,44.24
41,47.71,92.94,44.56
63,48.33,92.25,44.24
48,48.33,92.25,44.55
57,48.13,92.49,44.24
45,48.13,92.49,44.55
55,48.73,91.77,44.55
70,48.73,91.77,44.24
67,48.53,92.01,44.24
51,48.53,92.01,44.55
32,47.52,93.2,44.87
27,47.52,93.21,45.18
28,47.19,93.24,44.79
26,47.19,93.24,44.94
24,47.09,93.36,44.79
22,47.09,93.36,44.94
24,47.19,93.24,45.1
22,47.19,93.24,45.25
21,47.09,93.36,45.1
19,47.09,93.36,45.25
30,47.69,92.53,44.86
23,47.69,92.53,45.18
31,47.49,92.77,44.86
25,47.49,92.77,45.18
27,48.09,92.05,44.86
16,48.09,92.05,45.18
29,47.89,92.29,44.86
19,47.89,92.29,45.18
16,48.27,91.57,45.02
20,47.28,93.01,45.49
17,47.28,93.01,45.8
15,47.08,93.25,45.8
18,47.08,93.25,45.49
14,47.45,92.33,45.49
11,47.45,92.33,45.8
17,47.25,92.57,45.49
14,47.25,92.57,45.8
4,47.85,91.85,45.8
7,47.85,91.85,45.49
10,47.65,92.09,45.49
7,47.65,92.09,45.8
2,47.78,91.28,45.65
10,47.08,93.25,46.43
10,47.28,93.01,46.43
13,47.28,93.01,46.11
13,47.08,93.25,46.11
6,47.45,92.33,46.43
8,47.45,92.33,46.11
8,47.25,92.57,46.43
11,47.25,92.57,46.11
2,47.39,91.67,46.27
6,47.06,93.03,46.9
4,46.99,92.15,46.9
3,46.59,92.63,47.52
2,46.51,91.75,47.52
2,46.11,92.22,48.15
2,47.56,93.34,41.32
4,47.39,93.39,41.16
3,47.3,93.48,41.15
5,47.51,93.29,41.17
5,47.62,93.18,41.18
8,47.53,93.31,41.03
10,47.63,93.2,41.03
8,47.31,93.34,41.04
6,47.21,93.46,41.04
6,48.16,92.82,41.35
5,48.05,92.93,41.34
15,48.04,92.72,41.19
12,47.94,92.84,41.19
23,47.82,92.74,41.04
74,48,92.28,40.66
33,48.24,92.48,41.04
48,48.12,92.38,40.87
30,48.14,92.6,41.04
66,47.9,92.4,40.66
43,48.02,92.5,40.87
27,47.92,92.62,41.04
3,47.92,93.09,41.37
5,47.94,92.99,41.31
3,47.86,93.11,41.35
3,47.78,93.17,41.35
9,47.83,92.96,41.19
7,47.73,93.07,41.19
16,47.61,92.98,41.04
19,47.72,92.86,41.04
17,47.41,93.22,40.88
22,47.3,93.12,40.73
21,47.51,93.1,40.88
27,47.4,93.01,40.74
13,47.19,93.24,40.88
10,47.08,93.15,40.75
10,47.09,93.36,40.88
7,46.98,93.26,40.74
35,47.8,92.52,40.87
31,47.7,92.64,40.87
24,47.5,92.88,40.88
22,47.38,92.8,40.77
28,47.6,92.76,40.88
26,47.48,92.71,40.77
2,43.44,106.24,50.52
2,45.01,110.07,51.27
2,45.48,110.47,51.27
3,45.01,110.07,50.89
2,45.48,110.47,50.89
2,51.97,113.26,50.73
2,52.17,113.42,51.26
2,52.17,113.41,51.92
2,51.8,113.37,50.66
2,45.4,109.59,50.71
2,45.88,109.99,50.71
3,46.36,110.4,50.71
2,52.12,113.05,51.12
2,52.12,113.06,51.99
2,51.43,112.6,50.51
2,51.93,112.17,50.51
2,46.76,109.92,50.51
2,47.24,110.32,50.51
2,44.03,97.75,63.72
2,43.69,97.71,63.28
2,44,96.85,63.72
2,43.88,98.19,63.7
4,43.61,105.03,42.15
16,43.67,104.89,41.22
58,43.42,104.92,41.42
11,43.42,104.91,42.12
4,43.5,104.58,41.86
102,43.26,104.45,40.57
11,43.26,106.33,42.5
2,44.98,94.54,63.15
2,44.5,94.14,63.72
2,43.99,93.74,64.1
2,43.59,93.31,64.3
2,43.73,93.72,63.82
2,43.53,93.32,63.98
2,43.52,93.74,63.42
2,45.86,94.46,62.52
2,45.38,94.06,63.15
2,44.9,93.66,63.72
2,44.37,93.26,64.1
2,43.79,92.87,64.3
2,45.78,93.58,63.15
2,45.3,93.18,63.72
2,43.53,92.8,63.98
2,44.13,94.62,63.72
2,43.81,94.2,64.11
2,43.7,94.64,63.35
2,43.72,94.21,63.82
2,43.52,94.25,63.36
12,42.5,123.16,47.84
9,41.8,124.1,47.83
5,42.5,123.13,49.09
4,41.84,124.1,49.1
6,40.99,125.06,47.83
3,40.19,126.01,47.83
2,40.99,125.06,49.08
14,42.78,120.41,47.84
12,42.4,121.39,47.84
4,42.39,121.4,49.1
4,42.76,120.36,49.08
6,43.25,110.7,48.15
8,43.25,111.58,48.15
5,43.05,112.46,48.15
8,43.25,111.58,47.52
9,43.25,112.46,46.9
5,43.05,113.26,46.89
9,43.25,112.45,46.27
6,43.05,113.26,46.27
4,43.05,112.46,47.52
5,43.25,110.7,49.39
5,43.25,111.58,49.39
5,43.25,110.7,48.77
8,43.25,111.58,48.77
7,43.05,112.46,49.39
7,43.05,112.46,48.77
14,43.25,113.81,48.14
7,43.05,113.26,48.14
15,43.25,113.81,47.52
6,43.05,113.26,47.52
16,43.25,115.23,47.83
11,43.05,114.22,48.14
9,43.05,114.22,47.52
5,43.25,115.22,49.07
3,43.05,115.63,50
4,43.25,113.81,49.39
6,43.05,113.26,49.39
5,43.05,114.22,49.39
9,43.25,113.81,48.77
9,43.05,113.26,48.77
9,43.05,114.22,48.77
2,42.88,115.12,50.65
3,43.05,114.84,50.01
4,42.83,113.3,50.02
3,43.05,113.81,50.02
3,42.86,114.23,50.02
2,42.64,113.82,50.65
2,42.69,114.7,50.65
14,43.05,116.9,47.83
4,43.05,116.89,49.07
5,42.69,118.68,49.08
13,42.69,118.68,47.83
2,43.34,105.02,50.52
2,43.25,109.33,50.01
2,43.25,109.89,50.01
2,43.08,110.7,50.58
2,43.07,111.63,50.61
3,43.05,110.7,50.02
4,43.05,111.58,50.01
2,42.81,112.47,50.65
5,42.8,112.47,50.02
2,42.56,112.94,50.65
5,42.56,112.94,50.02
2,42.19,113.42,50.65
2,42.74,115.57,50.65
2,42.65,116.92,50.34
2,42.35,115.18,50.65
2,41.98,116.1,54.08
76,42.55,108.02,40.71
91,42.51,107.18,40.69
43,43.87,105.74,41.3
21,44.18,106.15,41.9
4,43.91,105.74,42.5
5,43.82,104.98,42.08
12,44.14,105.26,41.89
5,43.84,104.78,41.85
18,43.87,104.9,41.3
6,43.61,105.73,42.15
11,43.5,105.8,42.02
11,43.37,105.31,42.12
64,43.51,105.8,41.52
60,43.36,105.33,41.42
55,43.16,105.3,41.23
62,43.27,104.89,41.05
103,42.96,105.38,40.75
104,43.11,104.95,40.66
12,43.25,106.78,42.59
20,43.26,106.85,41.9
53,43.11,106.81,41.26
96,42.87,106.68,40.77
55,43.35,106.11,41.52
13,43.35,106.1,42.02
30,43.39,106.27,41.77
58,43.24,105.83,41.52
27,43.16,106.36,41.84
14,43.23,105.81,42.02
11,43.28,105.88,42.24
13,43.16,106.21,42.15
69,43.17,105.83,41.2
61,43.03,106.23,41.29
102,42.85,105.82,40.76
11,43.25,106.71,43.16
14,43.05,108.93,42.52
16,42.86,109.35,42.52
16,43.25,108.04,42.52
12,43.05,108.45,42.52
10,43.05,107.53,42.52
21,43.25,108.04,41.88
19,43.05,108.45,41.89
20,43.05,107.53,41.89
42,43.05,108.04,41.25
54,42.83,108.46,41.27
47,42.83,107.56,41.26
80,42.64,107.17,40.85
73,42.68,108.06,40.85
15,43.25,108.45,43.77
12,43.25,107.52,43.77
15,43.25,108.04,43.15
9,43.05,108.45,43.14
7,43.05,107.53,43.15
13,43.25,108.45,44.4
11,43.25,107.53,44.39
16,43.25,108.93,43.77
11,43.05,108.93,43.14
75,42.39,108.53,40.77
98,42.45,109.41,40.73
112,42.27,110.31,40.76
104,42.35,111.19,40.74
95,41.61,111.26,40.98
83,41.31,113.49,41.03
96,40.78,113.99,41.16
89,41.09,112.62,41.17
94,41.04,111.75,41.19
103,40.51,114.45,41.24
111,40.12,114.93,41.37
107,40.2,115.81,41.37
9,41.37,119.26,44.4
10,41.85,119.66,45.02
10,41.78,118.78,44.4
11,42.25,119.18,45.02
9,42.45,116.06,45.02
10,42.02,116.54,44.4
9,41.7,117.9,44.4
10,42.18,118.3,45.02
9,42.5,116.94,45.02
10,42.1,117.42,44.4
10,42.55,117.82,45.02
9,42.5,116.94,45.65
12,41.62,117.02,43.77
9,41.54,116.14,44.4
12,41.54,116.14,43.77
20,41.14,116.61,43.15
23,41.07,115.73,43.15
73,40.69,116.2,41.96
44,40.82,117.97,42.52
47,40.74,117.09,42.52
65,40.77,117.09,41.97
61,40.85,117.98,41.95
78,40.14,118.03,42.09
23,40.74,117.09,43.15
12,41.22,117.5,43.77
22,40.82,117.97,43.15
12,41.3,118.38,43.77
15,42.68,119.58,45.65
14,42.33,120.06,45.65
24,43.05,119.56,46.37
20,42.76,120.4,46.63
11,41.85,119.66,45.65
12,42.25,119.18,45.65
10,42.18,118.3,45.65
10,42.55,117.82,45.65
15,42.69,118.65,46.6
12,41.93,120.54,45.65
11,41.53,121.02,45.65
17,42.39,121.39,46.58
9,41.45,120.14,45.02
10,41.45,120.14,45.65
13,40.57,120.21,43.77
12,40.97,119.73,43.77
12,40.9,118.85,43.77
9,40.97,119.73,44.4
85,39.84,119.19,42.08
57,40.09,119.81,42.52
33,40.09,119.81,43.15
49,40.49,119.33,42.52
53,40.4,118.45,42.5
27,40.49,119.33,43.15
26,40.42,118.45,43.15
115,39.78,116.29,41.49
100,40.34,117.57,41.41
102,40.26,116.69,41.41
117,39.77,118.07,41.55
139,39.25,119.78,41.52
142,39.15,120.77,41.56
138,39.32,118.63,41.56
7,40.84,123.3,45.33
10,39.88,122.49,44.08
8,40.57,120.21,44.4
8,41.05,120.62,45.02
8,40.65,121.09,44.4
8,41.13,121.5,45.02
7,40.72,121.97,45.02
7,40.25,121.57,44.4
9,41.05,120.62,45.65
13,40.17,120.69,43.77
14,39.77,121.17,43.77
8,40.72,121.97,45.65
9,41.13,121.5,45.65
14,41.64,122.34,46.58
9,40.84,123.3,46.58
68,39.68,120.29,42.51
99,39.35,119.8,42.12
38,39.69,120.29,43.15
77,39.29,120.76,42.49
44,39.29,120.77,43.15
4,40.04,124.25,45.33
6,40.04,124.25,46.58
66,39.08,123.45,42.81
67,38.93,121.69,42.81
11,39.08,123.45,44.08
77,38.28,124.41,42.82
132,39.07,123.45,41.57
144,38.92,121.68,41.57
138,38.28,124.41,41.59
97,35.88,127.29,41.41
44,32.98,128.46,41.38
71,35.08,128.27,41.4
119,36.4,126.35,41.45
137,36.23,124.57,41.49
20,30.33,126.77,41.27
2,28.41,125.55,42.81
13,38.28,124.41,44.08
13,38.43,126.17,44.08
3,39.23,125.21,45.33
2,39.39,126.97,45.33
3,39.23,125.21,46.58
2,39.39,126.97,46.58
16,37.63,127.13,44.08
2,38.58,127.93,45.33
22,36.82,128.08,44.08
26,36.02,129.04,44.08
3,37.78,128.89,45.33
4,36.98,129.84,45.33
3,30.81,130.38,45.96
4,34.34,130.08,45.96
2,28.67,126.3,46.05
3,28.9,128.78,45.96
148,36.82,124.52,41.55
83,37.47,125.36,42.8
62,35.88,127.29,42.79
19,32.4,128.47,43.34
24,35.87,127.28,44.08
48,35.08,128.25,42.79
25,35.06,128.24,44.08
78,36.68,126.32,42.78
11,30.53,126.98,43.21
74,35.7,127.16,42.03
54,34.91,128.11,42.02
38,33.31,128.41,41.97
97,36.25,126.36,42.05
115,36.09,124.6,42.09
14,43.05,109.9,43.14
18,43.25,109.9,43.77
15,43.25,109.34,44.39
10,42.86,109.35,43.15
10,43.05,109.34,43.77
16,43.25,110.7,44.39
13,43.05,110.69,43.77
14,43.25,108.93,44.39
13,43.25,111.58,45.02
12,43.05,111.58,44.4
11,43.25,111.57,45.65
10,43.05,112.46,45.02
10,42.8,112.47,44.4
8,43.05,112.45,45.65
8,42.83,113.3,45.02
9,42.56,112.94,44.4
6,42.83,113.3,45.65
8,42.64,113.82,45.02
9,42.19,113.42,44.4
12,42.12,112.54,43.77
8,42.74,115.57,45.65
11,43.05,115.23,46.58
3,42.83,113.3,46.89
6,43.05,113.81,46.9
4,42.86,114.23,46.9
4,42.83,113.3,46.27
7,43.05,113.81,46.27
5,42.86,114.23,46.27
6,42.64,113.82,45.65
7,42.7,114.73,45.65
6,42.35,115.18,45.65
7,42.27,114.3,45.02
12,41.72,113.02,43.77
12,41.79,113.9,43.77
9,41.79,113.9,44.4
7,41.95,115.66,45.02
7,41.87,114.78,45.02
7,42.45,116.06,45.65
10,42.64,116.92,46.58
6,41.95,115.66,45.65
51,40.99,114.85,42.52
88,40.54,114.45,41.95
51,41.31,113.49,42.52
28,41.31,113.49,43.15
60,40.91,113.97,42.52
69,41.31,113.49,41.88
73,41.24,112.61,41.89
80,40.92,113.98,41.89
60,40.59,115.33,42.52
53,40.66,116.21,42.52
94,40.16,114.93,42.03
87,40.23,115.8,42.03
91,39.86,116.22,42.1
27,40.99,114.85,43.15
13,41.47,115.26,43.77
34,40.91,113.97,43.15
13,41.39,114.37,43.77
9,41.47,115.26,44.4
8,41.39,114.37,44.4
30,40.59,115.33,43.15
33,42.65,108.94,41.9
33,42.71,109.81,41.9
12,42.75,110.71,43.15
14,42.78,111.59,43.15
18,42.71,109.81,42.52
18,42.75,110.71,42.52
18,42.78,111.59,42.52
15,42.51,112.06,43.15
21,42.51,112.06,42.52
46,42.04,111.66,41.9
78,42.23,108.54,41.3
84,42.3,109.42,41.28
71,42.41,110.3,41.26
59,42.46,111.18,41.25
70,41.65,111.26,41.43
40,42.41,110.3,41.9
36,42.46,111.18,41.9
11,42.78,111.59,43.77
11,42.51,112.06,43.77
26,41.64,112.13,43.15
45,41.64,112.13,42.52
59,41.24,112.61,42.52
33,41.24,112.61,43.15
76,41.17,111.73,41.9
148,42.89,104.94,40.37
152,42.92,105.82,40.36
145,42.99,106.69,40.35
112,42.48,107.65,40.37
141,42.37,106.77,40.37
90,42.27,108.56,40.38
90,42.37,109.43,40.37
95,42.08,109.9,40.39
124,42.14,110.78,40.38
117,41.35,110.85,40.45
121,40.85,113.09,40.48
130,40.45,113.57,40.51
125,40.81,112.21,40.5
119,40.75,111.33,40.5
122,40.32,111.81,40.53
137,40.05,114.05,40.53
149,39.63,114.53,40.56
152,39.56,115.43,40.56
160,39.42,117.21,40.58
187,38.62,118.16,40.58
183,38.64,119.96,40.58
181,38.12,122.64,40.58
197,37.96,120.88,40.59
180,37.3,123.59,40.59
55,31.53,125.48,40.45
105,33.93,126.46,40.51
150,35.69,125.48,40.53
171,35.5,123.99,40.56
142,58.63,86.47,50.15
162,63.3,86.52,50.15
173,63.1,86.47,50.3
193,63.22,86.06,50.15
18,62.36,93.58,50.3
18,61.87,94.09,50.3
22,60.34,94.3,50.31
21,59.53,94.37,50.13
20,59.53,96.61,47.94
30,59.53,95.37,49.27
20,59.73,96.45,49.16
19,59.73,95.24,49.96
18,59.98,95.17,50.11
22,62.82,93.07,50.3
25,63.16,93.46,50.3
48,63.13,92.59,50.3
19,62.75,93.92,50.1
19,62.33,94.41,50.1
27,60.08,97.08,46.62
19,61.43,94.95,50.1
19,60.66,95.84,49.84
26,60.19,96.88,47.87
21,60.13,96.48,49.08
50,61.63,97.08,46.62
50,61.59,96.88,47.87
23,62.71,94.76,49.84
69,62.8,96.51,49.08
30,61.55,96.43,49.08
32,62.34,95.75,49.84
27,62.91,95.18,49.84
21,62.89,94.29,49.84
24,63.1,93.9,49.96
26,63.1,95.23,49.96
21,63.1,94.32,49.96
22,63.1,94.81,49.96
32,63.1,95.77,49.96
82,62.81,96.88,47.87
59,63.1,96.49,49.16
35,63.3,93.42,50.14
36,63.3,93.94,49.62
57,63.3,92.56,50.14
34,63.3,95.33,49.64
27,63.3,94.37,49.62
27,63.3,94.88,49.63
81,62.96,97.08,46.62
73,63.3,96.66,47.93
35,63.3,95.89,49.28
99,63,89.82,50.3
97,63.23,90.25,50.3
101,63.2,89.32,50.3
98,63.3,89.31,50.14
93,63.3,90.25,50.14
96,63.3,89.82,50.14
106,63.3,88.37,50.14
118,63.17,88.39,50.3
93,63.05,90.74,50.3
85,62.7,91.25,50.3
73,63.1,91.68,50.3
85,63.3,90.83,50.14
73,63.3,91.66,50.13
188,62.65,86.06,49.32
136,58.99,86.06,49.67
192,61.7,86.06,50.15
175,62.51,86.26,49.96
145,58.87,86.26,50.01
168,59.63,86.06,50.15
149,59.19,86.26,49.96
171,62.53,86.4,50.1
154,58.98,86.57,50.1
159,59.24,86.34,50.1
182,61.72,86.68,50.3
176,59.67,86.81,50.3
168,58.82,87.33,50.3
25,52.81,97.85,42.52
13,52.81,97.85,43.15
2,54.1,99.03,42.76
8,54.34,98.16,42.89
12,54.52,97.43,42.94
30,53.21,97.37,43.15
37,53.21,97.37,42.52
5,52.83,92.97,42.52
14,52.9,93.85,42.52
22,52.98,94.73,42.52
26,53.06,95.61,42.52
35,53.13,96.49,42.52
16,52.9,93.85,43.15
35,53.06,95.61,43.15
3,52.31,92.13,45.33
24,52.42,93.45,45.02
22,52.42,93.45,45.65
2,53.27,92.93,46.58
23,52.9,93.85,45.02
22,52.9,93.85,45.65
41,52.5,94.33,45.02
35,52.5,94.33,45.65
46,52.58,95.21,45.02
35,52.58,95.21,45.65
36,53.06,95.61,45.02
24,53.06,95.61,45.65
36,52.66,96.09,45.02
22,52.66,96.09,45.65
2,52.77,97.41,45.33
9,53.42,94.69,46.58
2,53.57,96.45,46.58
8,54.84,97.1,44.08
13,54.35,97.42,44.09
3,53.65,98.21,44.08
3,56.41,97.08,44.07
6,52.83,92.97,43.15
7,52.31,92.13,44.08
26,52.42,93.45,44.4
27,52.42,93.45,43.77
21,52.9,93.85,44.4
18,52.9,93.85,43.77
44,52.5,94.33,43.77
24,52.98,94.73,43.15
44,52.5,94.33,44.4
57,52.58,95.21,43.77
53,52.58,95.21,44.4
42,53.06,95.61,43.77
41,53.06,95.61,44.4
58,52.66,96.09,43.77
49,52.66,96.09,44.4
44,53.13,96.49,43.15
11,52.77,97.41,44.08
35,52.81,97.85,41.9
32,52.81,97.85,41.27
6,52.92,99.17,41.54
5,54.52,97.35,41.48
21,53.21,97.37,41.27
15,52.98,94.73,41.27
18,53.06,95.61,41.27
11,53.13,96.49,41.27
33,53.21,97.37,41.9
19,52.98,94.73,41.9
21,53.06,95.61,41.9
22,53.13,96.49,41.9
2,53.38,94.25,41.9
2,54.44,91.22,40.87
2,53.46,95.13,40.87
6,53.65,98.04,40.82
2,53.63,96.89,40.86
2,54.39,97.32,40.7
2,54.08,97.04,40.61
5,54.92,91.39,40.66
3,54.99,92.3,40.66
2,54.43,90.96,40.75
7,55.32,90.9,40.46
6,55.42,91.7,40.46
3,55.48,92.69,40.46
6,55.28,90.76,40.57
2,44,96.85,45.02
2,43.73,95.98,46.27
2,43.73,95.18,46.9
2,43.53,96.86,45.02
2,43.53,95.98,45.65
2,43.53,95.18,46.28
27,49.13,91.3,41.43
50,48.9,91.16,41.11
79,48.49,91.56,40.66
98,48.89,90.96,40.76
108,48.45,91.09,40.65
11,51.31,90.96,42.5
53,50.9,90.96,41.86
96,50.42,90.96,41.2
60,50.91,91.39,42.52
67,50.42,91.19,41.9
69,50.51,91.84,42.52
35,49.57,91.27,41.43
46,49.75,91.13,41.43
78,49.73,90.96,41.03
35,49.34,91.15,41.43
71,49.33,90.96,41.03
47,50.03,91.46,41.89
66,50.01,90.96,41.37
26,50.9,90.96,43.14
64,50.4,91.19,43.15
68,50.03,91.47,43.15
48,50.36,90.96,43.77
76,49.57,91.21,43.77
56,49.55,90.96,44.4
8,48.67,90.96,45.02
80,48.29,91.81,40.66
79,48.09,92.05,40.66
54,47.68,92.42,40.66
40,47.58,92.54,40.66
74,47.88,92.18,40.66
66,47.78,92.3,40.66
29,47.29,93.1,40.58
36,47.39,93,40.59
25,47.38,92.78,40.64
29,47.47,92.62,40.66
5,46.91,93.48,40.57
8,46.99,93.42,40.56
4,46.88,93.52,40.57
3,46.82,93.61,40.57
12,47.07,93.14,40.61
7,46.97,93.26,40.6
2,46.79,93.66,40.58
95,48.89,90.76,40.9
121,48.25,91.29,40.46
138,48.48,90.76,40.58
142,48.22,90.83,40.46
20,50.9,90.76,42.48
74,50.39,90.76,41.82
73,49.73,90.76,41.29
69,50,90.76,41.71
62,49.33,90.76,41.3
61,50.36,90.76,43.13
74,49.55,90.76,43.77
66,48.67,90.76,44.39
2,47.85,90.76,45.02
111,48.05,91.59,40.46
103,47.85,91.84,40.46
83,47.56,92.32,40.46
66,47.46,92.44,40.46
96,47.65,92.09,40.46
21,47.26,92.72,40.46
28,47.27,92.9,40.45
24,47.17,93.02,40.45
43,47.36,92.56,40.46
26,47.25,92.64,40.46
4,46.87,93.38,40.44
2,46.77,93.5,40.44
6,46.95,93.04,40.46
3,46.85,93.16,40.45
2,46.43,94.64,44.79
2,46.43,94.64,44.94
2,46.41,94.42,44.79
2,46.41,94.42,44.94
2,46.41,94.42,45.25
2,46.43,94.64,45.25
2,46.43,94.64,45.1
2,46.41,94.42,45.1
2,46.36,95.09,45.18
2,46.33,94.76,45.1
2,46.33,94.76,45.25
2,46.33,94.76,44.79
2,46.33,94.76,44.94
2,46.32,94.65,45.8
2,46.12,94.89,45.8
2,46.32,94.65,45.49
2,46.12,94.89,45.49
2,46.32,94.65,46.43
2,46.12,94.89,46.43
2,46.32,94.65,46.11
2,46.12,94.89,46.11
2,46.34,94.87,46.9
2,45.86,94.46,47.52
2,44.73,96.78,44.4
2,45.13,96.3,45.02
2,44.27,96.38,45.02
2,45.92,95.12,45.49
2,45.92,95.12,45.8
2,44.65,95.9,45.65
2,43.97,95.97,45.65
2,45.06,95.42,46.27
2,44.21,95.5,46.27
2,45.46,94.94,46.9
2,44.15,95.41,46.9
2,44.58,95.02,46.9
2,44.98,94.54,47.52
2,46.81,94.15,44.48
2,46.71,94.06,44.47
2,46.61,94.18,44.47
2,46.71,94.06,44.63
2,46.61,94.18,44.63
2,46.51,94.3,44.63
3,46.59,93.96,44.79
4,46.59,93.96,44.94
2,46.49,94.08,44.79
3,46.49,94.08,44.94
4,46.59,93.96,45.25
3,46.49,94.08,45.25
4,46.59,93.96,45.1
3,46.49,94.08,45.1
2,46.39,94.2,44.79
2,46.39,94.2,44.94
3,46.39,94.2,45.25
2,46.39,94.2,45.1
5,46.48,93.97,45.8
3,46.28,94.21,45.8
4,46.48,93.97,45.49
3,46.28,94.21,45.49
4,46.48,93.97,46.43
3,46.28,94.21,46.43
5,46.48,93.97,46.11
3,46.28,94.21,46.11
3,46.26,93.99,46.9
2,45.78,93.58,47.52
2,45.3,93.18,48.15
2,46.7,93.89,40.7
2,46.71,94,40.69
3,46.75,93.83,40.76
2,46.7,93.89,40.76
2,46.69,93.78,40.76
4,46.81,93.94,40.88
3,46.83,94.16,40.88
4,46.77,94.05,40.76
2,46.71,94,40.76
3,46.72,94.11,40.76
2,46.65,94.06,40.76
2,46.73,94.28,40.88
3,47.45,93.47,41.19
2,47.3,93.57,41.21
3,47.24,93.65,41.1
2,46.93,94.04,41.03
25,47.47,93.61,43.91
10,47.47,93.61,43.61
31,47.32,93.47,44.22
14,47.34,93.71,44.21
7,47.3,93.75,44.22
5,47.09,93.73,44.23
20,47.1,93.52,44.5
18,47.17,93.59,44.39
15,47.14,93.63,44.39
15,47.04,93.58,44.51
8,46.98,93.68,44.48
18,47.08,93.55,44.64
10,46.99,93.69,44.63
2,47.02,93.96,44.23
2,46.87,94.02,44.48
4,46.9,93.81,44.47
2,46.81,93.94,44.47
5,46.91,93.82,44.63
3,46.81,93.94,44.63
18,46.99,93.48,44.79
17,46.99,93.48,44.94
12,46.89,93.6,44.79
12,46.89,93.6,44.94
17,46.99,93.48,45.1
16,46.99,93.48,45.25
12,46.89,93.6,45.1
12,46.89,93.6,45.25
7,46.79,93.72,44.79
8,46.79,93.72,44.94
5,46.69,93.84,44.79
5,46.69,93.84,44.94
9,46.79,93.72,45.25
6,46.69,93.84,45.25
8,46.79,93.72,45.1
6,46.69,93.84,45.1
12,46.88,93.49,45.8
8,46.68,93.73,45.8
13,46.88,93.49,45.49
8,46.68,93.73,45.49
8,46.88,93.49,46.43
6,46.68,93.73,46.43
10,46.88,93.49,46.11
7,46.68,93.73,46.11
5,46.66,93.51,46.9
2,46.18,93.1,47.52
2,45.71,92.7,48.15
2,47.18,93.68,41.2
2,47.06,93.79,41.15
5,47.11,93.58,41.04
4,47.01,93.7,41.04
3,46.91,93.82,41.04
7,46.99,93.48,40.88
4,46.88,93.38,40.74
5,46.89,93.6,40.88
3,46.78,93.5,40.75
3,46.79,93.72,40.88
2,47.66,93.26,41.35
2,48.18,93.06,41.74
3,48.27,92.9,41.5
3,48.16,92.82,41.51
2,48.06,92.91,41.5
2,47.93,93.07,41.51
2,47.85,93.09,41.51
40,48.81,92.65,42.05
18,48.81,92.65,41.74
31,48.61,92.85,42.05
11,48.61,92.85,41.74
6,48.48,92.68,41.5
4,48.38,92.81,41.51
10,48.57,92.45,41.43
25,48.44,92.24,41.19
23,48.34,92.36,41.19
24,48.32,92.14,41.19
22,48.22,92.26,41.19
36,48.32,92.14,41.04
34,48.22,92.26,41.04
54,48.09,92.05,40.87
6,48.36,92.58,41.5
4,48.26,92.7,41.5
10,48.36,92.58,41.35
8,48.26,92.7,41.35
21,48.24,92.48,41.19
18,48.14,92.6,41.19
43,49.01,92.41,42.05
44,49.21,92.17,42.05
27,49.21,92.17,41.74
17,48.97,91.97,41.43
32,48.73,91.77,41.11
56,48.49,91.57,40.87
23,49.01,92.41,41.74
13,48.77,92.21,41.43
32,48.53,92.01,41.11
56,48.29,91.81,40.87
20,48.93,91.53,41.43
42,48.69,91.32,41.11
74,48.45,91.18,40.87
56,48.56,93.06,42.36
19,48.2,93.26,42.36
71,48.56,93.06,42.68
46,48.2,93.26,42.68
6,48.18,93.06,42.05
2,47.99,93.26,42.36
12,47.99,93.26,42.68
61,48.81,92.65,42.36
74,48.81,92.65,42.68
56,48.61,92.85,42.36
71,48.61,92.85,42.68
74,49.01,92.41,42.68
62,49.01,92.41,42.36
77,50.11,92.32,42.52
52,49.85,91.9,42.05
74,49.45,92.38,42.36
58,49.65,92.14,42.05
81,49.45,92.38,42.68
24,49.37,91.5,41.74
38,49.61,91.7,42.05
60,49.21,92.17,42.36
41,49.41,91.94,42.05
19,49.17,91.73,41.74
70,49.21,92.17,42.68
73,49.63,91.92,43.15
67,48.69,91.24,44.4
79,49.15,91.52,43.77
6,47.68,93.46,42.99
22,47.68,93.46,43.3
61,48.18,93.06,42.99
66,48.18,93.06,43.3
67,48.16,92.86,43.61
49,47.86,93.32,43.3
55,47.93,93.06,43.3
58,47.86,92.9,43.61
53,47.78,93.13,43.61
24,47.86,93.32,42.99
41,47.93,93.06,42.99
68,48.37,92.7,42.99
73,48.37,92.7,43.3
80,49.21,92.17,43.3
77,49.21,92.17,42.99
80,49.01,92.41,42.99
82,49.01,92.41,43.3
72,48.57,92.45,42.99
78,48.57,92.45,43.3
44,47.57,93.29,43.92
38,47.57,93.29,43.61
59,47.93,92.73,43.93
52,47.68,92.93,43.93
74,48.33,92.25,43.93
76,48.33,92.25,43.61
67,48.13,92.49,43.93
70,48.13,92.49,43.61
80,48.75,91.99,43.77
42,47.47,93.14,44.24
38,47.48,93.16,44.56
32,47.26,93.33,44.24
32,47.19,93.24,44.47
30,47.19,93.24,44.63
26,47.09,93.36,44.47
25,47.09,93.36,44.63
50,47.69,92.53,44.24
41,47.69,92.53,44.55
45,47.49,92.77,44.24
38,47.49,92.77,44.55
62,48.09,92.05,44.24
49,48.09,92.05,44.55
56,47.89,92.29,44.24
44,47.89,92.29,44.55
62,48.27,91.57,44.4
30,47.28,93.01,44.86
25,47.28,93.01,45.18
25,47.07,93.14,44.94
27,47.07,93.14,44.79
23,46.97,93.26,44.79
22,46.97,93.26,44.94
21,47.07,93.14,45.25
23,47.07,93.14,45.1
20,46.97,93.26,45.1
19,46.97,93.26,45.25
27,47.45,92.33,44.86
19,47.45,92.33,45.18
28,47.25,92.57,44.86
22,47.25,92.57,45.18
13,47.85,91.85,45.18
23,47.85,91.85,44.86
25,47.65,92.09,44.86
16,47.65,92.09,45.18
10,47.78,91.28,45.02
18,47.05,92.81,45.49
15,47.05,92.81,45.8
14,46.84,93.05,45.8
17,46.84,93.05,45.49
11,47.21,92.13,45.49
8,47.21,92.13,45.8
15,47.01,92.37,45.49
12,47.01,92.37,45.8
2,47.33,91.13,45.65
5,47.39,91.67,45.65
9,46.84,93.05,46.43
9,47.05,92.81,46.43
12,47.05,92.81,46.11
12,46.84,93.05,46.11
6,46.99,92.15,46.27
2,46.91,91.32,46.27
5,46.59,92.63,46.9
2,46.51,91.75,46.9
2,46.11,92.22,47.52
3,47.6,93.16,41.32
3,47.51,93.25,41.31
4,47.31,93.33,41.19
3,47.21,93.45,41.18
5,47.41,93.22,41.19
6,47.51,93.1,41.19
10,47.41,93.22,41.04
12,47.51,93.1,41.04
7,47.19,93.24,41.04
6,47.09,93.36,41.04
7,48.04,92.72,41.35
5,47.94,92.84,41.35
16,47.92,92.62,41.19
13,47.82,92.74,41.19
22,47.7,92.64,41.04
21,48.12,92.38,41.19
18,48.02,92.5,41.19
48,48,92.28,40.87
32,48.12,92.38,41.04
29,48.02,92.5,41.04
41,47.9,92.4,40.87
24,47.8,92.52,41.04
4,47.83,92.95,41.34
4,47.72,93.05,41.33
10,47.72,92.86,41.19
8,47.61,92.98,41.19
15,47.5,92.88,41.04
19,47.6,92.76,41.04
16,47.29,93.12,40.88
14,47.18,93.03,40.76
20,47.39,93,40.88
18,47.28,92.91,40.77
8,47.07,93.14,40.88
5,46.97,93.06,40.77
6,46.97,93.26,40.88
3,46.87,93.17,40.77
32,47.68,92.42,40.87
25,47.58,92.54,40.87
17,47.38,92.78,40.88
13,47.26,92.73,40.78
21,47.48,92.66,40.87
47,47.88,92.18,40.87
39,47.78,92.3,40.87
2,43.34,105.05,51.23
2,45.41,109.59,51.27
2,45.89,109.99,51.27
2,43.41,104.81,50.52
2,43.49,105.48,50.5
2,43.59,105.76,50.59
2,45.41,109.59,50.89
2,45.89,109.99,50.89
2,46.37,110.39,50.89
2,51.97,113.17,51.18
2,51.97,113.18,51.93
2,51.32,112.64,50.7
2,51.76,112.24,50.69
2,46.76,109.91,50.71
2,43.62,105.53,50.48
2,52.11,112.41,51.4
2,51.92,111.61,50.51
2,52.1,111.63,53.08
2,47.61,109.4,50.51
122,58.99,86.06,48.99
2,44,97.74,63.14
2,43.28,104.56,50.75
2,43.29,104.69,51.06
2,43.3,104.72,51.06
2,43.29,104.99,51.27
2,43.29,104.73,51.26
2,43.29,104.56,51.1
45,43.46,105,41.52
9,43.46,104.98,42.02
2,43.63,104.64,41.87
15,43.39,104.75,41.77
10,43.28,105.23,42.22
42,43.27,104.44,41.2
94,43.26,104.04,40.58
139,43.08,104.47,40.36
89,43.11,104.46,40.68
10,43.27,105.27,42.53
10,43.26,105.86,42.64
8,43.1,106.28,42.43
8,43.25,105.82,43.17
2,44.98,94.54,62.52
2,44.49,94.11,63.13
2,44.08,93.74,63.72
2,43.78,93.31,64.11
2,43.73,93.32,63.82
2,43.69,93.73,63.28
2,43.49,93.76,63.07
2,43.52,93.33,63.36
2,45.38,94.06,62.52
2,44.89,93.65,63.14
2,44.42,93.26,63.72
2,43.94,92.87,64.11
2,43.52,92.82,63.41
2,45.78,93.58,62.52
2,45.3,93.18,63.15
2,44.82,92.78,63.72
2,44.26,92.38,64.1
2,43.72,91.97,64.3
2,43.73,92.8,63.82
2,43.92,94.2,63.71
2,43.25,109.34,49.39
3,43.25,109.34,48.77
4,43.25,109.34,48.15
9,41.64,122.34,47.83
6,40.84,123.3,47.83
3,41.64,122.34,49.08
3,40.04,124.25,47.83
12,42.21,119.62,47.83
9,41.49,120.58,47.83
2,41.49,120.58,49.08
4,42.21,119.62,49.08
5,43.25,109.9,48.15
4,43.25,109.34,47.52
7,43.25,110.7,47.52
3,43.25,109.9,49.39
3,43.25,109.9,48.77
2,43.05,110.7,48.15
3,43.05,111.58,48.15
2,42.8,112.47,48.15
8,43.25,111.58,46.9
3,43.05,111.58,47.52
9,43.25,111.57,46.27
4,43.05,112.46,46.9
5,43.05,112.45,46.27
2,42.8,112.47,47.52
4,43.05,110.7,49.39
6,43.05,111.58,49.39
3,43.05,110.7,48.77
5,43.05,111.58,48.77
6,42.8,112.47,49.4
4,42.8,112.47,48.77
4,42.83,113.3,48.14
9,43.05,113.81,48.14
3,42.83,113.3,47.52
7,43.05,113.81,47.52
6,42.86,114.23,48.15
4,42.86,114.23,47.52
13,43.05,115.23,47.83
2,42.56,112.94,48.15
2,42.56,112.94,47.52
3,42.74,115.57,50.02
5,43.05,115.23,49.08
6,42.83,113.3,49.39
6,42.86,114.23,49.4
5,43.05,113.81,49.39
6,42.83,113.3,48.77
8,42.86,114.23,48.77
9,43.05,113.81,48.77
3,42.35,115.18,50.02
2,42.27,114.3,50.65
4,42.64,113.82,50.02
3,42.7,114.73,50.02
5,42.19,113.42,50.02
6,42.56,112.94,49.4
3,42.56,112.94,48.77
11,42.64,116.93,47.83
6,42.64,116.92,49.08
5,42.11,117.86,49.08
10,42.11,117.86,47.83
2,43.27,106.32,50.39
2,43.3,104.71,50.75
2,43.29,105.08,50.62
2,43.3,104.77,50.52
2,43.34,106.02,50.62
2,43.25,108.45,50.02
2,43.25,107.54,50.01
2,43.25,107.54,50.64
2,43.25,108.93,50.02
2,43.05,109.34,50.02
3,43.05,109.9,50.01
2,42.78,110.7,50.66
2,42.8,111.57,50.66
4,42.75,110.71,50.02
5,42.78,111.59,50.02
2,42.51,112.06,50.65
5,42.51,112.06,50.02
2,42.12,112.54,50.65
5,42.12,112.54,50.02
2,41.72,113.02,50.65
2,42.01,116.1,50.33
109,42.62,104.96,40.66
124,42.68,105.84,40.63
112,42.76,106.71,40.59
76,42.35,107.65,40.75
105,42.26,106.77,40.76
12,43.25,108.45,45.02
10,43.25,107.53,45.02
9,43.25,108.45,45.65
8,43.25,107.52,45.65
4,43.25,108.45,46.9
4,43.25,107.53,46.89
6,43.25,108.45,46.27
6,43.25,107.52,46.27
17,43.55,105.05,41.76
14,43.34,105.34,42.02
44,43.34,105.36,41.52
29,43.62,105.77,41.75
16,43.87,105.72,41.96
50,43,105.34,41.31
52,43.14,104.93,41.11
87,42.79,104.94,40.79
9,43.06,106.75,42.55
23,43.09,106.8,41.9
98,42.57,106.33,40.84
62,42.84,106.68,41.26
37,43.08,105.81,41.72
14,43.16,105.85,42.15
30,43.31,106.07,41.77
22,43.03,106.2,42.07
34,43.02,106.26,41.8
67,42.81,105.82,41.26
94,42.58,105.4,40.83
9,43.25,106.7,43.77
6,43.05,106.7,43.15
7,43.25,105.82,43.78
9,43.25,106.7,44.4
19,42.65,108.94,42.52
11,43.05,108.04,42.52
15,42.83,108.46,42.52
13,42.81,107.55,42.52
19,43.05,108.04,41.89
26,42.83,108.46,41.9
28,42.81,107.55,41.89
94,42.3,106.76,40.94
62,42.55,107.18,41.27
71,42.37,107.64,40.94
56,42.61,108.06,41.28
13,43.25,108.04,43.77
8,43.05,108.45,43.77
6,43.05,107.52,43.77
8,43.05,108.04,43.15
8,42.83,108.46,43.15
7,42.81,107.55,43.15
12,43.25,108.04,44.4
6,43.05,108.45,44.4
5,43.05,107.53,44.39
9,43.05,108.93,43.77
10,42.65,108.94,43.15
77,42.14,108.55,40.82
100,42.21,109.43,40.78
105,41.93,109.9,40.87
103,42,110.78,40.85
100,41.28,110.85,41.11
95,40.83,113.09,41.23
103,40.44,113.57,41.32
98,40.76,112.21,41.29
99,40.7,111.33,41.28
102,40.29,111.81,41.4
111,40.04,114.05,41.4
121,39.62,114.53,41.48
123,39.55,115.42,41.5
9,40.9,118.85,44.4
9,41.37,119.26,45.02
9,41.3,118.38,44.4
9,41.78,118.78,45.02
9,41.22,117.5,44.4
8,42.02,116.54,45.02
9,41.62,117.02,44.4
7,42.02,116.54,45.65
8,41.7,117.9,45.02
9,42.1,117.42,45.02
8,42.1,117.42,45.65
8,41.7,117.9,45.65
6,41.54,116.14,45.65
7,41.54,116.14,45.02
9,41.14,116.61,44.4
13,41.14,116.61,43.77
9,41.07,115.73,44.4
13,41.07,115.73,43.77
26,40.66,116.21,43.15
32,40.26,116.69,43.15
79,40.32,116.68,42.05
56,40.33,117.57,42.51
61,40.25,116.69,42.51
72,40.4,117.57,42.05
64,39.93,118.05,42.49
35,39.94,118.05,43.15
9,40.74,117.09,44.4
14,40.74,117.09,43.77
30,40.34,117.57,43.15
13,40.82,117.97,43.77
9,41.37,119.26,45.65
10,41.78,118.78,45.65
14,42.24,119.62,46.57
10,42.11,117.86,46.58
12,41.49,120.58,46.58
8,40.97,119.73,45.02
9,40.97,119.73,45.65
14,40.09,119.81,43.77
13,40.49,119.33,43.77
13,40.42,118.45,43.77
9,40.49,119.33,44.4
9,40.09,119.81,44.4
55,39.57,118.97,42.81
132,39.41,117.21,41.55
158,38.62,118.17,41.58
157,38.64,119.96,41.57
5,39.88,122.49,45.33
12,38.92,121.69,44.08
8,39.77,121.17,44.4
7,40.57,120.21,45.02
8,40.17,120.69,44.4
8,40.57,120.21,45.65
7,40.65,121.09,45.02
6,40.25,121.57,45.02
7,40.25,121.57,45.65
8,40.65,121.09,45.65
15,39.69,120.29,43.77
15,39.29,120.77,43.77
8,39.29,120.77,44.4
8,39.69,120.29,44.4
9,40.69,121.53,46.58
6,39.88,122.49,46.58
67,38.77,119.93,42.81
3,39.08,123.45,45.33
3,39.08,123.45,46.58
78,38.12,122.65,42.82
77,37.97,120.89,42.82
12,38.12,122.65,44.08
84,37.32,123.6,42.82
156,38.12,122.64,41.58
169,37.96,120.88,41.58
154,37.31,123.6,41.58
45,31.82,125.82,41.12
76,34,126.52,41.31
118,35.72,125.5,41.38
128,35.55,124.03,41.5
14,37.32,123.6,44.08
14,37.47,125.36,44.08
2,38.28,124.41,45.33
2,38.43,126.17,45.33
19,36.67,126.32,44.08
2,37.63,127.13,45.33
4,32.42,128.47,45.96
2,35.94,128.16,45.96
5,30.52,126.97,45.97
79,36.52,124.57,42.8
23,32.03,126.03,43.23
34,34.01,126.56,43.39
67,35.73,125.52,42.81
34,31.82,125.83,41.69
62,34.29,126.61,41.96
100,35.59,124.2,42.1
91,35.6,125.55,42.03
11,42.71,109.8,43.15
11,43.05,109.9,43.77
16,43.25,109.9,44.39
13,43.25,109.34,45.02
7,42.86,109.35,43.77
8,43.05,109.34,44.39
9,43.25,109.34,45.65
13,43.25,110.7,45.02
11,43.05,110.7,44.39
9,42.75,110.71,43.77
10,43.25,110.7,45.65
12,43.25,108.93,45.02
7,43.05,108.93,44.39
9,43.25,108.93,45.65
10,43.05,111.58,45.02
8,42.78,111.59,44.4
7,43.05,111.57,45.65
8,42.8,112.47,45.02
8,42.51,112.06,44.4
6,42.8,112.47,45.65
7,42.56,112.94,45.02
8,42.12,112.54,44.4
5,42.56,112.94,45.65
7,42.19,113.42,45.02
5,42.19,113.42,45.65
8,41.72,113.02,44.4
12,41.64,112.13,43.77
2,42.56,112.94,46.9
3,42.56,112.94,46.27
3,42.64,113.82,46.9
4,42.64,113.82,46.27
5,42.27,114.3,45.65
5,41.87,114.78,45.65
6,42.57,115.12,46.58
2,42.19,113.42,46.9
3,42.19,113.42,46.27
7,41.79,113.9,45.02
5,41.79,113.9,45.65
13,41.24,112.61,43.77
13,41.31,113.49,43.77
8,41.31,113.49,44.4
7,41.47,115.26,45.02
6,41.39,114.37,45.02
5,41.39,114.37,45.65
5,41.47,115.26,45.65
6,42,116.1,46.58
68,40.51,114.45,42.52
104,39.7,114.52,42.1
100,40.09,114.06,42.05
69,40.83,113.09,42.52
41,40.83,113.09,43.15
47,40.43,113.57,43.15
75,40.43,113.57,42.52
85,40.86,113.1,41.94
88,40.79,112.21,41.98
93,40.48,113.58,41.99
75,40.11,114.93,42.52
67,40.19,115.81,42.52
99,39.7,115.42,42.11
36,40.19,115.81,43.15
73,39.78,116.3,42.5
42,39.78,116.29,43.15
42,40.11,114.93,43.15
38,40.51,114.45,43.15
14,40.99,114.85,43.77
14,40.91,113.97,43.77
9,40.99,114.85,44.4
8,40.91,113.97,44.4
9,40.59,115.33,44.4
15,40.59,115.33,43.77
44,42.21,108.54,41.9
43,42.29,109.42,41.9
74,41.81,108.14,41.4
13,42.29,109.42,43.15
13,42.41,110.29,43.15
14,42.46,111.18,43.15
27,42.29,109.42,42.52
24,42.41,110.3,42.52
22,42.46,111.18,42.52
19,42.04,111.66,43.15
33,42.04,111.66,42.52
62,41.56,111.26,41.89
90,41.86,109.02,41.38
84,41.92,109.9,41.35
70,42,110.78,41.34
80,41.31,110.84,41.53
52,41.89,109.9,41.9
51,41.96,110.78,41.9
79,41.18,109.08,41.58
9,42.46,111.18,43.77
11,42.04,111.66,43.77
40,41.16,111.73,43.15
66,41.16,111.73,42.52
78,40.76,112.21,42.52
49,40.76,112.21,43.15
90,40.71,111.33,41.97
99,40.32,111.79,42.06
146,42.61,104.53,40.38
150,42.67,105.41,40.37
152,42.61,106.3,40.37
113,42.15,107.67,40.39
150,42.04,106.79,40.39
100,41.85,108.14,40.41
86,41.98,109.01,40.39
87,41.21,109.09,40.46
119,41.46,107.72,40.44
88,41.55,109.49,40.43
104,41.63,110.38,40.42
112,41.04,110.87,40.48
86,40.89,109.12,40.49
105,39.89,111,40.56
135,39.93,112.73,40.55
143,39.13,112.78,40.58
147,39.45,113.7,40.57
170,38.97,115.48,40.58
191,38.46,116.4,40.59
216,37.65,117.36,40.59
208,37.8,119.12,40.59
201,37.14,121.83,40.59
216,36.98,120.07,40.59
192,36.31,122.77,40.59
18,30.67,124.58,40.74
95,32.28,124.46,40.47
151,34.63,124.61,40.53
179,35.44,123.4,40.58
14,30.69,124.6,42.42
139,58.83,86.64,49.96
125,58.63,86.47,49.66
154,58.63,87.36,50.15
183,60.61,86.27,50.3
181,60.57,86.06,50.15
99,63.3,88.88,50.14
102,62.93,88.9,50.3
100,62.49,89.41,50.3
166,62.71,87.48,50.3
131,63.3,87.49,50.14
160,63.3,86.54,49.3
145,63.1,86.69,49.96
155,62.92,86.65,50.1
171,63.03,86.26,49.96
185,63.22,86.06,49.33
91,59.52,93.5,50.12
76,59.76,93.46,50.32
48,62.76,92.16,50.3
22,62.27,92.67,50.3
51,62.19,91.76,50.3
24,61.71,92.27,50.3
19,59.53,96.61,46.63
23,61.29,93.24,50.3
19,62.25,93.52,50.1
19,61.82,94.01,50.1
30,60.44,94.16,50.12
42,59.71,94.22,49.96
55,59.53,94.31,49.25
33,59.53,95.33,47.91
21,59.73,96.44,47.87
26,59.73,95.23,49.15
20,60.08,95.07,49.85
24,60.08,97.08,45.35
45,61.63,97.08,45.35
67,62.96,97.08,45.34
23,62.66,93.03,50.1
26,62.98,93.42,50.1
40,62.95,92.56,50.1
20,62.65,93.88,49.84
20,62.26,94.36,49.84
23,60.2,96.88,46.6
20,61.42,94.88,49.84
23,60.13,96.48,47.84
20,60.66,95.85,49.08
38,61.59,96.88,46.6
67,62.8,96.51,47.83
33,61.55,96.43,47.83
26,62.71,94.76,49.4
36,62.34,95.75,49.08
30,62.91,95.18,49.4
23,62.89,94.29,49.4
31,63.1,93.38,49.96
33,63.1,93.9,49.48
45,63.1,92.55,49.96
29,63.1,95.23,49.49
25,63.1,94.31,49.48
25,63.1,94.81,49.49
73,62.81,96.88,46.6
67,63.1,96.49,47.87
35,63.1,95.77,49.16
51,63.3,93.88,49.02
46,63.3,93.4,49.61
55,63.3,92.55,49.6
41,63.3,95.3,48.93
43,63.3,94.28,48.88
37,63.3,94.86,48.92
64,63.3,96.65,46.62
54,63.3,95.86,47.91
96,62.58,90.33,50.3
91,62.1,90.85,50.3
89,62.82,89.86,50.1
87,63.04,90.28,50.1
93,63.01,89.38,50.1
91,63.1,89.36,49.96
84,63.1,90.27,49.96
88,63.1,89.86,49.96
89,63.3,89.32,49.62
82,63.3,90.25,49.61
86,63.3,89.83,49.62
92,63.3,88.4,49.28
98,63.1,88.45,49.96
102,62.98,88.47,50.1
80,62.88,90.75,50.1
70,62.56,91.25,50.1
59,62.92,91.67,50.1
76,63.1,90.84,49.96
61,63.1,91.66,49.95
76,63.3,90.82,49.6
66,63.3,91.64,49.59
194,62.69,86.06,47.96
177,61.7,86.06,49.32
159,62.51,86.26,49.18
141,59.63,86.06,49.33
132,59.16,86.26,49.5
154,62.44,86.52,49.84
176,61.64,86.26,49.96
146,59.32,86.47,49.84
141,59.09,86.69,49.85
158,59.74,86.26,49.96
162,61.65,86.84,50.1
160,59.78,86.96,50.1
156,59,87.45,50.1
173,60.78,87.66,50.3
170,59.21,87.8,50.3
168,58.87,88.34,50.3
5,53.68,98.2,42.8
13,54.36,97.38,42.86
11,54.85,97.1,42.79
32,53.61,96.89,43.15
26,53.61,96.89,42.52
7,56.4,97.08,42.78
2,53.31,93.37,43.15
2,53.31,93.37,42.52
3,53.38,94.25,42.52
5,53.46,95.13,42.52
10,53.54,96.01,42.52
5,53.38,94.25,43.15
9,53.46,95.13,43.15
19,53.54,96.01,43.15
3,53.27,92.93,45.33
19,53.42,94.69,45.33
11,53.57,96.45,45.33
2,57.22,97.08,44.07
5,55.51,97.08,44.08
7,54.72,96.94,44.08
17,54.05,97.26,44.09
2,56.35,96.88,44.08
4,53.27,92.93,44.08
18,53.42,94.69,44.08
28,53.57,96.45,44.08
3,54.52,96.69,45.34
7,53.75,98.2,41.52
6,54.39,97.33,41.5
5,54.85,97.1,41.44
4,53.61,96.89,41.27
2,53.46,95.13,41.27
2,53.54,96.01,41.27
13,53.61,96.89,41.9
3,53.46,95.13,41.9
4,53.54,96.01,41.9
4,54.91,91.48,40.87
2,54.99,92.33,40.87
2,54.09,97.24,40.81
7,55.29,91.08,40.66
6,55.4,91.79,40.66
3,55.47,92.72,40.66
6,55.26,90.96,40.75
8,55.84,91.14,40.46
6,55.89,92.16,40.46
3,55.97,93.11,40.46
8,55.84,90.76,40.57
4,55.28,90.76,41.06
2,44,96.85,44.4
2,43.73,96.86,45.02
2,43.73,95.98,45.65
2,43.73,95.18,46.27
2,43.73,94.62,46.9
2,43.53,96.86,44.39
2,43.53,95.98,45.02
2,43.53,95.18,45.65
2,43.53,94.62,46.28
22,49.13,91.3,41.74
30,48.9,91.16,41.43
69,48.89,90.96,41.03
89,48.25,91.34,40.66
104,48.48,90.96,40.76
118,48.22,90.99,40.64
45,50.9,90.96,42.5
71,50.39,90.96,41.87
66,50.4,91.19,42.52
56,50.03,91.47,42.52
52,50,90.96,41.76
33,49.55,91.21,41.9
57,49.73,90.96,41.38
47,49.33,90.96,41.38
63,50.36,90.96,43.14
61,49.56,91.21,43.14
74,49.55,90.96,43.77
67,48.67,90.96,44.39
5,47.85,90.96,45.02
83,48.05,91.6,40.66
79,47.85,91.85,40.66
55,47.56,92.32,40.66
41,47.46,92.44,40.66
71,47.65,92.09,40.66
17,47.17,93.02,40.62
16,47.26,92.72,40.66
22,47.27,92.9,40.63
17,47.25,92.64,40.66
26,47.36,92.56,40.66
4,46.87,93.38,40.6
2,46.77,93.5,40.6
5,46.95,93.04,40.64
3,46.85,93.16,40.64
60,48.89,90.76,41.3
98,48.48,90.76,40.92
142,48.22,90.76,40.6
138,48.01,91,40.46
67,50.36,90.76,42.48
53,49.53,90.76,41.83
62,49.55,90.76,43.13
66,48.68,90.76,43.77
41,47.85,90.76,44.39
2,47.32,90.76,45.02
123,47.81,91.35,40.46
147,47.78,90.86,40.46
110,47.61,91.63,40.46
84,47.44,92.22,40.46
68,47.34,92.34,40.46
98,47.41,91.88,40.46
15,47.16,92.8,40.46
10,47.05,92.92,40.46
45,47.24,92.46,40.46
26,47.14,92.58,40.46
2,46.83,92.94,40.46
2,46.41,94.42,44.63
2,46.21,94.66,44.94
2,46.21,94.66,44.79
2,46.31,94.54,44.79
2,46.31,94.54,44.94
2,46.29,94.32,44.79
2,46.29,94.32,44.94
2,46.21,94.66,45.25
2,46.29,94.32,45.25
2,46.31,94.54,45.25
2,46.21,94.66,45.1
2,46.31,94.54,45.1
2,46.29,94.32,45.1
2,46.12,94.89,45.18
2,46.08,94.44,45.8
2,45.88,94.68,45.8
2,46.08,94.44,45.49
2,45.88,94.68,45.49
2,46.08,94.44,46.43
2,45.88,94.68,46.43
2,46.08,94.44,46.11
2,45.88,94.68,46.11
2,45.86,94.46,46.9
2,45.38,94.06,47.52
2,45.13,96.3,44.4
2,44.27,96.38,44.4
2,43.97,95.97,45.02
2,44.65,95.9,45.02
2,45.48,95.16,45.49
2,45.48,95.16,45.8
2,45.68,94.92,45.49
2,45.68,94.92,45.8
2,45.06,95.42,45.65
2,44.21,95.5,45.65
2,45.46,94.94,46.27
2,44.58,95.02,46.27
2,43.95,95.14,46.27
2,44.98,94.54,46.9
2,44.13,94.62,46.9
2,44.5,94.14,47.52
2,46.59,93.96,44.47
2,46.49,94.08,44.47
3,46.59,93.96,44.63
2,46.49,94.08,44.63
2,46.39,94.2,44.47
2,46.39,94.2,44.63
4,46.47,93.86,44.79
4,46.47,93.86,44.94
3,46.37,93.98,44.79
3,46.37,93.98,44.94
3,46.37,93.98,45.25
5,46.47,93.86,45.25
4,46.47,93.86,45.1
3,46.37,93.98,45.1
2,46.27,94.1,44.79
2,46.17,94.22,44.79
2,46.27,94.1,44.94
2,46.17,94.22,44.94
2,46.17,94.22,45.25
3,46.27,94.1,45.25
2,46.27,94.1,45.1
2,46.17,94.22,45.1
5,46.24,93.77,45.8
3,46.04,94,45.8
5,46.24,93.77,45.49
3,46.04,94,45.49
3,46.04,94,46.43
4,46.24,93.77,46.43
4,46.24,93.77,46.11
3,46.04,94,46.11
3,45.78,93.58,46.9
2,45.3,93.18,47.52
2,46.81,93.94,41.04
2,46.69,93.84,40.88
2,46.71,94.06,40.88
2,47.23,93.62,41.2
3,47.47,93.61,43.3
25,47.32,93.46,43.92
5,47.33,93.71,43.92
2,47.3,93.74,43.92
3,47.09,93.73,43.92
15,47.32,93.46,43.61
2,47.33,93.71,43.61
2,47.09,93.73,43.61
6,46.96,93.69,44.24
17,47.17,93.58,44.23
13,47.13,93.63,44.23
18,47,93.48,44.47
10,46.9,93.6,44.47
18,46.99,93.48,44.63
11,46.89,93.6,44.63
2,46.85,93.89,44.24
6,46.79,93.72,44.47
3,46.69,93.84,44.47
7,46.79,93.72,44.63
4,46.69,93.84,44.63
18,46.87,93.38,44.79
17,46.87,93.38,44.94
13,46.77,93.5,44.79
13,46.77,93.5,44.94
17,46.87,93.38,45.1
16,46.87,93.38,45.25
13,46.77,93.5,45.1
12,46.77,93.5,45.25
8,46.67,93.62,44.79
9,46.67,93.62,44.94
5,46.57,93.74,44.79
6,46.57,93.74,44.94
9,46.67,93.62,45.25
7,46.57,93.74,45.25
9,46.67,93.62,45.1
6,46.57,93.74,45.1
11,46.64,93.29,45.8
8,46.44,93.53,45.8
13,46.64,93.29,45.49
8,46.44,93.53,45.49
8,46.64,93.29,46.43
6,46.44,93.53,46.43
10,46.64,93.29,46.11
7,46.44,93.53,46.11
4,46.18,93.1,46.9
2,45.71,92.7,47.52
2,47.1,93.56,41.18
2,47.01,93.7,41.19
4,46.99,93.48,41.04
3,46.89,93.6,41.04
2,46.79,93.72,41.04
4,46.87,93.38,40.88
2,46.77,93.29,40.77
2,46.77,93.5,40.88
2,48.16,92.87,41.74
4,48.04,92.72,41.5
3,47.94,92.84,41.5
2,47.82,92.93,41.5
2,47.71,93.03,41.5
21,48.57,92.45,42.05
8,48.57,92.45,41.74
14,48.37,92.7,42.05
5,48.37,92.7,41.74
10,48.33,92.25,41.43
27,48.09,92.05,41.11
55,47.85,91.85,40.87
8,48.13,92.49,41.43
25,48.77,92.21,42.05
27,48.97,91.97,42.05
16,48.97,91.97,41.74
15,48.73,91.77,41.43
34,48.49,91.57,41.11
64,48.25,91.37,40.87
12,48.77,92.21,41.74
13,48.53,92.01,41.43
30,48.29,91.81,41.11
59,48.05,91.61,40.87
15,48.93,91.53,41.74
23,48.69,91.32,41.43
51,48.44,91.18,41.11
83,48.22,91.11,40.87
21,48.18,93.06,42.36
45,48.18,93.06,42.68
7,48.16,92.86,42.05
5,47.93,93.06,42.36
6,47.86,93.32,42.68
20,47.93,93.06,42.68
42,48.57,92.45,42.36
60,48.57,92.45,42.68
35,48.37,92.7,42.36
55,48.37,92.7,42.68
60,48.77,92.21,42.68
44,48.77,92.21,42.36
59,49.63,91.92,42.52
29,49.37,91.5,42.05
43,48.97,91.97,42.36
27,49.17,91.73,42.05
57,48.97,91.97,42.68
74,48.69,91.24,43.77
60,49.15,91.52,43.15
24,49.13,91.3,42.05
11,47.56,93.29,42.99
25,47.57,93.29,43.3
59,48.16,92.86,42.99
66,48.16,92.86,43.3
62,47.93,92.73,43.61
52,47.86,92.9,43.3
45,47.78,93.13,43.3
51,47.68,92.93,43.61
39,47.86,92.9,42.99
28,47.78,93.13,42.99
61,48.33,92.25,42.99
72,48.33,92.25,43.3
56,48.13,92.49,42.99
66,48.13,92.49,43.3
70,48.75,91.99,43.15
42,47.46,93.14,43.93
37,47.46,93.14,43.61
28,47.26,93.33,43.93
20,47.26,93.33,43.61
56,47.69,92.53,43.93
48,47.49,92.77,43.93
71,48.09,92.05,43.93
71,48.09,92.05,43.61
64,47.89,92.29,43.93
65,47.89,92.29,43.61
73,48.27,91.57,43.77
38,47.28,93.01,44.24
35,47.28,93.01,44.55
28,47.09,93.25,44.24
29,47.07,93.14,44.63
30,47.07,93.14,44.47
25,46.97,93.26,44.47
24,46.97,93.26,44.63
48,47.45,92.33,44.24
38,47.45,92.33,44.55
42,47.25,92.57,44.24
36,47.25,92.57,44.55
47,47.85,91.85,44.55
60,47.85,91.85,44.24
54,47.65,92.09,44.24
42,47.65,92.09,44.55
49,47.78,91.28,44.39
27,47.05,92.81,44.86
22,47.05,92.81,45.18
23,46.84,93.05,44.86
20,46.84,93.05,45.18
23,47.21,92.13,44.86
16,47.21,92.13,45.18
25,47.01,92.37,44.86
19,47.01,92.37,45.18
6,47.33,91.13,45.02
14,47.39,91.67,45.02
16,46.81,92.61,45.49
13,46.81,92.61,45.8
13,46.61,92.85,45.8
16,46.61,92.85,45.49
7,46.97,91.93,45.8
9,46.97,91.93,45.49
13,46.77,92.17,45.49
10,46.77,92.17,45.8
3,46.91,91.32,45.65
9,46.59,92.63,46.27
4,46.51,91.75,46.27
2,46.44,91.16,46.27
4,46.11,92.22,46.9
2,46.03,91.37,46.9
2,45.63,91.82,47.52
3,47.52,93.1,41.35
2,47.41,93.22,41.34
2,47.3,93.32,41.34
4,47.19,93.24,41.19
3,47.09,93.36,41.19
5,47.29,93.12,41.19
6,47.39,93,41.19
10,47.29,93.12,41.04
12,47.39,93,41.04
5,47.07,93.14,41.04
4,46.97,93.26,41.04
4,47.92,92.62,41.5
3,47.82,92.74,41.5
8,47.92,92.62,41.35
6,47.82,92.74,41.35
15,47.8,92.52,41.19
13,47.7,92.64,41.19
20,47.68,92.42,41.04
13,47.68,92.42,41.19
11,47.58,92.54,41.19
17,47.58,92.54,41.04
22,47.89,92.29,41.11
2,47.72,92.86,41.5
2,47.62,92.98,41.5
5,47.72,92.86,41.35
4,47.62,92.98,41.35
11,47.6,92.76,41.19
8,47.5,92.88,41.19
7,47.38,92.78,41.19
9,47.48,92.66,41.19
12,47.38,92.78,41.04
14,47.48,92.66,41.04
11,47.17,93.02,40.88
8,47.07,92.94,40.78
14,47.28,92.9,40.88
10,47.17,92.82,40.78
4,46.95,93.04,40.87
3,46.85,93.16,40.87
31,47.56,92.32,40.87
22,47.46,92.44,40.87
11,47.26,92.68,40.87
15,47.36,92.56,40.87
45,47.65,92.09,40.87
2,43.29,104.64,51.34
2,43.4,104.71,51.11
2,43.41,104.83,51.24
2,43.49,105.08,51.27
2,43.48,105.78,50.62
2,43.49,105.01,51.36
2,43.46,105,51.24
2,46.37,110.39,51.27
2,46.29,109.51,51.27
2,43.45,105.31,50.62
2,43.47,104.99,50.52
2,43.49,105.03,50.5
2,43.43,104.9,50.62
2,43.41,104.71,50.76
2,43.56,105.5,50.62
2,43.59,105.49,50.59
2,46.77,109.91,50.89
2,51.93,112.49,51.46
2,51.64,111.68,51.52
2,51.75,111.65,50.71
2,51.9,111.65,52.96
2,43.6,105.08,50.48
2,43.8,105.28,50.49
2,52.1,111.59,51.38
2,51.4,110.84,50.51
2,52.1,110.83,53.06
2,49.39,109.27,50.51
117,59.16,86.26,48.85
118,58.63,86.47,48.97
114,59.05,86.06,47.95
2,43.15,105.1,50.5
2,43.29,104.67,50.73
2,43.16,104.64,50.79
2,43.27,104.31,50.73
2,43.13,104.66,50.5
2,43.2,104.78,51.03
2,43.22,104.8,51.02
2,43.21,104.77,51.23
2,43.19,104.61,51.1
2,43.28,104.4,51.02
2,43.28,104.24,51.05
2,43.28,104.24,51.31
7,43.25,105.82,44.4
10,43.26,104.47,42.55
7,43.25,104.46,43.16
16,43.39,104.85,41.77
24,43.27,104.54,41.69
14,43.18,105.26,42.14
13,43.26,104.41,42.01
139,42.84,104.06,40.38
90,43.26,103.54,40.58
34,43.25,104.02,41.25
35,43.12,104.49,41.25
83,42.93,104.48,40.77
81,43.09,104.04,40.68
5,43.25,104.46,43.77
10,43.26,104.96,42.7
9,43.12,105.28,42.47
7,43.25,105.01,43.17
8,43.08,105.84,42.59
13,42.98,106.25,42.34
5,43.05,105.82,43.16
6,43.25,105.01,43.78
2,44.05,93.71,63.13
2,43.89,93.31,63.72
2,44.89,93.65,62.52
2,44.42,93.23,63.14
2,44.04,92.87,63.72
2,45.3,93.18,62.52
2,44.82,92.78,63.15
2,44.33,92.38,63.72
2,43.9,91.97,64.1
2,43.87,94.23,63.11
2,43.25,108.45,48.77
2,43.25,108.93,49.39
2,43.05,109.34,49.39
2,43.25,108.93,48.77
3,43.25,108.45,48.15
2,43.25,107.53,48.14
3,43.25,108.45,47.52
2,43.25,107.53,47.52
3,43.25,108.93,48.15
4,43.25,108.93,47.52
6,40.69,121.53,47.83
3,39.88,122.49,47.83
9,41.34,118.82,47.83
6,40.53,119.77,47.83
2,40.53,119.77,49.08
3,41.34,118.82,49.08
2,43.05,109.9,48.15
5,43.25,109.9,47.52
5,43.25,109.34,46.9
7,43.25,109.34,46.27
7,43.25,110.7,46.9
2,43.05,110.7,47.52
8,43.25,110.7,46.27
5,43.25,108.93,46.9
7,43.25,108.93,46.27
3,43.05,109.9,49.39
2,43.05,109.9,48.77
4,43.05,111.58,46.9
5,43.05,111.57,46.27
3,42.8,112.47,46.9
4,42.8,112.47,46.27
4,42.75,110.71,49.4
5,42.78,111.59,49.4
2,42.78,111.59,48.77
5,42.51,112.06,49.4
2,42.51,112.06,48.77
4,42.64,113.82,48.15
3,42.64,113.82,47.52
7,42.57,115.12,47.83
2,42.19,113.42,48.15
2,42.19,113.42,47.52
3,41.87,114.78,50.02
6,42.64,113.82,49.4
6,42.64,113.82,48.77
7,42.57,115.12,49.08
4,42.27,114.3,50.02
3,41.39,114.37,50.02
4,41.79,113.9,50.02
4,41.72,113.02,50.02
4,42.12,112.54,49.4
6,42.19,113.42,49.4
2,42.12,112.54,48.77
4,42.19,113.42,48.77
7,42.01,116.1,47.83
6,42,116.1,49.08
4,41.18,117.05,49.08
8,41.18,117.05,47.83
2,43.26,106.72,50.5
2,43.25,106.97,50.74
2,43.16,106.34,50.79
2,43.24,106.17,50.62
2,43.31,105.56,50.62
2,43.13,106.25,50.47
2,43.22,105.34,50.62
2,43.24,105.11,50.82
2,43.22,104.81,50.79
2,43.21,104.86,50.62
2,43.15,105.37,50.45
2,43.23,105.83,50.62
2,43.25,108.04,50.02
2,43.05,108.45,50.02
2,43.05,107.53,50.02
2,43.25,108.04,50.64
2,43.05,107.53,50.64
2,43.05,108.93,50.02
3,42.86,109.35,50.02
2,42.71,109.82,50.65
3,42.71,109.81,50.02
2,42.39,110.3,50.64
2,42.45,111.18,50.64
4,42.41,110.3,50.02
5,42.46,111.18,50.02
2,42.04,111.66,50.65
5,42.04,111.66,50.02
2,41.64,112.13,50.65
4,41.64,112.13,50.02
3,41.24,112.61,50.02
103,42.57,104.07,40.69
105,42.44,104.52,40.72
107,42.5,105.4,40.69
118,42.43,106.3,40.7
80,42.05,107.67,40.85
114,41.96,106.79,40.85
9,43.25,106.7,45.02
8,43.25,106.69,45.65
3,43.25,106.7,46.9
5,43.25,106.69,46.27
11,43.25,108.04,45.02
6,43.05,108.45,45.02
4,43.05,107.53,45.02
9,43.25,108.04,45.65
5,43.05,108.45,45.65
4,43.05,107.52,45.65
4,43.25,108.04,46.9
2,43.05,108.45,46.9
6,43.25,108.04,46.27
3,43.05,108.45,46.27
3,43.05,107.52,46.27
23,43,105.31,42
28,43.27,105.35,41.76
60,42.75,104.94,41.26
93,42.52,104.52,40.86
13,42.8,106.69,42.51
34,42.82,106.68,41.89
77,42.47,106.29,41.27
35,42.8,105.82,41.92
80,42.39,105.42,41.25
7,42.78,106.71,43.15
4,43.05,106.69,43.77
4,43.05,105.81,43.77
4,43.05,106.7,44.4
29,42.21,108.54,42.52
20,42.52,107.18,42.52
18,42.6,108.06,42.52
42,42.52,107.18,41.89
34,42.6,108.06,41.9
85,42.09,106.78,41.32
67,42.17,107.66,41.31
7,43.05,108.04,43.77
5,42.83,108.46,43.77
4,42.81,107.55,43.77
9,42.52,107.18,43.15
9,42.6,108.06,43.15
5,43.05,108.04,44.4
4,42.83,108.46,44.4
3,42.81,107.56,44.39
13,42.21,108.54,43.15
6,42.65,108.94,43.77
77,41.76,108.14,40.95
86,41.85,109.01,40.9
83,41.15,109.09,41.15
88,41.42,107.72,41.08
94,41.46,109.49,41.03
102,41.53,110.38,41.01
97,40.98,110.87,41.21
83,40.84,109.12,41.26
101,39.86,111,41.48
113,39.92,112.73,41.47
136,39.13,112.78,41.58
126,39.45,113.7,41.53
154,38.97,115.48,41.57
9,40.82,117.97,44.4
9,40.42,118.45,44.4
8,40.9,118.85,45.02
8,41.3,118.38,45.02
8,41.3,118.38,45.65
8,40.9,118.85,45.65
7,41.18,117.05,45.33
6,41.07,115.73,45.65
7,41.07,115.73,45.02
12,40.22,116.25,44.08
61,39.43,117.21,42.8
9,39.94,118.05,44.4
15,39.94,118.05,43.77
9,40.34,117.57,44.4
15,40.34,117.57,43.77
7,41.18,117.05,46.58
10,41.34,118.82,46.58
9,40.53,119.77,46.58
7,40.49,119.33,45.02
7,40.09,119.81,45.02
6,40.09,119.81,45.65
7,40.49,119.33,45.65
69,38.62,118.17,42.82
12,39.57,118.97,44.08
169,38.46,116.41,41.59
180,37.65,117.36,41.59
174,37.81,119.12,41.58
4,38.92,121.69,45.33
13,37.97,120.89,44.08
6,39.73,120.73,45.33
12,38.77,119.93,44.08
6,39.73,120.73,46.58
4,38.92,121.69,46.58
75,37.81,119.12,42.82
3,38.12,122.65,45.33
2,38.12,122.65,46.58
82,37.16,121.84,42.82
78,37.01,120.08,42.82
14,37.16,121.84,44.08
17,36.36,122.8,44.08
76,36.36,122.8,42.82
169,37.16,121.84,41.58
178,37,120.08,41.58
153,36.34,122.79,41.58
24,31.19,125.16,41.32
82,32.64,124.73,41.19
106,34.7,124.67,41.4
129,35.49,123.45,41.56
17,31.26,125.23,43.02
3,30.05,125.37,45.48
18,36.51,124.56,44.08
24,35.71,125.52,44.08
2,37.32,123.6,45.33
2,37.47,125.36,45.33
2,36.67,126.32,45.33
6,32.03,126.06,45.96
3,34.03,126.55,45.96
33,32.88,124.99,43.32
64,35.55,123.76,42.8
20,35.56,123.76,44.08
23,34.75,124.72,44.08
53,34.75,124.71,42.82
62,32.73,124.78,41.83
81,34.76,124.85,42.04
11,43.25,109.9,45.33
7,42.71,109.8,43.77
10,43.05,109.9,44.4
8,42.41,110.29,43.77
5,42.86,109.35,44.4
7,43.05,109.34,45.02
5,43.05,109.34,45.65
9,43.05,110.7,45.02
7,42.75,110.71,44.4
7,43.05,110.7,45.65
6,43.05,108.93,45.02
4,42.65,108.94,44.4
7,42.29,109.42,43.77
5,43.05,108.93,45.65
7,42.78,111.59,45.02
7,42.46,111.18,44.4
5,42.78,111.59,45.65
6,42.51,112.06,45.02
7,42.04,111.66,44.4
5,42.51,112.06,45.65
6,42.12,112.54,45.02
7,41.64,112.13,44.4
4,42.12,112.54,45.65
6,41.72,113.02,45.02
4,41.72,113.02,45.65
8,41.24,112.61,44.4
14,41.16,111.73,43.77
2,42.12,112.54,46.9
3,42.12,112.54,46.27
2,41.72,113.02,46.9
3,41.72,113.02,46.27
4,41.83,114.34,46.58
6,41.31,113.49,45.02
4,41.31,113.49,45.65
15,40.76,112.21,43.77
17,40.43,113.57,43.77
9,40.43,113.57,44.4
15,40.83,113.09,43.77
9,40.83,113.09,44.4
6,40.99,114.85,45.02
6,40.91,113.97,45.02
4,40.91,113.97,45.65
5,40.99,114.85,45.65
5,40.59,115.33,45.65
6,40.59,115.33,45.02
5,41.03,115.29,46.58
88,39.62,114.53,42.51
53,39.63,114.53,43.15
50,40.03,114.05,43.15
82,40.03,114.05,42.52
108,39.57,113.7,42.13
101,40.11,112.74,42.09
78,39.91,112.73,42.83
70,39.26,115.44,42.81
13,40.07,114.49,44.08
85,41.47,107.72,41.5
79,41.45,108.65,41.5
64,41.73,108.14,41.89
54,41.81,109.01,41.9
19,41.81,109.01,43.15
16,41.89,109.9,43.15
20,41.96,110.78,43.15
44,41.81,109.01,42.52
41,41.89,109.9,42.52
37,41.96,110.78,42.52
29,41.56,111.25,43.15
51,41.56,111.25,42.52
87,41.5,109.5,41.47
65,41.42,109.49,41.9
81,41.57,110.37,41.45
65,41.49,110.37,41.9
77,41.1,110.86,41.91
84,40.96,109.1,41.94
10,41.96,110.78,43.77
8,41.89,109.9,43.77
12,41.56,111.25,43.77
58,40.68,111.33,43.15
83,40.68,111.33,42.52
91,40.28,111.81,42.52
64,40.28,111.81,43.15
103,40.05,111.04,42.08
145,42.55,103.65,40.39
161,42.3,104.55,40.37
158,42.38,105.43,40.37
164,42.1,105.9,40.39
137,41.74,107.26,40.41
170,41.66,106.38,40.41
92,41.45,108.61,40.44
127,41.15,107.75,40.47
100,40.5,108.69,40.54
91,40.62,110.01,40.51
127,39.27,110.82,40.58
138,38.96,111.92,40.58
161,38.85,113.68,40.58
187,38.3,114.64,40.58
217,37.49,115.6,40.59
232,36.67,116.55,40.59
226,36.82,118.31,40.59
209,36.14,121.01,40.58
223,35.97,119.25,40.58
193,35.27,121.93,40.58
46,31.22,123.63,40.79
123,32.76,122.87,40.53
159,33.88,122.27,40.57
33,31.26,123.71,42.5
7,30.67,124.61,45.02
123,58.83,86.64,49.5
144,58.83,87.47,49.96
125,58.63,87.38,49.64
162,58.63,88.25,50.15
112,58.63,87.39,48.95
167,60.64,86.46,50.1
166,60.61,86.26,49.96
155,60.57,86.06,49.32
95,62.02,89.92,50.3
94,61.55,90.44,50.3
92,63.3,88.9,49.63
93,63.1,88.95,49.96
152,61.89,88.52,50.3
95,62.77,88.96,50.1
91,62.36,89.45,50.1
145,62.56,87.6,50.1
120,63.1,87.61,49.96
109,63.3,87.53,49.28
191,63.3,86.54,47.96
127,63.1,86.7,49.17
140,62.81,86.76,49.84
204,63.24,86.06,48.2
156,63.03,86.26,49.18
67,61.63,91.36,50.3
31,61.16,91.88,50.3
66,60.36,92.59,50.31
120,59.51,92.79,50.09
90,59.52,93.51,49.25
103,59.68,93.36,49.98
81,59.9,93.33,50.16
18,59.53,96.6,45.34
40,62.61,92.13,50.1
23,62.17,92.62,50.1
43,62.09,91.73,50.1
25,61.66,92.23,50.1
20,59.73,96.44,46.6
22,59.53,95.28,46.61
26,61.29,93.16,50.11
20,62.19,93.48,49.84
20,61.79,93.96,49.84
40,60.49,94.05,49.86
63,59.53,94.25,47.91
66,59.72,94.19,49.14
31,59.73,95.22,47.86
27,60.08,95.08,49.08
20,60.07,97.08,44.09
34,61.61,97.08,44.11
55,62.95,97.08,44.09
22,60.2,96.88,45.34
36,61.59,96.88,45.34
61,62.81,96.88,45.34
51,63.3,96.63,45.35
22,62.57,93,49.84
24,62.86,93.39,49.84
31,62.83,92.54,49.84
21,62.65,93.88,49.4
22,62.26,94.36,49.4
21,60.13,96.48,46.58
21,60.66,95.85,47.83
25,61.42,94.88,49.08
60,62.8,96.51,46.58
30,61.55,96.43,46.58
36,62.34,95.75,47.83
32,62.91,95.18,48.77
27,62.89,94.24,48.75
28,62.71,94.76,48.77
46,63.1,93.85,48.93
33,63.1,93.37,49.48
40,63.1,92.53,49.47
33,63.1,95.22,48.83
32,63.1,94.23,48.8
31,63.1,94.8,48.83
61,63.1,96.49,46.6
46,63.1,95.76,47.86
49,63.3,93.39,48.9
56,63.3,92.54,48.89
63,63.3,95.84,46.62
45,63.3,94.66,47.91
83,62.44,90.35,50.1
79,62.01,90.84,50.1
78,62.72,89.88,49.84
76,62.92,90.3,49.84
85,62.89,89.41,49.84
82,63.1,89.37,49.48
73,63.1,90.28,49.48
78,63.1,89.86,49.48
82,63.3,89.34,48.91
76,63.3,90.26,48.89
79,63.3,89.84,48.9
85,63.3,88.92,48.91
84,63.3,88.42,47.91
86,63.1,88.46,49.16
92,62.87,88.52,49.84
67,62.77,90.76,49.84
53,62.47,91.24,49.84
46,62.81,91.66,49.84
65,63.1,90.83,49.47
52,63.1,91.64,49.47
72,63.3,90.82,48.88
65,63.3,91.64,48.88
200,62.73,86.06,46.64
162,61.7,86.06,47.97
155,62.54,86.26,47.87
119,59.61,86.06,48.2
137,62.44,86.52,49.08
150,61.64,86.26,49.17
128,59.3,86.47,49.4
113,59.3,86.47,48.77
111,59.09,86.71,48.77
124,59.09,86.71,49.4
132,59.74,86.26,49.18
144,61.61,86.94,49.84
146,59.85,87.06,49.84
143,59.12,87.53,49.84
154,60.8,87.77,50.1
154,59.36,87.89,50.1
166,59.85,88.74,50.3
167,58.7,88.84,50.3
155,59.05,88.39,50.1
3,62.17,97.28,41.5
5,60.93,97.27,42.32
3,62.17,97.28,40.56
3,62.75,97.09,40.59
10,60.51,97.22,41.38
2,63.4,96.66,40.54
2,63.31,96.87,40.57
3,63.02,97.08,40.61
3,63.29,96.51,40.45
2,63.04,96.77,40.44
2,62.74,97.05,40.44
16,54.06,97.25,42.81
10,55.52,97.08,42.79
9,54.73,96.94,42.82
11,54.02,96.41,43.15
4,54.02,96.41,42.52
4,57.21,97.08,42.78
5,56.34,96.88,42.81
3,53.94,95.53,43.15
3,54.38,95.49,45.33
3,55.43,96.89,44.08
10,54.51,96.69,44.08
2,54.38,95.49,44.08
6,55.28,91.19,40.87
6,54.08,97.24,41.53
4,55.54,97.08,41.35
2,54.73,96.94,41.52
2,54.91,91.48,41.27
5,55.39,91.86,40.87
2,55.47,92.74,40.87
2,56.04,94.01,40.46
8,55.81,91.3,40.66
6,55.88,92.22,40.66
2,55.95,93.13,40.66
8,55.8,90.96,40.75
4,55.26,90.96,41.19
9,56.28,90.88,40.46
8,56.32,91.63,40.46
5,56.39,92.61,40.46
3,56.46,93.52,40.46
9,56.27,90.76,40.58
6,55.82,90.76,41.08
95,43.25,102.7,40.55
2,44,96.85,43.77
2,43.73,96.86,44.4
2,43.73,95.98,45.02
2,43.73,95.18,45.65
2,43.73,94.62,46.27
2,43.73,94.21,46.9
2,43.53,96.86,43.76
2,43.53,95.98,44.39
2,43.53,95.18,45.02
2,43.53,94.62,45.65
2,43.53,94.21,46.28
22,48.9,91.16,41.74
43,48.89,90.96,41.38
71,48.48,90.96,41.04
109,48.22,90.96,40.76
108,48.01,91.12,40.65
66,50.36,90.96,42.51
43,49.56,91.21,42.52
40,49.53,90.96,41.87
59,49.55,90.96,43.14
67,48.68,90.96,43.77
45,47.85,90.96,44.39
4,47.32,90.96,45.02
125,47.78,91.01,40.64
93,47.81,91.39,40.66
84,47.61,91.64,40.66
57,47.44,92.22,40.66
43,47.34,92.34,40.66
73,47.41,91.88,40.66
8,47.05,92.92,40.65
11,47.16,92.8,40.65
15,47.14,92.58,40.66
27,47.24,92.46,40.66
2,46.83,92.94,40.66
41,48.89,90.76,41.67
58,48.48,90.76,41.32
100,48.22,90.76,40.94
144,48.01,90.76,40.6
53,49.55,90.76,42.49
36,48.89,90.76,42.01
45,48.67,90.76,43.14
60,47.85,90.76,43.77
31,47.32,90.76,44.4
148,47.77,90.76,40.6
140,47.57,91.03,40.46
123,47.37,91.36,40.46
79,47.21,92.12,40.46
103,47.17,91.66,40.46
11,47.04,92.7,40.46
5,46.93,92.82,40.46
41,47.01,92.37,40.46
2,46.29,94.32,44.63
2,46.08,94.44,44.86
2,46.08,94.44,45.18
2,45.88,94.68,45.18
2,45.88,94.68,44.86
2,45.84,94.24,45.8
2,45.64,94.48,45.8
2,45.84,94.24,45.49
2,45.64,94.48,45.49
2,45.64,94.48,46.43
2,45.84,94.24,46.43
2,45.84,94.24,46.11
2,45.64,94.48,46.11
2,45.38,94.06,46.9
2,44.9,93.66,47.52
2,45.13,96.3,43.77
2,44.27,96.38,43.77
2,45.53,95.82,44.4
2,43.97,95.97,44.4
2,44.65,95.9,44.4
2,45.48,95.16,44.86
2,45.48,95.16,45.18
2,45.68,94.92,44.86
2,45.68,94.92,45.18
2,45.06,95.42,45.02
2,44.21,95.5,45.02
2,45.24,94.96,45.8
2,45.24,94.96,45.49
2,45.44,94.72,45.49
2,45.44,94.72,45.8
2,44.58,95.02,45.65
2,43.95,95.14,45.65
2,44.98,94.54,46.27
2,44.13,94.62,46.27
2,44.5,94.14,46.9
2,43.92,94.2,46.9
2,46.48,93.97,44.24
3,46.47,93.86,44.47
2,46.37,93.98,44.47
3,46.47,93.86,44.63
2,46.37,93.98,44.63
2,46.27,94.1,44.47
2,46.27,94.1,44.63
2,46.17,94.22,44.47
2,46.17,94.22,44.63
4,46.24,93.77,44.86
4,46.24,93.77,45.18
2,46.04,94,44.86
3,46.04,94,45.18
5,46,93.56,45.8
3,45.8,93.8,45.8
5,46,93.56,45.49
3,45.8,93.8,45.49
4,45.78,93.58,46.27
3,45.3,93.18,46.9
2,44.82,92.78,47.52
2,47.32,93.46,42.99
7,47.32,93.46,43.3
10,47.17,93.58,43.92
4,46.96,93.68,43.93
7,47.12,93.62,43.92
5,47.17,93.58,43.61
2,46.96,93.68,43.61
3,47.13,93.63,43.61
2,46.84,93.89,43.93
13,46.89,93.49,44.24
18,46.87,93.38,44.47
12,46.77,93.5,44.47
18,46.87,93.38,44.63
12,46.77,93.5,44.63
4,46.68,93.73,44.24
7,46.67,93.62,44.47
4,46.57,93.74,44.47
8,46.67,93.62,44.63
5,46.57,93.74,44.63
16,46.64,93.29,44.86
15,46.64,93.29,45.18
8,46.44,93.53,44.86
9,46.44,93.53,45.18
11,46.4,93.09,45.8
8,46.2,93.32,45.8
13,46.4,93.09,45.49
9,46.2,93.32,45.49
7,46.18,93.1,46.27
4,45.71,92.7,46.9
2,45.23,92.3,47.52
2,46.99,93.48,41.19
2,46.87,93.38,41.04
2,46.75,93.28,40.87
2,47.93,92.73,41.74
11,48.33,92.25,42.05
5,48.33,92.25,41.74
7,48.13,92.49,42.05
3,48.13,92.49,41.74
10,48.09,92.05,41.43
28,47.85,91.85,41.11
62,47.61,91.65,40.87
8,47.89,92.29,41.43
20,48.93,91.53,42.05
80,48.01,91.2,40.87
15,48.53,92.01,42.05
17,48.73,91.77,42.05
11,48.73,91.77,41.74
16,48.49,91.57,41.43
43,48.25,91.37,41.11
8,48.53,92.01,41.74
12,48.29,91.81,41.43
34,48.05,91.61,41.11
70,47.81,91.41,40.87
16,48.69,91.32,41.74
29,48.44,91.18,41.43
58,48.22,91.11,41.11
92,47.78,91.12,40.87
3,47.56,93.29,42.68
23,48.16,92.86,42.36
45,48.16,92.86,42.68
3,47.93,92.73,42.05
6,47.86,92.9,42.36
3,47.78,93.13,42.36
21,47.86,92.9,42.68
11,47.78,93.13,42.68
26,48.33,92.25,42.36
45,48.33,92.25,42.68
20,48.13,92.49,42.36
39,48.13,92.49,42.68
43,48.73,91.77,42.68
44,48.53,92.01,42.68
30,48.73,91.77,42.36
29,48.53,92.01,42.36
48,48.69,91.24,43.15
39,49.15,91.52,42.52
22,48.9,91.16,42.05
13,47.46,93.14,42.99
26,47.46,93.14,43.3
4,47.26,93.33,42.99
10,47.26,93.33,43.3
45,47.93,92.73,42.99
56,47.69,92.53,43.61
57,47.93,92.73,43.3
46,47.49,92.77,43.61
43,47.68,92.93,43.3
28,47.68,92.93,42.99
50,48.09,92.05,42.99
63,48.09,92.05,43.3
45,47.89,92.29,42.99
58,47.89,92.29,43.3
51,48.27,91.57,43.15
38,47.28,93.01,43.93
32,47.28,93.01,43.61
24,47.08,93.25,43.93
17,47.08,93.25,43.61
53,47.45,92.33,43.93
44,47.25,92.57,43.93
65,47.85,91.85,43.61
66,47.85,91.85,43.93
61,47.65,92.09,43.93
60,47.65,92.09,43.61
61,47.78,91.28,43.77
35,47.05,92.81,44.24
32,47.05,92.81,44.55
26,46.84,93.05,44.24
25,46.84,93.05,44.55
46,47.21,92.13,44.24
36,47.21,92.13,44.55
40,47.01,92.37,44.24
34,47.01,92.37,44.55
36,47.33,91.13,44.4
44,47.39,91.67,44.4
25,46.81,92.61,44.86
20,46.81,92.61,45.18
22,46.61,92.85,44.86
19,46.61,92.85,45.18
13,46.97,91.93,45.18
20,46.97,91.93,44.86
22,46.77,92.17,44.86
16,46.77,92.17,45.18
9,46.91,91.32,45.02
15,46.57,92.41,45.49
12,46.57,92.41,45.8
12,46.37,92.65,45.8
15,46.37,92.65,45.49
7,46.51,91.75,45.65
3,46.44,91.16,45.65
7,46.11,92.22,46.27
3,46.03,91.37,46.27
3,45.63,91.82,46.9
3,47.39,93,41.35
2,47.29,93.12,41.35
2,47.19,93.24,41.35
3,47.07,93.14,41.19
2,46.97,93.26,41.19
4,47.17,93.02,41.19
5,47.28,92.9,41.19
7,47.17,93.02,41.04
9,47.28,92.9,41.04
3,46.95,93.04,41.04
2,46.85,93.16,41.04
5,47.69,92.53,41.43
17,47.56,92.32,41.04
11,47.56,92.32,41.19
8,47.46,92.44,41.19
13,47.46,92.44,41.04
21,47.65,92.09,41.11
3,47.49,92.77,41.43
5,47.26,92.68,41.19
7,47.36,92.56,41.19
8,47.26,92.68,41.04
10,47.36,92.56,41.04
6,47.05,92.92,40.87
8,47.15,92.8,40.87
2,46.83,92.94,40.87
32,47.44,92.22,40.87
22,47.34,92.34,40.87
8,47.14,92.58,40.87
14,47.24,92.46,40.87
50,47.41,91.89,40.87
2,43.35,104.42,51.42
2,43.49,104.53,51.1
2,43.25,105.1,51.04
2,43.41,104.8,51.06
2,43.42,104.89,51.16
2,43.5,104.71,51.27
2,43.49,104.58,51.33
2,43.42,104.87,51.42
2,43.57,105.11,51.22
2,43.53,105.04,51.17
2,45.88,105.11,53.9
2,46.77,109.91,51.27
2,43.47,105.32,50.82
2,43.45,104.95,50.82
2,43.55,105.05,50.62
2,43.59,105.06,50.59
2,43.5,104.69,50.49
2,43.43,104.81,50.8
2,43.5,104.57,50.75
2,43.69,105.08,50.6
2,43.88,105.28,50.66
2,51.9,111.63,51.46
2,51.27,110.86,50.71
2,51.9,110.83,52.96
2,43.76,104.84,50.49
2,43.58,104.66,50.48
2,44.04,105.04,50.51
2,52.1,110.81,51.36
3,51.87,109.81,50.51
2,51.24,109.09,50.51
2,52.1,109.72,53.05
114,58.83,86.64,48.85
107,59.21,86.26,47.86
115,58.63,86.48,47.96
116,59.05,86.06,46.67
2,43.25,104.46,48.14
2,43.25,103.56,50
2,43.25,102.63,50.01
2,43.25,103.52,50.61
3,43.25,102.66,50.61
2,43.33,103.57,51.44
2,43.32,102.65,51.44
2,43.26,103.52,51.15
2,43.26,102.63,51.17
2,43.14,104.87,50.43
2,43.07,105.13,50.59
2,43.18,104.77,50.77
2,43.06,104.69,50.83
2,43.12,104.36,50.77
2,43.25,104,50.56
2,43.04,104.7,50.57
2,43.09,104.42,50.45
2,43.08,104.84,51
2,43.11,104.94,51
2,43.12,104.77,51.23
2,43.09,104.66,51.12
2,43.18,104.44,51.05
2,43.26,103.99,51.11
2,43.15,104.26,51.1
2,43.17,104.26,51.38
2,43.27,104.01,51.44
2,43.25,104.46,47.52
5,43.25,104.46,44.4
3,43.25,105.82,46.9
5,43.25,105.81,46.27
5,43.25,105.01,44.4
7,43.25,105.82,45.02
7,43.25,105.81,45.65
3,43.05,105.82,44.4
10,43.25,103.56,42.53
7,43.25,103.57,43.15
10,43.25,104.02,42.54
10,43.09,104.5,42.52
7,43.25,104.05,43.15
5,43.05,104.46,43.15
24,43.15,104.62,41.7
16,43.11,104.47,41.99
15,43.25,104.01,41.9
16,43.25,103.55,41.89
36,43.25,103.53,41.22
128,43.05,103.58,40.37
103,43.26,103.15,40.47
75,43.09,103.54,40.69
45,42.94,104.52,41.27
33,43.07,104.04,41.28
83,42.74,104.06,40.81
5,43.25,104.06,43.77
3,43.05,104.46,43.77
8,43.1,104.98,42.66
14,42.98,105.3,42.36
5,43.05,105.02,43.16
14,42.79,105.82,42.5
7,42.76,105.83,43.15
3,43.05,105.01,43.77
2,43.25,106.7,47.52
2,43.25,105.82,47.52
2,43.05,108.93,49.39
2,42.86,109.35,49.4
2,43.25,108.04,48.15
3,43.25,108.04,47.52
4,39.73,120.73,47.83
2,38.92,121.69,47.83
7,40.38,118.01,47.83
5,39.57,118.97,47.83
3,40.38,118.01,49.08
6,43.25,109.9,46.58
2,43.05,109.9,47.52
2,43.05,109.34,46.9
4,43.05,109.34,46.27
3,43.05,110.7,46.9
4,43.05,110.7,46.27
2,43.05,108.93,46.9
3,43.05,108.93,46.27
2,42.71,109.81,49.4
2,42.78,111.59,46.9
3,42.78,111.59,46.27
2,42.51,112.06,46.9
3,42.51,112.06,46.27
2,42.41,110.3,49.4
3,42.46,111.18,49.4
3,42.04,111.66,49.4
3,41.64,112.13,49.4
3,41.83,114.34,47.83
2,40.91,113.97,50.02
3,41.31,113.49,50.02
4,41.72,113.02,49.4
2,41.72,113.02,48.77
6,41.83,114.34,49.08
3,41.24,112.61,49.4
2,41.24,112.61,48.77
5,41.03,115.29,47.83
5,41.03,115.29,49.08
3,40.22,116.25,49.08
5,40.22,116.25,47.83
2,43.05,106.73,50
2,43.09,106.67,50.52
2,43.07,106.92,50.74
2,43,106.23,50.54
2,43.03,106.23,50.81
2,43.15,105.87,50.44
2,43.28,105.56,50.82
2,43.04,105.36,50.81
2,43.08,105,50.81
2,43,105.36,50.51
2,42.83,108.46,50.02
2,43.05,108.04,50.02
2,42.81,107.56,50.02
2,43.05,108.04,50.64
2,42.81,107.56,50.65
2,42.65,108.94,50.65
3,42.65,108.94,50.02
2,42.29,109.42,50.65
4,42.29,109.42,50.02
2,41.89,109.9,50.65
2,41.96,110.78,50.65
4,41.89,109.9,50.02
4,41.96,110.78,50.02
2,41.56,111.25,50.65
4,41.56,111.25,50.02
2,41.16,111.73,50.02
2,40.83,113.09,50.02
105,42.39,103.65,40.75
121,42.18,104.55,40.78
119,42.27,105.43,40.75
128,41.99,105.9,40.84
102,41.67,107.26,40.97
135,41.6,106.38,40.97
3,43.05,106.7,45.02
3,43.05,106.69,45.65
2,43.05,106.69,46.27
5,43.05,108.04,45.02
3,42.83,108.46,45.02
2,42.81,107.56,45.02
4,43.05,108.04,45.65
2,42.83,108.46,45.65
2,42.81,107.55,45.65
2,43.05,108.04,46.9
3,43.05,108.04,46.27
35,42.75,104.94,41.89
82,42.31,104.54,41.27
22,42.46,106.3,42.52
49,42.46,106.3,41.9
95,42.01,105.9,41.32
53,42.38,105.42,41.9
100,41.94,105.02,41.34
10,42.47,106.29,43.15
4,42.78,106.71,43.77
3,42.76,105.83,43.77
2,42.78,106.71,44.4
49,41.73,108.13,42.52
37,42.06,106.77,42.52
32,42.13,107.66,42.52
65,42.06,106.77,41.9
54,42.13,107.66,41.9
108,41.66,106.37,41.41
87,41.73,107.25,41.41
15,42.06,106.77,43.15
4,42.52,107.18,43.77
14,42.13,107.66,43.15
5,42.6,108.06,43.77
2,42.52,107.18,44.4
3,42.6,108.06,44.4
20,41.73,108.13,43.15
6,42.21,108.54,43.77
79,41.38,108.61,41.08
104,41.11,107.75,41.2
93,40.48,108.69,41.41
90,40.57,110.01,41.32
133,39.26,110.82,41.58
144,38.96,111.93,41.57
158,38.85,113.68,41.56
176,38.3,114.65,41.57
14,39.27,115.45,44.08
73,38.46,116.41,42.82
6,40.22,116.25,45.33
13,39.42,117.21,44.08
7,40.38,118.01,45.33
6,40.22,116.25,46.58
8,40.38,118.01,46.58
6,39.57,118.97,46.58
73,37.66,117.36,42.82
13,38.62,118.17,44.08
6,39.57,118.97,45.33
183,37.5,115.6,41.58
170,36.69,116.56,41.58
180,36.84,118.32,41.58
3,37.97,120.89,45.33
13,37.01,120.08,44.08
4,38.77,119.93,45.33
13,37.81,119.12,44.08
4,38.77,119.93,46.58
2,37.97,120.89,46.58
70,36.86,118.32,42.82
3,37.16,121.84,45.33
2,36.36,122.8,45.33
71,36.21,121.04,42.82
64,36.05,119.28,42.82
15,36.21,121.04,44.08
18,35.4,122,44.08
56,35.4,122,42.82
158,36.18,121.03,41.58
164,36.02,119.27,41.58
128,35.35,121.97,41.58
60,31.85,124.16,41.38
86,33.2,123.14,41.39
94,34.17,122.44,41.54
35,31.96,124.27,43.08
7,31.3,125.28,45.61
3,32.94,124.98,45.96
60,33.23,123.45,42.02
33,33.85,123.03,43.42
4,42.86,109.35,45.02
5,42.71,109.81,44.4
3,42.86,109.35,45.65
7,43.05,109.9,45.33
6,42.75,110.71,45.02
5,42.41,110.3,44.4
4,42.75,110.71,45.65
3,42.65,108.94,45.02
3,42.21,108.54,44.4
8,41.81,109.01,43.77
4,42.29,109.42,44.4
2,42.65,108.94,45.65
4,41.89,109.9,44.4
5,42.46,111.18,45.02
5,41.96,110.78,44.4
4,42.46,111.18,45.65
5,42.04,111.66,45.02
7,41.56,111.25,44.4
4,42.04,111.66,45.65
5,41.64,112.13,45.02
7,41.16,111.73,44.4
4,41.64,112.13,45.65
5,41.24,112.61,45.02
4,41.24,112.61,45.65
8,40.76,112.21,44.4
17,40.68,111.33,43.77
8,40.68,111.33,44.4
18,40.28,111.81,43.77
9,40.28,111.81,44.4
2,41.64,112.13,46.9
2,41.64,112.13,46.27
2,41.24,112.61,46.9
3,41.24,112.61,46.27
3,40.87,113.53,46.58
5,40.43,113.57,45.02
4,40.43,113.57,45.65
5,40.83,113.09,45.02
4,40.83,113.09,45.65
14,39.92,112.73,44.08
5,40.07,114.49,45.33
4,40.07,114.49,46.58
96,38.96,111.93,42.81
83,39.11,113.69,42.81
81,38.31,114.64,42.81
15,39.11,113.69,44.08
70,41.33,108.61,42.52
95,41.26,107.74,41.9
73,41.35,108.61,41.9
29,41.33,108.61,43.15
26,41.41,109.49,43.15
33,41.48,110.37,43.15
67,41.41,109.49,42.52
57,41.48,110.37,42.52
47,41.08,110.85,43.15
70,41.08,110.85,42.52
41,40.93,109.09,43.15
95,40.93,109.09,42.52
112,40.54,108.71,42.05
87,40.72,110.02,41.97
10,41.33,108.61,43.77
12,41.48,110.37,43.77
10,41.41,109.49,43.77
14,41.08,110.85,43.77
6,41.48,110.37,44.4
7,41.08,110.85,44.4
12,40.93,109.09,43.77
91,39.76,110.97,42.82
123,43.02,102.7,40.38
134,42.79,103.17,40.4
163,42.23,103.67,40.38
176,41.91,104.13,40.4
170,42.02,105.02,40.39
183,41.59,105.49,40.42
164,41.37,106.85,40.44
186,41.3,105.97,40.45
109,40.9,108.22,40.5
163,40.79,107.33,40.51
133,40.17,108.31,40.57
92,40.09,109.32,40.56
147,38.81,110.17,40.58
175,37.99,111.12,40.59
175,38.14,112.88,40.59
214,37.33,113.84,40.59
236,36.5,114.79,40.59
233,35.64,115.73,40.58
230,35.82,117.49,40.58
202,35.1,120.16,40.58
214,34.92,118.41,40.58
169,34.07,121.02,40.58
53,31.27,122.25,40.78
107,31.81,120.84,40.55
35,31.32,122.15,42.53
8,31.27,123.71,45.08
122,58.83,87.48,49.49
150,58.83,88.31,49.96
108,58.83,87.49,48.84
122,59.32,92.7,50.12
102,59.85,92.13,50.32
163,58.76,90.8,50.3
133,58.63,88.28,49.64
163,58.63,88.86,50.15
106,58.63,87.4,48.27
110,58.63,88.29,48.93
105,58.63,87.42,47.6
150,60.66,86.57,49.84
138,60.61,86.26,49.18
131,60.48,86.06,47.95
211,62.73,86.06,45.33
197,63.3,86.53,46.63
57,60.61,91.48,50.31
81,61.07,90.96,50.3
136,60.96,89.57,50.3
85,61.93,89.94,50.1
84,61.5,90.44,50.1
85,63.1,88.95,49.48
86,62.66,89,49.84
135,61.81,88.59,50.1
80,62.28,89.48,49.84
128,62.47,87.68,49.84
112,63.3,87.54,47.92
100,63.1,87.62,49.16
145,63.1,86.7,47.88
181,63.05,86.26,48.1
117,62.81,86.76,49.08
59,61.58,91.33,50.1
31,61.16,91.83,50.11
61,60.43,92.49,50.15
114,59.64,92.66,49.97
118,59.51,92.81,49.23
87,59.52,93.47,47.92
101,59.69,93.38,49.14
86,59.98,93.23,49.89
17,59.53,96.58,44.06
20,59.53,95.26,45.36
19,59.73,96.44,45.34
32,62.52,92.12,49.84
23,62.11,92.6,49.84
35,62.03,91.72,49.84
27,61.63,92.2,49.84
27,59.72,95.17,46.59
44,59.53,94.26,46.84
24,62.19,93.48,49.4
26,61.79,93.96,49.4
33,61.25,93.12,49.85
37,60.08,95.08,47.83
59,60.5,94.07,49.08
72,59.73,94.16,47.86
37,62.98,97.08,42.84
30,61.63,97.09,42.93
17,60.01,97.09,42.86
28,63.3,96.73,42.95
20,60.19,96.88,44.09
30,61.58,96.88,44.09
53,62.8,96.88,44.08
43,63.3,96.61,44.09
20,60.14,96.48,45.33
49,62.8,96.51,45.33
28,61.55,96.43,45.33
48,63.1,96.48,45.34
49,63.3,95.8,45.36
24,62.57,93,49.4
25,62.86,93.38,49.39
30,62.83,92.54,49.4
24,62.64,93.87,48.78
24,62.26,94.36,48.77
32,62.19,93.48,48.77
34,61.79,93.96,48.77
23,60.66,95.85,46.58
34,61.42,94.88,47.83
41,62.34,95.75,46.58
31,62.75,94.66,47.83
37,63.1,93.36,48.82
42,63.1,92.53,48.81
54,63.1,95.75,46.6
36,63.1,94.61,47.87
62,63.3,94.67,46.61
59,63.3,92.96,47.88
70,62.36,90.36,49.84
62,61.96,90.84,49.84
67,62.72,89.88,49.4
65,62.92,90.3,49.4
76,62.89,89.41,49.4
75,63.1,89.37,48.82
66,63.1,90.28,48.82
71,63.1,89.87,48.82
78,63.1,88.96,48.82
77,63.3,89.58,47.91
91,63.3,88.43,46.61
75,63.1,88.47,47.86
80,62.87,88.52,49.08
53,62.77,90.75,49.4
39,62.47,91.24,49.4
39,62.81,91.65,49.4
60,63.1,90.83,48.81
51,63.1,91.64,48.81
68,63.3,91.24,47.88
158,61.7,86.06,46.64
163,62.58,86.26,46.61
117,59.61,86.06,46.42
126,62.47,86.52,47.82
127,61.64,86.26,47.89
102,59.19,86.63,47.81
110,59.72,86.26,48.1
115,61.61,86.94,49.08
106,59.12,87.53,48.77
117,59.85,87.06,49.08
122,59.12,87.53,49.39
138,60.81,87.83,49.84
142,59.45,87.95,49.84
164,59.1,89.79,50.3
151,59.95,88.78,50.1
143,59.16,88.43,49.84
156,58.89,88.87,50.1
23,61.54,97.19,42.32
9,62.17,97.15,41.43
10,60.98,97.31,42.19
3,62.46,97.1,40.62
4,62.59,96.92,40.72
12,59.98,97.09,41.42
8,60.64,97.22,41.38
8,60.15,97.1,40.57
10,63.44,96.66,41.46
21,63.42,96.23,42.33
4,63.36,96.53,40.66
9,63.31,96.88,41.45
12,63.01,97.08,41.46
13,62.45,97.09,41.53
5,63.15,96.71,40.72
6,62.85,96.9,40.77
4,63.26,96.4,40.59
4,62.9,96.65,40.61
3,62.58,96.89,40.6
24,63.82,95.81,40.45
7,63.41,96.17,40.45
7,59.83,96.75,40.45
8,55.43,96.9,42.82
3,54.52,96.69,42.83
3,57.16,96.88,42.81
2,56.28,96.58,42.83
5,55.28,91.19,41.27
7,55.79,91.4,40.87
2,55.45,96.9,41.46
4,55.39,91.86,41.27
5,55.87,92.26,40.87
2,55.95,93.14,40.87
2,58.12,93.57,40.45
3,58.66,92.95,40.59
2,55.28,91.19,41.9
2,55.39,91.86,41.9
2,55.25,90.96,41.86
10,56.23,91.05,40.65
8,56.29,91.72,40.66
5,56.36,92.64,40.66
2,56.44,93.53,40.66
10,56.22,90.96,40.76
6,55.79,90.96,41.2
10,56.77,91.12,40.46
7,56.8,92.12,40.46
4,56.89,93.03,40.46
11,56.79,90.76,40.58
7,56.24,90.76,41.09
2,55.8,90.76,41.82
129,43,101.84,40.36
76,43.07,102.7,40.68
5,43.25,103.57,43.77
16,43.25,102.63,41.87
37,43.25,102.66,41.18
107,43.25,101.83,40.51
2,44,96.85,43.15
2,43.73,96.86,43.77
2,43.73,95.98,44.39
2,43.73,95.18,45.02
2,43.73,94.62,45.65
2,43.73,94.21,46.27
2,43.73,93.72,46.9
2,43.53,96.86,43.13
2,43.53,95.98,43.77
3,43.53,95.18,44.39
3,43.53,94.62,45.02
2,43.53,94.21,45.65
2,43.53,93.72,46.27
30,48.89,90.96,41.71
43,48.48,90.96,41.38
74,48.22,90.96,41.05
112,48.02,90.96,40.76
45,49.55,90.96,42.51
27,48.89,90.96,42.03
44,48.67,90.96,43.14
60,47.85,90.96,43.77
33,47.32,90.96,44.4
4,46.92,90.96,45.02
2,46.43,90.96,45.65
118,47.77,90.96,40.76
113,47.57,91.15,40.65
86,47.57,91.23,40.87
94,47.37,91.41,40.66
54,47.21,92.13,40.66
78,47.17,91.68,40.66
4,46.93,92.82,40.66
7,47.04,92.7,40.66
25,47.01,92.37,40.66
43,48.48,90.76,41.67
33,48.44,90.76,42.02
58,48.22,90.76,41.33
106,48.01,90.76,40.95
36,48.65,90.76,42.5
41,47.85,90.76,43.14
59,47.32,90.76,43.77
26,46.91,90.76,44.4
2,46.42,90.76,45.02
113,47.77,90.76,40.95
152,47.57,90.76,40.6
152,47.33,90.85,40.46
141,47.13,91.08,40.46
83,46.97,91.92,40.46
112,46.93,91.44,40.46
49,46.77,92.16,40.46
10,46.81,92.61,40.46
2,46.08,94.44,44.55
2,45.84,94.24,44.86
2,45.84,94.24,45.18
2,45.64,94.48,45.18
2,45.64,94.48,44.86
2,45.6,94.04,45.8
2,45.4,94.28,45.8
2,45.6,94.04,45.49
2,45.4,94.28,45.49
2,45.38,94.06,46.27
2,44.9,93.66,46.9
2,44.42,93.26,47.52
2,44.27,96.38,43.15
2,44.65,95.9,43.77
2,43.97,95.97,43.77
2,45.48,95.16,44.24
2,45.48,95.16,44.55
2,45.68,94.92,44.24
2,45.68,94.92,44.55
2,45.06,95.42,44.4
2,44.21,95.5,44.4
2,45.24,94.96,45.18
2,45.24,94.96,44.86
2,45.44,94.72,44.86
2,45.44,94.72,45.18
2,43.95,95.14,45.02
2,44.58,95.02,45.02
2,44.98,94.54,45.65
2,44.13,94.62,45.65
2,44.5,94.14,46.27
2,43.92,94.2,46.27
2,44.08,93.74,46.9
2,46.48,93.97,43.93
3,46.24,93.77,44.24
3,46.24,93.77,44.55
2,46.04,94,44.24
2,46.04,94,44.55
5,46,93.56,44.86
5,46,93.56,45.18
3,45.8,93.8,44.86
3,45.8,93.8,45.18
5,45.76,93.36,45.8
3,45.56,93.6,45.8
6,45.76,93.36,45.49
4,45.56,93.6,45.49
4,45.3,93.18,46.27
3,44.82,92.78,46.9
2,47.17,93.58,43.3
9,46.88,93.49,43.93
5,46.88,93.49,43.61
3,46.68,93.73,43.93
2,46.68,93.73,43.61
14,46.64,93.29,44.24
16,46.64,93.29,44.55
6,46.44,93.53,44.24
7,46.44,93.53,44.55
16,46.4,93.09,44.86
15,46.4,93.09,45.18
10,46.2,93.32,44.86
9,46.2,93.32,45.18
11,46.16,92.88,45.8
8,45.96,93.12,45.8
13,46.16,92.88,45.49
9,45.96,93.12,45.49
6,45.71,92.7,46.27
3,45.23,92.3,46.9
2,44.75,91.9,47.52
2,47.69,92.53,41.74
7,48.09,92.05,42.05
4,48.09,92.05,41.74
5,47.89,92.29,42.05
3,47.89,92.29,41.74
10,47.85,91.85,41.43
37,47.61,91.65,41.11
74,47.37,91.45,40.87
7,47.65,92.09,41.43
17,48.69,91.32,42.05
56,48.01,91.2,41.11
10,48.29,91.81,42.05
13,48.49,91.57,42.05
10,48.49,91.57,41.74
22,48.25,91.37,41.43
7,48.29,91.81,41.74
14,48.05,91.61,41.43
47,47.81,91.41,41.11
19,48.44,91.18,41.74
34,48.22,91.11,41.43
67,47.78,91.12,41.11
4,47.46,93.14,42.68
11,47.93,92.73,42.36
28,47.93,92.73,42.68
2,47.69,92.53,42.05
4,47.68,92.93,42.36
13,47.68,92.93,42.68
18,48.09,92.05,42.36
33,48.09,92.05,42.68
13,47.89,92.29,42.36
28,47.89,92.29,42.68
29,48.67,91.24,42.52
25,48.27,91.58,42.52
11,47.28,93.01,42.99
22,47.28,93.01,43.3
4,47.08,93.25,42.99
9,47.08,93.25,43.3
35,47.69,92.53,42.99
51,47.45,92.33,43.61
49,47.69,92.53,43.3
41,47.25,92.57,43.61
37,47.49,92.77,43.3
23,47.49,92.77,42.99
54,47.85,91.85,43.3
41,47.85,91.85,42.99
37,47.65,92.09,42.99
50,47.65,92.09,43.3
39,47.78,91.28,43.15
35,47.05,92.81,43.93
29,47.05,92.81,43.61
23,46.84,93.05,43.93
17,46.84,93.05,43.61
50,47.21,92.13,43.93
42,47.01,92.37,43.93
57,47.33,91.13,43.77
57,47.39,91.67,43.77
33,46.81,92.61,44.24
30,46.81,92.61,44.55
25,46.61,92.85,44.24
24,46.61,92.85,44.55
33,46.97,91.93,44.55
42,46.97,91.93,44.24
38,46.77,92.17,44.24
31,46.77,92.17,44.55
32,46.91,91.32,44.4
23,46.57,92.41,44.86
18,46.57,92.41,45.18
21,46.37,92.65,44.86
18,46.37,92.65,45.18
14,46.51,91.75,45.02
7,46.44,91.16,45.02
11,46.11,92.22,45.65
5,46.03,91.37,45.65
2,45.51,91.18,46.27
5,45.63,91.82,46.27
2,45.15,91.46,46.9
3,47.28,92.9,41.35
2,47.17,93.02,41.35
2,46.95,93.04,41.19
3,47.05,92.92,41.19
4,47.16,92.8,41.19
4,47.05,92.92,41.04
6,47.16,92.8,41.04
2,46.83,92.94,41.04
4,47.45,92.33,41.43
17,47.44,92.22,41.04
10,47.44,92.22,41.19
7,47.34,92.34,41.19
12,47.34,92.34,41.04
26,47.41,91.89,41.11
3,47.25,92.57,41.43
4,47.14,92.58,41.19
5,47.24,92.46,41.19
5,47.14,92.58,41.04
8,47.24,92.46,41.04
3,46.94,92.82,40.87
5,47.04,92.7,40.87
32,47.21,92.13,40.87
13,47.01,92.37,40.87
60,47.17,91.69,40.87
2,43.43,103.94,51.43
2,43.42,103,51.44
2,43.51,104,51.1
2,43.59,104.58,51.1
2,43.43,104.93,51.04
2,43.57,104.76,51.24
2,44.33,103.9,53.9
2,43.62,105.08,51.03
3,44.89,104.3,53.9
2,45.39,104.71,53.9
2,45.9,105.11,53.7
3,46.29,104.63,53.9
2,46.78,105.03,53.9
2,43.51,103.04,51.16
2,43.52,104.04,50.66
2,43.65,105.08,50.84
2,43.76,105.07,50.74
2,43.61,104.72,50.61
2,43.61,104.63,50.8
2,43.51,104.34,50.63
2,43.85,104.84,50.65
2,43.68,104.66,50.61
2,51.9,110.83,51.46
2,51.59,109.81,51.52
2,51.69,109.82,50.71
2,51.12,109.1,50.71
2,51.9,109.73,52.95
2,43.65,103.97,50.51
2,43.94,104.36,50.5
2,44.5,104.78,50.51
2,51.81,108.17,50.51
2,52.1,109.73,51.36
2,52.1,108.13,53.04
2,45.9,105.11,50.51
2,51.14,107.33,50.51
108,58.83,86.65,47.88
107,59.21,86.26,46.63
114,58.63,86.5,46.64
119,58.99,86.06,45.66
2,43.25,103.57,48.14
2,43.25,103.56,49.39
2,43.25,102.64,49.39
2,43.25,103.57,48.77
3,43.25,102.64,48.77
2,43.25,104.06,48.14
2,43.25,105.01,48.14
2,43.25,105.01,47.52
2,43.25,104.05,48.77
7,43.25,99.59,50.02
7,43.25,99.59,50.64
5,43.25,100.94,50.02
3,43.25,101.81,50.01
5,43.25,100.93,50.64
4,43.25,101.79,50.62
4,43.25,100.93,51.27
3,43.25,101.75,51.23
2,43.25,103.16,50
2,43.05,103.56,50.01
2,43.05,102.64,50.02
2,43.06,103.53,50.64
2,43.25,103.15,50.5
3,43.07,102.67,50.64
2,43.27,103.59,51.56
2,43.1,103.52,51.24
2,43.11,102.67,51.25
2,42.96,105.36,50.18
2,42.88,104.48,50.04
2,42.97,104.92,50.51
2,42.97,104.89,50.8
2,42.94,104.47,50.81
2,42.91,104.49,50.49
2,43.06,104.02,50.61
2,42.98,104.91,51.12
2,42.95,104.48,51.11
2,43.04,104.27,51.13
2,43.11,103.99,51.17
2,43.18,104.02,51.55
5,43.25,104.46,46.27
4,43.25,104.46,46.9
3,43.25,103.57,47.52
2,43.25,104.06,47.52
4,43.25,103.57,44.4
5,43.25,104.46,45.02
4,43.25,104.06,44.4
2,43.05,104.46,44.4
5,43.25,104.46,45.65
3,43.25,105.01,46.9
2,43.05,105.81,46.27
5,43.25,105.01,46.27
5,43.25,105.01,45.02
2,43.05,105.01,44.4
6,43.25,105.01,45.65
2,43.05,105.82,45.02
3,43.05,105.81,45.65
10,43.25,103.16,42.52
12,43.05,103.57,42.52
7,43.25,103.16,43.15
6,43.05,103.57,43.15
14,42.91,104.52,42.48
11,43.05,104.04,42.53
6,43.05,104.05,43.15
7,42.87,104.48,43.14
26,42.94,104.55,41.89
19,43.05,104.03,41.9
16,43.25,103.15,41.89
18,43.05,103.56,41.89
34,43.07,103.53,41.25
32,43.25,103.15,41.33
79,42.88,103.56,40.78
82,43.08,103.15,40.6
81,42.84,102.71,40.79
60,42.67,104.06,41.26
94,42.45,103.64,40.89
3,43.05,104.06,43.77
3,42.87,104.48,43.77
17,42.75,104.94,42.51
8,42.72,104.92,43.14
27,42.4,105.41,42.53
11,42.42,105.41,43.15
4,42.72,104.92,43.77
2,42.65,108.94,49.4
3,38.77,119.93,47.83
5,39.42,117.21,47.83
3,38.62,118.17,47.83
2,39.42,117.21,49.08
2,42.86,109.35,46.27
3,43.05,109.9,46.58
2,42.75,110.71,46.9
3,42.75,110.71,46.27
2,42.29,109.42,49.4
2,42.46,111.18,46.27
2,42.04,111.66,46.27
2,41.89,109.9,49.4
2,41.96,110.78,49.4
2,41.56,111.25,49.4
2,41.16,111.73,49.4
2,40.87,113.53,47.83
2,40.76,112.21,49.4
3,40.87,113.53,49.08
3,40.07,114.49,47.83
2,40.07,114.49,49.08
2,39.27,115.45,49.08
4,39.27,115.45,47.83
2,42.79,106.7,50.03
2,42.79,105.82,50.04
2,42.82,106.68,50.65
2,42.81,105.82,50.63
2,42.8,105.16,50.49
2,42.8,105.16,50.8
3,42.52,107.18,50.02
3,42.6,108.06,50.02
2,42.52,107.18,50.65
2,42.6,108.06,50.65
2,42.21,108.54,50.65
3,42.21,108.54,50.02
2,41.81,109.01,50.65
3,41.81,109.01,50.02
2,41.41,109.49,50.65
2,41.48,110.37,50.65
3,41.41,109.49,50.02
3,41.48,110.37,50.02
2,41.08,110.85,50.02
115,42.7,100.97,40.65
107,42.73,101.85,40.64
103,42.51,103.19,40.72
124,42.12,103.67,40.81
138,41.82,104.13,40.92
133,41.91,105.01,40.87
146,41.53,105.49,41
132,41.34,106.85,41.09
151,41.27,105.97,41.1
2,42.6,108.06,45.02
57,42.3,104.54,41.9
105,41.88,104.14,41.36
44,41.98,105.89,42.52
73,41.98,105.89,41.9
115,41.59,105.5,41.44
120,41.53,104.65,41.46
78,41.9,105.01,41.9
18,41.98,105.89,43.15
4,42.47,106.29,43.77
4,42.42,105.41,43.77
76,41.25,107.73,42.52
63,41.58,106.37,42.52
55,41.65,107.25,42.52
127,41.33,105.96,41.52
94,41.58,106.37,41.89
116,41.4,106.84,41.5
82,41.65,107.25,41.89
25,41.58,106.37,43.15
5,42.06,106.77,43.77
22,41.65,107.25,43.15
6,42.13,107.66,43.77
2,42.06,106.77,44.4
2,42.13,107.66,44.4
31,41.25,107.73,43.15
8,41.73,108.13,43.77
3,41.73,108.13,44.4
95,40.86,108.22,41.29
147,40.78,107.33,41.31
142,40.16,108.31,41.54
88,40.07,109.32,41.5
169,38.81,110.17,41.58
190,38,111.12,41.58
178,38.15,112.88,41.58
182,37.34,113.84,41.58
15,38.31,114.64,44.08
73,37.51,115.6,42.82
5,39.27,115.45,45.33
14,38.46,116.41,44.08
6,39.42,117.21,45.33
4,39.27,115.45,46.58
6,39.42,117.21,46.58
5,38.62,118.17,46.58
62,36.7,116.56,42.82
14,37.66,117.36,44.08
5,38.62,118.17,45.33
166,36.53,114.8,41.58
127,35.7,115.75,41.58
151,35.87,117.51,41.58
3,37.01,120.08,45.33
13,36.05,119.28,44.08
4,37.81,119.12,45.33
13,36.86,118.32,44.08
3,37.81,119.12,46.58
2,37.01,120.08,46.58
52,35.9,117.52,42.82
2,36.21,121.04,45.33
2,35.4,122,45.33
52,35.25,120.24,42.82
42,35.09,118.47,42.82
16,35.25,120.24,44.08
17,34.45,121.19,44.08
40,34.45,121.19,42.82
123,35.19,120.21,41.58
124,35.03,118.45,41.58
92,34.3,121.13,41.57
59,32.05,122.72,41.51
72,32.54,121.19,41.45
33,32.2,122.63,43.17
8,32.03,124.31,45.63
26,33.09,121.41,43.3
2,33.86,123.03,45.97
2,42.21,108.54,45.02
4,41.81,109.01,44.4
5,41.41,109.49,44.4
3,42.3,109.87,45.33
4,41.33,108.61,44.4
5,40.93,109.09,44.4
3,41.52,110.81,45.33
4,40.72,111.77,45.33
14,39.76,110.97,44.08
2,40.72,111.77,46.58
2,39.92,112.73,46.58
15,38.96,111.93,44.08
4,39.92,112.73,45.33
4,39.11,113.69,45.33
3,39.11,113.69,46.58
94,38,111.12,42.82
89,38.15,112.88,42.82
73,37.35,113.84,42.82
16,38.15,112.88,44.08
98,40.85,108.21,42.52
129,40.81,107.33,41.99
106,40.9,108.22,41.97
139,40.22,108.29,42.15
45,40.85,108.21,43.15
59,40.45,108.69,43.15
115,40.45,108.69,42.52
112,40.17,109.27,42.1
77,40.56,110.01,42.83
13,40.85,108.21,43.77
15,40.45,108.69,43.77
12,40.57,110.01,44.08
104,38.81,110.17,42.82
142,42.83,101.4,40.36
138,42.74,102.32,40.39
149,42.51,102.76,40.4
181,41.86,103.25,40.41
191,41.55,103.72,40.43
190,41.5,104.61,40.43
197,41.24,105.09,40.46
174,41.06,106.87,40.48
197,40.99,105.99,40.48
150,40.42,107.82,40.55
201,40.31,106.93,40.55
152,39.87,108.33,40.59
135,39.47,109.18,40.58
232,37.83,109.36,40.59
250,36.99,110.32,40.58
212,37.15,112.08,40.58
238,36.31,113.03,40.58
238,35.45,113.98,40.58
216,34.55,114.91,40.58
156,33.35,117.45,40.57
214,34.74,116.66,40.58
134,32.77,119.15,40.57
40,31.34,120.78,42.14
6,31.33,122.11,45.05
116,59.46,92.55,49.98
92,59.96,92.03,50.15
153,58.94,90.72,50.11
126,58.83,88.33,49.49
151,58.83,88.88,49.96
101,58.83,87.49,48.19
106,58.83,88.33,48.83
96,58.83,87.5,47.55
123,59.32,92.7,49.24
131,58.79,92.56,50.31
126,58.88,92.69,50.13
137,59.19,91.69,50.31
161,58.63,90.82,50.14
162,58.63,89.75,50.15
101,58.63,88.3,48.25
125,58.63,88.87,49.28
98,58.63,88.31,47.59
105,58.63,87.43,46.94
124,60.66,86.57,49.08
110,60.53,86.26,47.86
128,60.49,86.06,46.67
123,59.63,86.06,45.66
122,59.63,86.06,45
231,62.73,86.06,44.01
213,63.3,86.53,45.32
165,61.71,86.06,45.33
168,62.58,86.26,45.33
124,63.3,87.54,46.62
154,63.1,86.69,46.6
52,60.65,91.42,50.12
129,60.02,90.62,50.3
73,61.08,90.93,50.1
122,60.96,89.59,50.1
73,61.88,89.96,49.84
71,61.48,90.44,49.84
68,62.28,89.48,49.4
76,62.66,89,49.4
120,61.76,88.64,49.84
96,63.1,87.63,47.86
95,62.47,87.68,49.08
112,62.81,86.78,47.85
47,61.55,91.32,49.85
30,61.15,91.8,49.85
62,60.41,92.45,49.88
115,59.65,92.67,49.14
111,59.51,92.8,47.92
65,59.52,93.55,46.6
96,59.7,93.36,47.86
92,59.99,93.25,49.09
17,59.53,96.57,42.76
18,59.53,95.29,44.07
18,59.73,96.43,44.07
26,59.53,94.26,45.13
21,59.72,95.16,45.35
30,62.52,92.12,49.4
28,62.11,92.6,49.4
31,62.03,91.72,49.4
32,61.63,92.2,49.4
31,60.08,95.05,46.57
63,59.72,94.17,46.82
67,60.5,94.07,47.83
50,61.27,93.12,49.08
40,62.82,96.88,42.84
26,61.61,96.91,42.85
18,60.17,96.9,42.83
36,63.12,96.58,42.91
42,63.47,95.48,42.33
33,63.31,96.1,42.76
19,60.13,96.48,44.09
45,62.8,96.51,44.08
26,61.55,96.43,44.08
42,63.1,96.47,44.09
40,63.3,95.75,44.1
21,60.66,95.85,45.33
32,62.34,95.75,45.33
42,63.1,95.73,45.34
51,63.3,94.64,45.35
30,62.86,93.38,48.77
37,62.83,92.54,48.77
31,62.57,93,48.77
43,62.75,94.67,46.58
31,61.42,94.88,46.58
34,62.19,93.92,47.84
50,63.1,94.63,46.59
60,63.3,92.98,46.6
48,63.1,92.95,47.85
113,63.3,88.43,45.33
54,62.36,90.36,49.4
43,61.96,90.84,49.4
57,62.92,90.3,48.77
68,62.89,89.41,48.77
58,62.72,89.88,48.77
67,62.66,89,48.77
59,62.28,89.48,48.77
75,63.3,89.54,46.6
68,63.1,89.6,47.87
75,63.1,88.47,46.59
68,62.87,88.52,47.83
48,62.77,90.75,48.77
42,62.81,91.65,48.77
40,62.47,91.24,48.77
64,63.3,91.2,46.6
57,63.1,91.24,47.84
83,60,92,49.88
136,62.49,86.52,46.58
120,61.64,86.26,46.61
96,59.19,86.63,46.61
98,59.72,86.26,46.39
90,61.61,86.94,47.83
90,59.12,87.54,47.52
94,59.85,87.08,47.84
97,59.12,87.54,48.15
110,60.81,87.83,49.08
105,59.45,87.95,48.77
122,59.45,87.95,49.4
139,60,88.8,49.84
154,59.26,89.77,50.11
144,59.06,90.67,49.85
105,59.16,88.44,48.77
123,59.16,88.44,49.4
145,59.01,88.89,49.84
9,59.53,96.58,41.28
54,63.51,94.98,41.46
21,61.49,97.14,42.19
3,61.83,97.5,41.43
6,62.04,97.09,41.49
4,61.08,97.48,41.43
4,62.48,96.79,40.77
4,62.31,96.94,40.74
13,60.14,96.92,41.48
9,60.31,96.94,40.71
6,63.22,96.38,40.73
12,63.45,96.53,41.45
22,63.41,96.17,42.2
16,63.14,96.72,41.5
19,62.84,96.89,41.53
16,62.32,96.93,41.55
8,62.81,96.58,40.8
18,63.85,95.81,40.61
8,63.4,96.11,40.62
2,62.32,96.23,40.62
2,61.82,96.42,40.61
8,60.01,96.6,40.63
52,63.26,95.28,40.45
9,62.47,95.56,40.46
3,60.49,95.98,40.45
18,57.34,90.77,40.46
6,55.79,91.4,41.27
9,56.2,91.17,40.87
8,56.27,91.78,40.87
4,55.87,92.26,41.27
4,56.35,92.66,40.87
2,56.43,93.54,40.87
2,58.02,93.65,40.63
4,57.6,93.22,40.45
3,58.51,93.1,40.73
2,58.66,92.95,41.42
6,58.37,92.89,40.61
4,55.79,91.4,41.9
3,55.87,92.26,41.9
2,56.2,91.17,42.52
2,56.27,91.78,42.52
3,55.79,90.96,41.87
12,56.71,91.25,40.65
7,56.77,92.16,40.66
4,56.85,93.05,40.66
13,56.72,90.96,40.76
8,56.21,90.96,41.2
18,57.23,90.86,40.46
9,57.22,91.59,40.46
6,57.31,92.57,40.46
16,57.24,90.76,40.58
8,56.75,90.76,41.1
3,56.22,90.76,41.83
3,43.05,103.57,43.77
20,43.05,102.63,41.89
35,43.06,102.66,41.23
76,43.05,101.83,40.67
136,42.98,100.97,40.37
5,43.25,103.16,43.77
10,43.25,102.63,42.51
8,43.25,102.63,43.14
18,43.25,101.81,41.85
41,43.25,101.82,41.14
114,43.25,100.96,40.5
2,43.73,93.31,46.9
2,43.73,96.86,43.14
2,43.73,95.98,43.77
3,43.73,95.18,44.4
3,43.73,94.62,45.02
2,43.73,94.21,45.65
2,43.73,93.73,46.27
2,43.53,96.86,42.49
2,43.53,93.31,46.28
3,43.53,95.98,43.14
3,43.53,95.18,43.77
3,43.53,94.62,44.4
3,43.53,94.21,45.02
2,43.53,93.72,45.65
28,48.48,90.96,41.71
23,48.44,90.96,42.05
44,48.22,90.96,41.39
78,48.01,90.96,41.05
31,48.65,90.96,42.51
39,47.85,90.96,43.14
57,47.32,90.96,43.77
26,46.92,90.96,44.4
4,46.43,90.96,45.02
2,46.01,90.96,45.65
2,45.45,90.96,46.28
85,47.77,90.96,41.05
121,47.57,90.96,40.76
129,47.33,91.02,40.65
65,47.57,91.23,41.11
98,47.32,91.13,40.87
113,47.13,91.18,40.65
60,46.97,91.92,40.66
87,46.93,91.47,40.66
33,46.77,92.16,40.66
6,46.81,92.61,40.66
40,48.21,90.76,41.78
61,48.01,90.76,41.34
63,47.77,90.76,41.35
34,47.83,90.76,42.51
41,47.32,90.76,43.14
58,46.91,90.76,43.77
20,46.42,90.76,44.4
2,46.01,90.76,45.02
68,47.57,90.76,41.35
120,47.57,90.76,40.96
154,47.3,90.76,40.61
159,47.11,90.76,40.56
152,46.88,90.9,40.46
90,46.73,91.7,40.46
129,46.68,91.14,40.46
57,46.53,91.95,40.46
15,46.57,92.4,40.46
3,46.37,92.64,40.46
2,45.84,94.24,44.24
2,45.84,94.24,44.55
2,45.64,94.48,44.55
2,45.64,94.48,44.24
2,45.6,94.04,44.86
2,45.6,94.04,45.18
2,45.4,94.28,45.18
2,45.4,94.28,44.86
3,45.36,93.84,45.8
2,45.16,94.08,45.8
3,45.36,93.84,45.49
2,45.16,94.08,45.49
3,44.9,93.66,46.27
2,44.42,93.26,46.9
2,43.73,92.79,46.9
2,43.53,92.77,46.28
2,44.27,96.38,42.52
2,44.65,95.9,43.15
2,43.97,95.97,43.15
2,45.48,95.16,43.93
2,45.68,94.92,43.93
2,45.06,95.42,43.77
2,44.21,95.5,43.77
2,45.24,94.96,44.55
2,45.24,94.96,44.24
2,45.44,94.72,44.24
2,45.44,94.72,44.55
2,43.95,95.14,44.4
2,44.58,95.02,44.4
2,44.98,94.54,45.02
2,44.13,94.62,45.02
2,44.5,94.14,45.65
3,43.92,94.2,45.65
2,43.9,93.31,46.9
2,44.08,93.74,46.27
2,46.24,93.77,43.93
2,46.24,93.77,43.61
2,46.04,94,43.93
4,46,93.56,44.24
4,46,93.56,44.55
2,45.8,93.8,44.24
2,45.8,93.8,44.55
6,45.76,93.36,44.86
6,45.76,93.36,45.18
3,45.56,93.6,44.86
4,45.56,93.6,45.18
6,45.3,93.18,45.65
4,44.82,92.78,46.27
2,44.33,92.38,46.9
3,46.88,93.49,43.3
11,46.64,93.29,43.93
7,46.64,93.29,43.61
4,46.44,93.53,43.93
3,46.44,93.53,43.61
15,46.4,93.09,44.24
16,46.4,93.09,44.55
8,46.2,93.32,44.24
9,46.2,93.32,44.55
16,46.16,92.88,44.86
15,46.16,92.88,45.18
11,45.96,93.12,44.86
10,45.96,93.12,45.18
10,45.71,92.7,45.65
5,45.23,92.3,46.27
2,44.75,91.9,46.9
2,47.45,92.33,41.74
6,47.85,91.85,42.05
4,47.85,91.85,41.74
4,47.65,92.09,42.05
3,47.65,92.09,41.74
15,47.61,91.65,41.43
54,47.37,91.45,41.11
90,47.13,91.26,40.87
9,47.41,91.89,41.43
18,48.44,91.17,42.05
13,48.25,91.37,42.05
8,48.05,91.61,42.05
20,48.22,91.1,41.8
13,48.25,91.37,41.74
8,48.05,91.61,41.74
23,47.81,91.41,41.43
32,48.01,91.2,41.43
41,47.78,91.12,41.43
38,47.57,91.23,41.43
4,47.28,93.01,42.68
8,47.69,92.53,42.36
20,47.69,92.53,42.68
2,47.45,92.33,42.05
3,47.49,92.77,42.36
11,47.49,92.77,42.68
25,47.85,91.85,42.68
13,47.85,91.85,42.36
9,47.65,92.09,42.36
21,47.65,92.09,42.68
20,47.78,91.28,42.52
10,47.05,92.81,42.99
20,47.05,92.81,43.3
4,46.84,93.05,42.99
10,46.84,93.05,43.3
47,47.21,92.13,43.61
38,47.01,92.37,43.61
29,47.45,92.33,42.99
42,47.45,92.33,43.3
32,47.25,92.57,43.3
20,47.25,92.57,42.99
37,47.33,91.13,43.15
37,47.39,91.67,43.15
33,46.81,92.61,43.93
28,46.81,92.61,43.61
23,46.61,92.85,43.93
17,46.61,92.85,43.61
44,46.97,91.93,43.61
48,46.97,91.93,43.93
40,46.77,92.17,43.93
36,46.77,92.17,43.61
52,46.91,91.32,43.77
32,46.57,92.41,44.24
28,46.57,92.41,44.55
25,46.37,92.65,44.24
23,46.37,92.65,44.55
32,46.51,91.75,44.4
25,46.44,91.16,44.4
17,46.11,92.22,45.02
10,46.03,91.37,45.02
4,45.51,91.18,45.65
8,45.63,91.82,45.65
2,44.68,91.21,46.9
3,45.15,91.45,46.27
2,46.94,92.82,41.19
3,47.04,92.7,41.19
2,46.94,92.82,41.04
4,47.04,92.7,41.04
5,47.21,92.13,41.43
39,47.17,91.69,41.11
15,47.21,92.13,41.11
3,47.01,92.37,41.43
6,47.01,92.37,41.11
4,46.81,92.61,40.87
41,46.97,91.93,40.87
21,46.77,92.17,40.87
73,46.93,91.49,40.87
2,43.53,101.72,53.41
2,43.71,101.73,53.9
2,43.51,102.09,51.78
2,43.53,101.67,52.58
2,43.52,102.12,51.31
2,43.48,103.95,51.54
2,43.49,103.51,51.44
2,43.44,103.06,51.56
2,43.48,102.53,51.44
2,43.51,102.27,51.94
2,43.52,103.45,50.98
2,43.64,104.02,51.21
2,43.72,102.61,53.29
2,43.96,103.51,53.7
2,43.92,102.6,53.71
2,44.41,103.9,53.7
3,44.19,103.02,53.9
3,44.12,102.14,53.9
5,44.8,103.42,53.9
3,44.92,104.3,53.7
2,45.41,104.71,53.7
4,45.31,103.83,53.9
4,45.81,104.23,53.9
2,45.9,105.11,52.52
2,45.9,105.11,53.21
3,46.3,104.63,53.7
3,46.78,105.03,53.7
5,46.7,104.15,53.9
4,47.18,104.55,53.9
2,46.38,105.51,53.21
2,46.38,105.51,52.52
3,48.11,104.91,53.9
3,49.92,104.76,53.9
2,43.52,102.53,51.01
2,43.66,103.07,51.3
3,43.53,103.42,50.6
2,43.69,104.05,50.81
3,43.53,102.59,50.61
2,43.86,104.84,50.85
2,43.73,104.65,50.84
2,43.66,104.35,50.76
6,43.25,99.61,51.24
2,43.25,99.64,51.9
3,43.53,100.91,52.54
4,43.53,100.92,53.39
3,43.68,100.89,53.9
2,43.8,103.97,50.7
2,44.04,104.37,50.69
2,51.54,108.16,51.52
2,51.64,108.18,50.71
2,51.9,109.73,51.46
2,51.9,108.13,52.95
2,51.02,107.33,50.71
3,43.84,103.52,50.51
3,43.77,102.6,50.51
2,44.39,103.9,50.51
2,44.92,104.3,50.51
2,45.42,104.71,50.51
3,52.1,108.14,51.34
2,46.3,104.63,50.51
2,46.78,105.03,50.51
2,47.26,105.43,50.51
2,48.78,105.74,50.51
2,47.74,105.83,50.51
2,50.1,106.52,50.51
2,51.75,106.4,50.51
3,49.39,105.69,50.51
102,58.83,86.65,46.6
104,59.16,86.26,45.65
102,58.63,87.43,46.29
118,58.99,86.06,45
115,58.63,86.49,45.66
8,43.25,98.7,50.01
6,43.25,99.59,49.39
3,43.25,102.64,48.14
4,43.25,100.94,49.39
3,43.25,101.82,49.39
5,43.25,100.94,48.77
4,43.25,101.82,48.77
3,43.25,103.16,48.14
2,43.25,103.16,49.39
2,43.05,102.64,49.39
2,43.25,103.16,48.77
7,43.25,99.18,50.01
6,43.25,100.13,50.02
6,43.05,99.59,50.02
8,43.25,99.2,50.6
6,43.25,100.13,50.64
7,43.05,99.58,50.65
5,43.25,100.14,51.26
4,43.05,100.94,50.02
3,43.05,101.82,50.02
5,43.05,100.94,50.64
4,43.06,101.8,50.63
4,43.05,100.93,51.27
3,43.07,101.78,51.25
2,42.84,103.59,50.02
2,43.05,103.16,50.01
2,42.81,102.67,50.02
2,42.85,103.56,50.67
2,43.06,103.16,50.53
2,42.84,102.7,50.67
2,42.89,103.59,51.34
2,42.88,102.71,51.29
2,42.66,104.06,50.02
2,42.73,104.93,50.03
2,42.77,104.72,50.48
2,42.76,104.72,50.8
2,42.56,104.96,50.49
2,42.56,104.96,50.8
2,42.67,104.06,50.65
2,42.73,104.05,51.24
4,43.25,102.64,47.52
4,43.25,103.57,46.9
5,43.25,103.57,46.27
5,43.25,104.06,46.27
2,43.05,104.46,46.27
4,43.25,104.06,46.9
2,43.05,104.46,46.9
3,43.25,103.16,47.52
4,43.25,103.57,45.02
4,43.25,103.57,45.65
4,43.25,103.16,44.4
2,43.05,103.57,44.4
4,43.25,104.06,45.02
2,43.05,104.46,45.02
2,43.05,104.06,44.4
5,43.25,104.06,45.65
2,43.05,104.46,45.65
2,43.05,105.01,46.9
2,43.05,105.01,46.27
2,43.05,105.01,45.02
2,43.05,105.01,45.65
18,42.84,103.59,42.52
12,43.05,103.16,42.52
9,42.84,103.59,43.15
7,43.05,103.16,43.15
22,42.67,104.06,42.52
10,42.66,104.06,43.14
86,42.81,101.84,40.79
91,42.79,100.96,40.8
40,42.67,104.06,41.89
32,42.84,103.58,41.89
19,43.05,103.16,41.9
37,42.82,102.67,41.89
50,42.86,103.56,41.25
31,43.06,103.15,41.36
84,42.68,103.18,40.83
54,42.82,102.69,41.26
90,42.63,102.34,40.85
87,42.25,103.66,41.29
23,42.81,102.67,42.52
11,42.81,102.67,43.15
4,42.66,104.06,43.77
4,42.84,103.59,43.77
33,42.3,104.54,42.52
15,42.3,104.54,43.15
51,41.9,105.01,42.52
22,41.9,105.01,43.15
6,42.3,104.54,43.77
2,42.52,107.18,49.4
2,42.6,108.06,49.4
2,42.21,108.54,49.4
2,37.81,119.12,47.83
3,38.46,116.41,47.83
2,37.66,117.36,47.83
2,41.81,109.01,49.4
2,41.41,109.49,49.4
2,41.48,110.37,49.4
2,39.92,112.73,47.83
2,39.11,113.69,47.83
3,38.31,114.64,47.83
2,42.46,106.3,50.02
2,42.4,105.42,50.01
3,42.46,106.3,50.65
3,42.06,106.77,50.02
3,42.13,107.66,50.02
3,42.06,106.77,50.65
2,42.13,107.66,50.65
2,41.73,108.13,50.65
3,41.73,108.13,50.02
2,41.33,108.61,50.65
2,41.33,108.61,50.02
2,40.93,109.09,50.02
2,41.01,109.97,50.02
112,42.61,101.4,40.68
132,42.56,100.08,40.69
111,42.49,102.25,40.73
115,42.33,102.76,40.78
144,41.77,103.26,40.95
153,41.5,103.72,41.05
152,41.45,104.61,41.04
160,41.21,105.09,41.13
146,41.04,106.87,41.21
163,40.97,105.99,41.21
86,41.81,104.13,41.88
124,41.55,103.71,41.46
72,41.5,105.49,42.52
100,41.5,105.49,41.9
132,41.26,105.08,41.55
107,41.43,104.61,41.89
30,41.5,105.49,43.15
6,41.98,105.89,43.77
7,41.9,105.01,43.77
2,41.98,105.89,44.4
104,40.77,107.33,42.52
93,41.1,105.97,42.52
84,41.18,106.85,42.52
122,41.11,105.98,41.91
113,41.19,106.85,41.91
40,41.1,105.97,43.15
8,41.58,106.37,43.77
35,41.18,106.85,43.15
8,41.65,107.25,43.77
2,41.58,106.37,44.4
3,41.65,107.25,44.4
47,40.77,107.33,43.15
10,41.25,107.73,43.77
4,41.25,107.73,44.4
153,40.41,107.82,41.46
197,40.3,106.93,41.45
175,39.86,108.33,41.58
159,39.46,109.18,41.58
223,37.84,109.36,41.58
192,37.02,110.32,41.58
185,37.18,112.08,41.58
153,36.36,113.03,41.58
15,37.35,113.84,44.08
56,36.55,114.8,42.82
4,38.31,114.64,45.33
15,37.51,115.6,44.08
5,38.46,116.41,45.33
3,38.31,114.64,46.58
4,38.46,116.41,46.58
3,37.66,117.36,46.58
39,35.74,115.76,42.82
14,36.7,116.56,44.08
4,37.66,117.36,45.33
116,35.54,113.99,41.58
80,34.69,114.94,41.57
85,33.76,117.56,41.55
103,34.86,116.69,41.58
3,36.05,119.28,45.33
14,35.09,118.47,44.08
3,36.86,118.32,45.33
12,35.9,117.52,44.08
2,36.86,118.32,46.58
27,34.09,117.65,42.81
31,34.94,116.71,42.82
9,34.94,116.71,44.08
10,34.14,117.67,44.08
3,35.25,120.24,45.33
3,34.45,121.19,45.33
77,33.35,119.35,41.54
22,33.74,119.49,43.44
36,32.28,121.2,42.86
3,33.13,121.38,46.01
6,32.24,122.62,45.59
5,40.85,108.21,44.4
6,40.45,108.69,44.4
2,40.57,110.01,45.33
3,39.76,110.97,45.33
15,38.8,110.16,44.08
2,38.96,111.93,46.58
15,38,111.12,44.08
3,38.96,111.93,45.33
4,38.15,112.88,45.33
2,38.15,112.88,46.58
63,37.04,110.32,42.82
70,37.2,112.08,42.82
48,36.39,113.04,42.82
14,37.2,112.08,44.08
157,40.37,106.92,42.08
119,40.39,107.82,42.52
139,40.47,107.81,42.09
64,40.37,107.81,43.15
127,39.98,108.31,42.52
73,39.97,108.29,43.15
103,39.61,109.21,42.82
17,40.37,107.81,43.77
6,40.37,107.81,44.4
18,39.97,108.29,43.77
7,39.97,108.29,44.4
14,39.61,109.21,44.08
88,37.85,109.36,42.82
165,42.53,101.43,40.37
200,42.27,100.12,40.38
168,42.18,102.79,40.38
173,42.24,101.9,40.38
199,41.51,102.84,40.44
204,41.26,103.75,40.46
214,40.98,104.22,40.48
211,40.93,105.11,40.49
199,40.71,106.45,40.51
217,40.64,105.57,40.51
230,39.97,106.5,40.57
217,39.49,107.46,40.58
221,38.65,108.4,40.59
291,36.84,108.56,40.59
287,35.97,109.51,40.58
256,36.12,111.27,40.58
243,35.24,112.22,40.58
212,34.34,113.16,40.58
145,33.06,114.07,40.57
118,32.6,115.72,40.57
22,31.35,118.75,42.21
5,31.35,120.75,45.18
117,59.47,92.55,49.14
133,58.98,92.38,50.12
130,59.06,92.51,49.96
130,59.34,91.58,50.12
153,58.83,90.74,49.96
154,58.83,89.73,49.96
96,58.83,88.34,48.18
118,58.83,88.89,49.16
90,58.83,88.34,47.54
93,58.83,87.5,46.91
113,59.32,92.7,47.92
129,58.88,92.69,49.27
148,58.63,92.49,50.15
156,58.63,91.75,50.14
141,58.63,90.8,49.27
134,58.63,89.75,49.28
95,58.63,88.31,46.93
96,58.63,88.88,47.91
92,59.3,86.47,45.65
96,60.61,86.57,47.81
101,59.74,86.26,45.65
102,60.53,86.26,46.63
137,60.58,86.06,45.33
122,59.63,86.06,44.34
100,59.74,86.26,45.01
92,59.09,86.71,45.65
91,59.3,86.47,45.02
252,62.73,86.06,42.68
230,63.3,86.53,44.02
176,61.71,86.06,44.01
181,62.58,86.26,44.06
149,63.3,87.54,45.32
160,63.1,86.69,45.33
139,62.49,86.52,45.33
124,61.64,86.26,45.33
96,63.1,87.63,46.6
127,62.81,86.8,46.58
42,60.67,91.4,49.86
115,60.11,90.59,50.11
60,61.08,90.92,49.85
58,61.88,89.96,49.4
52,61.48,90.44,49.4
109,60.96,89.6,49.84
77,62.47,87.68,47.83
92,61.76,88.64,49.08
43,59.52,93.55,45.37
35,61.55,91.32,49.4
31,61.15,91.8,49.4
72,60.43,92.44,49.08
94,59.51,92.8,46.63
108,59.65,92.67,47.87
78,59.69,93.44,46.58
91,59.99,93.24,47.83
14,59.53,95.28,42.78
17,59.73,96.43,42.8
18,59.53,94.24,44.08
18,59.73,95.2,44.08
33,59.72,94.18,45.12
25,60.08,95.05,45.35
35,62.52,92.12,48.77
35,62.11,92.6,48.77
34,62.03,91.72,48.77
37,61.63,92.2,48.77
54,60.52,94.07,46.59
60,61.27,93.12,47.83
35,62.85,96.42,42.73
23,61.56,96.46,42.8
18,60.14,96.5,42.81
38,63.51,95.53,42.2
31,63.16,96.05,42.66
42,63.36,95.16,42.33
37,63.31,95.66,43.12
20,60.66,95.85,44.08
28,62.34,95.75,44.08
34,63.1,95.72,44.1
40,63.3,94.61,44.09
34,62.75,94.67,45.33
25,61.42,94.88,45.33
41,63.1,94.61,45.34
53,63.3,92.96,45.34
38,62.18,93.92,46.58
49,63.1,92.97,46.59
40,62.7,92.98,47.83
155,63.3,88.43,44.04
81,63.3,89.55,45.33
82,63.1,88.47,45.33
45,62.36,90.36,48.77
38,61.96,90.84,48.77
49,61.88,89.96,48.77
44,61.48,90.44,48.77
62,63.1,89.57,46.59
56,62.57,89.44,47.84
66,62.87,88.52,46.58
62,63.3,91.2,45.33
52,63.1,91.2,46.59
44,62.65,91.21,47.84
120,59.46,91.54,49.86
128,59.11,92.28,49.86
86,60.01,91.98,49.08
83,61.61,86.94,46.58
80,59.12,87.54,46.27
78,59.85,87.08,46.57
85,59.12,87.54,46.9
87,60.81,87.83,47.83
85,59.45,87.95,47.52
94,59.45,87.95,48.15
114,60,88.79,49.08
144,59.36,89.76,49.85
127,59.06,90.67,49.08
85,59.16,88.44,47.52
93,59.16,88.44,48.15
116,59.01,88.89,49.08
5,59.53,95.28,41.29
10,59.73,96.43,41.41
3,59.82,95.2,40.46
46,63.58,95.11,41.45
57,63.39,94.98,41.33
17,63.86,95.76,41.44
9,61.4,96.93,41.49
2,61.36,96.87,40.78
3,61.89,96.48,40.8
9,60.28,96.62,40.79
13,60.13,96.52,41.51
10,63.38,96.14,41.43
18,62.84,96.5,41.52
3,62.34,96.35,40.79
9,61.76,96.38,41.53
40,63.24,95.34,40.61
10,62.43,95.55,40.65
4,60.6,95.91,40.64
3,61.4,94.89,40.46
56,62.97,94.6,40.45
47,57.8,90.79,40.45
24,57.24,90.96,40.65
8,56.2,91.17,41.27
7,56.27,91.78,41.27
11,56.68,91.34,40.87
7,56.75,92.18,40.87
4,56.35,92.66,41.27
3,56.83,93.06,40.87
3,58.1,93.52,40.81
6,58.12,92.56,40.44
4,57.55,93.23,40.63
5,58.24,92.99,40.73
6,58.37,92.7,40.63
4,58.37,92.89,41.47
4,56.2,91.17,41.9
5,56.27,91.78,41.9
2,56.35,92.66,41.9
2,56.68,91.34,42.52
3,56.75,92.18,42.52
3,56.2,90.96,41.87
21,57.14,91.03,40.65
11,57.18,91.66,40.66
6,57.26,92.58,40.65
23,57.14,90.95,40.75
10,56.7,90.96,41.2
22,57.68,91.11,40.45
7,57.71,92.11,40.45
77,58.18,90.91,40.44
128,58.2,90.8,40.44
30,57.74,90.76,40.6
11,57.19,90.76,41.1
3,56.72,90.76,41.83
4,43.05,103.16,43.77
13,43.05,102.63,42.52
8,43.05,102.63,43.14
21,43.05,101.81,41.88
38,43.05,101.82,41.22
77,43.05,100.95,40.67
162,42.83,100.11,40.36
6,43.25,99.59,48.77
6,43.25,102.63,43.77
4,43.25,102.64,44.39
11,43.25,101.81,42.5
8,43.25,101.81,43.14
21,43.25,100.94,41.83
44,43.25,100.94,41.11
126,43.25,100.15,40.49
160,42.64,99.16,40.66
314,42.53,97.37,40.7
2,43.73,96.86,42.51
2,43.73,93.32,46.27
2,43.73,95.98,43.14
3,43.73,95.18,43.77
3,43.73,94.62,44.4
3,43.73,94.21,45.02
3,43.73,93.73,45.65
3,43.53,95.98,42.5
3,43.53,93.31,45.65
4,43.53,95.18,43.14
4,43.53,94.62,43.77
4,43.53,94.21,44.4
3,43.53,93.73,45.02
26,48.21,90.96,41.81
47,48.02,90.96,41.39
51,47.77,90.96,41.4
26,47.83,90.96,42.52
37,47.32,90.96,43.14
54,46.92,90.96,43.77
21,46.43,90.96,44.4
4,46.02,90.96,45.02
3,45.46,90.96,45.65
2,44.61,90.96,46.28
56,47.57,90.96,41.4
91,47.57,90.96,41.05
79,47.31,91.13,41.11
124,47.3,90.96,40.77
133,47.11,90.96,40.73
103,46.89,91.14,40.87
130,46.88,91.04,40.65
67,46.73,91.72,40.66
102,46.69,91.23,40.65
43,46.53,91.96,40.66
11,46.57,92.41,40.66
4,46.37,92.65,40.66
296,42.77,96.94,40.62
312,42.52,97.01,40.36
39,47.81,90.76,41.86
34,47.32,90.76,42.51
42,46.92,90.76,43.14
57,46.43,90.76,43.77
18,46.01,90.76,44.4
2,45.44,90.76,45.02
2,44.53,90.76,45.65
80,47.29,90.76,41.35
129,47.29,90.76,40.96
157,46.87,90.76,40.6
140,46.43,90.91,40.46
97,46.49,91.47,40.46
68,46.29,91.73,40.46
24,46.33,92.2,40.46
9,46.13,92.44,40.46
2,46.16,92.88,40.46
3,45.96,93.12,40.46
137,43.25,97.38,40.43
2,45.64,94.48,43.93
2,45.6,94.04,44.24
2,45.6,94.04,44.55
2,45.4,94.28,44.55
2,45.4,94.28,44.24
2,45.36,93.84,44.86
2,45.36,93.84,45.18
2,45.16,94.08,45.18
2,45.16,94.08,44.86
3,44.9,93.66,45.65
3,44.42,93.26,46.27
2,44.04,92.87,46.9
2,43.73,92.79,46.27
2,43.53,92.78,45.65
2,43.97,95.97,42.52
2,44.65,95.9,42.52
2,45.48,95.16,43.61
2,45.68,94.92,43.61
2,45.06,95.42,43.15
2,44.21,95.5,43.15
2,45.24,94.96,43.61
2,45.24,94.96,43.93
2,45.44,94.72,43.93
2,45.44,94.72,43.61
3,43.95,95.14,43.77
2,44.58,95.02,43.77
2,44.98,94.54,44.4
3,44.13,94.62,44.4
3,43.92,94.2,45.02
3,44.5,94.14,45.02
3,44.08,93.74,45.65
2,43.9,93.31,46.27
3,46,93.56,43.93
2,46,93.56,43.61
2,45.8,93.8,43.93
5,45.76,93.36,44.24
6,45.76,93.36,44.55
3,45.56,93.6,44.24
3,45.56,93.6,44.55
7,45.3,93.18,45.02
6,44.82,92.78,45.65
3,44.33,92.38,46.27
2,46.64,93.29,42.99
4,46.64,93.29,43.3
2,46.44,93.53,43.3
13,46.4,93.09,43.93
9,46.4,93.09,43.61
6,46.2,93.32,43.93
4,46.2,93.32,43.61
16,46.16,92.88,44.24
17,46.16,92.88,44.55
10,45.96,93.12,44.24
11,45.96,93.12,44.55
13,45.71,92.7,45.02
9,45.23,92.3,45.65
4,44.75,91.9,46.27
2,47.21,92.13,41.74
6,47.61,91.65,42.05
6,47.61,91.65,41.74
4,47.41,91.89,42.05
4,47.41,91.89,41.74
28,47.37,91.45,41.43
73,47.13,91.27,41.11
19,47.17,91.69,41.43
15,47.79,91.28,41.9
53,47.31,91.13,41.43
4,47.05,92.81,42.68
2,46.84,93.05,42.68
6,47.45,92.33,42.36
15,47.45,92.33,42.68
2,47.21,92.13,42.05
3,47.25,92.57,42.36
2,47.01,92.37,42.05
9,47.25,92.57,42.68
21,47.33,91.13,42.52
14,47.39,91.67,42.52
10,46.81,92.61,42.99
19,46.81,92.61,43.3
5,46.61,92.85,42.99
11,46.61,92.85,43.3
26,46.99,92.15,43.15
32,46.91,91.32,43.15
32,46.57,92.41,43.93
27,46.57,92.41,43.61
23,46.37,92.65,43.93
18,46.37,92.65,43.61
40,46.51,91.75,43.77
48,46.44,91.16,43.77
26,46.11,92.22,44.4
26,46.03,91.37,44.4
9,45.51,91.18,45.02
14,45.63,91.82,45.02
6,45.15,91.45,45.65
2,44.68,91.21,46.27
2,46.81,92.61,41.11
11,46.97,91.93,41.43
57,46.93,91.49,41.11
24,46.97,91.93,41.11
6,46.77,92.17,41.43
12,46.77,92.17,41.11
8,46.57,92.41,40.87
4,46.37,92.65,40.87
53,46.73,91.73,40.87
33,46.53,91.97,40.87
85,46.69,91.29,40.87
2,43.25,93.79,55.02
3,43.26,94.66,54.35
2,43.72,101.73,53.29
3,43.89,101.73,53.7
3,44.04,101.26,53.9
3,43.52,101.65,51.91
2,43.66,102.15,51.8
3,43.72,101.71,52.54
3,43.53,101.69,51.13
2,43.68,102.17,51.38
3,43.53,101.72,50.63
2,43.69,103.46,51.13
2,43.98,102.62,52.5
2,44.04,103.51,53.2
3,44.01,102.6,53.2
2,44.47,103.9,52.52
2,44.47,103.9,53.21
4,44.29,103.02,53.7
4,44.23,102.14,53.7
4,44.84,103.42,53.7
6,44.71,102.54,53.9
5,44.6,101.66,53.9
6,45.23,102.94,53.9
2,44.95,104.3,52.52
2,44.95,104.3,53.21
2,45.42,104.71,52.52
2,45.42,104.71,53.21
4,45.33,103.83,53.7
4,45.82,104.23,53.7
6,45.73,103.35,53.9
5,46.22,103.75,53.9
2,45.9,105.11,51.9
2,45.9,105.11,51.27
2,46.38,105.51,51.27
2,46.38,105.51,51.9
3,46.3,104.63,52.52
3,46.3,104.63,53.21
3,46.78,105.03,52.52
3,46.78,105.03,53.21
5,46.7,104.15,53.7
4,47.19,104.55,53.7
6,47.11,103.67,53.9
5,47.59,104.07,53.9
2,50.95,107.33,51.52
2,46.86,105.91,51.9
2,46.86,105.91,51.27
2,48.27,106.68,51.55
2,47.3,105.87,52.89
2,49.06,105.72,52.89
3,48.11,104.91,53.7
4,49.89,104.76,53.7
3,51.67,104.59,53.9
5,48.93,103.96,53.9
5,50.81,103.8,53.9
2,43.69,102.58,51.15
2,43.87,104.02,50.91
2,43.73,103.42,50.78
2,43.73,102.61,50.78
2,44.06,104.39,50.88
2,45.9,105.11,50.89
3,43.25,94.7,53.76
6,43.05,99.59,51.26
7,43.25,99.27,51.23
9,43.26,98.68,50.63
2,43.05,99.61,51.9
2,43.25,99.31,51.9
3,43.53,100.91,51.88
3,43.53,100.91,51.15
4,59.05,81.45,60.32
7,58.97,81.48,60.7
4,43.53,100.01,52.56
6,43.53,100,53.4
3,43.53,100.4,52.54
3,43.73,100.91,52.53
5,43.53,100.4,53.39
3,43.73,100.92,53.28
3,43.86,100.89,53.7
6,43.65,99.97,53.9
5,43.94,100.38,53.9
2,43.97,103.51,50.7
2,43.92,102.6,50.7
2,44.44,103.9,50.71
2,44.94,104.3,50.71
2,45.42,104.71,50.71
2,51.9,108.14,51.45
2,46.3,104.63,50.71
2,46.78,105.03,50.71
2,47.26,105.43,50.71
2,48.77,105.74,50.71
2,47.74,105.83,50.71
2,50.05,106.52,50.71
2,51.59,106.4,50.71
3,49.37,105.69,50.71
3,43.73,101.73,50.51
3,44.21,103.02,50.51
3,44.14,102.14,50.51
2,44.83,103.42,50.51
2,45.33,103.83,50.51
2,45.82,104.23,50.51
2,52.1,106.37,51.35
3,52.1,104.65,53.04
2,46.71,104.15,50.51
2,47.19,104.55,50.51
4,48.11,104.91,50.51
4,51.03,105.56,50.51
6,49.94,104.76,50.51
89,58.83,87.5,46.28
104,58.83,86.65,45.65
103,59.16,86.26,45.01
90,58.63,88.32,46.29
100,58.63,87.43,45.66
118,58.99,86.06,44.34
114,58.63,86.49,45.01
107,59.65,86.38,40.46
125,59.54,86.06,40.52
111,59.09,86.16,40.46
10,43.25,97.75,50.01
8,43.25,98.69,49.39
8,43.25,98.69,48.77
9,43.25,98.29,50.01
8,43.05,98.69,50.02
9,43.25,98.28,50.51
7,43.25,99.18,49.39
5,43.25,100.13,49.4
5,43.05,99.59,49.39
7,43.25,99.18,48.77
6,43.25,100.13,48.77
4,43.25,101.82,48.15
6,43.25,100.94,48.15
3,43.05,100.94,49.4
2,43.05,101.82,49.39
2,43.05,100.94,48.77
2,43.05,101.82,48.77
2,42.81,102.67,49.39
7,43.05,99.18,50.02
7,42.87,99.6,50.02
6,43.05,100.13,50.02
8,43.07,99.19,50.62
7,42.88,99.59,50.66
6,43.05,100.13,50.64
5,43.05,100.13,51.27
2,43.05,100.13,51.9
5,42.76,100.95,50.02
3,42.79,101.83,50.02
5,42.76,100.95,50.65
3,42.8,101.83,50.65
2,42.76,100.95,51.9
4,42.76,100.95,51.27
3,42.81,101.83,51.27
2,42.61,103.18,50.02
3,42.53,102.3,50.02
2,42.61,103.18,50.65
3,42.54,102.3,50.65
2,42.56,102.29,51.27
2,42.23,103.65,50.02
2,42.3,104.54,50.02
2,42.23,103.65,50.65
2,42.3,104.54,50.65
7,43.25,100.13,48.15
6,43.25,100.93,47.52
4,43.25,102.64,45.02
4,43.25,102.64,45.65
6,42.81,102.67,43.77
5,43.25,102.64,46.27
5,43.25,102.64,46.9
5,43.25,101.81,47.52
5,43.25,103.16,46.9
2,43.05,103.57,46.9
5,43.25,103.16,46.27
2,43.05,103.57,46.27
2,43.05,104.06,46.27
2,43.05,104.06,46.9
4,43.25,103.16,45.02
4,43.25,103.16,45.65
2,43.05,103.57,45.65
2,43.05,103.16,44.4
2,43.05,104.06,45.02
2,43.05,104.06,45.65
2,41.9,105.01,44.4
275,41.56,99.3,40.43
28,42.61,103.18,42.52
14,42.61,103.18,43.15
41,42.23,103.65,42.52
20,42.23,103.65,43.15
113,42.7,100.11,40.82
62,42.78,101.83,41.25
70,42.75,100.95,41.25
94,42.68,101.4,40.82
42,42.79,101.83,41.9
49,42.76,100.95,41.9
64,42.23,103.65,41.9
55,42.53,102.3,41.9
46,42.61,103.18,41.89
66,42.61,103.18,41.28
100,42.39,102.76,40.93
76,42.54,102.29,41.27
112,41.82,103.26,41.4
29,42.79,101.83,42.52
16,42.79,101.83,43.15
37,42.53,102.3,42.52
20,42.53,102.3,43.15
8,42.23,103.65,43.77
6,42.61,103.18,43.77
60,41.83,104.13,42.52
28,41.83,104.13,43.15
80,41.42,104.61,42.52
37,41.42,104.61,43.15
10,41.83,104.13,43.77
2,42.06,106.77,49.4
2,42.13,107.66,49.4
2,41.73,108.13,49.4
2,37.51,115.6,47.83
2,36.7,116.56,47.83
2,41.33,108.61,49.4
2,38.15,112.88,47.83
2,37.35,113.84,47.83
2,41.98,105.89,50.02
2,41.9,105.01,50.02
2,41.98,105.89,50.65
2,41.58,106.37,50.02
3,41.65,107.25,50.02
2,41.58,106.37,50.65
3,41.65,107.25,50.65
2,41.25,107.73,50.65
2,41.25,107.73,50.02
2,40.85,108.21,50.02
128,42.36,101.43,40.75
177,42.09,100.12,40.84
131,42.07,102.79,40.84
138,42.1,101.89,40.85
162,41.44,102.84,41.08
166,41.22,103.75,41.15
178,40.95,104.22,41.23
175,40.91,105.11,41.24
177,40.7,106.45,41.31
190,40.63,105.57,41.32
236,39.97,106.5,41.53
117,41.36,103.74,41.88
102,41.02,105.09,42.52
133,40.97,104.22,41.94
127,41.05,105.1,41.93
47,41.02,105.09,43.15
9,41.5,105.49,43.77
11,41.42,104.61,43.77
3,41.5,105.49,44.4
126,40.3,106.93,42.52
120,40.62,105.57,42.52
113,40.7,106.45,42.52
147,40.66,105.57,42
141,40.73,106.45,41.99
173,40.04,106.5,42.14
57,40.62,105.57,43.15
11,41.1,105.97,43.77
4,41.1,105.97,44.4
65,40.3,106.93,43.15
53,40.7,106.45,43.15
11,41.18,106.85,43.77
4,41.18,106.85,44.4
14,40.77,107.33,43.77
5,40.77,107.33,44.4
234,39.48,107.46,41.57
235,38.65,108.4,41.59
178,36.87,108.56,41.58
118,36.04,109.51,41.58
144,36.2,111.27,41.58
95,35.36,112.23,41.58
20,34.79,114.95,42.82
12,36.39,113.04,44.08
31,35.59,114,42.82
4,37.35,113.84,45.33
14,36.55,114.8,44.08
4,37.51,115.6,45.33
2,37.35,113.84,46.58
3,37.51,115.6,46.58
2,36.7,116.56,46.58
12,35.74,115.76,44.08
3,36.7,116.56,45.33
16,34.63,113.19,42.82
12,33.83,114.15,42.82
72,34.52,113.18,41.57
55,33.52,114.12,41.54
63,33.2,115.83,41.54
13,33.6,116.01,43.47
2,34.97,117.59,45.98
24,32.34,119.07,42.94
2,33.74,119.52,45.95
5,32.34,121.18,45.69
2,39.61,109.21,45.33
2,38.8,110.16,45.33
13,37.85,109.36,44.08
12,37.04,110.32,44.08
3,38,111.12,45.33
3,37.2,112.08,45.33
2,37.2,112.08,46.58
28,36.09,109.52,42.82
38,36.24,111.28,42.82
24,35.44,112.23,42.82
9,36.24,111.28,44.08
7,35.44,112.23,44.08
109,39.47,107.45,42.8
103,38.65,108.4,42.82
13,39.45,107.45,44.08
14,38.65,108.4,44.08
52,36.89,108.56,42.82
188,41.81,102.37,40.42
207,41.67,101.06,40.43
210,41.19,102.87,40.47
288,40.67,100.26,40.51
222,40.91,103.33,40.5
241,40.51,103.81,40.53
232,40.58,104.69,40.52
271,39.82,104.76,40.57
244,39.68,106.53,40.58
229,40.22,106.05,40.55
248,40.15,105.17,40.55
282,38.49,106.64,40.59
286,37.67,107.6,40.59
245,34.91,108.71,40.58
310,35.81,107.75,40.58
169,33.83,110.52,40.58
97,32.36,112.39,40.57
18,31.34,115.74,42.37
3,31.36,118.82,45.28
109,59.47,92.55,47.87
129,59.06,92.51,49.15
143,58.83,92.31,49.96
148,58.83,91.61,49.96
134,58.83,90.73,49.16
128,58.83,89.73,49.16
85,58.83,88.34,46.91
91,58.83,88.89,47.86
94,59.32,92.7,46.63
116,58.88,92.69,47.93
139,58.63,92.49,49.29
142,58.63,91.73,49.28
102,58.63,90.78,47.9
95,58.63,89.74,47.9
89,58.63,88.88,46.93
140,60.62,86.3,40.46
60,60.21,86.81,40.46
83,59.81,86.64,45.65
89,60.61,86.57,46.61
105,60.61,86.26,45.33
139,60.58,86.06,44.01
121,59.63,86.06,43.68
99,59.74,86.26,44.37
77,59.4,87.07,45.65
80,59.81,86.64,45.02
91,59.09,86.71,45.02
90,59.3,86.47,44.4
76,59.12,87.54,45.65
265,62.73,86.06,41.23
122,61.65,86.79,40.46
250,62.72,86.23,40.46
29,60.75,87.27,40.46
250,63.3,86.53,42.69
185,61.71,86.06,42.68
197,62.58,86.26,42.77
179,63.3,87.54,44.03
173,63.1,86.7,44.06
149,62.49,86.52,44.08
131,61.64,86.26,44.06
104,63.1,87.63,45.33
128,62.81,86.8,45.33
83,61.61,86.94,45.33
62,59.89,87.47,45.65
67,60.29,86.99,45.02
72,60.29,86.99,45.65
71,62.47,87.68,46.58
36,60.67,91.39,49.4
43,61.08,90.91,49.4
102,60.15,90.57,49.85
68,61.76,88.64,47.83
87,60.96,89.59,49.08
28,59.52,93.46,44.07
71,59.51,92.8,45.35
53,59.68,93.44,45.36
32,61.55,91.32,48.77
32,61.15,91.8,48.77
37,61.08,90.91,48.77
44,60.67,91.39,48.77
77,59.98,93.3,46.55
79,60.43,92.44,47.83
93,59.65,92.67,46.61
10,59.53,94.23,42.78
15,59.73,95.2,42.81
20,59.73,94.16,44.08
19,60.08,95.08,44.08
39,60.52,94.07,45.32
60,61.27,93.12,46.58
40,62.08,92.16,47.83
26,62.35,95.75,42.81
17,60.66,95.88,42.81
38,63.26,95.27,42.2
32,63.13,95.66,43.08
43,63.3,94.56,42.87
26,62.75,94.67,44.08
20,61.42,94.88,44.08
31,63.1,94.6,44.09
53,63.3,92.94,44.09
31,62.18,93.92,45.33
42,63.1,92.96,45.34
40,62.7,92.99,46.58
202,63.3,88.42,42.73
94,63.3,89.55,44.05
94,63.1,88.47,44.07
61,63.1,89.57,45.33
67,62.87,88.52,45.33
51,62.57,89.42,46.58
46,61.95,90.4,47.82
65,63.3,91.2,44.07
48,63.1,91.2,45.33
40,62.65,91.23,46.58
113,59.45,91.52,49.08
125,59.1,92.27,49.08
89,60.01,91.98,47.83
66,60.81,87.83,46.58
70,59.45,87.95,46.27
78,59.45,87.95,46.9
89,60,88.79,47.83
124,59.36,89.75,49.08
98,59.06,90.67,47.83
79,59.16,88.44,46.9
90,59.01,88.89,47.83
278,63.3,86.53,41.25
278,63.1,86.53,40.46
4,59.53,94.24,41.29
6,59.73,95.2,41.41
4,59.98,95.13,40.66
3,60.33,94.16,40.46
49,63.33,95.11,41.34
68,63.31,94.32,41.35
32,63.19,95.36,41.37
8,62.35,95.75,41.47
8,60.66,95.9,41.47
4,61.42,94.88,40.66
51,62.85,94.65,40.64
28,62.31,93.88,40.46
232,63.3,88.4,41.27
167,63.16,88.41,40.46
23,61.27,87.71,40.46
70,62.45,87.56,40.46
17,60.83,88.21,40.46
2,58.37,92.7,41.91
51,57.68,90.96,40.62
18,57.1,91.14,40.86
10,56.68,91.34,41.27
7,56.75,92.18,41.27
10,57.15,91.7,40.87
6,57.24,92.58,40.86
6,58.25,92.34,40.45
5,58.43,92.55,40.65
2,56.83,93.06,41.27
6,58.03,92.54,40.6
4,57.61,93.14,40.82
6,58.24,92.66,40.74
8,58.37,92.69,41.19
3,58.23,92.99,41.54
6,56.68,91.34,41.9
6,56.75,92.18,41.9
3,57.15,91.7,42.52
2,57.23,92.58,42.52
4,56.69,90.96,41.87
26,57.59,91.23,40.63
8,57.66,92.1,40.64
92,58.06,91.04,40.58
113,58.06,90.96,40.6
50,57.63,90.94,40.75
17,57.12,90.96,41.21
74,58.26,90.97,40.44
15,58.1,91.57,40.45
194,58.34,90.83,40.44
57,58.2,90.75,40.6
22,57.7,90.76,41.12
4,57.16,90.76,41.83
4,43.05,99.59,48.77
238,42.8,97.44,40.38
173,43.03,97.81,40.39
4,43.05,102.63,43.77
2,43.05,102.64,44.39
15,43.05,101.81,42.51
9,43.05,101.81,43.14
23,43.05,100.94,41.87
40,43.05,100.94,41.21
83,43.05,100.15,40.66
167,42.94,99.14,40.37
9,43.25,98.69,48.15
7,43.25,99.59,48.15
8,43.25,99.18,48.15
119,43.25,97.76,40.5
6,43.25,101.81,43.77
5,43.25,101.81,44.39
12,43.25,100.93,42.49
9,43.25,100.94,43.13
33,43.25,100.13,41.44
113,43.25,99.1,40.48
407,42.5,96.54,40.69
409,42.25,96.14,40.38
132,42.76,99.13,40.8
187,42.83,97.79,40.8
285,42.62,97.42,40.85
407,42.34,97.01,40.73
237,42.45,98.33,40.72
448,41.82,96.61,40.4
380,42.22,97.03,40.37
286,42.16,98.36,40.38
3,43.73,95.98,42.51
3,43.73,93.32,45.65
3,43.73,95.18,43.14
4,43.73,94.62,43.77
4,43.73,94.21,44.4
4,43.73,93.73,45.02
4,43.53,95.18,42.51
4,43.53,93.32,45.02
5,43.53,94.62,43.14
5,43.53,94.21,43.77
5,43.53,93.73,44.4
27,47.81,90.96,41.88
25,47.32,90.96,42.52
36,46.92,90.96,43.14
50,46.43,90.96,43.77
19,46.02,90.96,44.4
5,45.46,90.96,45.02
3,44.62,90.96,45.65
2,43.98,91.24,46.27
66,47.29,90.96,41.4
100,47.29,90.96,41.05
86,46.9,91.14,41.11
130,46.88,90.96,40.76
115,46.44,91.06,40.65
75,46.49,91.5,40.66
54,46.29,91.75,40.66
21,46.33,92.2,40.66
15,46.13,92.44,40.66
4,46.16,92.88,40.66
7,45.96,93.12,40.66
2,43.73,91.94,46.28
143,43.05,97.38,40.6
282,42.81,96.93,40.8
214,43.03,96.93,40.36
395,42.71,96.09,40.64
292,42.75,96.53,40.36
480,42.58,95.65,40.68
398,42.51,95.67,40.36
41,47.31,90.76,41.85
35,46.92,90.76,42.51
43,46.43,90.76,43.14
55,46.01,90.76,43.77
15,45.44,90.76,44.4
4,44.57,90.76,45.03
2,43.78,90.76,45.65
97,46.89,90.76,41.34
137,46.88,90.76,40.95
153,46.42,90.76,40.59
3,45.76,93.36,40.46
104,46.02,91.2,40.46
36,46.09,91.99,40.46
24,45.89,92.24,40.46
9,45.93,92.68,40.46
17,45.72,92.92,40.46
2,43.53,91.89,45.65
142,43.25,96.92,40.52
2,45.64,94.48,43.61
2,45.8,93.8,43.61
2,45.6,94.04,43.93
2,45.4,94.28,43.93
2,45.36,93.84,44.24
2,45.36,93.84,44.55
2,45.16,94.08,44.55
2,45.16,94.08,44.24
4,44.9,93.66,45.02
4,44.42,93.26,45.65
3,44.04,92.87,46.27
3,43.73,92.8,45.65
4,43.53,92.79,45.02
2,45.06,95.42,42.52
3,44.21,95.5,42.52
2,45.46,94.94,43.15
3,43.95,95.14,43.15
2,44.58,95.02,43.15
2,44.98,94.54,43.77
3,44.13,94.62,43.77
4,43.92,94.2,44.4
3,44.5,94.14,44.4
4,44.08,93.74,45.02
3,43.9,93.31,45.65
2,44,91.97,46.27
2,46,93.56,43.3
4,45.76,93.36,43.93
3,45.76,93.36,43.61
2,45.56,93.6,43.93
2,45.56,93.6,43.61
7,45.3,93.18,44.4
9,44.82,92.78,45.02
5,44.33,92.38,45.65
2,44.28,91.51,46.27
2,46.4,93.09,42.99
5,46.4,93.09,43.3
2,46.2,93.32,42.99
2,46.2,93.32,43.3
14,46.16,92.88,43.93
10,46.16,92.88,43.61
8,45.96,93.12,43.93
5,45.96,93.12,43.61
16,45.71,92.7,44.4
13,45.23,92.3,45.02
6,44.75,91.9,45.65
2,46.2,93.32,41.43
2,46.29,93.1,41.19
2,46.39,92.98,41.19
2,46.19,93.21,41.19
2,46.09,93.33,41.19
2,46.19,93.21,41.04
2,46.09,93.33,41.04
6,46.16,92.88,40.87
9,45.96,93.12,40.87
4,46.97,91.93,42.05
5,46.97,91.93,41.74
3,46.77,92.17,42.05
4,46.77,92.17,41.74
14,47.37,91.45,41.74
10,47.37,91.45,42.05
6,47.17,91.69,42.05
23,47.32,91.13,41.88
9,47.17,91.69,41.74
48,47.13,91.27,41.43
36,46.93,91.49,41.43
64,46.9,91.14,41.43
2,46.81,92.61,42.36
4,46.81,92.61,42.68
2,46.61,92.85,42.68
7,46.99,92.15,42.52
17,46.91,91.32,42.52
19,46.57,92.41,43.3
11,46.57,92.41,42.99
6,46.37,92.65,42.99
12,46.37,92.65,43.3
25,46.51,91.75,43.15
34,46.44,91.16,43.15
26,46.11,92.22,43.77
40,46.03,91.37,43.77
22,45.51,91.18,44.4
24,45.63,91.82,44.4
11,45.15,91.45,45.02
5,44.68,91.21,45.65
4,46.57,92.41,41.43
5,46.37,92.65,41.43
5,46.57,92.41,41.11
4,46.37,92.65,41.11
25,46.73,91.73,41.43
55,46.69,91.29,41.43
73,46.69,91.29,41.11
39,46.73,91.73,41.11
17,46.53,91.97,41.43
25,46.53,91.97,41.11
19,46.33,92.21,40.87
19,46.13,92.44,40.87
93,46.45,91.16,40.87
64,46.49,91.53,40.87
48,46.29,91.76,40.87
2,43.46,91.14,55.82
2,43.46,91.11,54.94
5,43.25,92.87,55.01
5,43.25,93.8,54.38
4,43.25,93.4,55.02
2,43.05,93.8,55.02
4,43.25,94.24,54.35
2,43.09,94.7,54.39
4,43.25,93.8,53.76
4,43.25,94.28,53.76
4,43.53,100.94,50.63
3,43.99,101.73,53.21
3,44.17,101.26,53.7
5,44.5,100.78,53.9
2,43.78,102.19,51.74
3,43.7,101.68,51.91
3,43.98,101.72,52.52
3,43.71,101.71,51.21
2,43.79,102.19,51.47
3,43.72,101.73,50.79
2,44.03,103.5,51.29
2,44.47,103.9,51.27
2,44.47,103.9,51.9
3,44.37,103.02,52.53
3,44.29,102.14,52.52
3,44.36,103.02,53.21
4,44.3,102.14,53.21
3,44.87,103.42,52.52
4,44.87,103.42,53.21
5,44.76,102.54,53.7
5,44.67,101.66,53.7
6,45.26,102.94,53.7
7,45.15,102.06,53.9
7,45.05,101.18,53.9
7,45.65,102.47,53.9
2,44.95,104.3,51.9
2,44.95,104.3,51.27
2,45.42,104.71,51.9
2,45.42,104.71,51.27
3,45.35,103.83,52.52
4,45.35,103.83,53.21
3,45.83,104.23,52.52
4,45.83,104.23,53.21
6,45.74,103.35,53.7
5,46.22,103.75,53.7
7,46.14,102.87,53.9
6,46.63,103.27,53.9
3,46.3,104.63,51.9
2,46.3,104.63,51.27
2,46.78,105.03,51.27
3,46.78,105.03,51.9
4,46.71,104.15,52.52
5,46.71,104.15,53.21
4,47.19,104.55,52.52
4,47.19,104.55,53.21
6,47.11,103.67,53.7
5,47.59,104.07,53.7
6,47.96,103.15,53.9
3,50.02,106.52,51.52
2,51.48,106.39,51.52
2,47.74,105.83,51.9
3,47.26,105.43,51.9
2,47.26,105.43,51.27
2,47.74,105.83,51.27
3,49.07,105.72,51.53
2,50.85,105.56,52.89
4,48.1,104.91,52.89
4,49.87,104.76,52.89
3,51.51,104.59,53.7
6,48.92,103.96,53.7
5,50.72,103.8,53.7
6,49.76,103,53.9
6,51.58,102.88,53.9
2,43.98,102.62,51.3
2,44.06,103.51,50.89
2,44.02,102.61,50.89
2,44.47,103.9,50.89
2,44.95,104.3,50.89
2,45.42,104.71,50.89
2,46.3,104.63,50.89
2,46.78,105.03,50.89
2,47.26,105.43,50.89
2,47.74,105.83,50.89
3,48.62,105.76,50.86
2,43.05,94.71,53.77
2,43.25,95.23,53.75
5,43.26,94.68,53.15
11,43.26,97.79,50.6
5,42.88,99.59,51.26
2,42.87,99.6,51.9
6,43.08,99.22,51.26
9,43.08,98.67,50.65
9,43.27,98.71,51.18
2,43.07,99.25,51.9
3,43.27,98.98,51.89
4,43.53,100.01,51.88
5,43.53,100.01,51.13
3,43.53,100.4,51.88
3,43.73,100.91,51.89
4,43.53,100.4,51.13
4,43.73,100.91,51.22
6,58.66,81.16,60.32
8,58.71,81.29,60.7
3,59.05,82.03,60.32
2,58.85,81.63,60.15
4,58.77,81.66,60.5
6,58.78,82.02,60.7
6,58.99,82.48,60.7
3,59.05,82.48,60.31
5,55.32,81.16,60.31
3,55.33,81.22,60.7
6,54.35,81.16,60.3
7,43.53,99.12,53.41
6,43.53,99.17,52.6
5,43.53,99.56,52.58
4,43.73,100,52.53
6,43.53,99.52,53.41
5,43.73,99.99,53.28
4,43.73,100.4,52.53
4,43.97,100.89,52.52
4,43.73,100.4,53.28
4,43.97,100.89,53.21
6,43.83,99.97,53.7
5,44.09,100.38,53.7
7,43.62,99.08,53.9
7,43.89,99.5,53.9
8,44.43,99.9,53.9
3,43.89,101.73,50.7
2,44.3,103.02,50.71
3,44.24,102.14,50.71
2,44.85,103.42,50.71
2,45.34,103.83,50.71
2,45.82,104.23,50.71
2,51.9,106.37,51.45
3,51.9,104.65,52.95
2,46.71,104.15,50.71
3,47.19,104.55,50.71
4,48.11,104.91,50.71
4,50.92,105.56,50.71
6,49.89,104.76,50.71
4,43.7,100.89,50.51
4,44.08,101.26,50.51
3,44.73,102.54,50.51
3,44.64,101.66,50.51
3,45.24,102.94,50.51
2,45.74,103.35,50.51
2,46.22,103.75,50.51
2,52.1,104.65,51.37
6,52.1,103.05,53.07
4,47.11,103.67,50.51
5,47.59,104.07,50.51
8,48.63,103.98,50.51
7,51.68,104.59,50.51
7,49.23,103.93,50.51
8,50.82,103.8,50.51
2,58.35,86.73,46.9
84,59.75,86.54,40.65
102,59.66,86.26,40.72
93,59.24,86.35,40.65
80,59.32,86.47,40.87
79,58.83,88.34,46.28
87,58.83,87.5,45.65
102,58.83,86.65,45.02
102,59.16,86.26,44.37
83,58.63,88.88,46.29
84,58.63,88.32,45.66
95,58.63,87.43,45.03
117,58.99,86.06,43.68
111,58.63,86.51,44.36
58,59.18,86.87,40.46
121,59.64,86.06,40.94
113,59.03,86.06,40.56
102,58.68,86.06,40.52
75,58.8,86.42,40.46
10,43.25,97.75,49.39
13,43.25,96.94,50
9,43.05,97.75,50.02
9,43.25,98.28,49.39
6,43.05,98.69,49.39
9,43.25,98.28,48.77
5,43.05,98.69,48.77
8,42.85,98.71,50.02
8,43.05,98.29,50.02
9,43.07,98.28,50.52
5,43.05,99.18,49.39
5,42.87,99.6,49.4
4,43.05,100.13,49.4
4,43.05,99.18,48.77
3,43.05,100.13,48.77
2,43.05,101.82,48.15
2,43.05,100.94,48.15
4,42.76,100.95,49.4
3,42.79,101.83,49.4
2,42.76,100.95,48.77
2,42.61,103.18,49.4
2,42.53,102.3,49.4
8,42.67,99.18,50.02
6,42.72,100.04,50.02
8,42.68,99.18,50.65
6,42.72,100.04,50.65
5,42.72,100.04,51.27
2,42.72,100.04,51.9
5,42.43,100.53,50.02
4,42.48,101.41,50.02
5,42.43,100.53,50.65
4,42.48,101.41,50.65
2,42.43,100.53,51.9
2,42.48,101.41,51.9
4,42.43,100.53,51.27
3,42.48,101.41,51.27
2,42.15,102.77,50.02
3,42.07,101.89,50.02
2,42.15,102.77,50.65
3,42.07,101.89,50.65
2,42.15,102.77,51.27
2,42.07,101.89,51.27
2,41.75,103.25,50.02
2,41.83,104.13,50.02
2,41.75,103.25,50.65
2,41.83,104.13,50.65
11,43.25,97.75,48.77
3,42.87,99.6,48.77
10,43.25,98.28,48.14
3,43.05,100.13,48.15
7,43.25,100.13,47.52
7,43.25,100.91,46.57
2,43.05,100.93,47.52
5,43.25,101.82,45.33
2,43.05,102.64,45.02
2,43.05,102.64,45.65
9,42.53,102.3,43.77
9,42.79,101.83,43.77
6,43.25,101.82,46.58
2,43.05,102.64,46.27
2,43.05,102.64,46.9
2,43.05,103.16,46.9
2,43.05,103.16,46.27
2,43.05,103.16,45.65
2,42.23,103.65,44.4
3,41.83,104.13,44.4
3,41.42,104.61,44.4
34,42.76,100.95,42.52
21,42.76,100.95,43.15
300,41.4,99.3,41.04
398,40.56,98.48,40.51
52,42.15,102.77,42.52
27,42.15,102.77,43.15
68,41.75,103.25,42.52
36,41.75,103.25,43.15
89,42.48,101.42,41.25
66,42.48,101.41,41.9
116,42.34,100.11,41.6
96,41.74,103.25,41.89
88,42.07,101.89,41.9
74,42.15,102.77,41.9
108,42.11,101.9,41.33
95,42.18,102.78,41.31
136,41.49,102.84,41.5
47,42.48,101.41,42.52
28,42.48,101.41,43.15
63,42.07,101.89,42.52
39,42.07,101.89,43.15
13,41.75,103.25,43.77
11,42.15,102.77,43.77
91,41.35,103.73,42.52
47,41.35,103.73,43.15
109,40.94,104.21,42.52
56,40.94,104.21,43.15
14,41.35,103.73,43.77
2,41.65,107.25,49.4
2,41.25,107.73,49.4
2,36.55,114.8,47.83
2,35.74,115.76,47.83
2,36.39,113.04,47.83
2,41.42,104.61,50.02
2,41.18,106.85,50.02
2,41.18,106.85,50.65
153,41.71,102.37,40.98
186,41.53,101.06,41.05
179,41.14,102.87,41.19
306,40.6,100.26,41.32
191,40.88,103.33,41.27
214,40.49,103.81,41.37
204,40.56,104.69,41.35
268,39.81,104.76,41.53
259,39.68,106.53,41.58
225,40.21,106.05,41.44
237,40.14,105.17,41.46
145,40.9,103.33,41.96
128,40.54,104.69,42.52
158,40.52,103.81,42.04
151,40.59,104.69,42.02
188,39.88,104.75,42.14
67,40.54,104.69,43.15
14,41.02,105.09,43.77
15,40.94,104.21,43.77
5,41.02,105.09,44.4
15,40.62,105.57,43.77
5,40.62,105.57,44.4
75,40.14,105.17,43.15
140,40.14,105.17,42.51
140,39.82,106.52,42.51
76,39.82,106.53,43.15
171,40.21,105.17,42.09
134,40.22,106.05,42.51
164,40.29,106.04,42.08
69,40.22,106.05,43.15
11,40.26,106.49,44.08
273,38.49,106.64,41.59
235,37.68,107.6,41.58
57,35.04,108.71,41.58
96,35.89,107.75,41.58
50,34.24,110.54,41.56
8,34.79,114.95,44.08
5,33.83,114.15,44.08
3,36.39,113.04,45.33
10,35.59,114,44.08
5,34.63,113.19,44.08
2,36.39,113.04,46.58
3,36.55,114.8,45.33
2,36.55,114.8,46.58
2,35.74,115.76,46.58
3,35.74,115.76,45.33
46,33.03,112.41,41.54
6,33.48,112.4,43.45
20,32.33,115.91,43.05
2,33.59,115.99,45.93
4,32.36,119.15,45.72
9,36.89,108.56,44.08
10,35.13,108.71,42.82
6,36.09,109.52,44.08
2,37.04,110.32,45.33
2,36.24,111.28,45.33
2,35.44,112.23,45.33
7,34.5,110.54,43.45
100,38.5,106.64,42.82
77,37.69,107.6,42.82
12,38.5,106.64,44.08
11,37.69,107.6,44.08
21,35.93,107.75,42.82
294,40.16,101.14,40.56
235,40.8,102.01,40.51
371,40.01,99.42,40.55
262,40.08,104.29,40.55
266,40.05,103.01,40.56
285,39.52,104.79,40.58
305,39.45,102.82,40.58
276,39.29,105.69,40.58
335,37.51,105.84,40.59
331,36.67,106.8,40.58
100,33.65,107.9,40.58
219,34.72,106.95,40.58
25,32.19,108.99,40.57
13,31.34,112.32,42.34
2,31.35,115.76,45.33
91,59.47,92.55,46.6
115,59.06,92.51,47.87
135,58.83,92.31,49.16
136,58.83,91.6,49.16
99,58.83,90.72,47.86
93,58.83,89.73,47.86
82,58.83,88.89,46.91
70,59.33,92.7,45.36
94,58.88,92.69,46.62
119,58.63,92.48,47.92
111,58.63,91.71,47.91
71,58.63,90.79,46.59
7,58.36,92.2,42.79
78,58.63,89.74,46.61
70,58.63,89.31,45.66
141,60.58,86.06,41.24
104,60.65,86.47,40.65
32,59.76,87.34,40.46
47,60.26,86.92,40.66
68,59.8,86.66,40.86
89,60.66,86.57,45.33
138,60.58,86.06,42.69
107,60.61,86.26,44.06
121,59.63,86.06,43.02
97,59.74,86.26,43.74
74,59.4,87.07,45.02
79,59.81,86.64,44.4
89,59.3,86.47,43.77
89,59.09,86.7,44.4
65,60.29,86.99,44.4
57,59.89,87.47,45.02
72,59.12,87.53,45.02
62,59.45,87.95,45.65
71,59.16,88.44,46.27
186,61.7,86.06,41.23
214,62.58,86.26,41.39
96,61.61,86.92,40.66
206,62.58,86.41,40.65
196,62.04,86.23,40.46
24,60.31,87.78,40.46
28,60.76,87.34,40.66
213,63.3,87.53,42.72
192,63.1,86.69,42.78
160,62.49,86.52,42.83
140,61.64,86.26,42.78
118,63.1,87.63,44.06
139,62.81,86.8,44.08
87,61.61,86.94,44.08
54,60.77,87.39,44.4
71,62.47,87.68,45.33
53,60.81,87.83,45.33
53,59.96,88.35,45.65
62,58.63,90.24,45.66
55,61.76,88.64,46.58
73,60.96,89.59,47.83
93,60.16,90.55,49.08
12,59.52,93.46,42.78
45,59.51,92.8,44.08
32,59.69,93.36,44.08
58,59.98,93.3,45.36
71,59.64,92.67,45.33
76,60.43,92.45,46.58
51,61.11,91.35,47.83
11,59.73,94.16,42.81
15,60.08,95.08,42.83
23,60.5,94.07,44.08
47,61.27,93.12,45.33
40,62.08,92.16,46.58
28,62.78,94.71,42.79
16,61.42,94.88,42.83
34,63.12,94.62,42.84
56,63.3,92.91,42.82
24,62.18,93.92,44.08
39,63.1,92.96,44.08
35,62.7,92.98,45.33
118,63.3,89.54,42.76
112,63.1,88.47,42.8
63,63.1,89.57,44.07
73,62.87,88.52,44.08
47,62.57,89.42,45.33
44,61.98,90.4,46.58
80,63.3,91.19,42.79
46,63.1,91.2,44.08
37,62.65,91.23,45.33
100,59.45,91.52,47.83
111,59.1,92.27,47.83
78,60.01,91.98,46.58
50,60.77,87.39,43.77
42,60.37,87.87,44.4
47,59.96,88.35,45.02
71,59.06,90.68,46.57
69,60,88.79,46.58
96,59.36,89.75,47.83
79,59.01,88.89,46.9
56,59.56,88.83,45.65
252,63.3,87.52,41.26
167,63.02,87.48,40.46
189,62.93,86.69,40.66
221,63.1,86.69,41.4
4,59.52,93.47,41.28
3,59.77,93.42,40.45
4,59.73,94.16,41.41
7,60.08,95.08,41.49
3,60.43,94.11,40.65
11,61.25,93.15,40.46
80,63.3,92.9,41.32
51,63.14,94.42,41.41
5,61.42,94.88,41.49
37,62.79,94.7,41.47
27,62.23,93.9,40.66
37,62.94,92.93,40.46
148,63.3,89.56,41.27
145,63.1,88.46,41.41
106,63.3,91.21,41.31
88,62.98,88.48,40.66
33,62.88,91.15,40.46
58,62.78,89.39,40.46
25,61.85,88.55,40.46
24,61.26,87.76,40.66
59,62.34,87.65,40.66
36,60.41,88.7,40.46
20,60.84,88.25,40.66
6,58.85,92.65,40.44
5,58.89,92.42,40.44
8,58.9,92.7,40.59
5,58.61,92.62,40.61
6,58.57,92.55,40.65
4,58.68,92.38,40.45
67,57.97,91.08,40.82
2,58.2,92.51,42.92
3,58.24,92.67,41.89
3,58.43,92.55,41.97
5,59.29,92.69,40.44
4,59.34,92.7,40.6
8,58.5,92.06,40.45
5,58.51,92.55,40.57
22,57.58,91.28,40.85
15,57.09,91.14,41.27
10,57.15,91.7,41.27
5,57.23,92.58,41.27
6,58.2,92.27,40.6
8,57.64,92.11,40.86
6,58.36,92.42,40.75
9,58.44,92.55,41.24
6,57.99,92.54,40.82
7,58.24,92.66,41.24
2,57.54,93.22,41.56
6,57.09,91.14,41.9
8,57.15,91.7,41.9
4,57.23,92.58,41.9
3,57.56,91.28,42.52
4,57.65,92.1,42.5
2,58.16,91.49,43.16
4,57.11,90.96,41.87
10,57.99,91.08,42.37
2,57.67,90.95,42.53
93,58.15,91.09,40.58
19,58.06,91.61,40.63
150,58.19,90.98,40.58
34,57.61,90.95,41.21
111,58.06,90.92,40.74
48,58.43,91.14,40.45
2,58.36,91.6,42.69
207,58.37,90.82,40.61
60,58.2,90.75,41.11
4,57.69,90.76,41.82
3,58.24,90.76,42.38
2,58.35,90.92,42.52
5,43.05,98.69,48.15
4,43.05,99.59,48.15
4,43.05,99.18,48.15
215,42.73,98.3,40.38
115,43.05,97.76,40.67
6,43.05,101.81,43.77
3,43.05,101.81,44.4
16,43.05,100.94,42.51
11,43.05,100.94,43.14
34,43.05,100.13,41.53
75,43.05,99.1,40.66
10,43.25,98.69,47.52
8,43.25,99.59,47.52
9,43.25,99.18,47.52
6,43.25,100.91,45.35
55,43.25,97.75,41.1
113,43.25,98.28,40.48
8,43.25,100.94,43.76
7,43.25,100.94,44.39
12,43.25,100.13,42.8
35,43.25,99.1,41.43
397,42.6,96.57,40.85
523,42.07,96.14,40.81
467,41.72,95.73,40.41
474,41.44,96.19,40.44
98,42.71,99.14,41.57
209,42.61,98.3,40.85
154,42.82,97.78,41.27
418,42.33,97,40.93
268,42.55,97.42,41.27
542,41.67,96.61,40.94
468,42.05,97.03,40.81
309,41.97,98.36,40.84
429,41.4,97.52,40.44
4,43.73,95.18,42.52
4,43.73,93.32,45.02
4,43.73,94.62,43.14
5,43.73,94.21,43.77
5,43.73,93.73,44.4
239,42.79,96.94,41.27
519,42.33,95.67,40.74
4,43.53,95.18,41.85
6,43.53,94.62,42.51
5,43.53,93.32,44.4
6,43.53,94.22,43.14
6,43.53,93.73,43.77
78,43.25,96.93,41.13
31,47.31,90.96,41.87
26,46.92,90.96,42.51
37,46.43,90.96,43.14
48,46.02,90.96,43.77
18,45.46,90.96,44.4
7,44.63,90.96,45.02
3,43.94,90.96,45.65
3,43.98,91.24,45.65
79,46.89,90.96,41.39
109,46.89,90.96,41.05
124,46.43,90.96,40.76
3,45.36,93.84,40.66
3,44.71,94.12,40.66
9,45.76,93.36,40.66
6,45.56,93.6,40.66
82,46.03,91.31,40.65
38,46.09,92,40.66
42,45.89,92.24,40.66
23,45.93,92.68,40.66
40,45.72,92.92,40.66
3,43.73,91.95,45.65
379,42.8,96.07,40.79
170,43.05,96.92,40.67
268,42.99,96.08,40.37
476,42.65,95.65,40.82
376,42.81,95.66,40.36
527,42.66,95.2,40.66
546,41.34,95.32,40.45
501,42.14,95.25,40.38
45,46.9,90.76,41.86
39,46.43,90.76,42.5
45,46.02,90.76,43.14
52,45.45,90.76,43.77
9,44.58,90.76,44.39
4,43.81,90.76,45.02
2,43.53,91.08,45.66
128,46.43,90.76,41.11
148,45.99,90.76,40.58
5,45.11,93.64,40.46
2,44.42,93.92,40.46
23,45.52,93.16,40.46
16,45.32,93.4,40.46
120,45.49,90.94,40.46
54,45.62,91.78,40.46
31,45.69,92.48,40.46
50,45.48,92.72,40.46
4,43.53,91.9,45.02
195,43.25,96.06,40.52
2,45.64,94.48,42.99
2,45.4,94.28,43.61
2,45.64,94.48,43.3
2,45.8,93.8,43.3
2,45.6,94.04,43.61
2,45.36,93.84,43.93
2,45.36,93.84,43.61
2,45.16,94.08,43.93
2,45.16,94.08,43.61
4,44.9,93.66,44.4
6,44.42,93.26,45.02
4,44.04,92.87,45.65
5,43.73,92.8,45.02
6,43.53,92.79,44.4
2,45.04,95.2,42.05
2,44.84,95.44,42.05
2,44.21,95.5,41.9
3,43.95,95.14,42.52
2,44.58,95.02,42.52
2,44.98,94.54,43.15
3,44.13,94.62,43.15
4,43.92,94.2,43.77
3,44.5,94.14,43.77
5,44.08,93.74,44.4
5,43.9,93.31,45.02
2,45.6,94.04,41.43
2,45.4,94.28,41.43
5,45.36,93.84,40.87
2,45.16,94.08,40.87
2,44.96,94.32,41.11
2,44.56,94.8,41.43
2,44.52,94.36,40.87
8,44.72,94.12,40.87
4,44,91.97,45.65
4,46,93.56,42.05
4,45.8,93.8,42.05
5,46,93.56,41.74
5,45.8,93.8,41.74
2,46,93.56,42.36
2,45.76,93.36,42.99
2,45.76,93.36,43.3
2,45.56,93.6,42.99
2,45.56,93.6,43.3
5,45.3,93.18,43.77
11,44.82,92.78,44.4
8,44.33,92.38,45.02
3,46,93.56,41.43
2,45.8,93.8,41.43
3,45.99,93.45,41.19
3,45.89,93.57,41.19
2,45.99,93.45,41.04
2,45.89,93.57,41.04
11,45.76,93.36,40.87
9,45.56,93.6,40.87
4,44.28,91.51,45.65
2,46.4,93.09,42.05
3,46.2,93.32,42.05
2,46.4,93.09,41.74
4,46.2,93.32,41.74
2,46.2,93.32,42.36
3,46.16,92.88,42.99
6,46.16,92.88,43.3
2,45.96,93.12,42.99
3,45.96,93.12,43.3
12,45.71,92.7,43.77
18,45.23,92.3,44.4
11,44.75,91.9,45.02
9,46.16,92.88,41.43
17,45.96,93.12,41.43
7,46.16,92.88,41.11
11,45.96,93.12,41.11
30,45.93,92.68,40.87
51,45.72,92.92,40.87
3,46.57,92.41,42.05
6,46.37,92.65,42.05
4,46.57,92.41,41.74
7,46.37,92.65,41.74
8,46.73,91.73,42.05
13,46.73,91.73,41.74
7,46.53,91.97,42.05
11,46.53,91.97,41.74
21,46.91,91.32,41.9
5,46.57,92.41,42.68
3,46.57,92.41,42.36
3,46.37,92.65,42.36
3,46.37,92.65,42.68
23,46.44,91.16,42.52
11,46.51,91.75,42.52
14,46.11,92.22,43.15
29,46.03,91.37,43.15
39,45.51,91.18,43.77
28,45.63,91.82,43.77
21,45.15,91.45,44.4
9,44.68,91.21,45.02
15,46.33,92.21,41.43
24,46.13,92.44,41.43
17,46.33,92.21,41.11
21,46.13,92.44,41.11
41,46.49,91.53,41.43
73,46.45,91.16,41.27
54,46.49,91.53,41.11
34,46.29,91.76,41.43
42,46.29,91.76,41.11
39,46.09,92,40.87
53,45.89,92.24,40.87
74,46.03,91.37,40.87
2,43.29,87.45,60.97
2,43.29,87.55,60.94
2,43.51,91.08,55.98
2,43.25,89.83,57.53
2,43.44,91.31,55.56
2,43.54,91.04,55.7
3,43.37,90.79,55.82
2,43.25,91.23,56.36
2,43.44,91.31,55.12
3,43.37,90.78,54.94
2,43.25,92.12,55.67
6,43.25,92.12,55
7,43.25,92.86,54.39
4,43.05,92.86,55.02
6,43.25,93.4,54.39
4,43.05,93.81,54.39
3,43.05,93.4,55.02
3,43.06,94.26,54.37
2,42.92,94.73,54.44
7,43.25,93.8,53.15
5,43.25,93.4,53.77
2,43.05,93.81,53.77
6,43.25,94.25,53.17
2,43.05,94.29,53.77
8,43.25,94.2,52.55
17,43.25,96.05,50
4,54.35,81.25,60.7
5,43.53,99.99,50.61
4,43.53,100.4,50.61
4,43.72,100.93,50.79
4,44.25,101.26,53.21
5,44.59,100.78,53.7
9,44.96,100.3,53.9
7,51.94,101.92,53.9
3,43.96,101.75,51.88
4,44.25,101.26,52.52
3,43.98,101.75,51.28
3,43.99,101.73,50.89
2,44.39,103.02,51.9
3,44.3,102.14,51.9
2,44.37,103.02,51.26
2,44.87,103.42,51.27
3,44.87,103.42,51.9
4,44.79,102.54,52.52
4,44.71,101.66,52.52
5,44.79,102.54,53.21
5,44.71,101.66,53.21
4,45.27,102.94,52.52
5,45.27,102.94,53.21
6,45.18,102.06,53.7
7,45.09,101.18,53.7
7,45.66,102.47,53.7
9,45.48,100.71,53.9
8,45.57,101.59,53.9
8,46.06,101.99,53.9
3,45.35,103.83,51.9
2,45.35,103.83,51.27
3,45.83,104.23,51.9
2,45.83,104.23,51.27
5,45.75,103.35,52.52
5,45.75,103.35,53.21
5,46.23,103.75,52.52
5,46.23,103.75,53.21
7,46.15,102.87,53.7
6,46.63,103.27,53.7
7,46.99,102.35,53.9
4,46.71,104.15,51.9
3,46.71,104.15,51.27
4,47.19,104.55,51.27
4,47.19,104.55,51.9
6,47.11,103.67,52.52
6,47.11,103.67,53.21
5,47.59,104.07,52.52
5,47.59,104.07,53.21
7,47.95,103.15,53.7
7,48.77,102.2,53.9
5,50.85,105.56,51.52
4,48.11,104.91,51.57
6,49.87,104.76,51.52
4,51.43,104.61,52.91
6,48.91,103.96,52.89
6,50.71,103.8,52.88
7,49.73,103,53.7
7,50.63,102.04,53.9
6,51.44,102.88,53.7
3,44.31,102.14,51.27
2,44.36,103.02,50.89
3,44.31,102.14,50.89
2,44.87,103.42,50.89
2,45.35,103.83,50.89
2,45.83,104.23,50.89
3,46.71,104.15,50.89
3,47.19,104.55,50.89
4,48,104.92,50.88
10,43.25,93.79,52.54
2,42.88,94.72,53.78
2,43.05,95.24,53.76
3,43.08,94.7,53.14
4,43.25,95.2,53.2
7,43.26,94.63,52.6
2,43.25,96.08,53.2
9,43.25,94.62,51.19
16,43.25,96.09,50.57
14,43.25,96.91,50.58
11,43.09,97.78,50.62
11,43.27,97.84,51.16
7,43.52,99.14,51.07
6,42.69,99.17,51.27
9,42.88,98.68,50.68
3,42.69,99.17,51.9
8,43.12,98.66,51.25
8,43.33,98.66,51.44
3,43.13,98.88,51.89
3,43.36,98.82,51.9
4,43.51,99.17,51.87
4,43.53,99.58,51.87
4,43.73,100,51.89
7,43.53,99.55,51.11
5,43.73,100,51.22
4,43.97,100.89,51.9
4,43.73,100.4,51.89
4,43.73,100.4,51.22
4,43.97,100.89,51.27
5,56.8,81.16,60.31
5,57.78,81.16,60.31
8,56.83,81.34,60.7
7,57.8,81.32,60.7
3,58.65,81.16,59.6
4,58.49,81.36,60.15
6,58.53,81.48,60.5
7,58.31,81.6,60.7
3,58.6,82.17,60.5
3,58.8,82.61,60.5
7,58.39,82.54,60.7
7,58.83,82.97,60.7
2,58.85,82.6,60.15
3,59.05,83.05,60.31
5,55.33,81.16,59.55
6,54.88,81.16,60.31
4,55.91,81.16,60.31
7,55.34,81.36,60.14
9,55.35,81.42,60.5
6,54.87,81.44,60.7
7,55.83,81.39,60.7
5,55.34,81.16,58.86
7,54.38,81.16,59.55
7,54.39,81.16,58.87
6,53.9,81.16,60.3
9,54.42,81.36,60.14
5,55.35,81.16,58.2
6,43.51,98.28,52.55
8,43.53,98.56,53.42
7,43.73,99.1,53.29
6,43.52,98.67,52.69
6,43.71,99.1,52.53
5,43.73,99.53,52.54
5,43.94,99.97,52.52
6,43.73,99.51,53.28
5,43.94,99.97,53.21
4,44.18,100.38,52.52
5,44.18,100.38,53.21
8,43.8,99.08,53.71
7,44.03,99.5,53.7
8,44.51,99.9,53.7
11,43.83,98.63,53.9
12,44.36,99.02,53.9
13,44.9,99.42,53.9
4,43.86,100.89,50.7
4,44.19,101.26,50.71
3,44.77,102.54,50.71
3,44.69,101.66,50.71
2,45.26,102.94,50.71
2,45.75,103.35,50.71
2,46.23,103.75,50.71
5,51.9,104.65,51.47
6,51.9,103.05,52.97
4,47.11,103.67,50.71
5,47.59,104.07,50.71
7,48.62,103.98,50.71
6,51.52,104.59,50.71
8,49.21,103.93,50.71
8,50.73,103.8,50.71
5,43.66,99.97,50.51
4,43.97,100.38,50.51
5,44.55,100.78,50.51
4,45.08,101.18,50.51
3,45.16,102.06,50.51
3,45.66,102.47,50.51
2,46.14,102.87,50.51
3,46.63,103.27,50.51
7,52.1,103.06,51.34
7,52.1,101.92,53.06
7,47.96,103.15,50.51
7,49.77,103,50.51
8,51.59,102.88,50.51
2,58.35,85.81,46.59
2,58.35,86.73,46.27
2,58.08,85.41,45.65
4,58.35,85.81,45.65
50,59.31,86.99,40.66
98,59.75,86.26,41.12
95,59.19,86.26,40.75
88,58.87,86.26,40.72
70,58.98,86.58,40.65
79,59.3,86.47,41.27
66,59.09,86.69,40.87
74,58.83,88.89,46.28
73,58.83,88.34,45.65
82,58.83,87.5,45.02
99,58.83,86.65,44.38
101,59.16,86.26,43.74
76,58.63,88.88,45.66
76,58.63,88.32,45.03
88,58.63,87.45,44.4
120,59.63,86.06,42.35
116,58.99,86.06,43.02
108,58.63,86.52,43.72
40,58.83,87.35,40.46
120,59.63,86.06,41.67
73,58.63,86.5,40.56
108,58.99,86.06,40.99
13,43.25,96.94,49.39
8,43.05,97.75,49.39
12,43.05,96.94,50.02
10,42.82,97.78,50.03
6,42.85,98.71,49.4
7,43.05,98.28,49.39
6,43.05,98.28,48.77
4,42.85,98.71,48.77
9,42.62,98.3,50.02
10,42.63,98.29,50.65
6,42.67,99.18,49.4
5,42.72,100.04,49.4
4,42.67,99.18,48.77
3,42.72,100.04,48.77
5,42.43,100.53,49.4
3,42.48,101.41,49.4
3,42.43,100.53,48.77
2,42.48,101.41,48.77
2,42.15,102.77,49.4
3,42.07,101.89,49.4
2,42.07,101.89,48.77
2,41.75,103.25,49.4
9,42.24,98.77,50.02
7,42.32,99.65,50.02
8,42.24,98.77,50.65
6,42.32,99.65,50.65
6,42.24,98.77,51.27
5,42.32,99.65,51.27
2,42.32,99.65,51.9
6,41.92,100.13,50.02
4,42,101.01,50.02
5,41.92,100.13,50.65
4,42,101.01,50.65
2,41.92,100.13,51.9
2,42,101.01,51.9
4,41.92,100.13,51.27
3,42,101.01,51.27
3,41.67,102.37,50.02
3,41.59,101.49,50.02
2,41.67,102.37,50.65
3,41.59,101.49,50.65
2,41.59,101.49,51.9
2,41.67,102.37,51.27
3,41.59,101.49,51.27
2,41.27,102.85,50.02
2,41.35,103.73,50.02
2,41.27,102.85,50.65
2,41.35,103.73,50.65
2,41.27,102.85,51.27
12,43.25,97.75,48.14
7,43.05,97.75,48.77
13,43.25,96.94,48.77
2,42.87,99.6,48.15
3,42.85,98.71,48.15
2,42.67,99.18,48.15
5,43.05,98.28,48.15
11,43.25,98.28,47.52
12,42.76,100.95,43.77
4,42.76,100.95,44.4
3,43.05,100.13,47.52
8,43.25,100.1,46.6
3,43.05,100.91,46.57
2,42.79,101.83,44.4
2,43.05,101.82,45.33
2,42.53,102.3,44.4
16,42.07,101.89,43.77
14,42.48,101.41,43.77
4,42.48,101.41,44.4
6,42.07,101.89,44.4
3,43.05,101.82,46.58
3,42.15,102.77,44.4
4,41.75,103.25,44.4
4,41.35,103.73,44.4
5,40.94,104.21,44.4
61,42.32,100.11,42.83
261,41.47,99.28,41.77
455,40.46,98.48,41.33
452,39.86,97.66,40.56
83,41.67,102.37,42.52
49,41.67,102.37,43.15
98,41.27,102.85,42.52
59,41.27,102.85,43.15
110,41.67,102.37,41.89
124,41.76,102.37,41.42
146,41.64,101.05,41.77
130,41.28,102.86,41.9
91,41.56,101.05,42.83
267,40.74,100.22,41.96
19,41.27,102.85,43.77
18,41.67,102.37,43.77
6,41.67,102.37,44.4
7,41.27,102.85,44.4
120,40.87,103.33,42.52
70,40.87,103.33,43.15
133,40.47,103.81,42.52
77,40.47,103.81,43.15
20,40.87,103.33,43.77
7,40.87,103.33,44.4
21,40.47,103.81,43.77
7,40.47,103.81,44.4
304,40.12,101.14,41.48
217,40.75,102.01,41.31
419,39.95,99.42,41.48
251,40.07,104.29,41.47
266,40.04,103.02,41.48
290,39.52,104.79,41.58
338,39.44,102.82,41.57
281,39.29,105.69,41.56
186,40.23,103.06,42.08
147,40.06,104.29,42.52
174,40.14,104.29,42.1
83,40.06,104.29,43.15
153,39.66,104.77,42.5
84,39.66,104.77,43.15
13,40.1,104.73,44.08
113,39.31,105.68,42.81
13,39.3,105.69,44.08
228,37.53,105.84,41.58
151,36.71,106.8,41.58
21,33.97,107.91,41.56
47,34.88,106.95,41.57
13,32.9,109.02,41.53
11,32.32,112.4,43.02
2,34.33,113.56,45.96
2,32.35,115.96,45.71
4,35.93,107.75,44.08
3,34.17,107.91,42.82
2,35.13,108.71,44.08
66,37.54,105.84,42.82
39,36.73,106.8,42.82
10,37.54,105.84,44.08
7,36.73,106.8,44.08
7,34.97,106.95,42.82
380,39.39,99.47,40.58
319,39.57,101.27,40.58
307,39.15,103.93,40.58
334,39.02,102.17,40.58
325,38.33,104.88,40.59
357,36.51,105.04,40.58
310,35.64,105.99,40.58
20,32.2,107.13,40.57
65,33.17,106.15,40.57
2,31.34,109.14,42.34
68,59.47,92.55,45.35
93,59.06,92.51,46.6
115,58.83,92.3,47.87
108,58.83,91.59,47.86
70,58.83,90.74,46.58
8,58.21,92.17,42.67
74,58.83,89.72,46.59
63,58.83,89.31,45.65
45,59.33,92.7,44.06
66,58.89,92.69,45.33
92,58.63,92.48,46.62
77,58.63,91.72,46.62
57,58.63,90.81,45.65
15,58.4,92.43,42.33
49,58.63,90.79,45.04
65,58.63,89.81,45.66
53,58.63,90.23,45.03
60,58.63,89.31,45.03
72,60.64,86.65,40.84
114,60.61,86.26,41.39
68,59.82,86.63,41.26
45,59.25,87.8,40.46
42,60.29,86.99,40.87
33,59.84,87.42,40.66
47,59.4,87.07,40.87
89,60.66,86.57,44.08
109,60.61,86.26,42.78
97,59.74,86.26,43.1
77,59.81,86.64,43.77
71,59.4,87.07,44.4
88,59.3,86.47,43.15
86,59.09,86.7,43.77
61,60.29,86.99,43.77
52,59.89,87.47,44.4
67,59.12,87.53,44.39
57,59.45,87.95,45.02
71,59.01,88.89,46.27
63,59.16,88.44,45.65
65,61.47,87.13,40.84
172,62.49,86.52,41.49
150,61.95,86.41,40.65
147,61.64,86.26,41.39
83,60.01,89.2,40.46
56,59.88,88.27,40.46
29,60.77,87.39,40.87
27,60.34,87.84,40.66
141,63.1,87.63,42.79
151,62.81,86.8,42.83
90,61.61,86.94,42.83
76,62.47,87.68,44.08
44,61.25,87.79,43.77
47,61.25,87.79,44.4
34,60.84,88.27,43.77
38,60.84,88.27,44.4
46,61.76,88.64,45.33
44,60.44,88.75,45.02
51,60.44,88.75,45.65
59,58.83,90.21,45.65
62,60.96,89.59,46.58
85,60.16,90.55,47.83
53,60.04,89.23,45.65
45,60.04,89.23,45.02
18,59.51,92.8,42.79
12,59.69,93.36,42.81
32,59.99,93.25,44.08
45,59.65,92.67,44.08
61,60.43,92.45,45.33
56,61.11,91.35,46.58
12,60.5,94.07,42.83
28,61.27,93.12,44.08
34,62.08,92.16,45.33
19,62.18,93.92,42.83
38,63.1,92.94,42.83
30,62.7,92.98,44.08
67,63.1,89.57,42.81
83,62.87,88.52,42.83
46,62.57,89.42,44.08
38,61.98,90.4,45.33
53,63.1,91.2,42.82
34,62.65,91.23,44.08
78,59.45,91.52,46.58
55,59.06,90.69,45.65
88,59.1,92.27,46.58
59,60.02,91.98,45.34
27,59.32,92.7,42.78
47,60.77,87.39,43.15
37,60.37,87.87,43.77
40,59.96,88.35,44.4
46,59.06,90.69,45.02
48,59.56,88.83,45.02
71,59.36,89.75,46.58
57,59.21,89.31,45.65
115,62.86,87.58,40.66
174,63.1,87.62,41.4
167,62.81,86.8,41.49
4,59.51,92.8,41.27
4,59.69,93.36,41.4
3,59.91,93.32,40.63
4,60.35,92.52,40.45
4,59.92,92.05,40.45
5,60.5,94.07,41.49
12,61.27,93.13,40.65
18,62.21,92.15,40.46
22,62.18,93.92,41.49
54,63.1,92.93,41.43
36,62.79,92.96,40.66
79,63.1,89.59,41.4
106,62.87,88.52,41.49
72,63.1,91.22,41.43
42,62.73,91.17,40.66
13,62.02,90.36,40.46
41,62.64,89.43,40.66
16,60.95,89.57,40.46
24,61.79,88.59,40.66
47,62.13,87.72,40.82
26,61.25,87.79,40.87
42,60.43,88.73,40.66
22,60.84,88.27,40.87
13,59.26,91.53,40.45
5,59,92.5,40.58
4,58.99,92.32,40.58
13,58.89,92.69,41.08
5,59.07,92.54,40.74
9,58.61,92.62,41.14
5,58.76,92.47,40.74
10,58.56,92.55,41.24
4,58.76,92.28,40.59
5,58.65,92.42,40.75
69,58.08,91.14,40.82
44,57.97,91.09,41.27
21,58.88,92.69,41.75
15,58.62,92.62,41.85
14,58.58,92.55,41.87
2,57.97,92.5,42.79
4,57.98,92.54,41.88
8,58.53,92.55,42.1
5,58.36,92.42,41.88
4,59.43,92.55,40.57
7,59.33,92.7,41.46
4,59.48,92.56,40.73
9,58.5,92.01,40.61
5,58.52,92.42,40.69
14,58.04,91.61,40.85
18,57.56,91.29,41.27
7,58.21,92.24,40.83
9,58.38,92.42,41.26
8,57.63,92.1,41.27
7,57.98,92.53,41.27
11,57.56,91.29,41.9
6,57.94,91.6,42.49
8,57.64,92.1,41.89
8,58.19,91.63,42.59
13,58.08,91.14,42.34
21,57.97,91.08,41.9
7,57.6,90.95,41.87
9,58.09,90.93,42.41
11,58.19,91.04,42.48
71,58.43,91.23,40.6
154,58.22,90.97,40.74
70,58.05,90.92,41.21
274,58.49,90.89,40.63
4,58.38,91.67,42.4
111,58.37,90.81,41.17
4,58.34,90.99,42.3
8,58.19,90.76,41.81
4,43.05,98.69,47.52
3,43.05,99.59,47.52
4,43.05,99.18,47.52
2,43.05,100.91,45.35
70,43.05,97.75,41.21
98,43.05,98.28,40.66
8,43.05,100.94,43.77
5,43.05,100.94,44.39
15,43.05,100.13,42.82
34,43.05,99.1,41.52
13,43.25,97.75,47.52
8,43.25,100.1,45.31
10,43.25,99.05,46.57
29,43.25,97.75,41.81
35,43.25,98.28,41.43
9,43.25,100.13,44.08
13,43.25,99.1,42.8
93,42.82,97.78,41.9
390,42.49,96.53,41.26
180,42.54,97.41,41.9
534,42.04,96.14,41.31
573,41.6,95.73,40.97
489,41.11,96.22,40.47
573,41.33,96.19,41.06
47,42.71,99.14,42.83
437,42.11,97.02,41.3
554,41.68,96.61,41.39
226,42.22,98.34,41.61
496,41.25,97.52,41.08
485,40.36,96.73,40.52
502,40.74,95.81,40.5
4,43.73,95.18,41.88
5,43.73,94.62,42.52
6,43.73,93.32,44.4
5,43.73,94.22,43.14
6,43.73,93.73,43.77
538,41.02,95.35,40.48
602,41.26,95.32,41.1
147,42.79,96.94,41.9
353,42.76,96.07,41.25
115,43.05,96.93,41.22
586,41.98,95.25,40.85
501,42.44,95.65,41.25
7,43.53,94.62,41.87
8,43.53,94.22,42.52
7,43.53,93.74,43.15
7,43.53,93.32,43.77
43,43.25,96.93,41.83
114,43.25,96.05,41.15
2,43.73,94.62,41.22
34,46.9,90.96,41.89
30,46.43,90.96,42.51
37,46.02,90.96,43.14
43,45.46,90.96,43.77
13,44.63,90.96,44.39
6,43.95,90.96,45.02
2,43.73,91.22,45.65
6,43.98,91.23,45.02
98,46.43,90.96,41.21
115,46.01,90.96,40.76
25,45.12,93.64,40.66
11,44.91,93.88,40.66
4,43.81,94.2,40.65
6,44.24,94.16,40.66
20,44.46,93.92,40.66
53,45.52,93.16,40.66
46,45.32,93.4,40.66
95,45.51,91.09,40.65
76,45.63,91.81,40.66
68,45.69,92.48,40.66
107,45.48,92.72,40.66
5,43.73,91.95,45.02
256,43.05,96.06,40.67
510,42.77,95.17,40.8
480,42.95,95.17,40.38
633,42.5,94.76,40.71
654,41.6,94.85,40.42
649,42.41,94.79,40.37
7,43.53,94.22,41.17
56,46.43,90.76,41.84
44,46.02,90.76,42.5
49,45.45,90.76,43.14
37,44.58,90.76,43.77
6,43.81,90.76,44.4
4,43.53,91.09,45.02
129,46,90.76,41.1
139,45.43,90.76,40.58
140,45.03,90.76,40.54
5,43.53,94.21,40.62
11,44.65,93.68,40.46
29,44.87,93.44,40.46
11,43.87,93.74,40.46
74,45.28,92.96,40.46
64,45.08,93.2,40.46
89,45.1,91.29,40.46
93,45.22,92.29,40.46
6,43.53,91.92,44.4
356,43.25,95.25,40.52
4,45.6,94.04,41.74
3,45.4,94.28,41.74
2,45.8,93.8,42.36
2,45.4,94.28,42.05
3,45.6,94.04,42.05
2,45.38,94.06,43.15
3,44.9,93.66,43.77
7,44.42,93.26,44.4
6,44.04,92.87,45.02
7,43.73,92.8,44.4
8,43.53,92.8,43.77
2,45.2,94.52,42.05
2,45,94.76,42.05
2,45,94.76,41.74
2,45.2,94.52,41.74
4,44.96,94.32,41.43
2,44.76,94.56,41.43
3,43.95,95.14,41.9
3,44.58,95.02,41.9
2,44.98,94.54,42.52
4,44.13,94.62,42.52
5,43.92,94.2,43.15
3,44.5,94.14,43.15
5,44.08,93.74,43.77
6,43.9,93.31,44.4
16,45.36,93.84,41.43
9,45.16,94.08,41.43
8,45.36,93.84,41.11
4,45.16,94.08,41.11
38,45.12,93.64,40.87
19,44.92,93.88,40.87
4,44.52,94.36,41.11
13,44.72,94.12,41.11
2,44.13,94.62,41.27
11,43.92,94.2,40.87
10,44.28,94.16,40.87
35,44.48,93.92,40.87
6,44,91.96,45.02
31,45.76,93.36,42.05
29,45.56,93.6,42.05
41,45.76,93.36,41.74
40,45.56,93.6,41.74
11,45.76,93.36,42.36
3,45.76,93.36,42.68
10,45.56,93.6,42.36
3,45.56,93.6,42.68
4,45.3,93.18,43.15
10,44.82,92.78,43.77
12,44.33,92.38,44.4
23,45.76,93.36,41.43
22,45.56,93.6,41.43
14,45.76,93.36,41.11
13,45.56,93.6,41.11
67,45.52,93.16,40.87
62,45.32,93.4,40.87
8,44.28,91.51,45.02
12,46.16,92.88,42.05
23,45.96,93.12,42.05
15,46.16,92.88,41.74
29,45.96,93.12,41.74
5,46.16,92.88,42.36
2,46.16,92.88,42.68
8,45.96,93.12,42.36
2,45.96,93.12,42.68
7,45.71,92.7,43.15
17,45.23,92.3,43.77
17,44.75,91.9,44.4
44,45.93,92.68,41.43
75,45.72,92.92,41.43
35,45.93,92.68,41.11
60,45.72,92.92,41.11
90,45.69,92.48,40.87
140,45.49,92.72,40.87
11,46.33,92.21,42.05
25,46.13,92.44,42.05
15,46.33,92.21,41.74
31,46.13,92.44,41.74
25,46.49,91.53,41.74
16,46.49,91.53,42.05
17,46.29,91.76,42.05
32,46.45,91.16,41.89
25,46.29,91.76,41.74
10,46.11,92.22,42.52
24,46.03,91.37,42.52
34,45.51,91.18,43.15
19,45.63,91.82,43.15
30,45.15,91.45,43.77
16,44.68,91.21,44.39
38,46.09,92,41.43
65,45.89,92.24,41.43
39,46.09,92,41.11
60,45.89,92.24,41.11
64,46.03,91.37,41.27
90,45.52,91.18,40.87
90,45.63,91.82,40.87
6,43.25,92.86,53.77
2,43.25,88.94,58.77
3,43.45,90.24,55.82
2,43.45,90.26,54.94
2,43.28,87.26,61.13
2,43.29,87.39,61.08
2,43.28,87.16,61.02
2,43.28,87.54,60.71
2,43.26,86.88,61.08
2,43.66,91.02,55.87
2,43.51,90.24,55.97
2,43.25,89.42,58.15
2,43.25,89.82,56.92
2,43.25,89.42,57.53
2,43.05,89.83,57.52
2,43.25,90.36,56.94
3,43.3,90.31,55.82
2,43.27,90.78,55.94
2,43.25,90.39,56.39
2,43.49,91.19,55.51
2,43.32,91.31,55.56
3,43.36,90.72,55.7
2,43.31,91.22,55.82
2,43.26,91.17,55.99
2,43.26,91.54,55.65
2,43.06,91.19,56.31
7,43.27,90.76,54.77
3,43.3,90.31,54.94
3,43.32,91.31,55.12
6,43.31,91.22,54.94
5,43.26,91.55,55.04
8,43.27,91.24,54.74
8,43.25,92.09,54.36
4,43.06,92.09,55.01
3,42.83,92.9,55.02
4,43.05,92.86,54.39
17,43.25,96.05,49.39
4,43.05,93.4,54.39
3,42.85,93.83,54.4
2,42.63,93.41,55.02
2,42.69,94.3,54.4
8,43.25,93.4,53.15
5,43.05,93.81,53.15
3,43.05,93.4,53.77
2,42.85,93.83,53.77
4,43.06,94.27,53.17
8,43.25,94.21,51.9
7,43.06,94.24,52.53
22,43.25,95.23,50
20,43.25,95.15,50.57
17,43.05,96.05,50.01
23,43.25,94.67,50.6
10,43.25,94.23,51.23
27,43.25,94.69,50
9,54.43,81.45,60.5
7,54.39,81.16,58.21
9,53.31,81.16,60.31
22,53.33,81.28,60.7
8,53.89,81.5,60.7
7,43.53,99.11,50.6
6,43.53,99.51,50.61
5,43.72,99.99,50.78
4,43.72,100.4,50.78
4,43.97,100.89,50.89
5,44.64,100.78,53.21
9,45.01,100.3,53.7
12,45.4,99.82,53.9
7,51.76,101.92,53.7
7,51.44,101.08,53.9
4,44.25,101.26,51.9
5,44.64,100.78,52.52
4,44.25,101.26,51.27
4,44.25,101.26,50.89
3,44.79,102.54,51.9
4,44.71,101.66,51.9
3,44.79,102.54,51.27
3,45.27,102.94,51.27
4,45.27,102.94,51.9
5,45.12,101.18,52.52
5,45.19,102.06,52.52
6,45.19,102.06,53.21
6,45.12,101.18,53.21
5,45.67,102.47,52.52
6,45.67,102.47,53.21
9,45.5,100.7,53.7
7,45.58,101.59,53.7
7,46.07,101.99,53.7
11,45.9,100.23,53.9
9,45.98,101.11,53.9
9,46.47,101.51,53.9
4,45.75,103.35,51.9
3,45.75,103.35,51.27
4,46.23,103.75,51.9
3,46.23,103.75,51.27
6,46.15,102.87,52.52
6,46.15,102.87,53.21
6,46.63,103.27,52.52
6,46.63,103.27,53.21
8,46.99,102.35,53.7
9,47.8,101.39,53.9
5,47.11,103.67,51.9
5,47.11,103.67,51.27
5,47.59,104.07,51.27
5,47.59,104.07,51.9
7,47.95,103.15,52.89
8,48.76,102.2,53.7
7,49.59,101.24,53.9
7,51.43,104.61,51.51
7,48.91,103.96,51.53
8,50.71,103.8,51.53
8,49.71,103,52.89
7,50.56,102.04,53.7
7,51.35,102.85,52.9
4,44.71,101.66,51.27
3,44.79,102.54,50.89
3,44.71,101.66,50.89
2,45.27,102.94,50.89
2,45.75,103.35,50.89
3,46.23,103.75,50.89
4,47.11,103.67,50.89
5,47.59,104.07,50.89
7,48.47,104,50.86
9,43.05,93.8,52.53
13,43.25,93.79,51.26
9,43.25,93.78,51.9
12,43.25,93.4,52.53
9,43.25,92.86,53.15
7,43.26,94.6,51.9
2,42.91,94.71,53.1
3,43.07,95.22,53.18
6,43.1,94.68,52.54
2,43.07,96.08,53.18
3,43.26,95.59,53.08
5,43.27,95.09,52.62
2,43.27,96.96,52.64
3,43.27,96.08,52.64
10,43.07,94.69,51.25
15,43.07,96.1,50.6
13,43.07,96.91,50.61
18,43.26,95.58,50.68
11,43.27,95.03,51.14
14,43.27,96.94,51.13
15,43.27,96.1,51.13
3,42.24,98.77,51.9
11,42.87,97.8,50.67
7,42.64,98.29,51.28
10,43.14,97.82,51.24
11,43.32,97.84,51.44
8,43.51,98.63,50.97
6,43.71,99.09,51.21
9,43.5,98.26,51.16
7,42.92,98.66,51.29
3,42.91,98.72,51.89
6,43.27,98.56,51.56
10,43.42,98.32,51.44
3,43.34,98.7,51.88
3,43.48,98.82,51.9
8,43.49,98.75,51.44
3,43.51,98.88,51.93
4,43.69,99.1,51.88
4,43.94,99.97,51.9
5,43.73,99.53,51.89
6,43.73,99.52,51.21
5,43.94,99.97,51.27
4,44.18,100.38,51.9
4,44.18,100.38,51.27
5,55.35,81.16,57.55
3,56.77,81.16,59.55
3,57.74,81.16,59.57
5,56.75,81.36,60.15
4,57.66,81.36,60.15
6,56.76,81.53,60.5
5,57.68,81.5,60.5
10,56.36,81.71,60.7
8,57.34,81.66,60.7
2,56.77,81.16,58.87
2,57.75,81.16,58.89
2,58.48,81.36,59.47
3,58.42,81.6,60.04
4,58.16,81.77,60.5
7,57.86,82.1,60.7
3,58.24,82.67,60.5
4,58.65,83.07,60.5
8,57.94,83.07,60.7
8,58.5,83.49,60.7
2,58.85,83.15,60.15
5,59.05,84.4,60.32
14,59.05,86.17,60.29
42,59.05,87.81,60.27
53,59.06,89.62,60.26
9,58.72,84.42,60.7
16,58.78,86.17,60.7
45,58.83,87.89,60.7
74,58.87,89.64,60.71
6,54.9,81.16,59.55
4,55.9,81.16,59.55
6,55.35,81.36,59.45
9,54.92,81.36,60.14
8,55.37,81.54,60.04
6,55.9,81.36,60.15
11,54.92,81.62,60.5
8,55.82,81.57,60.5
10,54.42,81.92,60.7
11,55.39,81.83,60.7
6,54.91,81.16,58.86
4,55.91,81.16,58.86
5,55.35,81.36,58.8
7,53.93,81.16,59.55
9,54.43,81.36,59.45
7,53.93,81.16,58.88
9,54.43,81.36,58.81
11,54.48,81.57,60.04
9,53.99,81.36,60.14
2,56.78,81.16,58.21
6,54.92,81.16,58.2
3,55.91,81.16,58.2
4,55.35,81.36,58.17
12,43.51,97.33,52.55
11,43.52,97.77,52.7
5,43.66,98.23,52.44
13,43.53,97.75,53.43
10,43.73,98.54,53.29
8,43.92,99.08,53.21
5,43.69,98.61,52.6
6,43.89,99.06,52.48
6,44.12,99.5,52.52
7,44.12,99.5,53.21
6,44.56,99.9,52.52
7,44.56,99.9,53.21
6,52.2,99.82,53.49
11,43.97,98.63,53.7
12,44.43,99.02,53.7
12,44.94,99.42,53.7
15,43.77,97.72,53.9
18,44.21,98.14,53.9
17,44.82,98.54,53.9
16,45.33,98.94,53.9
5,43.83,99.97,50.7
5,44.1,100.38,50.71
5,44.61,100.78,50.71
4,45.1,101.18,50.71
3,45.18,102.06,50.71
3,45.67,102.47,50.71
3,46.15,102.87,50.71
3,46.63,103.27,50.71
8,51.9,103.05,51.44
8,51.9,101.91,52.96
6,47.95,103.15,50.71
8,49.73,103,50.71
9,51.44,102.88,50.71
7,43.63,99.08,50.51
6,43.9,99.5,50.51
5,44.45,99.9,50.51
5,45,100.3,50.51
4,45.5,100.7,50.51
3,45.58,101.59,50.51
3,46.07,101.99,50.51
4,46.99,102.35,50.51
7,51.85,100.18,53.9
7,52.11,99.96,53.77
8,52.1,101.14,53.06
10,52.1,101.92,51.34
8,52.24,100.05,52.66
11,51.94,101.92,50.51
6,48.77,102.2,50.51
14,50.64,102.04,50.51
3,58.35,86.74,45.65
3,58.08,85.41,45.02
2,58.15,85.94,45.65
3,58.35,85.82,45.02
2,57.55,85.41,44.39
44,59.01,87.46,40.66
97,59.74,86.26,41.81
67,58.83,86.65,40.75
92,59.16,86.26,41.16
67,59.09,86.71,41.27
82,59.3,86.47,41.9
66,58.83,88.89,45.65
65,58.83,88.34,45.02
76,58.83,87.51,44.4
95,58.83,86.66,43.75
96,59.74,86.26,42.46
99,59.16,86.26,43.1
85,59.3,86.47,42.52
66,58.63,88.88,45.03
66,58.63,88.32,44.41
79,58.63,87.46,43.78
113,58.99,86.06,42.35
103,58.63,86.53,43.07
43,58.63,87.37,40.58
89,58.63,86.52,41.04
109,58.99,86.06,41.67
9,42.17,97.89,51.27
12,43.05,96.94,49.39
8,42.82,97.78,49.39
7,42.82,97.78,48.77
12,42.8,96.95,50.02
10,42.54,97.41,50.02
12,42.56,97.41,50.65
7,42.62,98.3,49.4
6,42.62,98.3,48.77
10,42.17,97.89,50.02
11,42.17,97.89,50.65
7,42.24,98.77,49.4
6,42.32,99.65,49.4
5,42.24,98.77,48.77
3,42.32,99.65,48.77
6,41.92,100.13,49.4
4,42,101.01,49.4
4,41.92,100.13,48.77
3,42,101.01,48.77
3,41.67,102.37,49.4
4,41.59,101.49,49.4
2,41.67,102.37,48.77
3,41.59,101.49,48.77
2,41.27,102.85,49.4
2,41.35,103.73,49.4
2,41.27,102.85,48.77
9,41.76,98.37,50.02
7,41.84,99.25,50.02
9,41.76,98.37,50.65
6,41.84,99.25,50.65
7,41.76,98.37,51.27
5,41.84,99.25,51.27
4,41.76,98.37,51.9
3,41.84,99.25,51.9
6,41.44,99.73,50.02
5,41.52,100.61,50.02
5,41.44,99.73,50.65
4,41.52,100.61,50.65
3,41.44,99.73,51.9
2,41.52,100.61,51.9
4,41.44,99.73,51.27
3,41.52,100.61,51.27
3,41.19,101.97,50.02
4,41.12,101.09,50.02
3,41.19,101.97,50.65
3,41.12,101.09,50.65
2,41.12,101.09,51.9
2,41.19,101.97,51.27
3,41.12,101.09,51.27
2,40.79,102.45,50.02
2,40.79,102.45,50.65
2,40.87,103.33,50.02
2,40.79,102.45,51.27
6,43.05,97.75,48.14
15,43.25,96.94,48.14
10,43.05,96.94,48.77
17,43.25,96.06,48.77
2,42.85,98.71,47.52
3,42.62,98.3,48.15
3,42.24,98.77,48.15
5,43.05,98.28,47.52
12,43.25,98.27,46.79
16,42.32,100.11,44.08
4,43.05,100.1,46.6
18,41.56,101.05,44.08
166,41.4,99.29,42.83
433,40.6,98.5,41.97
446,39.25,97.72,40.58
522,39.81,97.66,41.49
253,40.25,101.14,42.08
118,40.76,102.01,42.83
167,40.92,102.01,41.95
383,40.07,99.41,42.08
189,40.59,100.25,42.82
19,40.75,102.01,44.08
135,39.95,102.97,42.82
18,39.95,102.97,44.08
16,43.25,96.93,47.52
4,42.82,97.78,48.14
21,43.25,96.05,46.9
427,39.36,99.47,41.57
340,39.54,101.27,41.56
309,39.14,103.93,41.57
347,39.02,102.17,41.57
291,38.34,104.88,41.59
125,39.15,103.92,42.81
16,39.15,103.92,44.08
98,38.34,104.88,42.82
13,38.34,104.88,44.08
138,36.55,105.04,41.58
79,35.73,105.99,41.58
9,32.89,107.13,41.53
2,33.36,107.13,42.82
17,33.64,106.15,41.54
3,32.32,109.17,43.02
30,36.58,105.04,42.82
15,35.78,105.99,42.82
6,36.58,105.04,44.08
3,35.78,105.99,44.08
3,33.95,106.15,42.82
421,38.72,98.64,40.58
373,38.84,100.4,40.58
359,38.17,103.12,40.59
399,38.02,101.36,40.59
375,37.35,104.08,40.59
289,35.46,104.23,40.58
174,34.5,105.19,40.58
26,32.01,105.3,40.57
44,59.47,92.55,44.07
66,59.07,92.51,45.33
88,58.83,92.3,46.6
76,58.83,91.61,46.6
55,58.83,90.76,45.65
11,58.31,92.31,42.2
48,58.83,90.75,45.03
60,58.83,89.8,45.65
50,58.83,90.21,45.03
54,58.83,89.31,45.02
24,58.62,92.64,42.72
35,58.88,92.69,43.4
58,58.63,92.47,45.33
50,58.63,91.74,45.34
15,58.49,92.13,42.32
43,58.63,90.77,44.42
55,58.63,89.81,45.03
45,58.63,90.22,44.42
51,58.63,89.31,44.42
86,60.66,86.57,41.53
73,59.81,86.64,41.9
45,60.29,86.99,41.27
50,59.4,87.07,41.27
74,58.92,88.25,40.45
56,59.38,87.89,40.65
35,59.89,87.47,40.87
49,59.12,87.53,40.87
89,60.66,86.57,42.83
77,59.81,86.64,43.15
74,59.81,86.64,42.52
68,59.4,87.07,43.77
83,59.09,86.71,43.14
59,60.29,86.99,43.15
47,59.89,87.47,43.77
61,59.12,87.53,43.77
51,59.45,87.95,44.4
63,59.01,88.89,45.65
56,59.16,88.44,45.02
90,61.62,86.93,41.53
179,58.8,90.64,40.44
139,59.6,89.71,40.46
33,60.77,87.39,41.27
107,59.47,88.75,40.45
99,60.03,89.22,40.66
61,59.93,88.32,40.65
29,60.37,87.87,40.87
42,60.77,87.39,42.52
82,62.47,87.68,42.83
38,61.25,87.79,42.52
42,61.25,87.79,43.15
30,60.84,88.27,43.15
41,61.76,88.64,44.08
32,60.44,88.75,43.77
37,60.44,88.75,44.4
48,60.96,89.59,45.33
71,60.16,90.55,46.58
55,59.64,89.71,45.65
56,59.26,90.19,45.65
38,60.04,89.23,44.4
46,59.64,89.71,45.02
12,59.99,93.25,42.83
18,59.65,92.67,42.82
36,60.43,92.45,44.08
47,61.11,91.35,45.33
14,61.27,93.12,42.83
27,62.7,92.98,42.83
25,62.08,92.16,44.08
34,62.65,91.23,42.83
46,62.57,89.42,42.83
30,61.98,90.4,44.08
26,60.84,88.27,42.52
55,59.45,91.53,45.33
62,59.11,92.27,45.33
36,60.02,91.98,44.08
23,59.47,92.55,42.81
32,60.37,87.87,43.15
31,60.04,89.23,43.77
33,59.96,88.35,43.77
40,59.06,90.69,44.4
40,59.56,88.83,44.4
47,59.26,90.19,45.02
49,59.21,89.31,45.02
58,59.03,89.78,45.65
82,62.48,87.68,41.51
30,61.25,87.79,41.27
34,61.25,87.79,41.9
24,60.84,88.27,41.27
4,59.99,93.25,41.47
4,59.65,92.67,41.36
5,60.42,92.47,40.63
7,61.12,91.36,40.46
4,59.99,91.99,40.62
9,61.27,93.12,41.49
19,62.13,92.15,40.66
32,62.7,92.98,41.49
46,62.65,91.2,41.48
15,61.95,90.37,40.66
45,62.56,89.43,41.48
33,60.11,90.56,40.46
20,60.94,89.58,40.66
24,61.6,88.49,40.84
46,60.44,88.75,40.87
18,59.31,91.52,40.62
4,59.08,92.29,40.82
7,59.06,92.53,41.2
4,58.78,92.23,40.82
9,58.77,92.47,41.22
9,58.64,92.42,41.26
48,58.43,91.26,40.81
43,58.08,91.14,41.27
14,59.06,92.51,41.84
17,58.78,92.46,41.87
14,58.67,92.42,41.8
10,58.58,92.42,42
10,58.21,92.24,41.85
4,59.86,92.15,40.79
6,59.48,92.56,41.56
7,58.51,92.01,40.83
12,58.03,91.62,41.27
8,58.21,92.24,41.27
15,58.03,91.62,41.87
15,58.28,91.63,42.26
14,58.23,91.08,42.27
27,58.1,91.17,41.88
15,58.05,90.93,41.86
191,58.48,91.02,40.73
89,58.22,90.96,41.23
309,58.61,90.63,40.62
226,58.49,90.89,41.22
13,58.44,91.2,42.35
6,58.36,90.85,41.9
22,43.25,96.05,46.27
6,43.05,97.75,47.52
4,43.05,100.1,45.32
4,43.05,99.05,46.57
42,43.05,97.75,41.86
45,43.05,98.28,41.52
8,43.05,100.13,44.08
16,43.05,99.1,42.82
16,43.25,97.34,46.57
12,43.25,99,45.33
20,43.25,97.75,42.48
16,43.25,98.28,42.79
13,43.25,99.05,44.09
45,42.82,97.78,42.52
272,42.49,96.53,41.9
356,42.09,97.01,41.9
93,42.54,97.41,42.52
470,42.01,96.13,41.9
615,41.61,95.73,41.42
576,41.02,96.22,41.18
607,41.34,96.19,41.48
534,41.6,96.61,41.88
15,42.71,99.1,44.1
117,42.19,98.33,42.83
469,41.34,97.53,41.8
558,40.3,96.72,41.36
577,40.68,95.81,41.29
805,41.25,94.44,40.46
708,40.65,94.93,40.5
516,39.83,96.03,40.56
584,40.22,95.4,40.54
7,43.73,94.62,41.88
8,43.73,94.22,42.52
7,43.73,93.73,43.15
8,43.73,93.32,43.77
604,40.95,95.35,41.2
658,41.28,95.31,41.52
643,41.51,94.85,41.01
69,42.79,96.94,42.52
232,42.77,96.06,41.9
67,43.05,96.93,41.87
185,43.05,96.05,41.22
391,42.44,95.65,41.9
620,41.97,95.25,41.34
630,42.25,94.79,40.77
475,42.72,95.16,41.26
10,43.53,94.22,41.88
12,43.53,93.75,42.52
8,43.53,93.32,43.15
29,43.25,96.93,42.49
63,43.25,96.05,41.85
174,43.25,95.24,41.16
8,43.73,94.22,41.23
43,46.43,90.96,41.87
34,46.02,90.96,42.51
40,45.47,90.96,43.14
32,44.63,90.96,43.77
8,43.95,90.96,44.4
5,43.73,91.22,45.02
9,43.98,91.23,44.4
98,46.02,90.96,41.21
103,45.46,90.96,40.76
103,45.08,90.96,40.72
94,44.88,93.44,40.66
56,44.67,93.68,40.66
6,43.72,94.21,40.77
45,44,93.74,40.65
154,45.28,92.96,40.66
147,45.08,93.2,40.66
116,45.13,91.38,40.65
188,45.22,92.3,40.66
8,43.73,91.96,44.4
404,43.05,95.25,40.67
624,42.55,94.76,40.86
605,42.88,94.72,40.79
680,42.71,94.76,40.38
692,43.1,94.72,40.37
713,42.6,94.31,40.69
793,42.03,94.37,40.39
38,43.53,93.75,41.19
68,46.01,90.76,41.84
55,45.46,90.76,42.5
49,44.6,90.76,43.14
21,43.81,90.76,43.76
5,43.53,91.1,44.39
124,45.43,90.76,41.11
143,44.5,90.76,40.58
33,43.53,93.72,40.64
52,43.6,93.31,40.46
75,44.32,93.26,40.46
123,44.54,90.96,40.46
173,44.71,91.85,40.46
172,44.8,92.78,40.46
8,43.53,91.94,43.78
601,43.25,94.71,40.53
880,41.5,93.97,40.43
19,45.36,93.84,42.05
11,45.16,94.08,42.05
27,45.36,93.84,41.74
16,45.16,94.08,41.74
2,45.38,94.06,42.52
3,44.9,93.66,43.15
7,44.42,93.26,43.77
8,44.04,92.87,44.4
9,43.73,92.8,43.77
9,43.53,92.8,43.17
4,44.76,94.56,42.05
5,44.76,94.56,41.74
9,44.96,94.32,41.74
8,44.96,94.32,42.05
18,44.72,94.12,41.43
6,44.52,94.36,41.43
6,44.13,94.62,41.9
7,43.92,94.2,42.52
5,44.5,94.14,42.52
7,43.9,93.31,43.77
6,44.08,93.74,43.14
75,45.12,93.64,41.43
45,44.92,93.88,41.43
54,45.12,93.64,41.11
29,44.92,93.88,41.11
139,44.88,93.44,40.87
87,44.68,93.68,40.87
14,44.28,94.16,41.43
11,43.92,94.2,41.27
11,44.28,94.16,41.11
51,44.48,93.92,41.43
44,44.48,93.92,41.11
68,44.08,93.74,40.87
10,44,91.96,44.4
116,45.52,93.16,42.05
114,45.32,93.4,42.05
148,45.52,93.16,41.74
146,45.32,93.4,41.74
32,45.3,93.18,42.52
11,44.82,92.78,43.15
14,44.33,92.38,43.77
102,45.52,93.16,41.43
102,45.32,93.4,41.43
81,45.52,93.16,41.11
79,45.32,93.4,41.11
195,45.28,92.96,40.87
194,45.08,93.2,40.87
13,44.28,91.51,44.39
49,45.93,92.68,42.05
88,45.72,92.92,42.05
63,45.93,92.68,41.74
108,45.72,92.92,41.74
20,45.71,92.7,42.52
13,45.23,92.3,43.15
21,44.75,91.9,43.77
118,45.69,92.48,41.43
181,45.49,92.72,41.43
104,45.69,92.48,41.11
161,45.49,92.72,41.11
244,45.23,92.3,40.87
30,46.09,92,42.05
65,45.89,92.24,42.05
38,46.09,92,41.74
77,45.89,92.24,41.74
39,46.03,91.37,41.9
40,45.51,91.18,42.52
30,45.63,91.82,42.52
28,44.68,91.21,43.77
29,45.15,91.45,43.15
90,45.51,91.18,41.27
101,45.63,91.82,41.27
138,45.15,91.45,40.87
3,43.05,92.86,53.77
9,43.25,92.06,53.77
2,43.25,87.97,60.01
2,43.25,86.3,61.24
2,43.05,88.93,58.77
2,43.25,88.93,58.15
2,43.25,88.53,58.77
3,43.52,90.22,55.7
3,43.25,88.93,57.53
3,43.26,89.76,56.35
3,43.36,89.82,55.82
2,43.51,89.37,54.73
2,43.36,89.83,54.94
2,43.26,87.1,60.58
2,43.16,87.57,60.74
2,43.66,90.22,55.86
2,43.51,89.39,55.97
3,43.51,88.82,54.7
2,43.05,89.42,58.15
3,43.25,89.42,56.94
2,43.06,89.82,56.9
2,43.05,89.42,57.52
2,42.88,89.84,57.52
2,43.05,90.36,56.91
3,43.27,90.38,55.99
3,43.2,90.29,55.7
2,43.13,90.73,55.82
2,43.07,90.37,56.33
2,43.25,91.19,55.51
2,43.22,91.11,55.7
2,43.32,90.69,55.48
2,43.11,91.1,55.89
2,43.1,91.45,55.62
9,43.26,90.73,54.4
5,43.28,90.32,54.76
2,43.13,90.71,54.86
2,43.22,91.11,55.06
3,43.11,91.47,55.09
3,43.11,91.18,54.83
9,43.25,91.24,54.32
2,42.82,92.07,55.02
4,43.06,92.07,54.38
2,42.55,92.53,55.02
2,42.83,92.9,54.4
2,42.83,92.9,53.77
22,43.25,95.23,49.39
17,43.05,96.05,49.39
2,42.63,93.41,54.4
6,43.05,93.4,53.15
3,42.85,93.83,53.15
2,42.69,94.3,53.14
8,42.85,93.83,52.52
8,43.06,94.26,51.89
5,42.7,94.3,52.52
24,43.05,95.23,50.01
21,43.07,95.18,50.6
17,42.77,96.07,50.02
28,43.25,94.27,50.62
25,43.05,94.69,50.63
12,43.05,94.27,51.26
27,43.25,94.7,49.39
30,43.05,94.7,50.01
18,43.05,93.8,51.27
32,43.25,94.29,50.01
38,43.25,93.8,50.64
7,54.41,81.16,57.56
9,54.44,81.36,58.17
13,53.44,81.36,60.15
18,53.47,81.47,60.5
10,54,81.68,60.5
10,53.94,81.16,58.22
22,53.32,81.16,58.9
16,53.32,81.16,59.57
38,52.64,81.16,60.32
39,52.55,81.3,60.7
28,52.9,81.58,60.7
14,53.45,82,60.7
8,43.53,98.54,50.59
7,43.72,99.1,50.78
6,43.72,99.51,50.78
5,43.94,99.97,50.89
5,44.18,100.38,50.89
7,45.04,100.3,53.21
11,45.43,99.82,53.7
14,45.82,99.35,53.9
12,46.31,99.75,53.9
8,51.65,101.92,52.89
6,50.42,100.28,53.9
7,51.32,101.09,53.7
4,44.64,100.78,51.9
6,45.04,100.3,52.52
4,44.64,100.78,51.27
5,44.64,100.78,50.89
4,45.19,102.06,51.9
5,45.12,101.18,51.9
3,45.19,102.06,51.27
3,45.67,102.47,51.27
4,45.67,102.47,51.9
6,45.6,101.59,52.52
6,45.52,100.7,52.52
8,45.52,100.7,53.21
7,45.6,101.59,53.21
6,46.07,101.99,52.52
7,46.07,101.99,53.21
11,45.91,100.23,53.7
9,45.99,101.11,53.7
8,46.47,101.51,53.7
10,46.83,100.59,53.9
5,46.15,102.87,51.9
4,46.15,102.87,51.27
5,46.63,103.27,51.9
4,46.63,103.27,51.27
7,46.99,102.35,52.89
9,47.8,101.39,53.7
8,48.61,100.44,53.9
7,47.96,103.15,51.55
8,48.75,102.2,52.89
8,49.57,101.24,53.7
8,49.71,103,51.52
9,50.51,102.04,52.89
9,51.35,102.85,51.51
4,45.12,101.18,51.27
3,45.19,102.06,50.89
4,45.12,101.18,50.89
3,45.67,102.47,50.89
3,46.15,102.87,50.89
4,46.63,103.27,50.89
6,47.82,103.31,50.87
10,43.05,93.8,51.9
13,43.05,93.4,52.52
7,43.05,92.86,53.15
18,43.25,93.4,51.27
11,43.25,93.4,51.9
11,43.25,92.07,53.18
16,43.25,92.86,52.53
7,43.09,94.68,51.89
6,43.27,94.85,51.88
6,42.92,94.73,51.9
3,42.34,94.77,52.52
4,42.93,94.72,52.52
9,42.9,94.73,51.3
4,42.17,97.89,51.9
13,42.79,96.05,50.66
13,42.82,96.94,50.65
11,42.59,97.41,51.28
2,43.08,95.6,53.06
4,43.12,95.15,52.54
2,43.12,96.09,52.56
4,43.27,95.53,52.59
5,43.29,95.02,52.32
2,43.27,96.48,52.53
2,43.31,96.96,52.32
3,43.3,96.02,52.32
18,43.1,95.59,50.72
10,43.11,95.09,51.22
13,43.12,96.94,51.22
13,43.12,96.11,51.21
8,43.29,95.02,51.44
14,43.27,95.52,51.17
13,43.31,96.96,51.44
13,43.3,96.02,51.44
15,43.27,96.47,51.23
10,42.91,97.82,51.29
4,42.64,98.29,51.89
10,43.25,97.81,51.56
13,43.41,97.35,51.44
13,43.51,97.33,51.2
7,43.68,98.59,51.13
6,43.89,99.06,51.3
11,43.51,97.73,50.99
8,43.66,98.22,51.29
3,43.19,98.48,51.88
2,43.48,97.78,52.32
8,43.45,98.24,51.56
12,43.48,97.78,51.44
7,43.59,98.65,51.55
3,43.57,98.7,51.87
4,43.88,99.05,51.9
3,43.64,98.78,51.88
5,44.12,99.5,51.9
6,44.12,99.5,51.27
5,44.56,99.9,51.9
5,44.56,99.9,51.27
2,52.55,81.31,50.51
2,52.64,81.16,50.59
52,59.28,90.44,60.28
52,58.63,92.58,60.25
63,58.58,92.28,60.7
77,58.81,91.03,60.71
3,55.91,81.16,57.55
5,55.35,81.16,56.91
6,54.92,81.16,57.55
4,55.35,81.36,57.53
4,56.73,81.36,59.46
3,57.65,81.36,59.46
3,56.72,81.65,60.04
3,57.6,81.62,60.04
7,56.33,81.88,60.5
5,57.24,81.83,60.5
11,55.92,82.27,60.7
9,56.88,82.19,60.7
3,56.73,81.36,58.81
2,57.65,81.36,58.81
4,57.74,82.25,60.5
8,57.4,82.63,60.7
2,58.53,83.13,60.04
5,57.82,83.16,60.5
5,58.34,83.57,60.5
10,57.48,83.58,60.7
9,58.02,84,60.7
5,59.05,84.4,59.23
20,59.05,86.2,59.21
36,59.05,87.77,59.18
33,59.06,89.64,59.15
55,59.07,90.25,60.26
73,58.35,90.55,60.71
5,58.85,84.45,60.15
14,58.85,86.2,60.13
32,59.05,87.08,60.43
53,59.05,88.81,60.27
36,58.85,87.85,60.13
46,58.88,89.72,60.14
7,58.54,84.47,60.5
15,58.6,86.2,60.5
39,58.65,87.94,60.5
64,58.72,89.74,60.54
14,58.12,85.37,60.7
32,58.27,87.13,60.7
62,58.38,88.85,60.7
8,54.93,81.36,59.45
6,55.37,81.54,59.4
4,55.9,81.36,59.46
10,54.95,81.74,60.04
6,55.82,81.69,60.04
14,54.5,82.07,60.5
11,55.41,81.99,60.5
16,53.98,82.44,60.7
16,54.96,82.36,60.7
7,54.93,81.36,58.81
4,55.37,81.54,58.77
3,55.9,81.36,58.8
10,54.48,81.57,59.4
10,54,81.36,59.46
9,54.48,81.57,58.77
10,54.01,81.36,58.81
12,54.07,81.79,60.04
14,53.56,81.59,60.04
2,56.74,81.36,58.17
6,54.94,81.36,58.17
3,55.37,81.54,58.15
3,55.9,81.36,58.17
3,52.85,99.22,50.51
16,43.52,96.82,52.68
9,43.67,97.32,52.44
18,43.53,96.86,53.43
5,43.81,98.2,52.33
10,43.69,97.75,52.6
15,43.73,97.74,53.29
11,44.07,98.63,53.21
7,44.04,98.62,52.5
8,44.48,99.02,52.52
11,44.48,99.02,53.21
8,44.96,99.42,52.52
10,44.96,99.42,53.21
7,52.28,99.34,53.49
6,52.11,99.54,53.71
7,52.15,99.71,53.36
17,43.93,97.72,53.71
17,44.31,98.14,53.7
16,44.86,98.54,53.7
15,45.35,98.94,53.7
18,43.73,96.85,53.9
24,44.14,97.26,53.9
22,44.74,97.66,53.9
19,45.26,98.06,53.9
17,45.75,98.47,53.9
5,51.31,99.35,53.9
7,43.8,99.08,50.7
6,44.04,99.5,50.71
5,44.52,99.9,50.71
5,45.02,100.3,50.71
5,45.51,100.7,50.71
3,45.59,101.59,50.71
3,46.07,101.99,50.71
4,46.99,102.35,50.71
7,51.7,100.18,53.71
8,51.93,99.92,53.59
8,51.91,101.11,52.96
9,51.9,101.91,51.45
8,52.24,99.92,52.66
10,51.76,101.92,50.71
7,48.76,102.2,50.71
14,50.56,102.04,50.71
8,43.83,98.63,50.51
6,44.36,99.02,50.51
6,44.91,99.42,50.51
6,45.42,99.82,50.51
6,45.91,100.23,50.51
3,45.99,101.11,50.51
3,46.47,101.51,50.51
4,47.5,101.42,50.51
5,52.37,99.2,51.12
11,52.1,101.15,51.31
10,52.2,99.83,51.84
8,52.11,100.41,52.93
7,48.1,101.37,50.51
19,49.6,101.24,50.51
13,51.47,101.09,50.51
2,58.35,86.74,45.02
4,58.08,85.41,44.39
4,58.35,85.82,44.39
4,57.55,85.41,43.76
49,58.83,87.48,40.76
75,58.83,86.66,41.18
72,59.09,86.71,41.9
93,59.16,86.26,41.81
58,58.83,88.89,45.02
57,58.83,88.34,44.4
69,58.83,87.51,43.77
78,59.09,86.71,42.52
90,58.83,86.66,43.12
96,59.16,86.26,42.45
6,58.08,85.41,40.57
57,58.63,88.89,44.42
58,58.63,88.32,43.8
71,58.63,87.46,43.17
97,58.63,86.54,42.42
57,58.62,88.13,40.61
52,58.63,87.41,41.1
93,58.63,86.53,41.74
11,58.35,85.79,40.57
2,58.35,87.72,45.02
8,57.55,85.41,43.12
7,58.06,85.7,40.46
18,57.56,85.49,40.46
27,57.55,85.41,40.57
2,54.75,85.41,44.39
11,42.49,96.53,51.27
6,42.41,95.65,51.27
10,42.09,97.01,51.27
4,42.09,97.01,51.9
9,41.69,97.49,51.27
4,41.69,97.49,51.9
13,42.79,96.95,49.4
11,42.79,96.95,48.77
9,42.54,97.42,49.4
9,42.54,97.42,48.77
12,42.49,96.53,50.65
12,42.49,96.53,50.02
10,42.09,97.01,50.02
12,42.09,97.01,50.65
8,42.17,97.89,49.4
7,42.17,97.89,48.77
10,41.69,97.49,50.02
11,41.69,97.49,50.65
5,42.17,97.89,48.15
4,41.76,98.37,48.15
8,41.76,98.37,49.4
7,41.84,99.25,49.4
6,41.76,98.37,48.77
4,41.84,99.25,48.77
2,41.84,99.25,48.15
6,41.44,99.73,49.4
5,41.52,100.61,49.4
4,41.44,99.73,48.77
4,41.52,100.61,48.77
3,41.19,101.97,49.4
4,41.12,101.09,49.4
2,41.19,101.97,48.77
3,41.12,101.09,48.77
2,40.79,102.45,49.4
2,40.79,102.45,48.77
2,40.87,103.33,49.4
9,41.29,97.97,50.02
8,41.36,98.85,50.02
9,41.29,97.97,50.65
7,41.36,98.85,50.65
8,41.29,97.97,51.27
6,41.36,98.85,51.27
4,41.29,97.97,51.9
4,41.36,98.85,51.9
7,40.96,99.33,50.02
5,41.04,100.21,50.02
6,40.96,99.33,50.65
5,41.04,100.21,50.65
4,40.96,99.33,51.9
3,41.04,100.21,51.9
6,40.96,99.33,51.27
4,41.04,100.21,51.27
3,40.31,102.05,50.02
2,40.31,102.05,50.65
3,40.71,101.57,50.02
5,40.64,100.69,50.02
3,40.71,101.57,50.65
4,40.64,100.69,50.65
2,40.31,102.05,51.27
2,40.71,101.57,51.9
2,40.64,100.69,51.9
3,40.71,101.57,51.27
4,40.64,100.69,51.27
8,43.05,96.94,48.15
18,43.25,96.06,48.14
20,43.25,96.05,47.52
14,43.05,96.06,48.77
22,43.25,95.24,48.77
5,42.54,97.42,48.15
2,42.62,98.3,47.52
6,43.05,98.27,46.79
2,41.76,98.37,47.52
2,42.17,97.89,47.52
2,42.71,99.07,45.33
36,41.4,99.29,44.08
35,40.6,100.25,44.08
329,40.44,98.49,42.83
528,39.93,97.65,42.1
483,38.55,96.88,40.58
514,39.22,97.72,41.56
303,39.64,99.45,42.82
193,39.8,101.22,42.8
30,39.79,101.21,44.08
167,39.01,102.17,42.81
24,38.99,102.16,44.08
25,43.25,95.23,46.9
6,42.79,96.95,48.15
9,43.05,96.93,47.52
3,42.82,97.78,47.52
3,42.54,97.42,47.52
11,43.05,96.05,46.9
480,38.7,98.64,41.58
407,38.83,100.4,41.58
311,38.18,103.12,41.58
356,38.03,101.36,41.58
233,37.37,104.08,41.58
107,38.19,103.12,42.82
17,38.19,103.12,44.08
61,37.38,104.08,42.82
11,37.38,104.08,44.08
76,35.56,104.23,41.58
38,34.7,105.19,41.57
12,32.76,105.3,41.53
2,32.32,106.95,42.29
14,35.62,104.23,42.82
7,34.82,105.19,42.82
3,35.62,104.23,44.08
504,37.71,97.84,40.58
446,37.86,99.6,40.58
411,37.18,102.32,40.59
465,37,100.56,40.58
378,36.33,103.28,40.58
79,33.01,103.52,40.57
23,58.8,92.46,42.72
35,59.06,92.51,43.44
58,58.83,92.3,45.33
50,58.83,91.63,45.34
17,58.51,92.09,42.19
41,58.83,90.74,44.41
51,58.83,89.8,45.03
42,58.83,90.21,44.4
46,58.83,89.31,44.4
26,58.62,92.43,43.59
21,58.55,91.55,42.31
31,58.63,91.7,44.12
37,58.63,90.76,43.83
47,58.63,89.81,44.42
41,58.63,90.22,43.83
49,58.63,89.31,43.82
96,58.78,88.68,40.44
51,60.29,86.99,41.9
55,59.4,87.07,41.9
39,59.89,87.47,41.27
58,59.12,87.54,41.27
71,59.46,87.96,40.86
95,59.05,88.36,40.62
54,60.29,86.99,42.52
62,59.4,87.07,42.83
43,59.89,87.47,43.15
56,59.12,87.53,43.15
44,59.45,87.95,43.77
48,59.16,88.44,44.4
55,59.01,88.89,45.02
24,60.84,88.27,41.9
38,60.77,87.39,41.9
314,58.61,90.36,40.57
215,58.91,90.65,40.59
196,59.13,90.23,40.45
161,59.12,89.26,40.45
169,59.62,89.71,40.66
31,60.37,87.87,41.27
111,60.04,89.23,40.87
68,59.96,88.35,40.86
122,59.54,88.8,40.64
29,60.37,87.87,42.52
36,61.76,88.64,42.83
26,60.44,88.75,43.15
34,60.96,89.59,44.08
54,60.16,90.55,45.33
39,59.64,89.71,44.4
15,60.43,92.45,42.83
20,62.08,92.16,42.83
25,61.98,90.4,42.83
30,61.11,91.35,44.08
27,60.44,88.75,42.52
16,60.01,91.97,42.82
35,59.45,91.53,44.08
34,59.07,92.27,43.39
27,60.04,89.23,43.15
30,59.96,88.35,43.15
34,59.06,90.69,43.77
32,59.64,89.71,43.77
33,59.56,88.83,43.77
40,59.26,90.19,44.4
41,59.21,89.31,44.4
49,59.03,89.78,45.02
29,61.77,88.64,41.54
50,60.44,88.75,41.27
5,60.42,92.45,41.47
8,61.12,91.36,40.66
18,62.08,92.16,41.49
20,61.94,90.39,41.5
42,60.14,90.56,40.65
30,60.79,89.46,40.84
5,60.02,91.97,41.55
12,59.26,91.57,40.82
27,58.43,91.27,41.26
6,58.98,92.25,41.27
13,58.99,92.24,41.82
9,58.5,91.98,41.26
13,58.52,92,41.84
19,58.4,91.27,42.23
26,58.44,91.27,41.85
24,58.22,90.98,41.88
294,58.74,90.65,40.73
129,58.49,91.02,41.25
317,58.61,90.33,40.7
328,58.61,90.64,41.22
82,58.51,90.95,41.99
14,43.05,96.05,46.27
25,43.25,96.05,45.64
27,43.25,95.23,46.27
29,43.25,94.71,46.9
9,43.05,97.34,46.58
6,43.05,99,45.33
25,43.05,97.75,42.5
20,43.05,98.28,42.82
10,43.05,99.05,44.09
18,43.25,97.37,45.33
17,43.25,98.27,43.86
18,43.25,97.75,43.13
25,42.82,97.78,43.15
138,42.49,96.53,42.52
222,42.09,97.01,42.52
48,42.54,97.41,43.15
303,42.01,96.13,42.52
625,41.53,95.73,41.89
629,41.14,96.21,41.89
416,41.61,96.61,42.52
30,42.17,98.33,44.07
38,42.79,96.94,43.15
24,43.25,96.93,43.13
664,40.68,95.81,41.98
324,41.25,97.53,42.83
597,40.45,96.72,42
720,41.18,94.44,41.14
666,40.6,94.93,41.3
564,39.8,96.03,41.49
602,40.18,95.4,41.42
815,40.93,94.47,40.48
955,41.16,93.57,40.46
820,40.13,94.52,40.54
547,39.2,95.89,40.58
727,39.86,94.99,40.56
13,43.73,94.22,41.89
16,43.73,93.74,42.52
9,43.72,93.32,43.14
704,41.07,95.33,41.91
695,41.54,94.86,41.46
695,41.9,94.37,40.88
107,42.77,96.06,42.52
38,43.05,96.93,42.51
108,43.05,96.05,41.88
284,43.05,95.24,41.23
207,42.44,95.65,42.52
597,41.94,95.25,41.9
353,42.73,95.16,41.9
623,42.35,94.78,41.27
480,42.88,94.72,41.27
18,43.53,93.75,41.89
13,43.52,93.31,42.53
42,43.25,96.05,42.51
87,43.25,95.24,41.86
250,43.25,94.71,41.17
44,43.73,93.74,41.24
51,46.02,90.96,41.88
45,45.47,90.96,42.51
40,44.64,90.96,43.14
19,43.95,90.96,43.77
7,43.73,91.23,44.39
15,43.98,91.24,43.77
99,45.46,90.96,41.21
117,44.59,90.96,40.76
207,44.38,93.26,40.66
53,43.72,93.73,40.78
152,43.78,93.31,40.65
115,44.61,91.11,40.65
314,44.73,91.88,40.66
341,44.81,92.78,40.66
11,43.73,91.97,43.77
596,43.05,94.71,40.68
701,42.74,94.29,40.82
764,42.41,93.89,40.73
893,42.29,93.91,40.37
818,42.89,94.3,40.39
86,43.53,93.36,41.2
79,45.45,90.76,41.85
62,44.58,90.76,42.5
11,43.53,91.12,43.77
37,43.82,90.76,43.14
124,44.54,90.76,41.11
115,43.76,90.76,40.58
85,43.68,90.94,40.46
173,43.81,92.84,40.46
84,43.53,93.32,40.65
96,44.09,91.33,40.46
329,44.19,92.35,40.46
13,43.53,91.96,43.17
763,43.25,94.31,40.54
778,41.43,93.97,41.04
948,41.9,93.49,40.39
81,45.12,93.64,42.05
47,44.92,93.88,42.05
107,45.12,93.64,41.74
67,44.92,93.88,41.74
16,44.9,93.66,42.52
7,44.42,93.26,43.15
10,44.04,92.87,43.77
11,43.73,92.8,43.16
10,43.52,92.84,42.63
27,44.5,94.14,41.9
19,43.92,94.2,41.9
10,43.89,93.31,43.13
16,44.08,93.74,42.52
192,44.88,93.44,41.43
130,44.68,93.68,41.43
172,44.88,93.44,41.11
111,44.68,93.68,41.11
303,44.42,93.26,40.87
67,44.08,93.74,41.27
188,43.9,93.31,40.87
13,44,91.97,43.77
242,45.08,93.2,42.05
244,45.28,92.96,42.05
291,45.28,92.96,41.74
289,45.08,93.2,41.74
107,44.82,92.78,42.52
19,44.33,92.38,43.15
242,45.28,92.96,41.43
247,45.08,93.2,41.43
221,45.28,92.96,41.11
225,45.08,93.2,41.11
431,44.82,92.78,40.87
18,44.28,91.51,43.77
189,45.49,92.72,42.05
124,45.69,92.48,42.05
148,45.69,92.48,41.74
219,45.49,92.72,41.74
70,45.23,92.3,42.52
24,44.75,91.9,43.15
284,45.23,92.3,41.27
408,44.75,91.9,40.87
68,45.51,91.18,41.9
102,45.63,91.82,41.9
54,45.15,91.45,42.52
36,44.68,91.21,43.15
156,45.15,91.45,41.27
143,44.67,91.21,40.87
5,43.05,92.05,53.77
12,43.25,91.18,53.76
26,43.25,94.71,48.77
2,43.25,87.97,59.39
2,43.25,87.17,60.02
2,43.25,86.31,60.6
2,43.05,88.93,58.15
2,43.05,88.53,58.77
2,43.25,88.53,58.15
2,43.25,87.98,58.77
3,43.25,88.53,57.53
3,43.05,88.93,57.52
3,43.1,89.76,56.28
3,43.32,89.82,55.7
3,43.26,89.4,56.45
3,43.25,88.94,56.93
4,43.44,89.32,55.82
4,43.28,89.39,55.82
3,43.27,89.76,55.97
5,43.27,89.81,54.76
4,43.28,89.39,54.94
3,43.44,89.33,54.94
2,43.09,87.11,60.59
2,43.66,89.39,55.86
3,43.51,88.86,56
2,43.51,87.93,55.97
3,43.51,88.43,55.98
4,43.5,88.87,55.82
2,43.7,87.97,54.44
4,43.51,87.95,54.72
2,43.66,88.83,54.82
4,43.5,88.87,54.94
4,43.52,88.43,54.72
2,42.86,88.95,58.15
3,43.06,89.42,56.92
2,42.89,89.83,56.87
2,42.7,89.41,57.52
2,42.86,88.95,57.52
2,42.94,89.78,56.22
3,43.12,90.35,55.89
2,43.06,90.29,55.45
2,43.26,89.81,55.48
2,43,90.71,55.65
2,42.76,90.28,56.27
2,43.04,90.97,55.46
2,42.83,91.06,55.78
2,42.81,91.28,55.55
9,43.26,90.35,54.28
5,43.09,90.71,54.46
3,43.15,90.31,54.86
2,42.99,90.7,54.98
2,42.82,91.3,55.15
2,42.82,91.1,54.92
5,43.07,91.21,54.36
2,42.81,92.07,54.4
2,42.55,92.53,54.4
2,42.55,92.53,53.77
5,42.83,92.9,53.15
23,43.05,95.24,49.39
21,42.77,96.07,49.4
3,42.63,93.41,53.15
2,42.26,93.89,53.15
9,42.85,93.83,51.9
10,42.63,93.41,52.52
6,42.26,93.89,52.52
7,42.69,94.3,51.9
20,42.85,93.83,51.27
35,42.88,94.72,50.02
28,42.73,95.16,50.02
19,42.75,95.17,50.65
17,42.44,95.65,50.02
12,42.43,95.65,50.64
7,42.34,94.77,51.27
3,41.86,94.37,52.52
5,42.34,94.77,51.9
32,43.05,94.29,50.63
26,42.88,94.72,50.66
12,42.69,94.3,51.27
27,43.05,94.71,49.39
31,43.25,94.3,49.39
36,43.05,94.3,50.02
45,43.05,93.81,50.64
25,43.05,93.4,51.27
41,43.25,93.81,50.02
54,43.25,93.4,50.64
10,54.42,81.16,56.29
8,54.41,81.16,56.92
13,53.96,81.16,57.57
9,54.44,81.36,57.54
8,54.48,81.57,58.15
11,54.01,81.36,58.17
19,53.44,81.36,58.82
17,53.44,81.36,59.46
15,53.56,81.59,59.39
26,52.85,81.62,60.04
31,52.82,81.36,60.15
29,52.74,81.5,60.5
19,53.07,81.76,60.5
16,53.58,82.15,60.5
28,53.35,81.16,57.59
26,53.33,81.16,58.24
37,52.64,81.16,58.92
38,52.64,81.16,59.61
38,52.38,81.38,60.32
29,52.58,82.08,60.7
23,53,82.51,60.7
10,43.53,97.73,50.59
8,43.72,98.52,50.77
7,43.92,99.08,50.89
6,44.12,99.5,50.89
5,44.56,99.9,50.89
10,45.44,99.82,53.21
13,45.84,99.35,53.7
14,46.24,98.87,53.9
12,46.32,99.75,53.7
12,46.72,99.27,53.9
5,49.42,99.48,53.9
9,51.65,101.92,51.52
6,50.38,100.28,53.7
9,51.24,101.09,52.89
5,45.04,100.3,51.9
8,45.44,99.82,52.52
5,45.04,100.3,51.27
5,45.04,100.3,50.89
5,45.6,101.59,51.9
5,45.52,100.7,51.9
4,45.6,101.59,51.27
4,46.07,101.99,51.27
5,46.07,101.99,51.9
8,45.92,100.23,52.52
10,45.92,100.23,53.21
6,46,101.11,52.52
8,46,101.11,53.21
7,46.48,101.51,52.52
8,46.48,101.51,53.21
10,46.84,100.59,53.7
10,47.64,99.63,53.9
5,47,102.35,51.57
9,47.8,101.39,52.89
9,48.6,100.44,53.7
8,48.75,102.2,51.52
10,49.56,101.24,52.89
13,50.51,102.04,51.52
5,45.52,100.7,51.27
5,45.52,100.7,50.89
3,45.6,101.59,50.89
3,46.07,101.99,50.89
4,46.89,102.36,50.88
15,43.25,91.22,53.21
12,43.05,93.4,51.9
16,42.83,92.9,52.52
3,42.8,92.06,53.77
9,43.06,92.06,53.16
18,43.05,92.86,52.52
26,43.25,92.86,51.28
14,43.25,92.86,51.91
22,43.26,92.12,52.58
6,43.14,94.96,51.88
6,43.31,94.93,51.88
5,42.75,95.13,51.89
3,42.78,95.17,52.51
2,42.94,95.61,52.99
7,42.77,95.18,51.28
16,42.97,95.6,50.8
3,42.41,95.65,51.9
4,42.49,96.53,51.9
5,42.58,97.41,51.89
12,42.87,96.93,51.29
10,42.83,96.05,51.28
3,43.12,95.56,52.51
5,43.19,95.13,52.2
2,43.21,96.04,52.2
2,43.38,96.44,52.32
4,43.37,95.47,52.32
7,43.19,95.13,51.56
11,43.14,95.56,51.25
12,43.23,96.96,51.56
11,43.21,96.04,51.56
13,43.12,96.48,51.33
14,43.38,96.45,51.44
10,43.37,95.47,51.44
4,43.05,97.81,51.88
2,43.47,96.81,52.32
12,43.43,97.34,51.56
14,43.47,96.82,51.44
13,43.52,96.83,51.02
11,43.67,97.32,51.34
7,44.04,98.62,51.29
7,43.81,98.2,51.45
10,43.69,97.73,51.14
4,43.53,98.2,51.88
9,43.58,97.76,51.56
4,43.81,98.42,51.89
5,44.05,98.64,51.89
6,44.48,99.02,51.9
6,44.48,99.02,51.27
7,44.96,99.42,51.9
7,44.96,99.42,51.27
2,59.31,81.36,50.59
11,53.32,81.15,50.61
6,52.94,81.65,50.51
12,53.35,81.31,50.5
3,52.65,81.16,51.78
2,52.64,81.16,51.05
6,52.74,81.5,50.71
5,52.82,81.36,50.78
35,59.06,89.63,57.85
19,59.26,90.44,59.15
35,58.66,92.58,59.14
51,57.61,92.58,60.27
47,59.16,90.59,60.18
45,58.64,92.38,60.12
56,58.57,92.13,60.5
68,58.74,91.08,60.54
63,57.61,91.8,60.7
56,56.78,92.58,60.29
59,56.75,92.37,60.7
2,58.85,83.16,58.18
9,59.05,84.42,57.88
37,59.05,86.2,57.87
5,55.35,81.16,56.28
3,55.91,81.16,56.92
2,55.9,81.36,57.53
6,54.92,81.16,56.92
5,55.35,81.36,56.9
3,55.37,81.54,57.52
6,54.94,81.36,57.53
6,54.93,81.16,56.28
59,59.05,87.77,57.86
41,59.05,89.64,56.59
2,56.72,81.65,59.4
2,57.6,81.62,59.4
4,56.3,81.99,60.04
2,57.19,81.93,60.04
10,55.91,82.41,60.5
6,56.82,82.33,60.5
14,55.48,82.8,60.7
11,56.44,82.71,60.7
2,56.72,81.65,58.77
5,57.32,82.75,60.5
10,56.96,83.15,60.7
2,57.74,83.22,60.04
3,58.24,83.62,60.04
8,57.39,83.66,60.5
7,57.9,84.06,60.5
14,57.09,84.54,60.7
7,58.85,84.45,59.14
26,58.85,86.22,59.13
38,59.05,88.84,59.18
44,58.85,87.8,59.12
29,59.07,90.25,59.15
32,58.88,89.73,59.11
47,58.92,90.38,60.15
67,57.52,89.88,60.7
60,58.27,90.58,60.53
6,58.43,84.5,60.05
19,58.49,86.24,60.04
27,58.85,87.12,60.26
36,58.54,87.94,60.04
50,58.85,88.88,60.13
45,58.63,89.81,60.08
14,57.99,85.41,60.5
30,58.13,87.16,60.5
54,58.25,88.91,60.51
26,57.26,86.34,60.7
50,57.41,88.1,60.7
8,54.95,81.74,59.4
4,55.81,81.69,59.4
13,54.54,82.17,60.04
8,55.42,82.09,60.04
18,54.08,82.57,60.5
14,55,82.49,60.5
23,53.54,82.95,60.7
19,54.52,82.88,60.7
17,55.04,83.32,60.7
6,54.95,81.74,58.77
2,55.81,81.69,58.77
12,54.07,81.79,59.4
12,54.07,81.79,58.77
16,53.66,82.25,60.04
19,53.17,81.87,60.04
5,54.95,81.74,58.15
2,55.81,81.69,58.15
16,53.53,98.24,50.51
9,52.37,98.33,53.96
68,54.89,92.58,60.31
66,54.87,92.44,60.7
72,52.97,92.58,60.31
79,52.95,92.5,60.7
19,43.52,95.95,52.67
22,43.53,95.98,53.43
9,43.79,97.32,52.33
14,43.69,96.82,52.57
20,43.73,96.86,53.29
11,43.99,97.74,52.49
16,44.02,97.72,53.21
15,44.37,98.14,53.21
11,44.39,98.14,52.53
12,44.89,98.54,52.52
15,44.89,98.54,53.21
11,45.36,98.94,52.52
14,45.36,98.94,53.21
9,52.22,98.4,53.49
7,52.32,99.26,53.36
9,52.11,98.3,53.7
7,51.94,99.49,53.54
8,52.08,99.63,52.64
8,51.64,100.14,52.82
22,43.89,96.85,53.71
23,44.25,97.26,53.7
21,44.78,97.66,53.7
19,45.28,98.06,53.7
16,45.76,98.47,53.7
6,51.2,99.35,53.7
24,43.69,95.98,53.9
28,44.07,96.38,53.9
28,44.64,96.78,53.9
25,45.17,97.18,53.9
21,45.67,97.58,53.9
17,46.16,97.99,53.9
4,50.27,98.52,53.9
7,51.81,98.34,53.9
8,43.97,98.63,50.7
7,44.44,99.02,50.71
6,44.94,99.42,50.71
6,45.43,99.82,50.71
6,45.92,100.23,50.71
4,45.99,101.11,50.71
3,46.47,101.51,50.71
5,47.5,101.42,50.71
4,52.54,99.15,51.28
10,51.91,101.11,51.43
10,52.15,99.71,51.97
9,51.94,100.32,52.88
7,48.09,101.37,50.71
18,49.57,101.24,50.71
12,51.33,101.09,50.71
10,43.77,97.72,50.51
9,44.21,98.14,50.51
8,44.83,98.54,50.51
7,45.34,98.94,50.51
8,45.83,99.35,50.51
7,46.32,99.75,50.51
5,46.84,100.59,50.51
8,52.36,98.34,51.36
8,52.28,99.35,51.84
11,52.11,100.14,51.22
12,51.88,100.15,50.51
22,48.61,100.44,50.51
17,50.47,100.28,50.51
3,58.35,86.73,44.39
4,56.88,85.41,43.76
5,58.08,85.41,43.12
2,57.94,85.61,44.39
5,58.08,85.41,43.76
2,58.15,85.94,44.39
4,58.35,85.81,43.76
4,57.52,85.61,43.77
6,58.08,85.41,42.47
37,58.12,86.73,40.46
80,54.13,86,40.58
106,58.8,88.25,40.75
59,58.83,87.5,41.21
80,58.83,86.66,41.84
49,58.83,88.89,44.4
49,58.83,88.34,43.78
63,58.83,87.51,43.16
85,58.83,86.67,42.48
6,58.08,85.41,41.07
10,58.16,85.93,40.75
7,57.94,85.6,40.75
7,57.52,85.61,43.14
10,57.93,85.85,40.65
12,57.53,85.67,40.65
19,57.52,85.6,40.75
15,57.51,85.79,40.87
51,58.63,88.89,43.82
57,58.63,88.3,43.22
65,58.63,87.45,42.53
100,58.61,88.54,40.63
83,58.62,88.14,41.16
58,58.63,87.44,41.85
49,58.06,88.09,40.44
47,58.17,87.73,40.44
35,58.35,86.72,40.58
8,58.35,85.8,41.08
2,58.35,87.71,44.39
7,58.08,85.41,41.8
14,57.55,85.41,42.47
17,56.88,85.41,43.12
3,56.47,85.7,43.76
22,57.67,86.22,40.46
63,56.96,85.76,40.46
86,56.88,85.41,40.57
29,57.55,85.41,41.07
13,54.74,85.41,40.57
10,54.76,85.59,40.46
26,54.36,85.97,40.46
3,54.75,85.41,43.76
70,54.13,86,41.09
76,58.41,88.68,40.44
27,43.25,94.71,47.52
26,43.25,94.71,48.14
6,42.01,96.13,51.27
5,41.94,95.25,51.27
3,41.94,95.25,51.9
3,42.01,96.13,51.9
6,41.61,96.61,51.27
2,41.61,96.61,51.9
2,41.46,94.85,52.52
6,41.21,97.09,51.27
2,41.21,97.09,51.9
15,42.49,96.53,49.4
16,42.49,96.53,48.77
10,42.09,97.01,49.4
13,42.09,97.01,48.77
9,42.01,96.13,50.65
10,42.01,96.13,50.02
8,41.61,96.61,50.02
8,41.61,96.61,50.65
8,41.69,97.49,49.4
8,41.69,97.49,48.77
8,41.21,97.09,50.02
8,41.21,97.09,50.65
7,41.69,97.49,48.15
5,41.29,97.97,48.15
3,41.36,98.85,48.15
7,41.29,97.97,49.4
7,41.36,98.85,49.4
6,41.29,97.97,48.77
5,41.36,98.85,48.77
2,41.44,99.73,48.15
2,40.96,99.33,48.15
6,40.96,99.33,49.4
5,41.04,100.21,49.4
4,40.96,99.33,48.77
4,41.04,100.21,48.77
2,40.31,102.05,49.4
2,40.31,102.05,48.77
3,40.71,101.57,49.4
4,40.64,100.69,49.4
2,40.71,101.57,48.77
3,40.64,100.69,48.77
8,40.81,97.57,50.02
8,40.88,98.45,50.02
8,40.81,97.57,50.65
8,40.88,98.45,50.65
6,40.81,97.57,51.27
7,40.88,98.45,51.27
2,40.81,97.57,51.9
4,40.88,98.45,51.9
7,40.48,98.93,50.02
7,40.48,98.93,50.65
6,40.56,99.81,50.02
5,40.56,99.81,50.65
4,40.16,100.29,50.65
5,40.16,100.29,50.02
3,40.48,98.93,51.9
6,40.48,98.93,51.27
3,40.56,99.81,51.9
5,40.56,99.81,51.27
4,40.16,100.29,51.27
2,40.16,100.29,51.9
3,39.79,101.21,50.33
2,39.79,101.21,51.58
23,43.25,95.24,48.15
24,43.25,95.23,47.52
17,42.77,96.07,48.77
12,43.05,96.06,48.15
10,43.05,96.05,47.52
19,43.05,95.24,48.77
9,42.49,96.53,48.15
9,42.09,97.01,48.15
14,42.77,96.06,45.65
5,42.66,97.4,45.33
3,41.29,97.97,47.52
4,41.69,97.49,47.52
2,42.15,98.33,45.33
66,40.44,98.49,44.08
56,39.64,99.44,44.08
671,37.55,96.08,40.59
532,38.54,96.88,41.57
469,39.49,97.68,42.81
392,38.68,98.64,42.82
253,38.83,100.4,42.82
42,38.84,100.4,44.08
158,38.03,101.36,42.82
29,38.03,101.36,44.08
11,42.88,94.72,46.9
15,43.05,95.23,46.9
13,42.44,95.65,45.65
5,42.77,96.06,46.9
7,42.77,96.06,46.27
4,42.09,97.01,47.52
4,42.58,96.66,47.52
3,42.66,97.38,46.58
504,37.72,97.84,41.58
419,37.87,99.6,41.58
250,37.21,102.32,41.58
306,37.05,100.56,41.58
154,36.39,103.27,41.58
69,37.23,102.32,42.82
15,37.23,102.32,44.08
32,36.43,103.27,42.82
8,36.43,103.27,44.08
30,33.59,103.51,41.55
3,33.97,103.5,43.45
652,36.7,97.04,40.58
520,36.85,98.8,40.58
480,35.97,99.75,40.58
278,34.97,101.6,40.58
11,31.75,101.82,40.57
1039,41.39,93.09,40.43
18,58.64,91.59,42.19
33,58.83,91.61,44.1
26,58.8,92.29,43.53
36,58.83,90.74,43.79
43,58.83,89.8,44.41
38,58.83,90.21,43.79
42,58.83,89.31,43.79
25,58.62,91.6,42.95
32,58.63,90.72,43.26
39,58.63,90.25,43.35
44,58.63,89.81,43.83
57,58.63,89.31,43.26
117,58.66,88.92,40.45
121,58.88,88.78,40.59
39,59.89,87.47,41.9
57,59.12,87.53,41.89
88,59.45,87.95,41.27
135,59.13,88.45,40.84
39,59.89,87.47,42.52
54,59.11,87.54,42.52
41,59.45,87.95,43.15
46,59.01,88.89,44.4
41,59.16,88.44,43.77
39,60.44,88.75,41.9
29,60.37,87.87,41.9
198,58.96,90.65,40.81
320,58.74,90.25,40.68
229,59.2,90.2,40.62
220,58.75,89.81,40.45
190,59.15,89.3,40.64
192,59.64,89.71,40.87
123,60.04,89.24,41.27
75,59.96,88.35,41.27
145,59.55,88.82,40.85
36,59.96,88.35,42.52
17,61.11,91.35,42.82
23,60.96,89.59,42.83
37,60.16,90.55,44.08
44,60.01,89.25,42.49
20,59.42,91.53,42.8
31,59.05,90.67,43.13
30,59.64,89.71,43.15
33,59.56,88.83,43.15
34,59.26,90.19,43.77
35,59.21,89.31,43.77
41,59.03,89.78,44.4
9,61.11,91.36,41.49
21,60.96,89.6,41.54
79,59.98,90.44,40.83
10,59.35,91.52,41.53
164,58.97,90.66,41.26
98,58.48,91.05,41.82
304,58.74,90.66,41.25
325,58.74,90.21,40.8
304,58.58,90.3,40.64
176,58.61,90.66,42.02
378,58.61,90.35,41.24
19,42.77,96.06,45.02
17,42.44,95.65,45.02
19,43.05,96.05,45.65
20,42.73,95.16,45.65
19,43.05,95.23,46.27
17,42.88,94.72,46.27
17,43.05,94.71,46.9
27,43.25,96.05,45.02
30,43.25,95.23,45.65
31,43.25,94.71,46.27
31,43.25,94.3,46.9
13,43.05,97.37,45.33
15,43.05,98.27,43.87
20,43.05,97.75,43.14
19,43.25,97.34,44.08
30,43.25,96.05,44.39
65,42.49,96.53,43.15
20,42.77,96.06,44.4
23,42.66,97.38,44.09
111,42.09,97.01,43.15
134,42.01,96.13,43.15
507,41.53,95.73,42.52
590,41.13,96.21,42.52
224,41.61,96.61,43.15
63,41.25,97.53,44.08
24,42.44,95.65,44.4
52,42.77,96.06,43.15
26,43.05,96.93,43.14
95,42.44,95.65,43.15
35,43.25,96.05,43.14
673,40.65,95.81,42.52
685,40.23,95.4,42.06
608,39.89,95.98,42.09
534,40.28,96.73,42.82
788,41.22,94.44,41.56
757,40.61,94.93,41.99
736,40.88,94.47,41.23
895,41.11,93.56,41.15
735,40.1,94.52,41.43
568,39.18,95.89,41.55
666,39.84,94.99,41.49
882,40.56,94.05,40.52
947,40.84,93.59,40.49
762,38.37,95.12,40.59
927,39.69,94.03,40.57
726,39.56,95.01,40.58
34,43.73,93.74,41.89
24,43.69,93.29,42.52
653,41.05,95.33,42.52
732,41.46,94.85,41.9
730,41.9,94.37,41.36
761,42.16,93.91,40.79
59,43.05,96.05,42.51
167,43.05,95.23,41.88
375,43.05,94.71,41.23
398,41.94,95.25,42.52
168,42.73,95.16,42.52
554,42.34,94.77,41.9
342,42.88,94.72,41.9
624,42.69,94.3,41.26
24,43.52,93.34,41.9
55,43.25,95.24,42.51
108,43.25,94.71,41.87
334,43.25,94.32,41.2
114,43.73,93.34,41.24
67,45.46,90.96,41.88
64,44.63,90.96,42.51
12,43.73,91.24,43.77
33,43.95,90.96,43.14
26,43.97,91.24,43.15
129,44.61,90.96,41.21
185,43.97,91.22,40.87
113,43.93,90.96,40.75
113,43.86,91.11,40.65
394,43.95,92.85,40.65
160,43.72,93.32,40.78
189,44.2,91.43,40.65
562,44.28,92.36,40.66
16,43.73,91.97,43.16
722,43.06,94.31,40.68
761,42.47,93.88,40.87
800,42.88,93.81,40.77
817,42.52,93.43,40.68
910,42.6,93.88,40.38
935,43.07,93.81,40.37
18,43.52,92.48,42.53
147,43.52,92.93,41.11
94,44.57,90.76,41.85
29,43.53,91.12,43.15
46,43.81,90.76,42.51
127,43.78,90.76,41.11
212,43.76,91.85,40.46
126,43.53,91.09,40.62
156,43.53,92.8,40.63
32,43.52,91.9,42.61
863,43.26,93.8,40.57
848,41.47,93.97,41.48
1037,42.17,93.03,40.38
833,41.79,93.49,40.89
113,44.68,93.68,42.05
173,44.88,93.44,42.05
216,44.88,93.44,41.74
152,44.68,93.68,41.74
42,44.42,93.26,42.52
13,44.03,92.87,43.14
21,43.68,92.81,42.6
23,43.5,92.95,42.15
71,44.08,93.74,41.9
36,43.85,93.28,42.49
344,44.42,93.26,41.27
147,43.89,93.31,41.28
544,44.04,92.88,40.86
20,44,91.97,43.14
127,44.34,92.38,42.52
402,44.82,92.78,41.9
464,44.82,92.78,41.27
686,44.33,92.38,40.86
27,44.27,91.51,43.14
107,44.75,91.9,42.52
293,45.23,92.3,41.9
457,44.75,91.9,41.27
309,44.27,91.5,40.87
151,45.15,91.45,41.9
66,44.68,91.21,42.52
175,44.68,91.21,41.27
7,43.05,91.17,53.77
13,43.25,90.36,53.76
9,43.26,89.83,54.33
23,43.05,94.71,48.77
30,43.25,94.3,48.77
2,43.05,87.97,59.39
2,43.05,87.17,60.02
2,43.05,86.3,60.61
2,43.25,87.18,59.4
2,43.25,86.33,60.02
2,43.05,88.53,58.15
2,43.05,87.97,58.77
3,43.25,87.98,58.14
3,43.25,87.19,58.77
3,43.05,88.53,57.52
3,43.25,88.52,56.93
3,43.25,87.97,57.53
3,43.1,89.4,56.41
3,43.05,88.94,56.91
3,43.48,89.32,55.7
3,43.16,89.39,55.7
3,43.13,89.76,55.86
4,43.28,89.38,55.91
4,43.26,88.92,56.34
4,43.34,88.93,55.82
4,43.49,87.9,55.82
4,43.25,88.5,56.46
3,43.15,89.81,54.86
2,43.18,89.39,55.06
2,43.5,89.33,55.06
5,43.27,89.39,54.75
4,43.34,88.92,54.94
5,43.49,87.9,54.94
3,43.51,87.5,54.73
2,42.83,88.01,59.39
2,42.83,88.01,58.77
3,43.66,88.86,55.88
2,43.64,87.98,55.86
3,43.66,88.45,55.86
4,43.61,88.88,55.7
4,43.42,88.42,55.82
4,43.66,88,54.84
3,43.61,88.88,55.06
3,43.67,88.45,54.85
5,43.42,88.41,54.94
2,42.65,88.53,58.15
2,42.7,89.41,56.89
2,42.87,88.95,56.88
2,42.65,88.53,57.52
2,43.57,89.33,55.47
3,42.91,88.95,56.22
3,42.96,89.79,55.73
2,42.72,89.41,56.27
2,43.57,89.34,55.24
2,43.04,89.4,55.26
3,42.98,89.41,55.42
2,42.97,89.82,54.97
2,42.78,90.29,55.66
2,42.45,90.77,55.66
6,43.09,90.34,54.33
3,42.96,90.7,54.55
2,42.79,90.29,55.01
2,42.8,91.17,54.41
2,42.51,91.65,54.4
2,42.5,91.65,53.77
2,42.11,92.13,53.77
5,42.55,92.53,53.15
41,42.83,92.9,51.27
35,42.88,94.72,49.4
32,42.73,95.16,49.4
25,42.44,95.65,49.4
27,42.88,94.72,48.77
3,42.18,93.01,53.15
2,41.78,93.49,53.15
13,42.18,93.01,52.52
11,42.63,93.41,51.9
8,41.78,93.49,52.52
9,42.26,93.89,51.9
49,42.85,93.83,50.65
29,42.63,93.41,51.27
58,42.85,93.83,50.02
46,42.69,94.3,50.02
29,42.34,94.77,50.02
17,42.34,94.77,50.65
12,41.94,95.25,50.02
7,41.94,95.25,50.65
8,41.86,94.37,51.27
4,41.38,93.97,52.52
6,41.86,94.37,51.9
14,42.26,93.89,51.27
34,42.69,94.3,50.65
33,43.05,94.3,49.39
38,43.25,93.81,49.39
47,43.05,93.81,50.02
64,43.05,93.4,50.64
37,43.05,92.86,51.27
52,43.25,93.4,50.02
83,43.25,92.86,50.65
15,54.43,81.16,55.03
13,54.42,81.16,55.66
19,53.99,81.16,56.29
10,54.44,81.36,56.28
16,53.98,81.16,56.93
9,54.44,81.36,56.9
8,54.48,81.57,57.52
12,54.02,81.36,57.54
21,53.46,81.36,57.55
18,53.56,81.59,57.52
11,54.07,81.79,58.15
20,53.45,81.36,58.18
17,53.56,81.59,58.14
17,53.56,81.59,58.77
25,52.85,81.62,58.77
30,52.81,81.36,58.83
26,52.85,81.62,59.4
31,52.81,81.36,59.48
19,53.17,81.87,59.4
31,52.58,81.57,60.15
25,52.77,82.24,60.5
22,53.16,82.64,60.5
29,52.67,81.16,53.75
28,53.37,81.16,56.3
28,53.37,81.16,56.93
35,52.65,81.16,57.6
36,52.64,81.16,58.26
37,52.38,81.39,58.92
38,52.38,81.39,59.61
38,52.38,82.06,60.31
33,52.62,82.99,60.7
26,53.09,83.46,60.7
12,43.53,96.86,50.59
10,43.72,97.74,50.77
8,44.07,98.63,50.89
7,44.48,99.02,50.89
6,44.96,99.42,50.89
13,45.84,99.35,53.21
14,46.24,98.87,53.7
14,46.64,98.39,53.9
12,46.32,99.75,53.21
12,46.72,99.27,53.7
11,47.12,98.79,53.9
7,48.45,98.67,53.9
5,49.41,99.48,53.7
7,50.36,100.28,52.89
11,51.24,101.09,51.52
7,45.44,99.82,51.9
11,45.84,99.35,52.52
7,45.44,99.82,51.27
10,46.32,99.75,52.52
7,45.44,99.82,50.89
7,45.92,100.23,51.9
5,46,101.11,51.9
4,46,101.11,51.27
4,46.48,101.51,51.27
5,46.48,101.51,51.9
9,46.84,100.59,52.89
10,47.64,99.63,53.7
8,47.8,101.39,51.53
11,48.6,100.44,52.89
15,49.56,101.24,51.52
6,45.92,100.23,51.27
6,45.92,100.23,50.89
4,46,101.11,50.89
3,46.48,101.51,50.89
5,47.36,101.43,50.86
19,43.26,90.73,53.1
4,42.77,91.18,53.77
11,43.07,91.21,53.18
23,43.28,91.24,52.71
15,42.83,92.9,51.9
17,43.05,92.86,51.9
7,42.81,92.06,53.14
20,42.55,92.53,52.52
26,43.08,92.1,52.55
42,43.26,92.12,51.26
22,43.26,92.17,51.95
27,43.28,91.61,52.53
6,43.22,95.05,51.88
9,43.42,94.93,51.88
5,43.45,95.11,52.32
11,43.45,95.11,51.44
2,42.98,95.59,52.45
4,42.98,95.35,51.89
8,42.99,95.59,51.3
5,42.97,96.93,51.89
4,42.88,96.06,51.89
11,43.01,96.48,51.45
2,43.36,96.45,52.2
4,43.34,95.53,52.2
4,43.46,95.95,52.32
12,43.36,96.45,51.56
8,43.34,95.54,51.56
14,43.46,95.96,51.44
14,43.52,95.96,51.04
6,43.47,97.34,51.88
2,43.56,96.81,52.2
11,43.56,96.82,51.56
11,43.79,97.31,51.47
13,43.69,96.83,51.17
8,44.39,98.14,51.26
9,43.99,97.74,51.3
7,43.94,97.74,51.89
8,44.41,98.14,51.9
9,44.89,98.54,51.9
8,44.89,98.54,51.27
9,45.36,98.94,51.9
8,45.36,98.94,51.27
10,51.63,100.1,51.53
10,52.66,81.16,52.47
25,52.67,81.16,53.12
2,59.19,81.48,50.64
2,59.27,81.95,50.5
2,58.9,81.52,50.5
2,59.07,81.36,50.59
4,59.26,83.16,51.47
2,58.85,83.17,57.54
27,52.56,96.23,50.5
37,53.42,96.22,50.51
2,58.68,81.32,50.5
12,53.31,81.15,51.91
10,53.29,81.15,51.14
2,52.62,82.13,50.51
7,52.86,81.62,50.89
17,53.47,81.31,50.76
11,53.09,81.79,50.7
17,53.49,81.46,50.67
15,53.56,82.13,50.51
25,53.95,81.66,50.5
8,52.81,81.36,51.85
2,52.38,81.41,51.74
5,52.81,81.36,51.18
2,52.38,81.4,51.03
4,52.58,81.57,50.77
2,52.38,82.12,50.59
6,58.69,84.65,50.51
6,58.72,86.33,50.51
18,59.27,90.44,57.84
28,58.66,92.58,57.84
53,59.05,88.84,57.84
24,59.07,90.26,57.85
39,58.88,89.73,57.84
43,57.61,92.58,59.16
21,59.14,90.59,59.11
33,58.66,92.38,59.11
51,58.58,92.03,60.04
49,58.71,91.07,60.08
47,57.61,92.38,60.13
63,56.64,90.96,60.7
55,57.6,91.69,60.5
63,55.78,91.96,60.7
60,55.79,92.58,60.3
66,56.79,92.58,59.19
54,56.76,92.2,60.5
53,56.79,92.38,60.14
26,53.38,81.16,54.42
15,54.43,81.16,54.42
25,53.39,81.16,53.8
13,54.43,81.16,53.82
14,59.05,84.43,56.6
11,58.85,84.45,57.85
49,59.05,86.2,56.59
45,58.85,86.22,57.85
3,55.91,81.16,56.28
6,55.11,81.16,55.66
5,55.35,81.36,56.27
6,55.11,81.16,55.03
59,59.05,87.78,55.33
33,59.06,89.65,55.33
3,55.9,81.36,56.9
2,55.81,81.69,57.52
4,55.37,81.54,56.9
6,54.94,81.36,56.9
5,54.95,81.74,57.52
7,54.94,81.36,56.28
69,59.05,87.77,56.59
69,58.85,87.8,57.84
24,59.27,90.44,56.59
33,58.66,92.58,56.59
56,59.05,88.85,56.58
33,59.07,90.26,56.59
46,58.88,89.73,56.58
2,56.3,81.99,59.4
7,55.9,82.49,60.04
3,56.78,82.42,60.04
12,55.49,82.91,60.5
9,56.4,82.83,60.5
13,56,83.24,60.7
3,57.26,82.82,60.04
8,56.9,83.24,60.5
13,56.52,83.67,60.7
16,55.57,83.75,60.7
16,56.09,84.17,60.7
2,58.24,83.62,59.4
5,57.34,83.7,60.04
6,57.82,84.1,60.04
13,57.02,84.59,60.5
23,56.22,85.53,60.7
7,58.43,84.49,59.08
59,56.51,89.1,60.7
30,58.49,86.26,59.08
48,58.54,87.9,59.08
45,58.85,88.89,59.12
35,58.62,89.8,59.07
25,58.92,90.38,59.11
56,57.46,89.9,60.51
44,58.26,90.59,60.07
14,57.9,85.43,60.04
30,58.03,87.19,60.05
48,58.18,88.95,60.05
25,57.18,86.36,60.5
46,57.33,88.13,60.5
41,56.37,87.32,60.7
11,54.54,82.17,59.4
5,55.42,82.09,59.4
16,54.14,82.65,60.04
11,55.02,82.57,60.04
21,53.66,83.06,60.5
17,54.58,82.99,60.5
22,54.07,83.39,60.7
15,55.08,83.4,60.5
20,54.61,83.82,60.7
8,54.54,82.17,58.77
3,55.42,82.09,58.77
17,53.66,82.25,59.4
15,53.66,82.25,58.77
22,53.24,82.73,60.04
24,52.88,82.32,60.05
23,53.63,83.89,60.7
22,54.17,84.32,60.7
7,54.54,82.17,58.15
2,55.42,82.09,58.15
21,43.52,95.07,52.64
25,43.53,95.16,53.42
28,43.66,95.15,53.9
7,52.43,99.04,52.08
29,52.78,97.47,50.51
20,52.38,97.19,50.79
7,53.62,98.22,50.71
9,52.52,98.32,53.85
9,52.37,97.27,54.18
2,53.06,99.18,51.52
23,52.27,97.23,53.49
8,52.67,98.31,53.68
67,54.38,92.17,60.7
70,54.04,92.58,60.31
69,53.98,92.47,60.7
100,54.93,92.58,59.24
69,54.95,92.38,60.15
64,54.93,92.25,60.5
73,52.97,92.58,59.48
67,53.88,91.76,60.7
70,53.43,92.58,60.31
75,52.56,92.58,60.32
69,53.13,92.38,60.15
71,53.11,92.31,60.5
87,52.58,92.32,60.7
71,53.42,92.26,60.7
78,52.38,92.24,60.32
16,43.68,95.97,52.56
24,43.73,95.99,53.29
17,43.95,96.86,52.48
22,44,96.85,53.21
16,44.32,97.26,52.52
21,44.32,97.26,53.21
19,44.81,97.66,53.21
16,44.81,97.66,52.52
15,45.29,98.06,52.52
18,45.29,98.06,53.21
15,45.77,98.46,52.52
16,45.77,98.46,53.21
40,52.11,96.88,53.71
7,52.19,98.38,53.35
5,52.88,99.17,52.53
7,52.36,99.24,52.69
8,51.94,98.3,53.54
6,51.15,99.34,52.88
27,43.86,95.98,53.7
28,44.19,96.38,53.7
27,44.7,96.78,53.7
24,45.2,97.18,53.7
20,45.68,97.58,53.7
17,46.16,97.99,53.7
4,50.23,98.52,53.7
7,51.65,98.34,53.7
32,44,95.5,53.9
35,44.54,95.9,53.9
32,45.08,96.3,53.9
28,45.59,96.7,53.9
24,46.08,97.11,53.9
19,46.56,97.51,53.9
10,49.27,97.72,53.9
15,51.14,97.56,53.9
39,51.91,97.02,53.9
10,43.93,97.72,50.7
9,44.31,98.14,50.71
8,44.86,98.54,50.71
8,45.35,98.94,50.71
8,45.84,99.35,50.71
8,46.32,99.75,50.71
6,46.84,100.59,50.71
7,52.52,98.32,51.52
8,52.32,99.27,51.97
10,51.93,100.09,51.38
11,51.71,100.14,50.71
20,48.6,100.44,50.71
14,50.4,100.28,50.71
12,43.74,96.85,50.51
11,44.15,97.26,50.51
10,44.75,97.66,50.51
9,45.26,98.06,50.51
9,45.75,98.47,50.51
10,46.24,98.87,50.51
11,46.72,99.27,50.51
22,47.64,99.63,50.51
18,52.37,97.45,51.33
16,52.28,97.33,51.84
9,52.22,98.38,51.84
9,52.11,99.33,50.92
12,51.34,99.34,50.51
21,49.44,99.48,50.51
5,58.35,85.8,43.13
3,58.35,86.73,43.77
4,56.99,85.61,43.77
6,57.94,85.61,43.14
4,57.51,85.79,43.77
4,57.94,85.61,43.77
4,58.15,85.94,43.77
7,57.51,85.79,43.15
5,58.35,85.8,42.48
7,57.94,85.61,42.5
34,57.98,86.74,40.65
47,57.76,87.25,40.45
120,54.13,87.89,40.59
148,54.13,87.11,40.6
65,54.32,86.1,40.75
133,58.75,88.67,40.74
174,58.8,88.24,41.23
58,58.83,87.51,41.88
44,58.83,88.89,43.79
51,58.83,88.33,43.18
59,58.83,87.51,42.53
39,57.96,87.96,40.58
35,58.04,87.64,40.6
27,58.16,86.73,40.76
11,58.15,85.93,41.2
10,57.94,85.6,41.19
11,57.84,85.95,40.87
10,57.94,85.61,41.86
12,57.52,85.61,42.5
10,57.51,85.79,42.52
13,56.99,85.61,43.14
3,56.66,85.83,43.77
25,57.61,86.29,40.65
44,57.05,85.9,40.65
71,56.99,85.6,40.75
25,57.52,85.6,41.19
21,57.51,85.79,41.27
36,57.11,85.99,40.87
13,54.81,85.6,40.75
21,54.87,85.87,40.87
16,54.83,85.75,40.65
63,54.6,86.16,40.87
53,54.5,86.08,40.65
2,54.82,85.61,43.77
2,54.88,85.87,43.15
67,54.32,86.1,41.2
54,58.63,88.87,43.23
66,58.63,88.21,42.64
73,58.4,88.64,40.64
79,58.52,88.64,40.64
245,58.61,88.54,41.23
85,58.62,88.15,41.94
46,58.23,88.2,40.59
50,57.71,88.05,40.43
39,58.36,87.76,40.63
16,58.35,86.72,41.1
8,58.35,85.81,41.81
26,57.55,85.41,41.79
47,56.88,85.41,42.47
22,56.47,85.7,43.13
62,57.08,86.79,40.46
88,56.66,86.34,40.46
101,56.47,85.66,40.57
85,56.88,85.41,41.06
11,54.75,85.41,41.07
11,55.73,85.41,40.57
10,55.85,85.56,40.46
14,55.45,85.93,40.46
113,54.82,86.49,40.46
4,54.75,85.41,43.12
5,54.75,85.41,42.47
28,54.13,85.99,41.82
124,54.13,87.08,41.12
115,54.34,88.18,40.58
104,54.13,87.84,41
92,58.3,88.81,40.58
84,58.18,88.78,40.45
16,43.05,94.71,47.52
30,43.25,94.3,47.52
18,43.05,94.71,48.14
29,43.25,94.3,48.14
4,41.53,95.73,51.27
6,41.46,94.85,51.27
4,41.46,94.85,51.9
2,41.53,95.73,51.9
4,41.13,96.21,51.27
2,41.13,96.21,51.9
2,40.98,94.45,52.52
4,40.73,96.69,51.27
15,42.01,96.13,49.4
23,42.01,96.13,48.77
9,41.61,96.61,49.4
15,41.61,96.61,48.77
6,41.53,95.73,50.65
8,41.53,95.73,50.02
7,41.13,96.21,50.02
6,41.13,96.21,50.65
7,41.21,97.09,49.4
9,41.21,97.09,48.77
6,40.73,96.69,50.02
6,40.73,96.69,50.65
8,41.21,97.09,48.15
5,41.21,97.09,47.52
5,40.81,97.57,48.15
3,40.88,98.45,48.15
3,40.81,97.57,47.52
2,40.88,98.45,47.52
6,40.81,97.57,49.4
6,40.88,98.45,49.4
6,40.81,97.57,48.77
4,40.88,98.45,48.77
2,40.48,98.93,48.15
5,40.48,98.93,49.4
3,40.48,98.93,48.77
5,40.56,99.81,49.4
3,40.56,99.81,48.77
2,40.16,100.29,48.77
4,40.16,100.29,49.4
2,39.79,101.21,49.08
5,40.33,97.17,50.02
5,40.33,97.17,50.65
6,40.41,98.05,50.02
6,40.41,98.05,50.65
5,40,98.53,50.02
5,40,98.53,50.65
3,40.33,97.17,51.27
5,40.41,98.05,51.27
2,40.41,98.05,51.9
2,40,98.53,51.9
4,40,98.53,51.27
4,39.64,99.44,50.33
2,39.64,99.44,51.58
16,43.05,95.24,48.15
14,43.05,95.23,47.52
10,42.88,94.72,47.52
26,42.44,95.65,48.77
10,42.77,96.07,48.15
6,42.77,96.06,47.52
26,42.73,95.16,48.77
15,42.01,96.13,48.15
7,42.01,96.13,47.52
12,41.61,96.61,48.15
7,41.61,96.61,47.52
16,42.88,94.72,48.15
6,42.05,96.57,45.33
890,37.39,94.32,40.59
3,41.25,97.53,45.33
95,39.49,97.68,44.08
2,40.44,98.49,45.33
74,38.68,98.64,44.08
809,36.56,95.27,40.59
596,37.56,96.08,41.58
515,38.54,96.88,42.81
705,35.67,96.23,40.58
378,37.73,97.84,42.82
257,37.88,99.6,42.82
49,37.88,99.6,44.08
112,37.08,100.56,42.82
28,37.08,100.56,44.08
11,42.73,95.16,46.27
9,42.69,94.3,46.9
7,42.73,95.16,46.9
5,42.44,95.65,46.9
9,41.94,95.25,45.65
7,42.44,95.65,46.27
3,42.05,96.57,46.58
491,36.74,97.03,41.58
386,36.89,98.8,41.58
234,36.06,99.75,41.58
109,35.23,101.6,41.57
14,35.39,101.59,43.45
9,32.61,101.83,41.54
2,33.17,101.83,43.45
362,34.32,98.08,40.58
100,32.66,100.04,40.57
893,42.32,93.01,40.73
974,41.34,93.09,41.05
1115,41.8,92.61,40.4
1099,41.06,92.69,40.46
25,58.79,91.59,42.89
33,58.82,90.71,43.18
40,58.82,90.22,43.28
39,58.83,89.8,43.79
50,58.82,89.31,43.2
33,58.62,90.7,42.68
46,58.63,89.87,43.23
105,58.62,89.28,42.69
246,58.44,90.17,40.45
165,58.34,89.36,40.45
142,58.65,89,40.6
173,58.95,88.85,40.82
192,59.13,88.44,41.27
76,59.45,87.95,41.89
48,59.45,87.95,42.52
43,59.15,88.44,43.15
40,59.01,88.89,43.77
104,60.03,89.25,41.89
61,59.96,88.35,41.9
254,59.21,90.19,40.84
252,58.75,89.77,40.62
211,59.65,89.72,41.26
180,59.56,88.86,41.29
222,59.15,89.3,40.85
68,59.54,88.87,42.49
22,60.15,90.56,42.82
69,59.63,89.72,42.5
44,59,90.66,42.49
34,59.26,90.19,43.15
38,59.2,89.31,43.14
36,59.03,89.78,43.77
33,60.16,90.56,41.52
113,58.97,90.65,41.88
264,59.25,90.17,41.27
313,58.91,90.04,40.88
246,58.74,90.66,41.92
367,58.74,90.23,41.26
313,58.68,90.17,40.74
298,58.46,90.3,40.64
377,58.58,90.3,41.24
377,58.61,90.35,42.01
24,43.05,96.05,45.02
13,41.94,95.25,45.02
28,42.73,95.16,45.02
25,43.05,95.23,45.65
19,42.34,94.77,45.65
26,42.88,94.72,45.65
22,43.05,94.71,46.27
16,42.69,94.3,46.27
19,43.05,94.3,46.9
14,42.85,93.83,46.9
34,43.25,95.23,45.02
34,43.25,94.71,45.65
34,43.25,94.3,46.27
35,43.25,93.81,46.9
29,42.77,96.06,43.77
18,43.05,97.34,44.09
46,42.44,95.65,43.77
27,43.05,96.05,44.39
37,42.73,95.16,44.4
32,43.25,96.05,43.77
37,43.25,95.23,44.39
947,38.22,93.36,40.59
1012,39.54,92.45,40.57
991,39.87,91.88,40.55
256,41.53,95.73,43.15
43,42.05,96.57,44.08
371,41.13,96.21,43.15
101,40.29,96.73,44.08
495,40.65,95.81,43.15
32,41.94,95.25,44.4
40,43.05,96.05,43.14
384,41.05,95.33,43.15
177,41.94,95.25,43.15
86,42.73,95.16,43.15
44,43.25,95.23,43.14
853,39.54,91.47,40.57
723,39.9,94.98,42.1
702,40.17,95.4,42.51
588,39.34,95.92,42.81
958,41.15,93.56,41.58
800,40.16,94.53,42.07
722,40.58,94.93,42.52
823,41,94.45,41.93
820,40.53,94.05,41.34
899,40.81,93.59,41.26
657,38.37,95.12,41.58
837,39.67,94.04,41.52
656,39.54,95.01,41.55
890,39.06,94.19,40.58
1013,40.01,93.2,40.54
61,43.69,93.31,41.9
584,41.46,94.85,42.52
739,41.86,94.37,41.9
777,42.27,93.89,41.27
85,43.05,95.23,42.52
218,43.05,94.71,41.89
472,43.06,94.31,41.25
311,42.34,94.77,42.52
160,42.88,94.72,42.52
522,42.69,94.3,41.9
696,42.87,93.83,41.25
294,43.51,93.01,41.73
65,43.25,94.71,42.52
137,43.25,94.31,41.88
486,43.25,93.83,41.22
23,43.68,92.46,42.46
395,43.69,92.89,41.18
110,44.63,90.96,41.88
25,43.72,91.24,43.15
61,43.95,90.96,42.52
69,43.95,91.23,42.53
205,43.95,91.23,41.27
136,43.93,90.96,41.21
448,43.91,91.9,40.65
157,43.71,91.21,40.76
347,43.71,92.8,40.76
44,43.69,91.93,42.56
837,43.08,93.8,40.68
823,42.71,93.41,40.8
971,42.8,93.42,40.38
1030,42.48,93,40.39
25,43.5,92.51,42.23
612,43.5,92.48,41.19
45,43.52,91.08,42.55
100,43.79,90.76,41.84
624,43.5,92.07,41.19
141,43.52,91.07,41.13
193,43.52,91.86,40.63
41,43.5,91.85,42.23
910,43.26,93.42,40.59
868,41.39,93.97,41.91
920,42.06,93.03,40.79
895,41.82,93.49,41.37
905,42.4,93,40.87
262,44.42,93.26,41.9
56,44,92.86,42.51
78,43.62,92.89,42.1
75,43.85,93.28,41.94
47,43.81,92.44,42.36
566,44,92.84,41.27
493,44.35,92.38,41.9
81,43.97,91.98,42.5
707,44.33,92.38,41.26
689,44,91.94,40.86
395,44.75,91.9,41.9
82,44.25,91.5,42.52
148,44.68,91.21,41.9
432,44.25,91.5,41.28
1084,40.75,92.71,40.49
9,43.05,90.36,53.76
6,43.11,89.82,54.38
19,43.25,90.32,53.21
14,43.25,89.83,53.76
9,43.26,89.4,54.28
27,43.05,94.3,48.77
35,43.25,93.81,48.77
2,43.05,87.18,59.4
2,43.05,86.31,60.02
2,43.25,86.35,59.4
3,43.05,87.97,58.14
2,43.05,87.18,58.77
3,43.25,87.19,58.15
2,43.25,86.36,58.77
3,43.05,88.52,56.91
3,43.05,87.97,57.52
3,43.25,87.18,57.52
3,43.25,87.96,56.92
3,43.15,89.38,55.8
3,43.09,88.92,56.28
4,43.28,88.93,55.7
3,43.59,87.96,55.7
4,43.27,88.89,55.96
4,43.42,87.61,55.82
3,43.06,88.51,56.41
4,43.26,87.98,56.35
3,43.14,89.39,54.85
3,43.29,88.93,55.06
5,43.59,87.96,55.06
3,43.66,87.57,54.83
6,43.27,88.86,54.76
5,43.42,87.61,54.94
2,42.81,87.19,59.4
2,42.56,87.65,58.77
2,42.83,88.01,58.14
2,42.81,87.19,58.77
2,42.83,88.01,57.52
2,43.83,88.45,55.71
3,43.77,88.86,55.43
3,43.75,87.99,55.44
4,43.33,87.95,55.82
4,43.45,88.44,55.7
2,43.8,87.6,54.91
2,43.81,87.55,55.19
2,44.01,87.97,55.01
4,43.72,87.97,55.25
3,43.74,88.87,55.26
3,43.84,88.45,55.03
5,43.33,87.93,54.94
4,43.45,88.44,55.06
2,42.65,88.53,56.9
3,42.93,88.93,55.71
3,43.2,88.93,55.47
2,42.65,88.53,56.27
2,42.71,89.41,55.66
3,42.94,88.91,54.99
3,43.21,88.93,55.24
4,42.94,89.83,54.44
3,42.73,89.41,55.01
2,42.35,89.89,55.65
2,42.35,89.89,55.02
3,42.78,90.29,54.41
2,42.44,90.77,54.39
6,42.74,90.28,53.77
4,42.45,90.77,53.77
2,42.03,91.25,53.77
6,42.51,91.65,53.14
4,42.11,92.13,53.15
25,42.11,92.13,52.52
58,42.55,92.53,51.27
90,42.83,92.9,50.65
55,42.85,93.83,49.4
40,42.85,93.83,48.77
49,42.69,94.3,49.4
42,42.34,94.77,49.4
27,41.94,95.25,49.4
38,42.69,94.3,48.77
2,41.7,92.61,53.15
2,41.3,93.09,53.15
17,41.7,92.61,52.52
14,42.18,93.01,51.9
10,41.3,93.09,52.52
11,41.78,93.49,51.9
31,42.18,93.01,51.27
65,42.63,93.41,50.65
78,42.63,93.41,50.02
52,42.26,93.89,50.02
21,41.86,94.37,50.02
11,41.86,94.37,50.65
10,41.46,94.85,50.02
6,41.46,94.85,50.65
10,41.38,93.97,51.27
5,40.9,93.57,52.52
8,41.38,93.97,51.9
3,40.5,94.05,52.52
12,41.78,93.49,51.27
34,42.26,93.89,50.65
41,43.05,93.81,49.39
45,43.25,93.4,49.39
52,43.09,92.11,51.26
61,43.05,93.4,50.02
98,42.83,92.9,50.02
91,43.05,92.86,50.65
126,43.28,91.19,51.11
125,43.25,92.08,50.62
68,43.25,92.86,50.02
23,53.99,81.16,55.04
13,54.45,81.36,55.03
21,53.99,81.16,55.66
12,54.45,81.36,55.65
28,52.82,81.36,53.76
23,53.46,81.36,56.28
22,53.46,81.36,56.91
10,54.48,81.57,56.27
15,54.03,81.36,56.28
9,54.48,81.57,56.9
14,54.02,81.36,56.91
12,54.07,81.79,57.52
20,53.55,81.59,56.27
19,53.56,81.59,56.89
26,52.85,81.62,57.52
30,52.82,81.36,57.55
20,53.17,81.87,57.52
14,53.66,82.25,58.15
26,52.85,81.62,58.15
29,52.82,81.36,58.19
20,53.17,81.87,58.14
21,53.06,82.04,58.77
31,52.58,81.57,58.83
24,52.88,82.31,59.4
31,52.58,81.57,59.48
30,52.58,82.21,60.14
30,52.8,83.11,60.5
24,53.24,83.55,60.5
27,53.38,81.16,55.03
28,53.38,81.16,55.66
30,52.38,81.41,53.73
30,52.66,81.16,54.39
34,52.65,81.16,56.3
35,52.65,81.16,56.95
35,52.38,81.41,57.6
36,52.38,81.4,58.25
36,52.38,82.13,58.9
37,52.38,82.11,59.59
42,52.38,82.92,60.33
36,52.45,83.51,60.7
31,52.69,83.95,60.7
37,52.48,84.45,60.7
14,43.53,95.99,50.6
13,43.73,96.86,50.78
10,44.02,97.72,50.89
9,44.37,98.14,50.89
8,44.89,98.54,50.89
8,45.36,98.94,50.89
14,47.49,97.87,53.9
15,46.24,98.87,53.21
13,46.64,98.39,53.7
13,46.72,99.27,53.21
11,47.12,98.79,53.7
7,48.45,98.67,53.7
7,49.4,99.48,52.89
11,50.36,100.28,51.52
9,45.84,99.35,51.9
15,46.24,98.87,52.52
8,45.84,99.35,51.27
9,46.32,99.75,51.9
14,46.72,99.27,52.52
8,45.84,99.35,50.89
8,46.32,99.75,50.89
7,46.85,100.59,51.57
12,47.64,99.63,52.89
16,48.6,100.44,51.52
9,46.32,99.75,51.27
6,46.74,100.6,50.88
8,42.89,89.84,53.79
31,43.3,90.3,52.32
27,43.28,90.74,52.63
14,43.09,90.72,53.07
8,42.8,91.17,53.13
32,42.56,91.64,52.5
28,43.16,91.2,52.64
31,43.34,91.21,52.32
21,43.51,94.75,51.88
19,42.55,92.53,51.9
62,42.86,92.03,51.28
26,43.1,92.15,51.92
28,42.84,92.05,52.51
33,43.17,91.59,52.49
58,43.24,91.5,51.13
112,43.31,91.08,51.42
38,43.24,91.62,51.35
35,43.29,91.61,51.95
14,43.52,95.1,51.05
7,43.46,95.05,51.88
4,43.52,95.21,52.2
9,43.52,95.21,51.56
6,43.33,96.46,51.88
5,43.28,95.57,51.88
3,43.54,95.97,52.2
10,43.54,95.98,51.56
14,43.68,95.97,51.18
10,43.84,96.86,51.89
13,43.95,96.86,51.3
11,44.81,97.66,51.27
12,44.32,97.26,51.27
13,44.33,97.26,51.9
13,44.81,97.66,51.9
26,52.37,96.14,50.59
12,45.29,98.06,51.9
10,45.29,98.06,51.27
12,45.77,98.46,51.9
11,45.77,98.46,51.27
7,51.12,99.33,51.5
21,53.4,81.16,53.19
17,53.35,81.16,52.6
11,54.38,81.16,53.23
9,54.36,81.14,52.67
16,52.82,81.36,52.5
25,52.82,81.36,53.13
5,52.38,81.41,52.42
21,52.38,81.41,53.08
2,59.15,82.72,50.5
4,58.6,82.25,50.5
2,59.19,81.61,50.75
2,58.77,81.65,50.66
2,58.91,81.52,50.74
4,59.13,83.16,51.44
19,52.37,96.23,51.03
39,53.46,96.81,50.51
28,52.71,96.15,50.68
33,53.5,96.18,50.7
40,54.04,95.52,50.51
35,52.93,95.68,50.5
2,58.6,81.16,51.8
2,58.63,81.16,51
2,58.52,81.49,50.69
3,58.27,81.83,50.5
3,55.6,81.14,51.98
4,55.6,81.14,51.21
2,56.79,81.16,51.35
3,56.85,81.37,50.51
12,53.44,81.32,51.9
13,53.44,81.32,51.21
11,52.85,81.62,51.9
8,52.85,81.62,51.27
5,52.77,82.24,50.7
6,53.04,82.63,50.51
11,53.18,81.87,50.89
18,53.6,81.54,50.86
14,53.62,82.2,50.71
22,54.02,81.74,50.68
13,54.1,82.59,50.51
22,54.53,82.11,50.51
5,52.58,81.58,51.83
2,52.38,82.16,51.76
5,52.58,81.57,51.18
2,52.38,82.14,51.04
3,52.58,82.24,50.77
2,52.38,83.01,50.59
3,52.65,83.11,50.51
7,57.92,83.76,50.51
6,58.66,85.52,50.51
7,58.04,85.01,50.51
6,59.05,84.63,51.38
5,58.55,84.59,50.69
7,57.59,85.47,50.51
7,58.14,85.87,50.51
6,58.24,86.73,50.51
5,58.56,86.33,50.71
7,59.05,86.2,51.35
6,58.77,87.15,50.51
10,59.05,87.82,51.36
11,59.06,89.62,51.32
7,57.78,87.21,50.51
7,58.35,87.59,50.51
7,58.82,87.96,50.51
13,59.18,91.58,50.5
11,58.86,89.63,50.5
59,55.66,90.12,60.7
54,57.62,92.58,57.85
20,59.14,90.59,57.83
27,58.66,92.38,57.84
62,58.85,88.89,57.83
47,58.62,89.8,57.84
29,58.92,90.38,57.84
32,58.6,92.03,59.08
28,58.69,91.08,59.08
44,57.62,92.38,59.11
57,56.64,90.9,60.5
49,57.59,91.62,60.04
63,54.33,91.21,60.7
61,54.77,90.68,60.7
64,54.82,91.66,60.7
62,55.26,91.11,60.7
60,55.81,91.82,60.5
62,55.83,92.38,60.14
88,55.8,92.58,59.21
93,56.8,92.58,57.86
54,56.77,92.09,60.04
66,56.8,92.38,59.12
22,53.99,81.16,54.43
23,53.47,81.36,54.4
7,55.12,81.16,54.42
14,54.45,81.36,54.41
20,53.99,81.16,53.82
23,53.47,81.36,53.78
7,55.13,81.16,53.82
13,54.45,81.36,53.79
26,52.85,81.62,53.77
6,59.05,84.47,54.1
11,59.05,84.45,55.34
10,58.43,84.49,57.83
16,58.85,84.46,56.59
47,59.05,86.21,55.34
52,58.49,86.25,57.83
57,58.85,86.21,56.59
32,59.05,86.22,54.07
43,59.05,87.79,54.07
27,59.06,89.65,54.07
3,55.88,81.16,55.36
3,55.9,81.36,56.27
6,55.11,81.36,55.65
5,55.37,81.54,56.27
7,55.12,81.36,55.02
20,59.26,90.44,55.33
34,58.66,92.58,55.37
47,59.05,88.86,55.33
63,58.85,87.8,55.33
25,59.07,90.26,55.33
35,58.88,89.74,55.33
2,55.81,81.69,56.9
5,54.95,81.74,56.9
6,54.54,82.17,57.52
6,54.95,81.74,56.27
78,58.85,87.8,56.58
76,58.54,87.9,57.83
57,57.62,92.58,56.59
27,59.14,90.59,56.59
33,58.66,92.38,56.58
62,58.85,88.91,56.58
52,58.62,89.81,56.58
38,58.92,90.38,56.59
3,55.9,82.49,59.4
9,55.5,82.97,60.04
6,56.38,82.9,60.04
11,55.99,83.32,60.5
5,56.86,83.3,60.04
11,56.48,83.74,60.5
14,55.57,83.81,60.5
19,55.14,84.25,60.7
14,56.07,84.22,60.5
19,55.66,84.67,60.7
22,54.71,84.74,60.7
23,55.23,85.16,60.7
29,55.32,86.06,60.7
2,57.34,83.7,59.4
4,57.82,84.1,59.4
3,57.82,84.1,58.77
11,56.98,84.62,60.04
21,56.19,85.56,60.5
33,55.83,86.47,60.7
18,57.9,85.43,59.08
54,55.55,88.75,60.7
51,55.98,88.26,60.7
53,56.49,89.1,60.5
46,58.01,87.19,59.08
54,58.17,88.95,59.08
50,57.44,89.9,60.05
34,58.25,90.6,59.08
49,55.05,88.35,60.7
37,55.4,86.96,60.7
26,57.13,86.38,60.04
45,57.28,88.14,60.04
38,56.34,87.33,60.5
46,55.48,87.86,60.7
12,54.14,82.65,59.4
6,55.02,82.57,59.4
18,53.74,83.13,60.04
13,54.62,83.05,60.04
18,54.16,83.48,60.5
11,55.1,83.45,60.04
16,54.66,83.89,60.5
10,54.14,82.65,58.77
3,55.02,82.57,58.77
22,53.22,82.73,59.4
21,53.22,82.73,58.77
29,52.92,83.2,60.05
22,53.34,83.61,60.04
20,53.75,83.96,60.5
27,53.18,84.38,60.7
19,54.25,84.37,60.5
26,53.73,84.81,60.7
35,52.75,84.88,60.7
29,53.28,85.31,60.7
34,54.89,86.55,60.7
8,54.14,82.65,58.15
2,55.02,82.57,58.15
27,43.53,94.22,52.56
30,43.53,93.32,52.55
29,43.53,94.2,53.41
31,43.53,93.32,53.39
19,43.69,95.12,52.55
25,43.52,94.57,52.71
28,43.53,94.6,53.41
28,43.73,95.18,53.29
31,43.83,95.15,53.7
32,43.62,94.2,53.9
33,43.58,93.31,53.9
35,43.89,94.62,53.9
35,52.75,93.66,50.5
38,52.45,93.13,50.5
25,52.38,93.14,51.08
38,52.37,93.15,50.61
39,52.2,96.56,53.49
6,52.32,98.34,52.08
32,52.24,96.19,52.66
17,52.92,97.42,50.7
15,52.57,97.15,50.96
2,53.7,98.21,51.51
6,52.67,98.31,51.81
14,52.36,96.01,51.77
9,52.54,97.31,54.09
4,52.38,95.56,54.18
25,52.31,97.29,53.35
3,53.73,98.21,52.83
4,53.18,99.16,53.01
6,52.97,97.39,54.01
11,52.38,93.17,51.83
142,54.98,92.58,57.88
83,53.8,92.58,59.2
65,54.46,92,60.5
68,54.08,92.28,60.5
70,54.13,92.38,60.15
71,54.97,92.14,60.04
104,54.98,92.38,59.15
69,52.62,92.58,59.21
74,53.12,92.38,59.36
66,53.36,91.32,60.7
64,53.97,91.62,60.5
69,53.56,92.38,60.15
71,52.74,92.38,60.15
67,53.21,92.19,60.04
77,52.77,92.13,60.5
82,52.89,91.86,60.7
68,53.55,92.09,60.5
88,52.54,91.43,60.7
70,52.38,92.26,59.27
73,52.58,92.06,60.15
80,52.38,91.42,60.3
75,52.84,90.91,60.7
19,43.92,95.96,52.48
26,43.97,95.97,53.21
21,44.24,96.38,52.5
26,44.27,96.38,53.21
21,44.73,96.78,52.52
24,44.73,96.78,53.21
22,45.21,97.18,53.21
20,45.21,97.18,52.52
19,45.69,97.58,52.52
20,45.69,97.58,53.21
19,46.17,97.99,52.52
17,46.17,97.99,53.21
44,52.11,96.15,53.77
35,51.94,96.92,53.54
6,52.03,98.36,52.63
6,51.54,98.35,53.14
4,50.21,98.52,52.89
33,44.13,95.5,53.7
32,44.61,95.9,53.7
30,45.11,96.3,53.7
26,45.6,96.7,53.7
22,46.09,97.11,53.7
18,46.57,97.51,53.7
8,49.26,97.72,53.7
12,51.03,97.56,53.7
32,51.73,97.02,53.7
39,44.44,95.02,53.9
38,44.99,95.42,53.9
35,45.5,95.82,53.9
32,46,96.23,53.9
29,46.49,96.63,53.9
24,46.97,97.03,53.9
23,48.3,96.91,53.9
30,50.1,96.76,53.9
42,51.68,96.47,53.9
29,43.45,91.56,52.58
31,43.39,91.32,52.46
13,43.9,96.85,50.7
11,44.25,97.26,50.71
10,44.78,97.66,50.71
10,45.28,98.06,50.71
10,45.76,98.47,50.71
11,46.24,98.87,50.71
12,46.72,99.27,50.71
20,47.64,99.63,50.71
16,52.53,97.45,51.48
14,52.32,97.38,51.97
7,52.19,98.36,51.97
9,51.93,99.3,51.1
8,51.21,99.33,50.71
17,49.42,99.48,50.71
14,43.7,95.98,50.51
13,44.09,96.38,50.51
12,44.66,96.78,50.51
11,45.18,97.18,50.51
11,45.67,97.58,50.51
13,46.16,97.99,50.51
33,48.16,98.7,50.51
25,46.64,98.39,50.51
31,47.12,98.79,50.51
46,52.11,95.99,52.98
37,52.37,93.58,50.65
22,52.22,96.62,51.84
12,52.11,98.36,51.16
12,51.82,98.36,50.51
27,48.75,98.65,50.51
15,50.3,98.53,50.51
5,58.15,85.93,43.14
3,58.35,86.72,43.14
3,58.15,86.73,43.77
3,57.11,85.99,43.77
6,57.84,85.94,43.15
4,57.84,85.94,43.77
10,57.11,85.99,43.15
2,56.9,86.45,43.77
6,58.15,85.93,42.5
4,58.35,86.72,42.5
7,57.84,85.94,42.52
28,57.89,86.75,40.87
25,57.95,87.62,40.84
30,57.95,87.9,40.76
36,57.68,87.22,40.63
63,57.21,87.71,40.43
112,54.75,88.2,40.5
131,54.65,88.2,40.67
164,54.41,87.07,40.46
117,54.36,87.96,40.46
118,54.75,88.06,40.45
112,54.32,87.76,40.75
132,54.32,87.07,40.76
99,58.3,88.77,40.74
114,58.55,88.77,40.74
252,58.75,88.67,41.25
171,58.8,88.24,41.91
55,58.82,88.89,43.18
76,58.81,88.28,42.57
129,58.24,88.88,40.81
34,58.1,88.06,40.72
43,57.64,87.95,40.55
28,58.19,87.66,40.77
14,58.15,86.74,41.2
9,58.15,85.94,41.86
21,57.52,85.61,41.85
18,57.51,85.79,41.9
14,57.84,85.95,41.27
24,57.58,86.34,40.87
12,57.84,85.95,41.89
36,56.99,85.61,42.5
20,57.11,85.99,42.52
17,56.66,85.83,43.14
51,57.15,86.81,40.65
64,56.81,86.41,40.65
82,56.66,85.81,40.75
69,56.99,85.6,41.19
52,56.9,86.45,40.87
43,57.11,85.99,41.27
15,54.82,85.6,41.19
21,54.88,85.87,41.27
53,54.6,86.16,41.27
15,55.62,85.84,40.87
10,55.61,85.6,40.75
10,55.71,85.73,40.65
33,55.34,86.12,40.87
22,55.38,86.04,40.65
115,54.92,86.57,40.87
123,54.88,86.54,40.65
3,54.82,85.61,43.14
5,54.88,85.87,42.52
2,54.6,86.16,43.15
6,54.82,85.61,42.5
6,54.6,86.16,42.52
30,54.33,86.1,41.87
109,54.48,87.99,40.75
121,54.33,87.07,41.21
109,54.32,87.73,41.11
59,58.03,88.59,40.45
58,58.33,88.51,40.44
89,58.62,88.82,42.65
64,58.37,88.55,40.61
208,58.4,88.64,41.04
251,58.52,88.64,41.24
249,58.61,88.54,41.99
45,57.8,88.21,40.69
15,58.35,87.69,41.17
6,58.35,86.72,41.84
2,58.35,87.71,43.14
5,58.35,87.71,42.5
76,56.88,85.41,41.79
66,56.47,85.7,42.49
4,56.47,86.43,43.14
94,56.71,87.27,40.45
87,56.47,86.4,40.61
99,56.47,85.69,41.09
6,54.74,85.41,41.8
11,55.74,85.41,41.07
10,56.11,85.63,40.57
74,55.89,86.41,40.46
229,55.52,86.94,40.46
2,54.13,86,43.13
2,54.13,87.13,43.77
2,55.74,85.41,42.47
8,54.13,86,42.49
59,54.13,87.08,41.85
98,54.13,87.98,41.3
103,54.28,88.18,40.83
103,54.51,88.19,40.88
107,58.08,88.89,40.61
68,57.82,88.59,40.45
108,57.67,88.9,40.45
138,57.9,89.13,40.45
18,43.05,94.3,47.52
33,43.25,93.81,47.52
21,43.05,94.3,48.15
33,43.25,93.81,48.15
5,41.05,95.33,51.27
8,40.98,94.45,51.27
5,40.98,94.45,51.9
3,41.05,95.33,51.9
4,40.65,95.81,51.27
2,40.65,95.81,51.9
3,40.25,96.29,51.27
2,39.85,96.76,51.27
16,41.53,95.73,49.4
27,41.53,95.73,48.77
10,41.13,96.21,49.4
17,41.13,96.21,48.77
6,41.05,95.33,50.65
9,41.05,95.33,50.02
9,40.65,95.81,50.02
6,40.65,95.81,50.65
8,40.73,96.69,49.4
10,40.73,96.69,48.77
7,40.25,96.29,50.02
5,40.25,96.29,50.65
4,39.85,96.76,50.65
6,39.85,96.76,50.02
9,40.73,96.69,48.15
6,40.73,96.69,47.52
5,40.33,97.17,48.15
3,40.41,98.05,48.15
4,40.33,97.17,47.52
2,40.41,98.05,47.52
6,40.33,97.17,49.4
5,40.41,98.05,49.4
6,40.33,97.17,48.77
4,40.41,98.05,48.77
4,40,98.53,49.4
2,40,98.53,48.77
2,39.64,99.44,49.08
3,39.49,97.68,50.33
23,42.85,93.83,48.15
13,42.85,93.83,47.52
16,42.73,95.16,48.15
8,42.73,95.16,47.52
10,42.69,94.3,47.52
38,41.94,95.25,48.77
15,42.44,95.65,48.15
7,42.44,95.65,47.52
41,42.34,94.77,48.77
20,41.53,95.73,48.15
12,41.53,95.73,47.52
15,41.13,96.21,48.15
9,41.13,96.21,47.52
23,42.69,94.3,48.15
869,37.23,92.56,40.59
4,41.09,95.77,45.33
825,36.4,93.52,40.58
650,37.41,94.32,41.58
3,40.29,96.73,45.33
101,38.53,96.88,44.08
2,39.49,97.68,45.33
73,37.73,97.84,44.08
2,38.68,98.64,45.33
728,35.51,94.48,40.58
521,36.59,95.27,41.58
369,37.57,96.08,42.82
486,34.58,95.43,40.58
297,35.76,96.23,41.58
206,36.77,97.03,42.82
186,36.92,98.8,42.82
40,36.92,98.8,44.08
63,36.12,99.75,42.82
19,36.12,99.75,44.08
9,42.34,94.77,46.27
8,42.26,93.89,46.9
6,42.34,94.77,46.9
5,41.94,95.25,46.9
7,41.46,94.85,45.65
5,41.94,95.25,46.27
3,41.09,95.77,46.58
157,34.71,98.07,41.56
41,33.33,100.03,41.55
5,33.77,100.03,43.45
57,32.49,96.36,40.57
1005,41.4,93.08,41.48
989,42.46,92.55,40.7
1154,42.09,92.15,40.38
1050,41.71,92.61,40.9
1027,41.03,92.69,41.16
1080,40.38,92.29,40.52
1132,41.29,92.21,40.44
936,40.28,91.4,40.53
224,57.98,89.96,40.45
228,58.13,90.4,40.44
45,58.78,90.69,42.57
43,58.82,89.84,43.17
116,58.78,89.29,42.6
171,58.6,89.27,42.33
67,58.62,89.89,42.64
278,58.4,90.06,40.59
196,58.3,89.38,40.62
188,58.63,89.02,40.82
265,58.95,88.85,41.27
204,59.12,88.44,41.9
49,59,88.89,43.13
81,59.13,88.43,42.52
200,59.65,89.75,41.87
178,59.53,88.86,41.89
271,59.17,89.3,41.27
281,58.74,89.77,40.84
80,59.26,90.16,42.49
80,59.16,89.31,42.5
41,59.02,89.8,43.11
233,59.25,90.15,41.88
342,58.95,90.01,41.27
309,58.42,90.17,40.74
372,58.74,90.23,41.93
359,58.68,90.17,41.26
231,58.28,90.43,40.45
284,58.37,90.4,40.61
389,58.58,90.3,41.98
374,58.46,90.3,41.24
31,43.05,95.23,45.02
12,41.46,94.85,45.02
28,42.34,94.77,45.02
35,42.88,94.72,45.02
29,43.05,94.71,45.65
18,41.86,94.37,45.65
28,42.69,94.3,45.65
24,43.05,94.3,46.27
14,42.26,93.89,46.27
20,42.85,93.83,46.27
22,43.05,93.81,46.9
12,42.63,93.41,46.9
39,43.25,94.71,45.02
38,43.25,94.3,45.65
38,43.25,93.81,46.27
38,43.25,93.41,46.9
31,43.05,96.05,43.77
73,41.94,95.25,43.77
54,42.73,95.16,43.77
37,43.05,95.23,44.4
44,42.34,94.77,44.4
44,42.88,94.72,44.4
40,43.25,95.23,43.77
43,43.25,94.71,44.4
966,38.9,92.39,40.58
687,38.22,93.36,41.59
800,39.53,92.45,41.53
720,39.86,91.88,41.47
113,39.34,95.92,44.09
474,40.58,94.93,43.15
530,40.17,95.41,43.15
77,41.09,95.77,44.08
13,40.98,94.45,45.02
43,41.46,94.85,44.4
56,43.05,95.23,43.14
292,41.46,94.85,43.15
144,42.34,94.77,43.15
88,42.88,94.72,43.15
52,43.25,94.71,43.14
439,39.53,91.47,41.54
796,38.05,91.6,40.59
763,39.79,91,40.56
856,39.24,91.5,40.58
649,40.2,90.52,40.53
445,38.4,95.11,42.84
694,39.69,95,42.49
532,39.71,95,43.15
820,39.76,94.06,42.12
939,40.93,93.57,41.94
721,40.08,94.53,42.51
879,40.54,94.05,42.01
703,40.98,94.45,42.52
496,40.09,94.53,43.15
399,40.98,94.45,43.15
761,39.05,94.19,41.57
995,39.24,93.28,40.59
919,39.99,93.21,41.44
444,43.65,92.94,41.74
503,41.86,94.37,42.52
749,42.26,93.89,41.9
844,42.63,93.41,41.26
104,43.05,94.71,42.52
288,43.05,94.3,41.89
629,43.06,93.82,41.25
264,42.68,94.3,42.52
568,42.85,93.83,41.9
664,41.38,93.97,42.52
719,43.31,92.74,41.42
515,43.43,92.83,41.77
631,43.25,93.44,41.24
71,43.25,94.31,42.52
197,43.25,93.83,41.89
112,43.62,92.47,42.14
787,43.63,92.45,41.28
175,43.94,91.22,41.9
56,43.71,91.21,42.53
124,43.94,90.96,41.88
837,43.63,92.09,41.28
180,43.7,91.21,41.21
419,43.7,91.91,40.76
104,43.63,91.89,42.15
1164,42.41,92.13,40.4
870,43.09,93.41,40.69
898,42.9,92.92,40.75
1057,43.03,92.94,40.35
1105,42.71,92.53,40.39
47,43.46,91.91,42.12
190,43.41,92.47,42.12
1042,43.47,91.88,41.42
1016,43.41,92.46,41.42
68,43.52,91.04,41.88
80,43.51,91.41,42.07
221,43.52,91.74,41.06
964,43.27,92.92,40.57
815,43.27,92.88,41.09
904,41.78,93.49,41.9
959,42.19,93.01,41.27
986,42.67,92.54,40.81
847,43.75,92.43,41.41
369,43.98,92.85,41.9
407,43.77,92.43,41.99
333,44.25,91.5,41.9
485,43.94,91.97,41.93
780,43.93,91.97,41.29
1011,40.73,92.71,41.26
977,41.32,93.09,41.91
14,43.07,90.32,53.18
10,43.06,89.83,53.77
6,43.09,89.4,54.33
159,43.28,90.7,51.16
152,43.29,90.28,51.44
27,43.27,90.3,52.64
23,43.25,89.81,53.17
14,43.25,89.41,53.75
9,43.26,88.89,54.32
2,43.52,85.52,59.4
32,43.05,93.81,48.77
39,43.25,93.41,48.77
2,43.05,86.32,59.4
2,43.26,85.65,59.4
2,43.05,87.18,58.15
2,43.05,86.32,58.77
2,43.26,85.66,58.77
2,43.25,86.36,58.14
3,43.05,87.17,57.52
3,43.05,87.96,56.9
2,43.25,86.35,57.52
3,43.25,87.16,56.91
3,43.14,88.9,55.85
3,43.44,87.7,55.7
4,43.27,87.98,55.96
3,43.39,87.43,55.56
3,43.09,88,56.29
3,43.26,87.1,56.33
4,43.14,88.87,54.86
5,43.44,87.7,55.06
11,43.26,88.49,54.21
7,43.28,87.97,54.77
4,43.39,87.43,55.12
2,42.56,87.65,58.15
2,42.81,87.19,58.15
2,42.84,88.01,56.89
2,42.56,87.65,57.52
2,42.81,87.18,57.52
3,43.47,87.76,55.48
3,43.26,88.01,55.7
3,43.53,88.46,55.48
3,42.87,88.04,56.24
4,43.47,87.76,55.23
5,43.26,88,55.06
4,43.51,88.45,55.23
2,42.66,88.53,55.63
2,42.28,89.01,55.65
6,42.91,88.91,54.44
3,42.67,88.53,55.02
4,42.72,89.41,54.4
2,42.28,89.01,55.02
8,42.7,89.41,53.77
3,42.35,89.89,54.4
2,41.95,90.37,54.4
4,42.35,89.89,53.77
9,42.76,90.29,53.14
2,41.95,90.37,53.77
6,42.44,90.77,53.15
30,42.47,90.77,52.51
4,42.03,91.25,53.15
3,41.63,91.73,53.15
32,42.1,91.24,52.49
26,41.63,91.73,52.52
21,42.11,92.13,51.9
67,42.56,91.63,51.28
117,42.82,92.07,50.64
49,42.11,92.13,51.27
104,42.55,92.53,50.65
77,42.63,93.41,49.4
57,42.63,93.41,48.77
67,42.26,93.89,49.4
47,41.86,94.37,49.4
26,41.46,94.85,49.4
61,42.26,93.89,48.77
2,41.23,92.21,53.15
18,41.23,92.21,52.52
18,41.7,92.61,51.9
10,40.82,92.69,52.52
15,41.3,93.09,51.9
21,41.7,92.61,51.27
65,42.18,93.01,50.65
85,42.18,93.01,50.02
37,41.78,93.49,50.02
14,41.38,93.97,50.02
9,41.38,93.97,50.65
12,40.98,94.45,50.02
10,40.98,94.45,50.65
2,39.98,93.2,52.83
13,40.9,93.57,51.27
11,40.9,93.57,51.9
12,40.5,94.05,51.27
7,40.5,94.05,51.9
14,41.3,93.09,51.27
18,41.78,93.49,50.65
115,42.55,92.53,50.02
88,42.83,92.9,49.39
50,43.05,93.41,49.39
53,43.25,92.86,49.39
117,43.16,91.17,51.14
127,42.8,92.07,50.02
123,43.07,92.07,50.62
84,43.05,92.86,50.02
167,43.26,91.21,50.59
95,43.25,92.06,50.02
194,43.26,90.72,50.69
12,54.48,81.57,55.02
19,54.03,81.36,55.03
11,54.48,81.57,55.65
17,54.03,81.36,55.65
24,53.46,81.36,55.03
20,53.55,81.59,55.02
24,53.46,81.36,55.65
20,53.55,81.59,55.65
29,52.58,81.58,53.76
25,52.85,81.62,54.4
28,52.82,81.36,54.39
25,52.85,81.62,56.27
29,52.82,81.36,56.28
26,52.85,81.62,56.9
30,52.82,81.36,56.92
13,54.07,81.79,56.27
12,54.07,81.79,56.9
7,54.14,82.65,57.52
13,53.66,82.25,57.52
20,53.17,81.87,56.27
20,53.17,81.87,56.89
22,52.88,82.31,57.52
31,52.58,81.58,57.55
19,53.22,82.73,58.15
23,52.88,82.31,58.15
30,52.58,81.58,58.18
29,52.58,82.25,58.82
30,52.58,82.24,59.47
36,52.58,83.03,60.16
33,52.65,83.61,60.5
30,52.86,84.03,60.5
35,52.68,84.52,60.5
31,52.66,81.16,55.02
33,52.66,81.16,55.66
31,52.38,82.16,53.74
31,52.38,81.41,54.38
33,52.38,81.4,56.3
34,52.38,81.41,56.94
33,52.38,82.16,57.57
35,52.38,82.15,58.23
37,52.38,83.01,58.88
39,52.38,82.99,59.58
41,52.38,83.54,60.32
42,52.38,83.97,60.31
44,52.38,84.56,60.27
41,52.38,84.95,60.42
16,43.53,95.17,50.6
15,43.73,95.99,50.78
13,44,96.85,50.89
12,44.32,97.26,50.89
10,44.81,97.66,50.89
10,45.29,98.06,50.89
10,45.77,98.46,50.89
15,46.65,98.39,53.21
13,47.49,97.87,53.7
13,47.13,98.79,53.21
8,48.45,98.67,52.89
13,49.4,99.48,51.52
13,46.24,98.87,51.9
18,46.65,98.39,52.52
12,46.24,98.87,51.27
13,46.72,99.27,51.9
17,47.13,98.79,52.52
11,46.24,98.87,50.89
12,46.72,99.27,50.89
17,47.65,99.64,51.55
12,46.72,99.27,51.27
19,47.48,99.5,50.87
14,42.91,89.82,53.1
33,43.36,89.81,52.32
39,43.2,90.29,52.2
36,43.38,90.76,52.32
25,42.79,90.29,52.49
12,42.96,90.72,52.99
31,43.15,90.73,52.53
125,43.37,90.66,51.43
35,42.93,91.18,52.52
28,42.58,91.64,51.9
93,42.92,91.17,51.25
98,43.26,91.05,51.49
39,43.3,91.13,52.25
26,43.52,94.22,51.91
28,43.53,93.32,51.88
15,43.64,94.85,51.88
22,43.52,94.51,51.67
40,43.1,91.57,52.37
23,42.86,92.03,51.88
70,43.13,91.52,51.38
42,43.21,91.61,51.94
88,43.33,91.21,51.43
38,43.31,91.44,51.52
34,43.42,91.62,51.95
20,43.53,94.18,51.11
22,43.53,93.32,51.13
13,43.69,95.14,51.19
17,43.53,94.54,51.07
6,43.62,95.28,51.88
8,43.76,95.97,51.88
14,43.92,95.97,51.3
15,44.22,96.38,51.89
15,44.24,96.38,51.28
13,45.21,97.18,51.27
14,44.73,96.78,51.27
17,44.73,96.78,51.9
16,45.21,97.18,51.9
27,52.53,96.03,50.74
32,52.36,95.76,50.64
35,52.57,95.56,50.49
38,52.59,94.1,50.49
33,52.2,95.66,50.66
29,52.2,95.66,51.22
29,52.12,95.83,51.08
36,52.21,95.67,51.98
39,52.21,95.56,52.36
41,52.12,95.8,51.91
16,45.69,97.58,51.9
13,45.69,97.58,51.27
17,46.17,97.99,51.9
15,46.17,97.99,51.27
34,52.12,96.03,51.51
6,50.21,98.52,51.52
6,51.59,98.36,51.5
24,52.85,81.62,53.15
19,53.96,81.16,53.34
22,53.49,81.35,53.16
17,52.85,81.62,52.52
15,53.48,81.33,52.55
3,54.97,81.16,53.27
12,54.41,81.34,53.17
3,54.99,81.15,52.78
9,54.39,81.3,52.56
3,55.41,81.15,52.65
11,52.58,81.58,52.48
23,52.58,81.58,53.12
2,52.38,82.17,52.44
9,52.38,82.17,53.1
2,59.14,82.69,50.67
5,58.53,83.05,50.5
3,58.55,82.29,50.69
2,59.19,81.91,50.82
2,58.7,81.76,50.84
3,59.08,83.02,51.42
3,59.16,82.72,52.37
4,59.07,83.52,51.37
44,52.31,95.29,52.36
27,52.32,95.66,52
29,52.32,95.66,51.23
28,52.36,95.74,51.16
19,52.36,95.7,51.85
20,52.53,96.16,51.15
31,53.55,96.77,50.7
45,54.65,95.45,50.51
28,52.79,96.01,50.85
32,53.5,96.03,50.86
36,54.07,95.52,50.71
33,53.01,95.64,50.69
35,53.36,94.64,50.51
8,59.05,84.52,52.87
14,59.05,86.22,52.8
24,59.05,87.78,52.78
20,59.06,89.64,52.8
2,57.74,81.16,51.34
2,58.48,81.36,51.12
2,58.45,81.65,50.84
3,58.17,81.94,50.69
3,57.62,81.83,50.51
6,56.87,83.16,50.51
5,55.48,81.29,51.92
6,55.48,81.29,51.25
2,56.7,81.35,51.45
7,56.38,81.95,50.51
4,56.74,81.54,50.7
13,53.57,81.55,51.89
14,53.58,81.55,51.26
8,55.11,81.13,51.27
14,53.17,81.87,51.9
11,53.17,81.87,51.27
6,52.88,82.31,50.89
7,53.15,82.69,50.71
7,53.65,83.08,50.51
13,53.66,82.24,50.89
19,54.05,81.75,50.87
12,54.13,82.63,50.71
18,54.54,82.15,50.71
8,55.06,82.97,50.51
4,52.58,82.26,51.84
2,52.38,83.05,51.77
3,52.58,82.26,51.18
2,52.38,83.03,51.04
2,52.38,83.61,50.59
3,52.58,83.07,50.77
4,52.82,83.17,50.71
2,52.46,83.59,50.51
4,53.17,83.55,50.51
7,57.49,84.6,50.51
4,57.84,83.73,50.7
7,56.98,84.18,50.51
7,56.56,84.66,50.51
7,57.07,85.07,50.51
5,58.51,85.5,50.71
5,57.95,84.99,50.71
5,58.33,84.58,50.85
6,58.87,84.57,51.46
5,57.53,85.46,50.71
7,57.16,85.94,50.51
7,57.68,86.34,50.51
5,58.04,85.87,50.71
6,56.73,86.42,50.51
7,57.24,86.81,50.51
6,58.12,86.74,50.71
5,58.38,86.28,50.88
7,59.05,87.11,51.05
7,58.85,86.18,51.47
7,58.6,87.17,50.71
13,59.31,90.44,51.27
11,58.85,87.85,51.48
10,59.05,88.81,51.32
12,59.07,90.26,51.32
12,58.88,89.72,51.43
9,58.46,87.97,50.87
7,57.7,87.22,50.71
8,58.21,87.61,50.71
8,58.64,87.99,50.71
11,59.14,91.56,50.69
11,58.72,89.73,50.67
8,57.34,87.69,50.51
7,57.88,88.07,50.51
8,58.26,88.75,50.51
17,58.61,92.28,50.51
12,58.84,91.02,50.5
10,58.72,89.14,50.51
12,58.34,90.55,50.5
3,57.82,84.1,58.15
2,57.82,84.1,57.52
52,54.19,89.35,60.7
51,54.62,88.85,60.7
56,54.7,89.75,60.7
55,55.12,89.25,60.7
76,58.01,87.19,57.83
57,55.67,90.08,60.5
29,58.6,92.03,57.83
29,58.7,91.08,57.83
58,57.62,92.38,57.84
77,58.17,88.95,57.83
47,58.25,90.6,57.83
58,56.63,90.86,60.04
49,57.59,91.62,59.08
55,53.74,89.86,60.7
60,53.29,90.37,60.7
61,53.82,90.78,60.7
58,54.27,90.26,60.7
97,56.8,92.58,56.59
62,54.39,91.11,60.5
60,54.81,90.61,60.5
63,54.88,91.53,60.5
60,55.29,91.03,60.5
65,55.83,91.73,60.04
93,55.83,92.38,59.13
135,55.81,92.58,57.87
68,56.77,92.09,59.08
95,56.8,92.38,57.84
2,55.87,81.16,54.12
19,54.03,81.36,54.41
20,53.55,81.59,54.4
12,54.48,81.57,54.4
7,55.12,81.36,54.4
18,54.03,81.36,53.79
20,53.55,81.59,53.77
12,54.48,81.57,53.77
6,55.12,81.36,53.79
21,53.17,81.87,54.4
23,53.17,81.87,53.77
28,57.9,85.43,57.83
4,58.85,84.47,54.09
12,58.44,84.49,56.59
12,58.85,84.47,55.33
55,58.85,86.22,55.34
65,58.49,86.25,56.58
38,58.85,86.22,54.08
17,59.26,90.44,54.08
25,58.65,92.59,54.15
34,59.05,88.86,54.07
44,58.85,87.8,54.08
20,59.07,90.26,54.08
24,58.88,89.74,54.08
2,55.81,81.69,56.27
4,55.88,81.36,55.35
7,54.98,81.72,55.65
8,54.98,81.72,55.02
43,57.63,92.58,55.36
23,59.14,90.59,55.33
35,58.66,92.38,55.35
67,58.54,87.9,55.33
50,58.85,88.91,55.33
38,58.62,89.81,55.33
27,58.92,90.39,55.33
2,55.42,82.09,56.9
2,55.02,82.57,57.52
6,54.54,82.17,56.9
7,54.54,82.17,56.27
2,55.42,82.09,56.27
88,58.13,87.35,56.58
37,58.6,92.03,56.58
37,58.69,91.08,56.59
63,57.62,92.38,56.59
76,58.17,88.95,56.58
52,58.25,90.6,56.58
4,55.5,82.97,59.4
8,55.98,83.38,60.04
8,56.46,83.78,60.04
10,55.58,83.85,60.04
16,55.16,84.3,60.5
10,56.06,84.26,60.04
17,55.66,84.71,60.5
19,54.75,84.78,60.5
26,54.27,85.24,60.7
20,55.24,85.19,60.5
27,54.8,85.65,60.7
27,55.32,86.08,60.5
6,56.98,84.62,59.08
19,56.17,85.58,60.04
30,55.82,86.49,60.5
34,57.13,86.38,59.08
50,55.56,88.74,60.5
47,55.97,88.26,60.5
62,57.28,88.14,59.08
54,56.48,89.1,60.04
61,57.44,89.9,59.08
43,54.54,87.95,60.7
47,55.07,88.34,60.5
35,55.4,86.97,60.5
41,54.97,87.45,60.7
38,56.33,87.34,60.04
43,55.48,87.86,60.5
14,53.74,83.13,59.4
7,54.62,83.05,59.4
14,54.22,83.53,60.04
5,55.1,83.45,59.4
12,54.7,83.93,60.04
12,53.74,83.13,58.77
5,54.62,83.05,58.77
3,55.1,83.45,58.77
25,52.92,83.22,59.4
23,52.92,83.22,58.77
19,53.34,83.61,59.4
15,53.34,83.61,58.77
30,52.77,83.67,60.04
28,52.97,84.08,60.04
16,53.82,84.01,60.04
25,53.33,84.45,60.5
15,54.3,84.41,60.04
22,53.83,84.86,60.5
32,52.79,84.6,60.02
31,52.92,84.93,60.5
44,52.51,85.4,60.7
39,54.02,87.54,60.7
26,53.41,85.34,60.5
36,52.84,85.8,60.7
29,53.82,85.73,60.7
31,54.36,86.15,60.7
31,54.91,86.57,60.5
36,54.45,87.05,60.7
46,52.54,86.29,60.7
10,53.74,83.13,58.15
3,54.62,83.05,58.15
2,54.62,83.05,57.52
29,43.53,93.71,52.56
28,43.71,94.25,52.52
30,43.53,92.81,52.56
31,43.73,93.32,52.53
30,43.53,93.72,53.4
32,43.73,94.21,53.28
31,43.53,92.81,53.4
34,43.73,93.32,53.28
23,43.89,95.11,52.47
27,43.71,94.61,52.66
30,43.95,95.14,53.21
31,43.73,94.61,53.29
35,43.8,94.2,53.7
36,43.78,93.31,53.7
36,44.04,94.62,53.7
35,43.76,92.87,53.9
36,43.81,93.74,53.9
40,44.33,94.14,53.9
8,52.38,93.18,52.51
9,52.37,93.58,51.92
22,52.37,93.57,51.18
32,52.87,93.77,50.68
36,53.1,93.14,50.51
33,52.63,93.31,50.69
22,52.57,93.31,51.19
19,52.38,92.9,51.17
32,52.56,93.32,50.77
33,52.87,92.86,50.57
19,52.6,92.86,51.04
15,52.7,92.85,51.54
37,52.15,96.66,53.36
14,52.44,97.38,52.1
30,52.24,96.32,52.66
6,52.36,95.7,52.96
10,52.98,97.4,51.54
17,52.51,96.01,51.81
15,52.37,94.29,52.67
24,52.37,95.05,52.82
7,52.38,94.28,53.23
5,52.38,94.7,53.94
5,52.56,95.62,54.11
12,52.75,97.39,52.77
9,53.55,96.44,54.05
4,52.38,93.16,53.16
4,52.38,93.67,53.21
5,52.38,93.73,54.12
14,52.58,93.33,51.87
10,52.38,92.91,51.78
11,52.58,92.85,51.83
134,54.99,92.58,56.6
106,53.77,92.58,57.89
139,55,92.38,57.85
72,52.67,92.58,57.91
66,52.38,92.28,57.91
68,54.51,91.89,60.04
69,54.15,92.16,60.04
106,54.98,92.14,59.1
87,53.9,92.38,59.11
69,52.79,92.38,59.1
73,53.21,92.21,59.4
63,53.48,91.2,60.5
66,54.03,91.53,60.04
68,52.88,92.02,60.04
70,53.05,91.7,60.5
67,53.63,91.98,60.04
74,52.72,91.28,60.5
70,52.58,92.09,59.17
75,52.38,91.39,59.21
84,52.38,90.54,60.3
72,52.58,91.29,60.14
85,52.51,90.53,60.7
66,53,90.8,60.5
24,44.19,95.5,52.5
30,44.21,95.5,53.21
24,44.65,95.9,52.52
29,44.65,95.9,53.21
24,45.13,96.3,52.52
27,45.13,96.3,53.21
25,45.61,96.7,53.21
23,45.61,96.7,52.52
24,46.09,97.11,52.52
22,46.09,97.11,53.21
23,46.57,97.51,52.52
18,46.57,97.51,53.21
43,51.93,96.19,53.59
29,51.64,97.01,53.22
8,49.25,97.72,52.89
13,51,97.56,52.87
37,44.53,95.02,53.7
35,45.03,95.42,53.7
32,45.52,95.82,53.7
30,46.01,96.23,53.7
26,46.49,96.63,53.7
22,46.97,97.03,53.7
21,48.29,96.91,53.7
28,50.07,96.76,53.7
39,51.53,96.47,53.7
40,44.89,94.54,53.9
38,45.41,94.94,53.9
35,45.92,95.34,53.9
34,46.41,95.75,53.9
32,47.33,96.11,53.9
36,49.11,95.96,53.9
44,51.01,95.8,53.9
34,43.49,91.06,52.68
29,43.52,92.08,52.63
32,43.45,91.31,52.44
29,43.56,91.54,52.52
28,43.53,91.12,53.43
30,43.53,92,53.43
56,43.51,90.24,52.63
96,43.51,89.4,52.64
32,43.53,90.26,53.41
46,43.53,89.37,53.39
29,43.69,91.09,53.9
33,43.72,91.96,53.9
23,43.66,90.26,53.9
70,43.52,88.43,53.4
26,43.63,89.31,53.9
15,43.87,95.98,50.7
14,44.2,96.38,50.71
13,44.7,96.78,50.71
12,45.2,97.18,50.71
12,45.68,97.58,50.71
14,46.16,97.99,50.71
30,48.15,98.7,50.71
23,46.64,98.39,50.71
28,47.12,98.79,50.71
43,51.96,96.05,52.89
35,52.53,93.74,50.77
22,52.19,96.72,51.97
9,51.94,98.33,51.32
9,51.65,98.34,50.71
24,48.74,98.65,50.71
10,50.24,98.52,50.71
16,43.67,95.15,50.51
16,44.02,95.5,50.51
14,44.56,95.9,50.51
13,45.1,96.3,50.51
12,45.6,96.7,50.51
23,46.08,97.11,50.51
36,46.57,97.51,50.51
35,47.49,97.87,50.51
104,43.58,86.27,50.51
12,52.36,93.88,51.99
48,52.29,94.29,52.36
49,52.12,95.76,52.89
33,52.36,93.88,51.21
45,52.36,93.87,50.65
34,52.21,95.57,50.49
26,52.11,96.82,51.11
19,51.15,97.61,50.51
26,49.28,97.72,50.51
3,58.15,86.73,43.14
3,57.89,86.75,43.77
4,57.58,86.34,43.46
11,56.9,86.45,43.15
2,57.19,86.82,43.77
5,58.15,86.73,42.51
9,57.58,86.34,42.52
16,57.89,86.76,41.27
17,57.93,87.59,41.27
30,57.63,87.24,40.85
34,57.65,87.9,40.82
44,57.19,86.82,40.87
57,57.21,87.67,40.57
57,56.85,87.93,40.42
54,57.07,88.46,40.42
88,54.83,88.05,40.64
99,54.73,88.04,40.78
131,54.54,87.05,40.65
110,54.5,87.82,40.65
89,54.83,87.94,40.61
117,54.79,88.22,40.85
94,54.89,88.21,40.53
100,54.98,88.15,40.43
171,54.85,87.52,40.45
224,57.8,90.45,40.45
114,54.62,87.03,40.87
94,54.6,87.72,40.87
74,54.92,87.88,40.8
75,54.85,87.93,40.89
87,57.92,88.74,40.64
76,58.18,88.67,40.61
97,58.21,88.7,40.74
216,58.3,88.77,41.09
251,58.55,88.77,41.26
289,58.75,88.66,41.92
167,58.78,88.88,42.54
132,58.08,88.79,40.84
157,58.04,88.96,40.84
225,58.24,88.88,41.11
36,57.7,88.09,40.77
14,58.17,87.59,41.24
8,58.15,86.73,41.87
2,58.15,87.59,43.14
6,58.15,87.59,42.51
61,56.99,85.61,41.85
37,57.11,85.99,41.9
19,57.58,86.34,41.58
32,56.9,86.45,42.52
51,56.66,85.83,42.51
13,56.67,86.46,43.14
87,56.82,87.29,40.62
76,56.66,86.45,40.76
64,56.9,86.45,41.27
89,56.66,85.82,41.2
41,57.19,86.82,41.27
9,54.82,85.61,41.86
10,54.88,85.87,41.9
21,54.6,86.16,41.9
12,55.62,85.84,41.27
9,55.62,85.6,41.19
25,55.34,86.12,41.27
85,54.92,86.57,41.27
76,55.65,86.51,40.87
11,55.92,85.79,40.75
94,55.75,86.48,40.65
144,55.39,86.98,40.86
182,55.44,86.96,40.65
2,54.33,86.11,43.14
2,55.62,85.84,42.52
3,55.62,85.61,42.5
3,55.34,86.12,42.52
3,54.92,86.57,43.15
2,55.65,86.51,43.15
7,54.33,86.11,42.51
6,54.92,86.57,42.52
57,54.33,87.07,41.88
89,54.32,87.84,41.39
108,54.41,88,40.95
105,54.59,88.02,40.96
113,54.62,87.04,41.27
102,54.53,87.67,41.12
89,54.74,87.83,41.3
43,57.82,88.45,40.64
40,58.05,88.45,40.64
40,58.29,88.45,40.62
297,58.52,88.89,42.33
184,58.37,88.54,40.97
287,58.4,88.64,41.44
311,58.51,88.64,41.99
39,57.15,88.39,40.69
48,57.26,88.23,40.68
22,57.91,88.21,41.24
7,58.35,87.71,41.85
2,57.94,88.18,43.15
5,57.93,88.19,42.53
92,56.47,85.69,41.82
63,56.47,86.42,42.51
4,56.47,87.45,43.18
71,56.46,87.25,40.66
85,56.47,86.39,41.14
8,55.74,85.41,41.8
22,56.11,85.65,41.09
74,56.11,86.42,40.62
169,55.91,87.34,40.45
3,54.13,87.12,43.14
2,56.11,87.44,43.78
2,56.11,86.42,43.14
2,56.11,85.66,42.49
6,54.13,87.1,42.5
74,54.13,87.89,41.82
86,54.38,88.19,41.27
78,54.69,88.2,41.14
86,57.74,88.72,40.62
121,57.62,88.96,40.61
159,57.85,89.17,40.64
69,57.37,88.63,40.43
172,57.45,89.51,40.45
230,57.6,90.31,40.45
20,43.05,93.81,47.52
37,43.25,93.41,47.52
24,43.05,93.81,48.15
36,43.25,93.41,48.15
6,40.14,94.96,51.58
3,39.33,95.92,51.58
19,41.05,95.33,49.4
29,41.05,95.33,48.77
14,40.65,95.81,49.4
18,40.65,95.81,48.77
13,40.14,94.96,50.33
10,40.25,96.29,49.4
12,40.25,96.29,48.77
7,39.85,96.76,48.77
7,39.85,96.76,49.4
8,39.33,95.92,50.33
9,40.25,96.29,48.15
7,40.25,96.29,47.52
4,39.85,96.76,47.52
5,39.85,96.76,48.15
3,39.49,97.68,49.08
2,38.53,96.88,50.33
31,42.63,93.41,48.15
12,42.63,93.41,47.52
25,42.34,94.77,48.15
11,42.34,94.77,47.52
13,42.26,93.89,47.52
45,41.46,94.85,48.77
24,41.94,95.25,48.15
12,41.94,95.25,47.52
58,41.86,94.37,48.77
23,41.05,95.33,48.15
15,41.05,95.33,47.52
16,40.65,95.81,48.15
10,40.65,95.81,47.52
38,42.26,93.89,48.15
491,36.22,91.76,40.58
241,37.25,92.56,41.58
5,40.14,94.96,45.33
424,35.33,92.72,40.58
211,36.44,93.51,41.58
144,37.42,94.32,42.82
3,39.33,95.92,45.33
63,37.57,96.08,44.08
2,38.53,96.88,45.33
37,36.77,97.03,44.08
223,34.4,93.68,40.58
162,35.6,94.47,41.58
107,36.61,95.27,42.82
70,33.08,94.65,40.57
89,34.75,95.43,41.57
54,35.81,96.23,42.82
22,34.96,98.07,43.45
11,42.18,93.01,46.9
7,40.98,94.45,45.65
13,41.78,93.49,46.27
9,41.78,93.49,46.9
16,41.38,93.97,45.65
8,41.86,94.37,46.27
7,41.86,94.37,46.9
6,41.46,94.85,46.9
4,41.46,94.85,46.27
2,40.14,94.96,46.58
354,37.06,90.8,40.59
20,33.16,96.37,41.54
1015,41.07,92.68,41.58
1050,41.75,92.61,41.37
1110,42,92.15,40.82
1115,42.27,92.12,40.77
1148,41.71,91.73,40.41
1111,42.34,92.12,40.91
965,40.37,92.29,41.35
1067,41.25,92.21,41.07
1075,40.78,91.81,40.49
707,40.27,91.4,41.39
875,40.69,90.93,40.5
522,40.61,90.05,40.5
276,57.99,90.24,40.6
254,57.92,89.87,40.62
115,58.77,89.87,42.55
267,58.71,89.3,42.21
192,58.55,89.83,42.33
307,58.36,90.01,40.82
230,58.29,89.37,40.84
116,58.94,88.91,42.46
277,58.64,89.03,41.28
299,58.94,88.83,41.88
337,58.96,89.99,41.86
91,58.97,89.79,42.45
292,59.13,89.3,41.85
318,58.76,89.75,41.27
279,58.12,90.27,40.61
302,58.21,90.24,40.74
373,58.68,90.17,41.9
355,58.42,90.17,41.26
261,58.24,90.49,40.58
223,57.76,90.48,40.59
371,58.37,90.4,41.16
396,58.46,90.3,41.98
350,58.44,89.37,42.33
37,43.05,94.71,45.02
27,41.86,94.37,45.02
41,42.69,94.3,45.02
26,41.38,93.97,45.02
32,43.05,94.3,45.65
29,42.26,93.89,45.65
33,42.85,93.83,45.65
32,41.78,93.49,45.65
33,41.3,93.09,45.65
27,43.05,93.81,46.27
20,42.63,93.41,46.27
20,42.18,93.01,46.27
15,42.83,92.9,46.89
23,43.05,93.41,46.9
13,42.55,92.53,46.9
43,43.25,94.3,45.02
42,43.25,93.81,45.65
41,43.25,93.41,46.27
44,43.25,92.86,46.9
44,43.05,95.23,43.77
99,41.46,94.85,43.77
76,42.34,94.77,43.77
59,42.88,94.72,43.77
44,43.05,94.71,44.4
58,41.86,94.37,44.4
55,42.69,94.3,44.4
46,43.25,94.71,43.77
47,43.25,94.3,44.4
160,38.22,93.36,42.82
601,38.9,92.39,41.58
611,39.62,92.42,42.13
580,39.93,91.89,42.1
14,40.9,93.57,45.65
7,40.5,94.05,45.65
68,38.39,95.11,44.09
26,40.9,93.57,45.02
74,41.38,93.97,44.4
123,40.98,94.45,43.77
87,40.16,94.96,44.09
15,40.5,94.05,45.02
56,40.98,94.45,44.4
67,43.05,94.71,43.14
240,41.86,94.37,43.15
133,42.69,94.3,43.15
352,41.38,93.97,43.15
57,43.25,94.3,43.15
379,39.61,91.46,42.15
215,38.06,91.6,41.59
401,39.79,91,41.5
384,39.24,91.5,41.58
567,38.87,90.64,40.58
353,39.74,89.71,40.56
447,40.19,90.52,41.4
457,39.18,94.16,42.82
849,39.22,93.28,41.58
869,40.17,93.19,42.06
732,40.9,93.57,42.52
716,40.49,94.05,42.53
439,40.49,94.05,43.15
424,40.9,93.57,43.15
812,43.23,92.66,41.52
645,43.46,92.73,41.77
947,42.87,92.99,41.44
940,42.91,92.86,41.19
455,42.26,93.89,42.52
778,42.64,93.41,41.9
761,43.06,93.42,41.27
120,43.05,94.3,42.52
265,42.85,93.83,42.52
403,43.05,93.82,41.89
646,41.78,93.49,42.52
502,43.32,92.83,41.77
736,43.26,93.16,41.35
282,43.25,93.46,41.89
79,43.25,93.83,42.53
185,43.31,92.72,42.12
768,41.3,93.09,42.52
385,43.53,91.94,42.02
429,43.42,92.42,42.02
1029,43.54,91.92,41.52
999,43.43,92.41,41.52
125,43.7,91.19,41.9
169,43.64,91.5,42.02
546,43.68,91.79,41.14
1183,42.66,91.68,40.38
1156,43,92.09,40.36
938,43.12,92.91,40.66
869,43.13,92.85,41.16
323,43.36,91.88,42.11
340,43.5,91.44,41.72
1063,43.35,91.88,41.42
1029,43.27,92.07,40.56
1065,43.28,92.06,41.14
949,42.18,93.01,41.9
903,43.15,92.59,41.77
1038,42.6,92.53,41.27
1087,42.9,92.08,40.76
796,43.68,91.94,41.74
829,43.47,92.39,41.76
949,40.86,92.69,41.94
1014,41.7,92.61,41.9
117,43.15,90.7,51.24
118,43.2,90.28,51.56
27,43.12,90.28,52.56
18,43.07,89.81,53.15
12,43.05,89.41,53.76
7,43.1,88.89,54.37
11,42.86,88.94,53.78
108,43.53,86.34,50.61
174,43.27,90.28,51.13
187,43.36,89.83,51.43
27,43.27,89.81,52.61
24,43.25,89.41,53.21
16,43.25,88.92,53.76
31,43.28,89.39,52.32
99,43.51,88.43,52.63
17,43.25,88.51,53.75
2,43.69,85.35,59.4
2,43.52,85.52,58.77
59,42.83,92.9,48.77
37,43.05,93.41,48.77
45,43.25,92.86,48.77
2,43.05,86.32,58.14
2,43.26,85.66,58.14
2,43.05,86.31,57.52
3,43.05,87.16,56.9
2,43.26,85.65,57.52
2,43.25,86.33,56.9
3,43.13,88.03,55.85
3,43.39,87.55,55.51
4,43.26,87.05,55.66
3,43.08,87.13,56.29
2,43.25,86.31,56.28
9,43.09,88.49,54.25
5,43.15,88.02,54.86
4,43.39,87.55,55.19
7,43.27,87.21,54.74
11,43.26,87.97,54.31
5,43.26,87.01,55.06
2,42.57,87.65,56.89
2,42.81,87.18,56.89
3,43.16,88.06,55.47
3,42.9,88.07,55.7
2,42.59,87.65,56.26
2,42.84,87.18,56.26
4,43.17,88.05,55.24
4,42.92,88.06,54.98
2,42.2,88.13,55.02
5,42.66,88.53,54.4
3,42.28,89.01,54.4
9,42.65,88.53,53.77
12,42.71,89.41,53.14
5,42.28,89.01,53.77
2,41.88,89.49,54.4
3,41.88,89.49,53.77
7,42.35,89.89,53.15
4,41.95,90.37,53.15
14,42.35,89.89,52.52
15,41.95,90.37,52.52
56,42.46,90.75,51.92
137,42.97,90.72,50.8
101,42.78,90.33,51.31
73,42.45,90.77,51.28
105,42.81,91.17,50.66
2,41.55,90.85,53.15
18,41.55,90.85,52.52
40,42.14,91.23,51.91
17,41.15,91.33,52.52
26,41.63,91.73,51.9
60,42.11,91.24,51.31
102,42.52,91.65,50.64
35,41.63,91.73,51.27
80,42.11,92.13,50.65
124,42.5,91.65,50.02
79,42.55,92.53,48.77
98,42.18,93.01,49.4
82,42.18,93.01,48.77
72,41.78,93.49,49.4
44,41.38,93.97,49.4
30,40.98,94.45,49.4
80,41.78,93.49,48.77
13,40.75,91.81,52.52
22,41.23,92.21,51.9
7,40.35,92.28,52.52
19,40.82,92.69,51.9
17,41.23,92.21,51.27
34,41.7,92.61,50.65
55,41.7,92.61,50.02
22,41.3,93.09,50.02
19,40.9,93.57,50.02
14,40.9,93.57,50.65
20,40.5,94.05,50.02
15,40.5,94.05,50.65
16,39.98,93.2,51.58
18,40.82,92.69,51.27
13,41.3,93.09,50.65
103,42.11,92.13,50.02
111,42.55,92.53,49.4
115,42.8,92.07,49.4
62,43.05,92.86,49.39
66,43.25,92.06,49.39
139,42.78,91.19,50.02
139,43.09,91.21,50.6
121,43.05,92.06,50.02
157,43.1,90.72,50.72
115,43.25,91.18,50.01
206,43.25,90.32,50.57
14,54.07,81.79,55.02
14,54.07,81.79,55.65
25,52.85,81.62,55.02
28,52.82,81.36,55.02
20,53.17,81.87,55.02
25,52.85,81.62,55.65
29,52.82,81.36,55.65
20,53.17,81.87,55.65
30,52.58,82.27,53.76
28,52.58,81.58,54.39
29,52.58,81.58,56.28
30,52.58,81.58,56.91
13,53.66,82.25,56.27
13,53.66,82.25,56.9
7,54.14,82.65,56.9
9,53.74,83.13,57.52
8,54.14,82.65,56.27
22,52.88,82.31,56.27
21,52.88,82.31,56.9
17,53.22,82.73,57.52
13,53.34,83.61,58.15
14,53.34,83.61,57.52
21,52.92,83.22,57.52
27,52.58,82.26,57.54
21,52.92,83.22,58.15
28,52.58,82.26,58.18
30,52.58,83.08,58.81
32,52.58,83.07,59.47
35,52.58,83.63,60.15
37,52.58,84.04,60.15
39,52.58,84.61,60.12
36,52.58,85,60.26
31,52.38,81.4,55.02
32,52.38,81.4,55.66
30,52.38,83.06,53.75
33,52.38,82.16,54.38
32,52.38,82.15,56.29
32,52.38,82.15,56.93
35,52.38,83.04,57.56
36,52.38,83.03,58.21
41,52.38,84.19,59.23
51,52.38,86.31,60.3
45,52.38,85.45,60.29
17,43.53,94.2,50.61
19,43.53,93.31,50.61
16,43.53,94.61,50.6
16,43.73,95.18,50.78
16,43.97,95.97,50.89
15,44.27,96.38,50.89
13,44.73,96.78,50.89
12,45.21,97.18,50.89
12,45.69,97.58,50.89
14,46.17,97.99,50.89
20,46.65,98.39,51.9
20,46.65,98.39,51.27
20,47.13,98.79,51.9
16,47.49,97.87,52.89
22,46.65,98.39,50.89
26,47.13,98.79,50.89
29,48.01,98.71,50.86
23,47.13,98.79,51.27
21,48.45,98.67,51.53
36,43.44,89.33,52.32
22,42.95,89.82,52.44
44,43.33,89.81,52.2
33,43.45,90.27,52.32
174,43.45,90.24,51.44
34,43.01,90.73,52.45
77,42.82,90.33,51.89
89,42.99,90.74,51.34
44,43.34,90.69,52.22
95,43.34,90.66,51.54
121,43.44,90.95,51.42
50,43.08,91.18,51.89
31,43.51,91.61,51.93
27,43.51,92.14,51.93
27,43.53,93.71,51.88
26,43.7,94.26,51.91
28,43.53,92.81,51.89
28,43.73,93.32,51.89
13,43.88,95.04,51.89
21,43.69,94.57,51.7
182,43.49,89.49,51.12
140,43.49,89.25,51.37
194,43.51,90.27,51.08
93,43.49,90.95,51.04
48,43.17,91.47,51.8
98,43.4,91.17,51.44
35,43.36,91.42,51.51
31,43.49,91.37,50.84
50,43.43,91.3,51.27
25,43.48,91.65,51.4
22,43.51,92.15,51.23
26,43.51,91.54,51.05
19,43.5,91.93,50.83
21,43.53,93.71,51.12
21,43.73,94.2,51.21
23,43.53,92.81,51.14
23,43.73,93.32,51.22
14,43.9,95.13,51.3
18,43.72,94.58,51.19
15,44.17,95.5,51.89
16,44.19,95.5,51.29
20,44.65,95.9,51.9
17,44.65,95.9,51.27
16,45.61,96.7,51.27
16,45.13,96.3,51.27
19,45.13,96.3,51.9
20,45.61,96.7,51.9
32,52.5,95.63,50.76
33,52.33,95.66,50.66
33,52.67,95.47,50.65
35,52.56,95.17,50.5
38,52.69,94.19,50.66
37,52.48,94.41,50.5
34,52.3,95.38,50.5
31,52.17,95.53,50.77
33,52.12,95.79,50.6
54,52.21,94.79,52.37
30,52.16,95.53,51.25
29,51.98,95.72,51.16
49,52.16,95.39,52.37
42,52.17,95.45,52.23
36,52.16,95.53,51.92
41,51.99,95.71,51.9
23,46.09,97.11,51.9
22,46.09,97.11,51.27
25,46.57,97.51,51.9
28,46.57,97.51,51.27
34,51.98,96.03,51.6
14,49.25,97.72,51.52
9,50.99,97.56,51.51
22,53.17,81.87,53.15
18,54.01,81.35,53.28
19,53.58,81.58,53.13
18,53.17,81.87,52.52
14,53.59,81.56,52.51
3,54.95,81.35,53.2
10,54.45,81.55,53.11
5,54.95,81.31,52.68
8,54.44,81.5,52.48
7,55.11,81.15,51.88
5,55.34,81.31,52.55
2,55.37,81.35,53.17
6,52.58,82.27,52.49
17,52.58,82.27,53.13
2,52.38,83.06,52.46
8,52.38,83.06,53.11
2,58.51,82.19,50.84
2,59.1,82.62,51.48
4,58.44,83.02,50.68
2,59.12,82.64,52.24
3,58.91,83.41,51.42
3,59.06,82.76,52.98
40,52.38,95.22,52.24
27,52.41,95.53,51.92
29,52.42,95.53,51.26
28,52.5,95.62,51.22
23,52.49,95.59,51.81
23,52.78,96.09,51.25
22,53.57,96.46,51.53
40,54.66,95.46,50.71
44,55.16,94.44,50.51
34,53.94,95.53,50.86
31,53.02,95.61,50.88
32,53.4,94.67,50.7
35,53.75,93.7,50.51
9,58.85,84.49,52.85
18,58.85,86.22,52.82
17,59.26,90.44,52.8
21,59.05,88.85,52.79
25,58.85,87.8,52.81
19,59.07,90.26,52.8
19,58.88,89.73,52.82
2,58.42,81.59,51.23
2,58.21,81.96,50.84
2,57.65,81.36,51.45
5,56.85,82.51,50.51
3,57.52,81.95,50.71
3,56.84,83.17,50.71
6,56.03,83.8,50.51
3,55.93,81.33,51.52
7,55.35,81.48,51.89
6,56.31,82.06,50.7
9,55.35,81.47,51.27
2,56.68,81.64,51.5
10,54.05,81.78,51.89
9,54.95,81.71,51.88
14,54.05,81.77,51.27
11,54.95,81.69,51.27
9,52.88,82.31,51.9
11,53.66,82.25,51.9
11,53.66,82.25,51.27
7,52.88,82.31,51.27
7,53.22,82.73,50.89
7,53.7,83.11,50.71
6,54.17,83.5,50.51
11,54.14,82.65,50.89
16,54.55,82.17,50.89
8,55.06,83,50.71
4,54.67,83.91,50.51
4,52.58,83.1,51.85
2,52.38,83.64,51.78
3,52.58,83.09,51.18
2,52.38,83.62,51.04
2,52.38,84.04,50.59
3,52.58,83.65,50.77
5,52.92,83.21,50.89
3,52.65,83.64,50.71
5,53.27,83.59,50.71
4,53.72,83.98,50.51
3,52.71,84.04,50.51
4,54.24,84.4,50.51
5,57.45,84.59,50.71
4,57.67,83.86,50.86
5,56.95,84.18,50.71
5,56.55,84.66,50.71
5,56.15,85.14,50.51
5,57.04,85.06,50.71
6,56.65,85.54,50.51
4,55.73,85.61,50.51
5,56.23,86.02,50.51
4,57.9,84.98,50.89
5,58.46,84.52,51.54
4,58.34,85.44,50.88
4,57.49,85.46,50.89
5,57.12,85.94,50.71
6,57.61,86.34,50.71
5,57.97,85.86,50.89
5,56.71,86.42,50.71
6,57.2,86.82,50.71
6,56.31,86.89,50.51
7,56.81,87.29,50.51
7,58.05,86.74,50.89
7,58.49,86.22,51.57
8,58.85,87.12,51.2
7,58.44,87.17,50.88
7,57.65,87.22,50.89
9,58.13,87.62,50.89
14,59.19,90.59,51.36
14,59.36,91.52,51.55
18,57.66,92.59,50.92
12,58.54,87.94,51.58
12,58.85,88.87,51.44
13,58.62,89.81,51.48
13,58.93,90.38,51.41
10,57.96,88.74,50.87
7,57.28,87.7,50.71
8,57.78,88.09,50.71
9,58.14,88.79,50.71
15,58.61,92.13,50.71
13,58.77,91.07,50.67
10,58.57,89.21,50.7
12,58.26,90.58,50.68
8,56.9,88.17,50.51
8,57.43,88.55,50.51
9,57.41,89.5,50.51
11,57.57,90.09,50.51
16,57.61,91.8,50.51
3,52.49,84.53,50.51
64,52.69,89.05,60.7
71,52.75,89.98,60.7
52,53.2,89.46,60.7
70,52.45,88.62,60.7
80,52.48,89.56,60.7
46,53.11,88.54,60.7
42,53.57,88.04,60.7
48,53.66,88.95,60.7
46,54.11,88.44,60.7
4,56.98,84.62,57.83
52,54.24,89.31,60.5
50,54.66,88.82,60.5
56,54.73,89.71,60.5
53,55.15,89.23,60.5
49,57.13,86.38,57.83
100,57.28,88.14,57.83
61,55.68,90.06,60.04
91,57.44,89.9,57.83
81,56.63,90.86,59.08
68,57.59,91.62,57.83
54,53.83,89.8,60.5
57,53.4,90.3,60.5
60,53.9,90.7,60.5
58,54.32,90.2,60.5
76,56.82,92.58,55.37
145,55.82,92.58,56.6
98,56.8,92.38,56.59
65,54.43,91.05,60.04
63,54.84,90.57,60.04
67,54.91,91.45,60.04
65,55.31,90.98,60.04
99,55.83,91.73,59.08
135,55.82,92.38,57.85
97,56.77,92.09,57.83
3,55.85,81.36,54.1
15,54.07,81.79,54.4
8,54.98,81.72,54.4
15,54.07,81.79,53.77
7,54.98,81.72,53.77
25,52.88,82.31,54.39
16,53.66,82.25,54.4
27,52.88,82.31,53.77
17,53.66,82.25,53.77
3,58.44,84.49,54.08
10,58.44,84.5,55.33
33,57.9,85.42,56.58
63,58.49,86.25,55.33
46,58.49,86.25,54.08
18,59.14,90.59,54.08
17,59.38,91.52,54.05
24,58.65,92.42,54.05
31,57.68,92.59,54.36
46,58.54,87.9,54.08
34,58.85,88.91,54.08
26,58.62,89.81,54.08
19,58.92,90.39,54.08
8,54.54,82.17,55.65
9,54.54,82.17,55.02
3,55.87,82.09,55.33
84,58.01,87.19,55.33
36,58.6,92.03,55.33
30,58.69,91.08,55.33
48,57.62,92.38,55.34
59,58.17,88.95,55.33
38,58.25,90.6,55.33
2,55.06,83.01,56.58
3,56.98,84.62,56.58
55,57.13,86.38,56.58
111,57.28,88.14,56.58
87,57.44,89.9,56.58
72,57.59,91.62,56.58
3,56.02,83.82,59.08
12,55.18,84.33,60.04
13,55.66,84.73,60.04
15,54.77,84.81,60.04
22,54.33,85.27,60.5
17,55.25,85.21,60.04
24,54.83,85.68,60.5
25,55.33,86.09,60.04
16,56.17,85.58,59.08
29,55.81,86.5,60.04
49,56.33,87.34,59.08
52,55.56,88.74,60.04
48,55.96,88.26,60.04
78,56.48,89.1,59.08
42,54.58,87.94,60.5
48,55.08,88.33,60.04
34,55.41,86.97,60.04
38,54.99,87.45,60.5
44,55.48,87.85,60.04
8,54.26,83.97,59.08
24,52.92,84.18,59.08
21,53.42,84.49,60.04
19,53.89,84.89,60.04
27,53.04,84.97,60.05
35,52.7,85.44,60.5
36,53.47,87.13,60.7
37,54.08,87.53,60.5
23,53.49,85.37,60.04
31,53.01,85.83,60.5
26,53.91,85.75,60.5
32,53.37,86.23,60.7
28,54.42,86.16,60.5
33,53.92,86.64,60.7
29,54.93,86.57,60.04
34,54.5,87.05,60.5
38,52.9,86.72,60.7
38,52.73,86.31,60.5
8,54.26,83.97,57.83
42,52.97,87.63,60.7
52,52.63,88.15,60.7
47,52.58,87.21,60.7
74,52.38,88.62,60.3
73,52.38,89.05,60.3
76,52.38,89.56,60.3
79,52.38,89.98,60.3
29,43.9,94.25,52.49
31,43.73,93.72,52.53
31,43.73,92.81,52.54
32,43.9,93.31,52.52
33,43.92,94.2,53.21
34,43.73,93.73,53.28
34,43.73,92.8,53.28
35,43.9,93.31,53.21
28,44.12,94.62,52.52
33,44.13,94.62,53.21
37,43.93,92.87,53.7
37,43.98,93.74,53.7
39,44.43,94.14,53.7
36,44.12,92.38,53.9
39,44.23,93.26,53.9
40,44.79,93.66,53.9
45,55.99,92.86,51.12
53,55.96,93.45,50.51
6,52.38,93.61,52.6
9,52.38,92.92,52.47
19,52.63,92.85,52.46
13,52.58,93.34,52.52
15,52.55,93.72,51.9
25,52.54,93.72,51.24
30,52.91,93.86,50.87
28,52.74,93.42,50.88
31,53.23,93.29,50.71
22,52.75,93.42,51.25
20,52.58,93.09,51.3
31,53.01,93.06,50.77
23,52.77,93.05,51.18
18,52.86,93.03,51.66
23,53.09,92.85,51.58
30,53.31,92.86,50.97
26,52.01,96.83,52.6
9,52.52,95.73,52.87
18,52.77,96.06,51.89
13,52.52,94.35,52.57
20,52.52,95.03,52.71
8,52.56,94.33,53.17
11,52.38,94.69,53.36
6,52.94,95.64,54.06
5,52.58,94.73,53.9
23,54.14,92.85,54.26
11,53.57,96.44,52.82
8,52.58,93.32,53.16
6,52.38,92.9,53.02
6,52.57,93.77,53.17
6,52.58,93.86,54.11
5,52.89,92.86,54.24
8,52.63,92.85,53.19
15,52.76,93.43,51.9
13,52.58,93.11,51.85
20,53.08,92.83,51.84
29,53.54,92.85,54.04
45,53.1,92.84,53.57
15,52.75,93.03,51.93
20,52.9,92.8,51.95
19,52.96,92.8,51.84
122,55,92.58,55.38
115,53.8,92.58,56.61
126,55.01,92.38,56.59
106,52.69,92.58,56.6
100,52.38,92.25,56.6
136,54.99,92.14,57.83
106,53.86,92.38,57.86
73,52.83,92.38,57.86
68,52.58,92.11,57.86
69,52.38,91.37,57.89
69,52.88,92.06,59.12
62,53.55,91.13,60.04
66,52.84,91.19,60.04
65,53.15,91.61,60.04
84,54.07,91.83,59.09
74,52.38,90.47,59.23
69,52.58,91.28,59.12
73,52.7,90.42,60.5
73,52.58,90.45,60.14
61,53.1,90.73,60.04
27,44.58,95.02,52.52
33,44.58,95.02,53.21
27,45.06,95.42,52.52
31,45.06,95.42,53.21
27,45.53,95.82,52.52
29,45.53,95.82,53.21
27,46.01,96.23,53.21
27,46.01,96.23,52.52
27,46.49,96.63,52.52
25,46.49,96.63,53.21
25,46.97,97.03,52.52
21,46.97,97.03,53.21
22,48.29,96.91,52.89
27,50.05,96.76,52.89
35,51.49,96.42,52.86
37,44.95,94.54,53.7
35,45.44,94.94,53.7
33,45.93,95.34,53.7
32,46.41,95.75,53.7
31,47.33,96.11,53.7
38,49.1,95.96,53.7
44,50.92,95.8,53.7
36,45.32,94.06,53.9
31,45.83,94.46,53.9
30,46.32,94.87,53.9
31,46.81,95.27,53.9
32,48.14,95.15,53.9
42,49.93,95,53.9
64,51.66,94.82,53.9
37,43.63,91.03,52.63
33,43.63,91.46,52.37
30,43.69,92.05,52.57
30,43.71,91.11,53.3
33,43.72,91.99,53.3
72,43.66,90.22,52.55
111,43.51,88.88,52.67
102,43.66,89.39,52.54
41,43.71,90.26,53.28
30,43.53,89.75,53.58
56,43.52,88.85,53.46
73,43.71,89.37,53.27
30,43.87,91.09,53.7
34,43.9,91.96,53.7
28,43.84,90.26,53.7
32,44.06,91.5,53.9
27,43.99,90.62,53.9
25,43.9,89.73,53.9
98,43.7,88.45,53.27
45,43.81,89.32,53.7
120,43.62,86.16,50.6
38,43.59,88.4,53.9
75,43.53,87.83,53.43
35,43.84,88.83,53.9
135,43.8,86.16,50.61
16,43.84,95.15,50.7
16,44.14,95.5,50.71
15,44.62,95.9,50.71
13,45.12,96.3,50.71
14,45.61,96.7,50.71
22,46.09,97.11,50.71
34,46.57,97.51,50.71
34,47.49,97.87,50.71
102,43.77,86.43,50.7
29,52.5,94.02,51.92
47,52.36,94.37,52.24
51,51.96,95.71,52.74
39,52.5,94.02,51.25
43,52.5,94.01,50.76
32,52.17,95.45,50.63
22,51.96,96.81,51.25
12,51.04,97.58,50.71
21,49.26,97.72,50.71
17,43.63,94.2,50.51
18,43.59,93.31,50.51
17,43.91,94.62,50.51
16,44.47,95.02,50.51
15,45.01,95.42,50.51
14,45.52,95.82,50.51
25,46,96.23,50.51
40,46.49,96.63,50.51
33,48,96.94,50.51
39,46.97,97.03,50.51
92,43.65,86.79,50.5
85,43.54,88.67,50.47
94,43.66,88.43,50.48
111,44.05,86.24,50.51
98,43.82,86.43,50.51
58,52.16,94.09,52.36
43,52.3,93.98,52
58,52.11,94.86,53.18
53,52.3,93.98,51.22
40,52.28,94.23,50.5
52,52.3,93.98,50.66
33,52.16,95.43,50.49
26,51.75,96.8,50.5
34,51.84,95.68,50.49
31,48.59,96.89,50.51
28,50.13,96.75,50.51
4,57.89,86.75,43.15
2,57.63,87.22,43.77
6,57.19,86.82,43.15
2,57.91,87.57,43.15
7,57.89,86.75,42.52
8,57.91,87.57,42.52
17,57.19,86.82,42.52
12,57.89,86.75,41.9
14,57.92,87.57,41.89
22,57.63,87.22,41.27
24,57.68,87.89,41.27
50,57.21,87.7,40.81
73,56.88,87.31,40.84
63,56.88,87.91,40.53
44,56.74,88.17,40.42
58,57.01,88.5,40.5
94,54.83,88.11,40.89
84,54.96,88.1,40.62
83,55.04,88.05,40.54
115,54.91,87.47,40.63
107,55.03,88.22,40.7
76,55.51,87.82,40.43
139,57.77,88.82,40.86
196,57.82,89.2,40.85
156,57.57,89,40.84
272,57.68,90.27,40.63
98,54.98,87.47,40.85
71,55.09,88.01,40.8
196,57.12,90.48,40.57
87,57.73,88.62,40.75
99,57.94,88.63,40.77
88,58.15,88.62,40.75
203,58.21,88.7,41.06
282,58.3,88.77,41.43
319,58.54,88.77,41.9
331,58.55,88.99,42.2
215,58.08,88.79,41.11
225,58.03,88.97,41.11
281,58.24,88.88,41.43
205,57.77,88.81,41.12
49,57.07,88.44,40.74
48,57.18,88.14,40.73
21,57.79,88.07,41.28
10,58.16,87.59,41.88
2,57.83,88,43.14
6,57.81,88.03,42.52
56,56.9,86.45,41.9
81,56.66,85.83,41.86
33,57.19,86.82,41.9
51,56.67,86.46,42.52
5,56.67,87.38,43.16
83,56.62,87.29,40.77
66,56.9,87.28,41.28
82,56.66,86.44,41.22
6,55.62,85.84,41.9
6,55.62,85.61,41.86
8,55.34,86.12,41.9
28,54.92,86.57,41.9
38,55.65,86.51,41.27
15,55.92,85.8,41.2
81,55.39,86.97,41.27
126,55.72,87.41,40.84
78,55.92,86.47,40.77
142,55.79,87.36,40.61
4,54.33,87.08,43.14
2,55.91,86.46,43.14
4,55.65,86.51,42.52
2,55.92,85.8,42.51
5,54.62,87.04,43.15
4,55.39,86.97,43.15
9,54.33,87.07,42.51
10,54.62,87.04,42.52
9,55.39,86.97,42.52
51,54.62,87.04,41.9
59,54.32,87.76,41.86
78,54.52,88.02,41.35
51,54.66,87.79,41.87
84,54.74,88.06,41.18
104,54.97,87.46,41.27
75,55.08,88.01,41.25
40,57.48,88.43,40.66
140,57.58,88.43,41.07
166,57.97,88.45,41.01
162,58.28,88.45,40.94
324,58.38,88.69,42.33
281,58.37,88.54,41.36
306,58.39,88.64,41.96
59,57.15,88.39,41.08
46,57.15,88.29,40.67
33,57.26,88.22,41.26
9,57.92,88.2,41.89
7,57.31,88.21,42.69
3,56.99,88.19,43.2
83,56.47,86.41,41.87
35,56.47,87.35,42.56
9,56.46,88.09,43.1
46,56.44,87.95,40.68
70,56.46,87.24,41.23
10,56.11,85.66,41.81
42,56.11,86.39,41.15
139,56.12,87.31,40.67
6,54.13,87.92,43.13
2,54.58,88.18,43.77
3,56.11,88.05,43.78
4,56.11,87.46,43.16
3,56.11,86.42,42.51
28,54.13,87.9,42.48
45,54.47,88.19,41.84
63,55.02,88.22,41.25
79,57.32,88.71,40.56
199,57.42,89.49,40.64
267,57.52,90.16,40.63
121,56.95,89.06,40.44
207,57.06,90.09,40.46
193,56.64,90.36,40.46
14,42.83,92.9,47.52
22,43.05,93.41,47.52
42,43.25,92.86,47.52
30,42.83,92.9,48.14
27,43.05,93.41,48.15
41,43.25,92.86,48.14
8,39.18,94.16,51.58
3,38.37,95.12,51.58
21,39.18,94.16,50.33
25,40.14,94.96,49.08
10,38.37,95.12,50.33
10,39.33,95.92,49.08
6,39.33,95.92,47.83
3,38.53,96.88,49.08
2,37.57,96.08,50.33
39,42.55,92.53,48.15
49,42.18,93.01,48.15
16,42.18,93.01,47.52
46,40.98,94.45,48.77
37,41.86,94.37,48.15
18,41.86,94.37,47.52
19,41.78,93.49,47.52
32,41.46,94.85,48.15
18,41.46,94.85,47.52
66,41.38,93.97,48.77
16,40.14,94.96,47.83
55,41.78,93.49,48.15
14,42.55,92.53,47.52
10,35.13,90.97,40.58
6,34.13,91.94,40.58
96,36.27,91.75,41.58
29,37.26,92.55,42.82
4,39.18,94.16,45.33
68,35.44,92.71,41.58
23,36.46,93.51,42.82
12,37.42,94.32,44.08
2,38.37,95.12,45.33
7,36.61,95.27,44.08
3,35.81,96.23,44.08
47,34.59,93.67,41.57
15,35.66,94.47,42.82
17,33.56,94.63,41.54
7,34.85,95.43,42.82
10,36.02,90.01,40.58
13,42.11,92.13,46.9
11,41.7,92.61,46.9
20,41.7,92.61,46.27
13,41.3,93.09,46.27
9,41.3,93.09,46.9
6,40.94,94.01,46.58
84,37.09,90.8,41.58
171,37.89,89.84,40.59
54,42.3,82.39,40.37
31,42.65,83.24,40.39
75,41.91,81.97,40.4
1037,41.34,92.24,41.49
1092,42.13,92.14,41.29
1098,41.64,91.73,40.95
1161,42.46,91.61,40.71
1076,41.34,91.32,40.44
1162,42.12,91.26,40.39
1149,42.66,91.69,40.82
1191,42.72,91.2,40.61
819,41.25,90.44,40.45
416,41.2,89.56,40.45
344,41.2,87.79,40.46
805,40.39,92.29,42.02
963,40.75,91.81,41.25
1044,41.03,91.34,40.47
614,40.3,91.41,42.05
699,40.67,90.93,41.28
774,40.95,90.46,40.48
457,40.59,90.05,41.29
397,40.9,89.58,40.48
389,40.87,87.82,40.5
25,41.74,85.09,40.42
23,42.71,84.12,40.38
278,57.89,89.85,40.84
257,58.61,89.78,42.2
379,58.39,89.95,42.33
386,58.44,90.17,42.33
305,58.05,90.13,40.84
342,58.35,90,41.27
327,58.76,89.74,41.84
292,58.28,89.38,41.27
326,58.63,89.03,41.86
297,58.08,90.31,40.74
286,57.64,90.3,40.75
348,58.21,90.25,41.23
382,58.43,90.17,41.9
347,58.39,89.39,42.2
357,58.25,90.49,41.09
314,57.73,90.48,41.1
396,58.36,90.4,41.89
359,58.36,89.3,42.63
33,40.82,92.69,45.65
41,43.05,94.3,45.02
46,42.26,93.89,45.02
47,42.85,93.83,45.02
53,41.78,93.49,45.02
59,41.3,93.09,45.02
36,43.05,93.81,45.65
37,42.63,93.41,45.65
44,42.18,93.01,45.65
54,41.7,92.61,45.65
25,42.83,92.9,46.27
30,43.05,93.41,46.27
25,42.55,92.53,46.27
27,42.11,92.13,46.27
17,42.8,92.07,46.9
26,43.05,92.86,46.89
16,42.5,91.65,46.9
48,43.25,93.81,45.02
46,43.25,93.41,45.65
47,43.25,92.86,46.27
53,43.25,92.06,46.9
53,43.05,94.71,43.77
108,41.86,94.37,43.77
81,42.69,94.3,43.77
138,41.38,93.97,43.77
50,43.05,94.3,44.4
73,42.26,93.89,44.4
63,42.85,93.83,44.4
100,41.78,93.49,44.4
51,43.25,94.3,43.77
52,43.25,93.81,44.4
18,38.22,93.36,44.08
205,39.02,92.4,42.82
423,39.86,91.88,42.51
62,39.19,94.14,44.1
14,39.98,93.2,45.33
82,40.9,93.57,44.4
134,40.5,94.05,43.77
59,40.5,94.05,44.4
156,40.9,93.57,43.77
78,43.05,94.3,43.15
221,42.26,93.89,43.15
140,42.85,93.83,43.15
329,41.78,93.49,43.15
65,43.25,93.82,43.15
56,38.07,91.6,42.82
414,39.86,91,42.12
275,39.39,91.49,42.5
370,39.79,91,42.52
227,38.87,90.64,41.57
218,39.14,89.5,40.58
288,40.53,88.72,40.51
386,39.73,89.71,41.48
485,40.23,90.52,42.06
476,39.98,93.21,42.83
415,41.3,93.09,43.15
664,43.25,92.73,41.77
852,43.1,93.1,41.4
889,42.89,92.92,41.87
448,42.64,93.41,42.52
540,43.05,93.43,41.89
143,43.05,93.82,42.52
818,42.98,92.68,42.1
463,43.23,92.64,42.02
684,42.18,93.01,42.52
87,43.25,93.45,42.55
172,43.28,92.68,42.24
387,43.26,93.09,41.88
754,40.82,92.69,42.52
836,41.7,92.61,42.52
583,43.33,91.92,42.02
550,43.62,91.54,41.74
1062,43.32,91.93,41.52
1199,42.95,91.17,40.35
1064,43.13,92.07,40.66
1091,43.16,92.07,41.21
312,43.29,92.19,42.2
926,43.41,91.55,41.75
1126,43.28,91.48,41.27
1131,43.27,91.26,40.56
998,42.62,92.53,41.89
1108,42.91,92.04,41.28
904,43.3,91.94,41.77
974,41.24,92.2,41.9
1052,42.11,92.13,41.9
1206,43.27,90.71,40.55
98,43.71,86.47,50.77
140,43.12,90.28,51.22
136,42.98,89.79,51.34
158,43.33,89.83,51.55
24,43.12,89.8,52.52
20,43.07,89.41,53.19
13,43.05,88.93,53.77
24,43.17,89.37,52.2
16,42.75,89.42,52.5
18,42.89,88.91,53.1
88,43.65,88.45,52.53
15,43.05,88.51,53.76
87,43.56,87.11,50.49
97,43.52,86.72,50.65
106,43.53,86.35,50.93
197,43.27,89.78,51.17
107,43.4,89.07,51.1
118,43.42,89.36,51.42
66,43.49,88.49,51.33
93,43.52,87.85,52.68
29,43.27,89.39,52.64
28,43.26,88.88,53.17
35,43.32,88.95,52.33
44,43.42,88.4,52.33
28,43.25,88.5,53.29
19,43.25,87.95,53.76
2,43.69,85.35,58.77
2,43.52,85.52,58.15
75,42.8,92.07,48.77
42,43.05,92.86,48.77
53,43.25,92.06,48.77
2,43.05,86.3,56.9
2,43.26,85.64,56.9
3,43.11,87.12,55.65
3,43.25,86.29,55.64
2,43.06,86.29,56.28
2,43.25,85.63,56.27
6,43.13,87.27,54.81
9,43.1,88,54.36
4,43.11,87.06,55.09
11,43.26,87.12,54.34
5,43.25,86.29,55.01
2,42.61,87.65,55.65
2,42.87,87.18,55.65
2,42.61,87.65,55.02
6,42.89,88.04,54.43
3,42.87,87.19,55.02
11,42.83,88.01,53.77
3,42.2,88.13,54.4
5,42.2,88.13,53.77
14,42.65,88.53,53.14
8,42.28,89.01,53.15
2,41.8,88.61,53.77
9,42.28,89.01,52.52
42,42.77,89.41,51.9
4,41.88,89.49,53.15
2,41.47,89.97,53.15
5,41.88,89.49,52.52
55,42.36,89.88,51.89
5,41.47,89.97,52.52
62,41.95,90.37,51.9
102,42.37,89.88,51.29
147,42.76,90.29,50.66
83,41.95,90.37,51.27
99,42.44,90.77,50.64
132,42.45,90.77,50.02
6,41.07,90.45,52.52
50,41.55,90.85,51.9
6,40.67,90.93,52.52
36,41.15,91.33,51.9
50,41.55,90.85,51.27
64,42.03,91.25,50.65
26,41.15,91.33,51.27
42,41.63,91.73,50.65
89,42.03,91.25,50.02
126,42.5,91.65,49.4
88,42.5,91.65,48.77
97,42.11,92.13,48.77
96,41.7,92.61,49.4
94,41.7,92.61,48.77
62,41.3,93.09,49.4
46,40.9,93.57,49.4
67,40.9,93.57,48.77
38,40.5,94.05,49.4
48,40.5,94.05,48.77
86,41.3,93.09,48.77
2,39.83,91.44,52.83
28,40.75,91.81,51.9
23,40.35,92.28,51.9
20,39.02,92.4,51.58
22,40.75,91.81,51.27
19,41.23,92.21,50.65
32,41.23,92.21,50.02
23,40.82,92.69,50.02
25,40.35,92.28,51.27
29,39.98,93.2,50.33
16,40.82,92.69,50.65
57,41.63,91.73,50.02
118,42.11,92.13,49.4
125,42.77,91.19,49.4
80,43.05,92.06,49.39
76,43.25,91.17,49.39
144,43.05,91.17,50.02
181,43.07,90.31,50.6
147,42.74,90.28,50.02
173,42.91,89.82,50.69
114,43.25,90.36,50
206,43.25,89.83,50.61
81,43.48,88.76,50.51
109,43.53,88.23,50.47
92,43.49,88.46,50.5
88,43.48,88.49,50.52
15,53.66,82.25,55.02
14,53.66,82.25,55.65
8,54.14,82.65,55.65
10,54.14,82.65,55.02
23,52.88,82.31,55.02
28,52.58,81.58,55.02
21,52.88,82.31,55.65
28,52.58,81.58,55.65
30,52.58,83.1,53.76
30,52.58,82.26,54.39
26,52.58,82.26,56.28
26,52.58,82.26,56.91
17,53.33,83.15,56.58
27,52.93,84.18,57.83
29,52.58,83.09,57.53
29,52.58,83.09,58.17
33,52.58,84.24,59.14
41,52.58,86.32,60.14
35,52.58,85.48,60.14
32,52.38,82.15,55.02
31,52.38,82.15,55.65
32,52.38,83.64,53.76
39,52.38,83.05,54.39
36,52.38,83.04,56.6
61,52.38,87.22,60.31
70,52.38,88.05,60.3
43,52.38,84.19,57.87
52,52.38,85.9,59.19
89,43.39,89.05,50.78
146,43.52,89.43,50.7
295,43.52,90.23,50.63
223,43.52,90.85,50.64
95,43.52,91.23,50.62
19,43.53,92.01,50.61
18,43.53,93.73,50.61
18,43.73,94.21,50.78
19,43.53,92.82,50.62
20,43.72,93.32,50.78
17,43.95,95.14,50.89
17,43.73,94.62,50.78
17,44.21,95.5,50.89
16,44.65,95.9,50.89
14,45.13,96.3,50.89
15,45.61,96.7,50.89
22,46.09,97.11,50.89
32,46.57,97.51,50.89
29,47.49,97.87,51.52
87,43.51,88.93,50.51
93,43.89,86.54,50.89
46,43.49,88.87,52.33
37,43.5,89.31,52.2
97,43.23,89.8,51.88
40,43.52,90.24,52.2
146,43.51,90.23,51.55
66,43.29,90.72,51.89
97,43.5,90.94,51.51
43,43.56,91.43,51.88
27,43.67,92.11,51.91
27,43.73,93.72,51.89
25,43.89,94.25,51.92
28,43.73,92.81,51.89
28,43.9,93.31,51.9
21,44.12,94.62,51.89
197,43.6,89.46,51.16
135,43.59,89.22,51.41
196,43.65,90.26,51.19
62,43.39,91.27,51.49
97,43.62,90.93,51.14
46,43.63,91.37,50.93
35,43.61,91.49,51.35
22,43.67,92.14,51.29
21,43.66,91.92,50.94
21,43.92,94.2,51.27
22,43.73,93.72,51.21
23,43.73,92.81,51.22
23,43.9,93.31,51.27
19,44.13,94.62,51.27
22,44.58,95.02,51.9
19,44.58,95.02,51.27
22,45.06,95.42,51.9
18,45.06,95.42,51.27
26,46.01,96.23,51.27
19,45.53,95.82,51.27
23,45.53,95.82,51.9
27,46.01,96.23,51.9
31,52.74,95.4,50.86
32,52.42,95.53,50.77
34,52.38,94.79,50.5
33,52.62,95.12,50.68
36,52.73,94.23,50.86
36,52.54,94.47,50.67
33,52.34,95.29,50.65
34,52.22,94.81,50.5
31,52.14,95.39,50.83
31,51.98,95.66,50.72
59,52.13,94.26,52.37
53,52.18,94.82,52.24
32,52.14,95.38,51.27
29,51.84,95.68,51.24
51,52.05,95.29,52.24
39,52.14,95.38,51.88
40,51.85,95.68,51.9
30,46.49,96.63,51.9
34,46.49,96.63,51.27
30,46.97,97.03,51.9
34,46.97,97.03,51.27
23,51.55,96.58,51.48
30,48.3,96.91,51.53
17,50.06,96.75,51.51
22,52.88,82.31,53.15
14,52.88,82.31,52.52
17,53.66,82.25,53.15
13,54.07,81.79,53.15
12,53.66,82.25,52.52
9,54.06,81.79,52.51
5,54.95,81.73,53.14
6,54.95,81.72,52.52
6,55.32,81.48,52.47
3,55.36,81.52,53.12
4,52.58,83.1,52.5
14,52.58,83.1,53.13
2,52.38,83.64,52.46
14,52.38,83.64,53.12
3,52.38,84.55,50.59
2,58.88,82.77,52.9
34,52.53,95.15,51.88
31,52.52,95.15,51.27
43,52.46,94.43,51.87
40,52.44,94.42,51.27
34,52.74,94.24,51.27
28,52.77,95.35,51.26
28,52.74,94.25,51.89
26,52.79,95.31,51.84
22,53.05,95.59,51.89
28,53.05,95.61,51.27
37,54.37,93.52,50.51
32,54.36,95.42,51.58
42,55.17,94.5,50.71
30,53.31,94.69,50.88
30,53.81,93.79,50.72
52,56.81,92.86,51.18
60,56.82,92.99,50.51
35,54.1,92.85,51.08
20,56.87,92.74,51.84
8,58.44,84.49,52.83
21,58.49,86.24,52.83
17,59.14,90.59,52.82
19,59.37,91.51,52.84
25,58.54,87.9,52.83
21,58.85,88.91,52.82
19,58.62,89.81,52.83
18,58.92,90.38,52.82
3,56.8,82.56,50.71
4,55.66,84.73,50.51
3,56.84,83.32,50.86
5,56.02,83.81,50.71
4,55.16,84.32,50.51
3,54.74,84.8,50.51
3,55.24,85.21,50.51
9,54.54,82.17,51.9
12,54.54,82.17,51.27
6,55.88,82.09,51.53
12,53.22,82.73,51.9
9,54.14,82.65,51.9
10,54.14,82.65,51.27
9,53.22,82.73,51.27
8,53.74,83.13,50.89
6,54.2,83.52,50.71
8,54.96,83.01,50.88
4,54.69,83.92,50.71
2,52.38,84.06,51.79
8,52.92,83.22,51.9
3,52.58,83.66,51.85
2,52.38,84.05,51.06
6,52.92,83.22,51.27
3,52.58,83.66,51.18
3,52.58,84.07,50.78
4,52.77,83.67,50.89
6,53.34,83.61,50.89
5,53.78,84,50.71
4,52.87,84.06,50.71
4,53.24,84.46,50.51
4,54.27,84.4,50.71
3,53.78,84.88,50.51
2,57.82,83.69,51.55
4,57.42,84.58,50.89
4,56.94,84.18,50.89
3,56.54,84.66,50.89
4,56.14,85.14,50.71
4,57.01,85.06,50.89
4,56.63,85.54,50.71
3,55.73,85.61,50.71
3,55.32,86.09,50.51
4,56.22,86.02,50.71
4,55.82,86.49,50.51
4,57.91,85.42,51.58
4,57.09,85.94,50.89
5,57.57,86.34,50.89
4,56.69,86.42,50.89
6,57.17,86.82,50.89
5,56.3,86.9,50.71
6,56.78,87.3,50.71
5,55.9,87.37,50.51
7,56.4,87.77,50.51
18,56.9,92.59,51.16
10,58.04,87.18,51.57
7,57.25,87.7,50.89
8,57.72,88.1,50.89
7,56.84,88.18,50.89
8,57.32,88.58,50.89
16,58.56,92.08,51.57
14,58.73,91.07,51.47
17,57.62,92.41,51.1
10,57.34,89.41,50.86
12,58.18,88.95,51.54
14,58.25,90.59,51.5
7,56.87,88.17,50.71
8,57.36,88.57,50.71
10,57.36,89.52,50.71
12,57.52,90.1,50.7
15,57.6,91.69,50.71
17,56.77,92.37,50.51
8,56.52,89.1,50.51
13,56.65,90.95,50.51
3,52.68,84.55,50.71
3,54.9,86.57,50.51
4,55.4,86.97,50.51
3,52.77,84.95,50.51
3,53.33,85.36,50.51
54,52.86,89,60.5
61,52.91,89.9,60.5
51,53.32,89.4,60.5
58,52.64,88.58,60.5
64,52.67,89.48,60.5
44,53.24,88.51,60.5
40,53.66,88.02,60.5
48,53.75,88.91,60.5
45,54.17,88.42,60.5
11,56.17,85.58,57.83
54,54.28,89.29,60.04
52,54.68,88.81,60.04
58,54.76,89.69,60.04
56,55.16,89.21,60.04
69,56.33,87.34,57.83
117,56.48,89.1,57.83
91,55.68,90.06,59.08
115,56.63,90.86,57.83
55,53.88,89.77,60.04
57,53.48,90.25,60.04
61,53.95,90.65,60.04
60,54.36,90.17,60.04
45,56.9,92.59,54.13
115,55.83,92.58,55.38
72,56.81,92.38,55.35
136,55.83,92.38,56.59
99,56.77,92.09,56.58
93,54.87,91.01,59.08
134,55.83,91.73,57.83
10,54.54,82.17,54.4
3,55.87,82.1,54.08
10,54.54,82.17,53.77
20,53.22,82.73,54.4
11,54.14,82.65,54.4
22,53.22,82.73,53.77
12,54.14,82.65,53.77
26,52.92,83.22,53.77
27,52.92,83.22,54.4
24,57.9,85.42,54.71
58,58.01,87.19,54.08
24,58.59,92.09,53.96
21,58.69,91.08,54.08
34,57.63,92.41,54.3
38,58.17,88.95,54.08
25,58.25,90.6,54.08
4,55.06,83.01,55.33
46,57.13,86.38,55.33
92,57.28,88.14,55.33
63,57.44,89.9,55.33
53,57.59,91.62,55.33
8,54.26,83.97,56.58
6,56.17,85.58,56.58
70,56.33,87.34,56.58
116,56.48,89.1,56.58
105,56.63,90.86,56.58
7,55.21,84.77,59.08
19,54.37,85.29,60.04
21,54.85,85.69,60.04
29,55.37,86.53,59.08
41,54.6,87.93,60.04
38,55.01,87.45,60.04
62,55.52,88.3,59.08
20,53.49,84.93,59.09
29,52.82,85.47,60.04
34,53.58,87.13,60.5
36,54.13,87.53,60.04
28,53.11,85.85,60.04
24,53.97,85.77,60.04
29,53.49,86.24,60.5
26,54.45,86.17,60.04
31,54,86.65,60.5
33,54.53,87.05,60.04
4,55.21,84.77,57.83
34,52.84,86.32,60.04
35,53.06,86.72,60.5
22,53.5,84.92,57.83
40,53.12,87.62,60.5
48,52.8,88.12,60.5
43,52.76,87.2,60.5
59,52.58,88.58,60.14
60,52.58,89,60.14
64,52.58,89.49,60.14
66,52.58,89.91,60.14
69,52.38,89.29,59.22
31,44.04,92.87,52.52
31,44.08,93.74,52.52
35,44.04,92.87,53.21
35,44.08,93.74,53.21
30,44.5,94.14,52.52
35,44.5,94.14,53.21
36,44.25,92.38,53.7
38,44.35,93.26,53.7
38,44.86,93.66,53.7
35,44.62,91.9,53.9
39,44.71,92.78,53.9
38,45.24,93.18,53.9
28,55.98,92.81,51.83
45,55.97,93.03,51.25
40,54.96,92.85,51.15
52,55.98,93.59,50.71
41,54.99,93.06,50.51
38,52.9,92.8,52.47
9,52.56,93.74,52.55
15,52.76,93.43,52.52
15,52.58,93.11,52.5
24,52.79,93.02,52.5
17,52.96,93.85,51.91
18,52.91,93.23,51.72
25,52.93,93.85,51.27
28,53.22,93.42,50.89
22,52.87,93.26,51.28
22,53.21,93.01,51.71
27,53.42,93.04,51.14
26,53.59,92.84,51.61
11,52.9,95.63,52.76
10,52.72,94.36,52.49
8,52.76,94.34,53.11
11,52.57,94.72,53.29
72,54.05,92.82,53.55
9,53.5,94.62,54.03
28,54.19,93.02,54.16
21,54.38,95.43,52.85
11,52.76,93.41,53.16
12,52.58,93.09,53.03
10,52.95,93.82,53.1
8,52.91,93.86,54.09
12,53.04,93.05,54.2
21,52.8,93.02,53.17
54,52.9,92.8,53.19
57,52.96,92.8,53.49
17,52.86,93.23,51.99
22,53.2,92.95,51.97
24,53.57,92.75,51.84
40,53.62,93.02,53.95
49,53.21,92.98,53.45
53,55.98,92.8,53.5
75,54.12,92.8,53.5
62,53.58,92.83,53.57
58,53.08,92.83,53.49
21,52.9,92.67,51.95
20,53.12,92.68,51.84
20,53.09,92.88,51.97
22,53.03,92.88,52.06
29,55,92.59,51.16
19,53.06,92.6,51.58
22,52.78,92.6,51.9
16,53.01,92.59,50.93
29,54.94,92.43,50.51
14,52.98,92.49,50.51
105,55.03,92.59,54.14
82,53.08,92.59,53.97
108,53.82,92.58,55.37
115,55.01,92.38,55.35
104,52.7,92.58,55.36
101,52.38,92.23,55.36
120,54.99,92.14,56.58
106,53.87,92.38,56.59
100,52.84,92.38,56.59
98,52.58,92.1,56.59
68,52.38,91.33,56.61
70,52.86,92.09,57.83
104,54.09,91.84,57.83
71,52.38,90.41,57.88
68,52.58,91.28,57.86
64,52.81,90.35,60.04
67,52.58,90.4,59.14
67,53.21,91.21,59.07
29,44.98,94.54,52.52
34,44.98,94.54,53.21
29,45.46,94.94,52.52
32,45.46,94.94,53.21
30,45.94,95.34,52.52
31,45.94,95.34,53.21
30,46.42,95.75,53.21
32,46.42,95.75,52.52
33,47.33,96.11,52.89
49,51.83,95.69,52.54
44,49.1,95.96,52.89
50,50.86,95.8,52.9
34,45.36,94.06,53.7
31,45.85,94.46,53.7
30,46.33,94.87,53.7
31,46.81,95.27,53.7
38,48.14,95.15,53.7
52,49.91,95,53.7
61,51.52,94.82,53.7
33,45.74,93.58,53.9
27,46.24,93.99,53.9
27,47.17,94.35,53.9
69,52.01,93.94,53.9
42,48.95,94.19,53.9
64,50.8,94.04,53.9
35,43.86,91.11,52.49
29,43.96,91.95,52.5
30,43.96,91.09,53.19
33,43.99,91.97,53.2
94,43.88,90.21,52.48
145,43.86,89.33,52.43
105,43.66,88.88,52.58
51,43.93,90.23,53.18
40,43.72,89.75,53.43
99,43.91,89.35,53.17
87,43.71,88.86,53.33
33,44.19,91.5,53.7
28,44.14,90.62,53.7
40,44.05,89.73,53.7
30,44.52,91.02,53.9
27,44.44,90.14,53.9
37,44.36,89.25,53.9
106,43.8,86.35,50.77
96,44.27,86.53,51.11
83,43.89,86.54,51.11
100,43.83,88.46,52.44
113,43.87,88.45,53.16
72,43.78,88.42,53.7
95,43.72,87.87,53.3
67,43.99,88.85,53.7
112,43.95,86.35,50.78
132,43.83,86.16,50.93
122,43.63,86.16,50.9
148,44.09,86.16,50.94
82,43.53,86.34,51.32
85,43.51,87.44,52.55
66,43.53,86.93,53.42
49,43.78,87.92,53.9
50,44.27,88.35,53.9
155,44.05,86.16,50.61
173,44.38,86.16,50.94
18,43.81,94.2,50.7
19,43.78,93.31,50.7
18,44.05,94.62,50.71
17,44.54,95.02,50.71
15,45.04,95.42,50.71
16,45.53,95.82,50.71
25,46.01,96.23,50.71
39,46.49,96.63,50.71
32,48,96.94,50.71
38,46.97,97.03,50.71
91,43.82,86.84,50.69
79,43.63,88.67,50.58
85,43.75,88.43,50.62
123,44.18,86.41,50.7
101,43.97,86.56,50.7
59,52.1,94.2,52.24
51,52.36,94.11,51.92
60,51.94,94.9,53.04
49,52.36,94.11,51.25
41,52.31,94.32,50.65
48,52.36,94.11,50.77
32,52.08,95.34,50.64
19,51.61,96.73,50.69
31,51.73,95.59,50.66
29,48.59,96.89,50.71
23,50.09,96.74,50.71
266,43.71,89.34,50.5
356,43.7,90.24,50.5
117,43.72,91.07,50.51
18,43.74,91.99,50.51
18,43.79,92.87,50.51
18,43.85,93.74,50.51
17,44.38,94.14,50.51
16,44.93,94.54,50.51
15,45.44,94.94,50.51
22,45.93,95.34,50.51
39,46.41,95.75,50.51
43,47.33,96.11,50.51
89,43.74,87.29,50.49
92,43.93,87.02,50.51
103,43.87,88.2,50.5
101,44.09,87.95,50.51
104,43.91,88.7,50.5
105,44.16,86.72,50.51
165,44.36,86.39,50.51
66,52.1,93.9,53.47
61,52.16,93.99,52.03
64,52.1,93.83,52.69
57,52.17,93.98,51.22
45,52.17,94.07,50.5
35,51.99,94.8,50.5
53,52.17,93.98,50.66
33,51.78,95.27,50.5
34,51.02,95.87,50.51
33,49.14,95.94,50.51
3,57.63,87.22,43.15
4,56.93,87.31,43.15
2,57.73,87.81,43.13
15,57.63,87.22,42.52
10,57.69,87.85,42.5
23,56.92,87.28,42.52
21,57.63,87.22,41.9
22,57.67,87.87,41.89
42,57.21,87.68,41.28
56,56.97,87.94,40.77
49,56.77,88.19,40.52
66,56.66,88.51,40.42
241,57.82,89.2,41.11
214,57.58,89,41.11
185,57.51,88.68,41.12
60,56.98,88.52,40.76
253,57.08,90.48,41.09
77,55.08,88.13,40.75
82,55.49,87.79,40.56
72,55.69,88.07,40.42
69,55.3,88.23,40.66
102,57.25,88.74,40.79
221,57.4,89.45,40.85
288,57.53,90.09,40.86
83,55.47,87.83,40.8
249,57.05,90.28,40.75
187,56.66,90.48,40.57
68,57.39,88.55,40.74
168,57.52,88.56,41.1
191,57.88,88.62,41.07
194,58.14,88.62,41.04
275,58.21,88.7,41.4
305,58.29,88.77,41.88
322,58.26,88.81,42.2
267,58.08,88.78,41.42
304,58.22,88.88,41.83
257,57.78,88.82,41.42
273,58.03,88.96,41.43
279,57.82,89.2,41.43
257,57.58,88.99,41.43
227,57.53,88.69,41.35
97,57.07,88.45,41.1
48,57.07,88.27,40.72
37,57.19,88.14,41.27
14,57.79,88.05,41.89
10,57.29,88.08,42.65
2,57.07,88.02,43.17
58,56.91,87.28,41.9
77,56.67,86.45,41.89
30,56.66,87.31,42.54
7,56.64,87.95,43.06
49,56.55,88,40.75
76,56.64,87.26,41.27
12,55.65,86.51,41.9
8,55.92,85.8,41.86
26,55.39,86.97,41.9
71,55.72,87.38,41.27
37,55.91,86.45,41.22
127,55.96,87.36,40.77
7,54.65,87.75,43.15
6,54.33,87.77,43.14
2,55.92,87.89,43.78
4,55.92,87.39,43.15
4,55.91,86.46,42.51
6,54.97,87.46,43.14
5,55.68,87.37,43.13
20,54.64,87.78,42.53
21,54.32,87.77,42.51
18,54.96,87.48,42.52
13,55.71,87.39,42.51
48,54.96,87.47,41.9
49,55.06,87.99,41.74
43,54.6,88.03,41.87
64,55.07,88.12,41.27
71,55.47,87.81,41.27
97,57.28,88.42,41.09
201,57.61,88.44,41.37
252,57.97,88.45,41.38
272,58.29,88.45,41.29
326,58.36,88.74,42.68
300,58.36,88.54,41.89
85,57.15,88.39,41.44
47,57.15,88.29,41.26
19,57.26,88.23,41.96
11,56.95,88.21,42.68
76,56.46,87.28,41.93
32,56.45,88.01,42.59
52,56.42,88.33,40.67
57,56.44,87.95,41.26
9,56.11,86.41,41.87
45,56.12,87.31,41.23
103,56.14,88.06,40.67
8,54.56,88.19,43.16
2,55.57,88.18,43.79
4,56.12,88.08,43.23
8,56.12,87.42,42.56
21,54.52,88.19,42.52
40,54.98,88.21,41.8
64,55.31,88.23,41.27
133,56.93,89.08,40.58
237,57.02,89.97,40.65
223,56.61,90.21,40.65
83,56.4,88.72,40.42
173,56.53,89.6,40.45
75,55.9,88.21,40.42
185,56.16,90.16,40.46
15,42.8,92.07,47.52
24,43.05,92.86,47.52
51,43.25,92.06,47.52
17,43.25,83.16,40.55
16,43.25,83.65,40.55
24,42.89,83.65,40.39
33,42.8,92.07,48.15
29,43.05,92.86,48.14
50,43.25,92.06,48.15
9,38.22,93.36,51.58
2,37.42,94.32,51.58
22,38.22,93.36,50.33
27,39.18,94.16,49.08
7,37.42,94.32,50.33
10,38.37,95.12,49.08
4,38.37,95.12,47.83
2,37.57,96.08,49.08
36,42.5,91.65,48.15
13,42.5,91.65,47.52
52,42.11,92.13,48.15
63,41.7,92.61,48.15
20,41.7,92.61,47.52
25,41.3,93.09,47.52
12,39.18,94.16,47.83
31,40.94,94.01,47.83
64,41.3,93.09,48.15
15,42.11,92.13,47.52
34,41.45,85.56,40.44
336,40.49,87.41,40.53
269,40.91,86.93,40.49
2,35.26,90.96,41.58
6,36.31,91.75,42.82
4,35.5,92.71,42.82
2,34.7,93.67,42.82
3,36.1,90,41.58
9,36.89,89.05,40.58
12,41.63,91.73,46.9
12,41.23,92.21,46.9
21,41.23,92.21,46.27
13,40.82,92.69,46.27
9,40.82,92.69,46.9
5,39.98,93.2,46.58
242,39.87,87.9,40.56
31,40.35,92.28,45.65
9,39.02,92.4,45.33
10,37.11,90.79,42.82
102,37.9,89.84,41.58
108,38.72,88.88,40.58
57,42.11,82.39,40.82
55,41.98,82.85,40.4
40,42.37,83.26,40.37
32,42.41,83.24,40.75
40,42.06,83.73,40.4
53,41.7,83.32,40.43
38,41.71,84.22,40.43
34,41.46,84.75,40.45
3,36.72,87.29,40.58
82,41.74,81.97,40.94
75,41.62,82.44,40.43
2,36.56,85.55,40.58
1143,43.07,91.58,41.42
1126,42.53,91.64,41.26
1060,41.7,91.73,41.4
1011,41.3,91.32,41.07
1128,42.02,91.25,40.84
1050,41.6,90.85,40.42
1154,42.36,90.79,40.38
1185,42.88,91.17,40.76
1182,42.53,90.75,40.69
1188,42.67,90.76,40.37
1223,43.14,90.7,40.32
740,41.23,90.44,41.1
705,41.51,89.97,40.42
462,41.17,89.56,41.12
279,41.49,89.09,40.43
679,41.09,87.79,41.15
267,41.49,88.21,40.43
296,41.46,87.33,40.44
140,41.52,86.44,40.43
62,41.82,85.97,40.41
35,42.74,85.9,40.36
615,40.35,92.28,42.52
834,40.78,91.81,41.95
933,41,91.34,41.18
523,40.27,91.4,42.52
654,40.7,90.93,41.97
651,40.93,90.46,41.2
517,40.62,90.04,41.98
480,40.87,89.58,41.21
160,41.19,86.46,40.46
735,40.78,87.82,41.27
18,42.78,85,40.37
26,42.15,84.61,40.38
30,41.59,85.09,41
23,42.24,85.5,40.38
29,42.43,84.15,40.37
19,42.47,84.12,40.72
103,42.48,85.9,40.7
12,43.25,84.06,40.56
19,42.94,84.53,40.38
11,43.25,84.63,40.56
16,42.98,85.42,40.37
16,43.25,85.42,40.54
308,57.88,89.82,41.27
367,58.28,89.87,42.2
379,58.39,90.06,42.2
383,58.37,89.89,42.55
331,58.06,90.12,41.27
371,58.35,90,41.85
336,58.27,89.38,41.86
308,57.53,90.08,41.27
342,58.1,90.31,41.2
314,57.63,90.29,41.2
375,58.21,90.25,41.88
348,58.21,89.33,42.52
394,58.25,90.49,41.8
359,57.73,90.48,41.82
392,58.36,90.2,42.64
357,58.35,89.34,43.23
316,57.06,90.48,41.83
127,41.3,93.09,44.4
61,40.82,92.69,45.02
61,41.23,92.21,45.65
31,41.63,91.73,46.27
15,42.03,91.25,46.9
58,40.35,92.28,45.02
63,40.75,91.81,45.65
47,43.05,93.81,45.02
58,42.63,93.41,45.02
76,42.18,93.01,45.02
96,41.7,92.61,45.02
42,42.83,92.9,45.65
40,43.05,93.41,45.65
50,42.55,92.53,45.65
67,42.11,92.13,45.65
31,42.8,92.06,46.27
34,43.05,92.86,46.27
33,42.5,91.65,46.27
24,42.77,91.19,46.9
32,43.05,92.06,46.9
53,43.25,93.41,45.02
52,43.25,92.86,45.65
57,43.25,92.06,46.28
67,43.25,91.18,46.9
60,43.05,94.3,43.77
119,42.26,93.89,43.77
89,42.85,93.83,43.77
165,41.78,93.49,43.77
57,43.05,93.81,44.4
83,42.63,93.41,44.4
118,42.18,93.01,44.4
57,43.25,93.82,43.77
57,43.25,93.41,44.4
12,38.07,91.6,44.08
48,39.02,92.4,44.08
313,39.79,91,43.15
204,39.39,91.48,43.15
288,39.87,91.88,43.15
92,39.98,93.2,44.08
202,41.3,93.09,43.77
93,43.05,93.82,43.15
229,42.63,93.41,43.15
366,42.18,93.01,43.15
73,43.25,93.42,43.16
178,38.88,90.64,42.81
275,39.13,89.5,41.56
486,40.19,90.52,42.52
501,39.94,89.75,42.08
580,40.48,88.72,41.33
432,40.19,90.52,43.15
390,40.27,91.4,43.15
365,40.35,92.28,43.15
431,40.82,92.69,43.15
492,41.7,92.61,43.15
516,42.86,92.9,42.51
172,43.05,93.42,42.53
501,43.15,92.65,42.16
676,43.11,93.03,41.88
759,42.58,92.53,42.51
107,43.26,92.92,42.58
825,41.23,92.21,42.52
935,42.11,92.13,42.52
795,43.18,92.19,42.11
945,43.4,91.64,41.76
1139,43.17,91.54,41.33
1158,43.13,91.26,40.65
516,43.28,91.78,42.27
979,43.29,91.45,41.77
1160,43.27,91.12,41.21
1050,42.93,92,41.88
1000,41.62,91.73,41.88
1079,42.52,91.65,41.9
1219,43.14,90.69,40.65
1216,43.27,90.75,41.12
1245,43.27,90.45,40.56
106,43.82,87.75,50.5
87,43.7,87.13,50.65
89,43.69,86.78,50.79
86,43.71,86.47,51.03
86,44.06,86.64,51.11
97,42.76,89.42,51.27
169,43.13,89.77,51.25
93,43.4,88.96,51.06
42,43.16,88.91,51.82
107,43.46,89.35,51.52
63,43.57,88.44,51.35
84,43.67,87.9,52.59
23,43.12,89.39,52.56
19,42.94,88.89,52.48
24,43.08,88.89,53.14
31,43.27,88.93,52.2
16,42.66,88.53,52.51
40,43.45,88.45,52.2
25,43.07,88.51,53.27
16,43.05,87.96,53.76
88,43.51,87.13,50.54
110,43.62,87.52,50.48
85,43.51,87.19,50.75
119,43.55,87.68,50.47
67,43.52,86.71,51.39
88,43.51,87.02,50.73
91,43.52,86.67,51.02
58,43.48,87.96,51.3
176,43.28,89.44,51.07
134,43.28,89.21,51.12
85,43.36,88.85,51.25
74,43.36,88.97,51.41
53,43.44,88.44,51.4
69,43.42,88.49,51.25
77,43.51,87.36,52.33
57,43.52,86.86,51.9
64,43.49,87.9,52.32
75,43.51,87.51,52.33
34,43.27,88.86,52.61
48,43.33,87.94,52.32
33,43.26,87.98,53.18
21,43.25,87.15,53.76
2,43.69,85.35,58.15
2,43.92,85.27,58.15
2,43.52,85.52,57.52
3,43.59,85.88,58.15
69,42.77,91.19,48.77
50,43.05,92.06,48.77
63,43.25,91.17,48.77
2,43.06,86.29,55.64
2,43.25,85.63,55.65
9,43.08,87.15,54.37
3,43.06,86.29,55.02
3,43.25,85.62,55.02
10,43.25,86.31,54.38
4,42.59,87.65,54.4
6,42.85,87.18,54.41
10,42.81,87.18,53.77
8,42.56,87.65,53.77
19,42.87,88.04,53.12
2,41.72,87.73,53.77
7,42.2,88.13,53.15
4,41.8,88.61,53.15
9,42.2,88.13,52.52
4,41.8,88.61,52.52
16,42.29,89.01,51.9
2,41.4,89.09,53.15
2,41.4,89.09,52.52
20,41.9,89.48,51.9
38,41.47,89.97,51.9
50,41.89,89.48,51.28
136,42.35,89.89,50.65
68,41.47,89.97,51.27
101,41.95,90.37,50.65
116,41.95,90.37,50.02
121,42.45,90.77,49.4
50,41.07,90.45,51.9
2,40.19,90.52,52.52
47,40.67,90.93,51.9
63,41.07,90.45,51.27
50,41.55,90.85,50.65
43,40.67,90.93,51.27
26,41.15,91.33,50.65
10,38.07,91.6,51.58
73,41.55,90.85,50.02
115,42.03,91.25,49.4
89,42.03,91.25,48.77
98,41.63,91.73,48.77
75,41.23,92.21,49.4
93,41.23,92.21,48.77
58,40.82,92.69,49.4
49,39.98,93.2,49.08
81,40.82,92.69,48.77
33,39.83,91.44,51.58
38,39.02,92.4,50.33
20,40.75,91.81,50.65
31,40.75,91.81,50.02
36,40.35,92.28,50.02
27,40.35,92.28,50.65
40,41.15,91.33,50.02
99,41.63,91.73,49.4
64,42.45,90.77,48.77
91,43.05,91.17,49.39
92,42.74,90.28,49.4
78,43.25,90.35,49.39
138,43.05,90.35,50.01
189,43.07,89.82,50.64
76,43.59,88.72,50.6
118,42.35,89.89,50.02
112,42.88,89.84,50.02
26,42.7,88.61,51.9
69,43.24,88.72,51.04
33,42.28,89,51.27
82,42.97,89.04,51.11
128,42.72,89.41,50.65
95,43.62,88.23,50.58
81,43.59,88.45,50.59
75,43.57,88.46,50.62
153,43.26,89.49,50.55
96,43.25,89.85,49.99
107,43.27,89.19,50.66
71,43.34,88.85,50.54
78,43.45,88.73,50.54
115,43.63,87.99,50.48
104,43.49,88.24,50.5
100,43.44,88.24,50.52
18,53.33,83.15,55.33
28,52.58,82.26,55.02
26,52.58,82.26,55.65
28,52.58,83.67,53.77
36,52.58,83.1,54.39
34,52.93,84.18,56.58
30,52.58,83.09,56.59
49,52.58,87.21,60.14
57,52.58,88.03,60.14
34,52.58,84.22,57.85
42,52.58,85.91,59.12
31,52.38,84.06,53.76
40,52.38,84.06,54.39
39,52.38,83.64,54.39
39,52.38,83.05,55.33
47,52.38,84.21,56.6
56,52.38,85.88,57.87
62,52.38,87.63,59.2
80,43.39,88.94,50.81
91,43.51,89.04,50.69
154,43.62,89.37,50.78
290,43.51,89.79,50.6
284,43.69,90.22,50.78
180,43.7,90.85,50.8
57,43.7,91.23,50.78
33,43.53,91.54,50.58
19,43.71,92,50.78
19,43.92,94.2,50.89
19,43.72,93.73,50.78
20,43.72,92.81,50.79
21,43.9,93.31,50.89
18,44.13,94.62,50.89
17,44.58,95.02,50.89
16,45.06,95.42,50.89
17,45.53,95.82,50.89
25,46.01,96.23,50.89
38,46.49,96.63,50.89
33,47.85,96.95,50.86
38,46.97,97.03,50.89
87,43.8,87.15,50.78
87,43.9,86.88,50.89
67,43.58,88.67,50.83
72,43.73,88.43,50.86
81,43.59,88.89,50.59
75,43.7,88.68,50.69
78,43.81,88.43,50.78
110,44.27,86.53,50.89
95,44.07,86.64,50.89
48,43.53,88.44,51.86
42,43.59,88.87,52.21
100,43.61,89.31,51.85
127,43.71,90.23,51.89
49,43.79,91.1,51.88
27,43.94,91.94,51.89
28,44.04,92.87,51.9
27,44.08,93.74,51.9
25,44.5,94.14,51.9
194,43.77,89.32,51.24
231,43.86,90.21,51.29
60,43.85,91.11,51.28
24,43.94,91.95,51.27
23,44.04,92.87,51.27
22,44.08,93.74,51.27
21,44.5,94.14,51.27
93,44.3,86.84,51.11
109,44.51,86.62,51.11
24,44.98,94.54,51.9
20,44.98,94.54,51.27
25,45.46,94.94,51.9
21,45.46,94.94,51.27
36,46.42,95.75,51.27
27,45.94,95.34,51.27
29,45.94,95.34,51.9
34,46.42,95.75,51.9
34,52.42,94.79,50.69
32,52.52,95.18,50.86
38,52.43,94.4,50.85
40,52.14,94.19,50.5
34,52.19,94.81,50.67
31,51.72,95.32,50.86
30,51.07,95.69,50.86
58,52.08,94.25,51.89
59,52.03,94.37,52.25
49,52.11,94.81,51.88
51,52.06,94.25,51.27
38,52.1,94.81,51.27
34,51.69,95.28,51.27
45,51.69,95.28,51.89
45,47.34,96.11,51.57
36,49.11,95.95,51.51
27,50.86,95.8,51.55
19,52.92,83.22,53.15
21,53.22,82.73,53.15
11,52.92,83.22,52.52
16,53.22,82.73,52.52
13,54.14,82.65,53.15
9,54.54,82.17,53.15
10,54.14,82.65,52.52
7,54.54,82.17,52.52
2,55.87,82.09,52.83
4,52.58,83.67,52.5
16,52.58,83.67,53.13
3,52.58,84.57,50.78
2,52.38,84.06,52.47
16,52.38,84.06,53.12
2,52.38,84.55,51.81
3,52.38,84.92,50.56
2,52.38,84.55,51.07
25,53.41,94.66,51.59
29,53.72,93.85,50.88
39,55.17,94.5,51.61
34,54.4,93.65,50.71
57,56.82,93.17,50.71
50,56.8,93.02,51.31
33,54.16,93.02,51.26
22,56.81,92.76,51.97
31,54.96,92.73,51.83
20,56.67,92.64,51.83
37,56.85,92.71,53.5
14,57.9,85.42,52.83
28,58.01,87.19,52.83
22,58.51,92.11,52.79
19,58.69,91.08,52.83
23,58.17,88.95,52.83
19,58.25,90.6,52.83
2,56.81,82.86,51.53
4,55.66,84.73,50.71
4,56.03,83.92,50.88
4,55.17,84.33,50.71
3,54.76,84.81,50.71
3,54.31,85.28,50.51
3,55.25,85.21,50.71
3,54.81,85.69,50.51
3,53.88,85.76,50.51
3,54.4,86.17,50.51
11,53.74,83.13,51.9
6,55.07,83.01,51.57
9,53.74,83.13,51.27
6,54.22,83.53,50.89
5,54.7,83.93,50.89
5,52.77,83.67,51.9
11,53.34,83.61,51.9
3,52.58,84.08,51.86
8,53.34,83.61,51.27
3,52.58,84.07,51.19
4,52.77,83.67,51.27
5,52.97,84.08,50.89
5,53.82,84.01,50.89
4,53.35,84.48,50.71
4,54.3,84.41,50.89
3,53.85,84.88,50.71
4,52.79,84.56,50.89
2,56.98,84.62,51.58
3,56.13,85.14,50.89
3,56.61,85.54,50.89
3,55.73,85.62,50.89
3,55.33,86.09,50.71
3,56.21,86.02,50.89
4,55.81,86.49,50.71
5,57.13,86.38,51.58
4,56.29,86.9,50.89
6,56.77,87.3,50.89
5,55.89,87.38,50.89
6,56.37,87.78,50.89
4,55.89,87.38,50.71
6,56.38,87.78,50.71
6,55.52,88.3,50.51
24,55.83,92.59,51.08
19,56.87,92.43,51.32
9,56.61,88.94,50.87
10,57.28,88.14,51.58
14,57.44,89.91,51.52
16,57.56,91.61,51.52
17,56.77,92.2,50.71
8,56.49,89.1,50.71
13,56.64,90.9,50.71
8,55.67,90.1,50.51
14,55.81,91.96,50.51
3,54.92,86.57,50.71
3,55.41,86.97,50.71
3,52.93,84.96,50.71
3,53.43,85.36,50.71
4,54.52,87.49,50.51
3,52.52,85.46,50.51
3,52.88,85.84,50.51
50,53.4,89.37,60.04
52,52.76,88.55,60.04
50,52.96,88.96,60.04
57,52.79,89.44,60.04
56,53.02,89.85,60.04
44,53.32,88.49,60.04
40,53.72,88.01,60.04
48,53.8,88.89,60.04
45,54.2,88.41,60.04
27,55.37,86.53,57.83
86,55.52,88.3,57.83
70,54.72,89.25,59.08
126,55.68,90.06,57.83
69,53.92,90.21,59.08
76,55.85,92.59,54.21
45,56.87,92.42,54.06
110,55.83,92.38,55.35
74,56.77,92.09,55.33
123,54.87,91.01,57.83
125,55.83,91.73,56.58
14,53.74,83.13,54.4
5,55.06,83.01,54.08
16,53.74,83.13,53.77
21,53.33,83.61,53.77
26,52.77,83.67,53.77
19,53.33,83.61,54.39
28,52.77,83.67,54.4
37,57.13,86.38,54.08
63,57.28,88.14,54.08
41,57.44,89.9,54.08
34,57.56,91.62,54.04
7,54.26,83.97,55.33
3,56.17,85.58,55.33
60,56.33,87.34,55.33
91,56.48,89.1,55.33
77,56.63,90.86,55.33
3,55.21,84.77,56.58
27,53.5,84.93,56.58
15,55.37,86.53,56.58
82,55.52,88.3,56.58
115,55.68,90.06,56.58
33,53.65,87.13,60.04
20,54.41,85.73,59.08
28,53.57,86.25,60.04
29,54.05,86.65,60.04
19,54.41,85.73,57.83
33,52.98,85.88,59.08
33,53.16,86.73,60.04
40,52.98,85.86,57.83
40,54.57,87.49,59.08
40,52.87,87.2,60.04
38,53.21,87.61,60.04
45,52.91,88.1,60.04
61,52.58,89.25,59.14
66,52.38,89.3,57.87
30,44.33,92.38,52.52
31,44.42,93.26,52.52
34,44.33,92.38,53.21
36,44.42,93.26,53.21
30,44.9,93.66,52.52
34,44.9,93.66,53.21
34,44.7,91.9,53.7
37,44.78,92.78,53.7
35,45.28,93.18,53.7
33,45.07,91.42,53.9
37,45.16,92.3,53.9
35,45.67,92.7,53.9
30,55.95,92.89,51.96
46,55.99,93.68,51.54
38,54.99,93.02,51.32
39,55.03,93.23,50.71
40,52.9,92.67,52.47
38,53.03,92.88,52.5
13,52.96,93.85,52.51
22,52.88,93.22,52.52
22,53.32,93.4,51.91
25,53.35,93.4,51.26
27,53.66,93,51.74
13,53.43,94.63,52.88
22,54.23,93.73,54.06
34,55.23,94.5,52.82
59,54.09,92.97,53.44
20,52.89,93.22,53.14
32,53.31,93.37,53.15
16,53.32,93.33,54.08
60,52.9,92.67,53.19
62,53.14,92.67,53.49
52,53.03,92.88,53.1
54,53.09,92.88,53.36
25,53.27,93.06,52.14
28,54.02,92.66,51.84
27,53.65,92.79,51.97
51,55.96,92.89,53.37
59,54.15,92.93,53.36
56,53.67,92.97,53.46
51,53.2,92.95,53.36
82,54.97,92.72,53.5
67,53.57,92.74,53.49
41,52.79,92.6,52.46
62,52.78,92.6,53.21
68,53.05,92.6,53.52
25,53.03,92.62,52.06
23,53.23,92.63,51.97
24,53.16,92.92,52.13
24,53.93,92.59,51.1
27,55,92.42,51.31
19,52.54,92.58,51.26
22,53.19,92.45,51.72
28,52.92,92.45,52.01
17,53.14,92.41,51.1
27,54.97,92.25,50.71
15,53.12,92.31,50.7
12,52.6,92.29,50.51
20,53.95,92.07,50.51
88,53.91,92.59,54.22
99,55.01,92.42,54.08
90,52.62,92.58,54.2
81,53.19,92.43,53.89
88,52.38,92.2,54.1
109,54.99,92.14,55.33
102,53.88,92.38,55.35
100,52.85,92.38,55.34
94,52.58,92.09,55.34
72,52.38,91.3,55.37
97,52.86,92.09,56.58
96,54.09,91.84,56.58
69,52.38,90.39,56.6
71,52.58,91.26,56.59
64,52.81,90.34,59.09
67,52.58,90.37,57.85
70,53.21,91.24,57.83
30,45.38,94.06,52.52
33,45.38,94.06,53.21
32,45.86,94.46,52.52
32,45.86,94.46,53.21
36,46.34,94.87,52.52
33,46.34,94.87,53.21
34,46.82,95.27,53.21
39,46.82,95.27,52.52
58,48.14,95.15,52.89
73,49.9,95,52.89
65,51.47,94.84,52.87
32,45.77,93.58,53.7
28,46.25,93.99,53.7
34,47.18,94.35,53.7
67,51.83,93.94,53.71
60,48.94,94.19,53.7
65,50.74,94.04,53.7
32,46.16,93.1,53.9
29,46.65,93.51,53.9
41,47.98,93.39,53.9
61,49.77,93.24,53.9
73,51.57,93.08,53.9
32,44.26,91.5,52.52
61,44.19,90.62,52.51
31,44.27,91.5,53.2
36,44.22,90.62,53.2
169,44.13,89.69,52.46
148,44.02,88.85,52.52
85,44.15,89.73,53.21
122,44.08,88.85,53.2
31,44.61,91.02,53.7
37,44.53,90.14,53.7
68,44.46,89.25,53.7
29,44.98,90.54,53.9
36,44.91,89.65,53.9
54,44.83,88.76,53.9
96,43.97,86.35,51.04
93,43.8,86.35,51.03
105,44.19,86.36,51.04
75,44.31,86.83,51.43
69,44.07,86.66,51.44
82,44.51,86.62,51.43
74,44.27,86.53,51.43
66,43.9,86.54,51.43
66,43.72,86.48,51.38
76,43.66,87.51,52.46
89,44,87.99,52.49
78,43.72,87.03,53.29
107,44.04,87.98,53.2
80,43.94,87.96,53.71
86,44.37,88.37,53.7
125,44.18,86.35,50.78
127,44.45,86.36,51.04
100,43.83,86.16,51.31
98,43.63,86.16,51.29
130,44.4,86.16,51.34
108,44.11,86.16,51.33
66,43.52,86.91,52.62
55,43.53,86.34,51.86
49,43.74,86.91,53.9
50,43.58,86.23,53.9
56,43.53,86.31,53.37
53,44.14,87.41,53.9
63,44.74,87.85,53.9
187,44.33,86.16,50.61
187,44.61,86.16,51.11
197,43.79,89.33,50.64
330,43.84,90.24,50.69
101,43.88,91.07,50.7
19,43.9,91.99,50.7
20,43.94,92.87,50.7
19,43.99,93.74,50.71
19,44.45,94.14,50.71
17,44.96,94.54,50.71
17,45.45,94.94,50.71
24,45.93,95.34,50.71
39,46.41,95.75,50.71
45,47.33,96.11,50.71
90,43.85,87.3,50.66
96,44.04,87.05,50.7
94,43.94,88.2,50.67
95,44.15,87.95,50.7
96,43.97,88.69,50.66
110,44.25,86.79,50.7
147,44.45,86.52,50.7
67,51.91,93.92,53.3
59,52.1,94.12,51.92
66,51.93,93.88,52.59
54,52.1,94.11,51.25
46,52.1,94.19,50.63
35,51.93,94.81,50.67
50,52.1,94.11,50.77
32,51.71,95.21,50.67
31,50.95,95.83,50.7
32,49.13,95.94,50.71
152,44.06,89,50.51
357,44.01,89.74,50.5
290,44.06,90.62,50.51
27,44.07,91.5,50.51
18,44.16,92.38,50.51
18,44.28,93.26,50.51
18,44.85,93.66,50.51
17,45.35,94.06,50.51
19,45.85,94.46,50.51
34,46.33,94.87,50.51
46,46.81,95.27,50.51
54,47.85,95.18,50.51
112,44.28,87.47,50.51
117,44.39,88.37,50.51
254,44.57,86.21,50.51
196,44.7,86.9,50.51
23,52.38,92.2,51.24
66,52.1,93.1,53.15
63,52.11,93.76,52
59,52.12,93.72,51.11
56,52.12,93.8,50.6
37,51.73,94.41,50.5
38,50.25,94.95,50.51
34,51.27,94.89,50.51
46,48.43,95.13,50.51
38,49.65,95,50.51
335,58.35,88.76,43.19
34,57.23,87.68,42.52
2,57.22,87.67,43.13
46,57.22,87.68,41.9
53,57,87.96,41.28
53,56.81,88.22,40.77
71,56.68,88.55,40.51
264,57.4,89.46,41.27
153,57.11,88.66,41.11
184,57.34,88.8,41.11
120,56.97,88.54,41.11
280,57.03,90.28,41.2
240,56.64,90.48,41.09
274,57,89.9,41.27
76,55.69,88.06,40.51
68,55.37,88.14,40.71
70,55.43,88.27,40.67
153,56.91,89.04,40.81
251,57,89.89,40.87
76,55.66,88.08,40.76
234,56.62,90.28,40.75
172,56.07,90.48,40.58
239,56.58,90.1,40.87
134,57.21,88.51,41.11
225,57.56,88.58,41.38
255,57.87,88.63,41.41
270,58.14,88.62,41.37
301,58.21,88.7,41.87
327,58.2,88.86,42.61
302,58.09,88.81,41.92
192,57.1,88.66,41.42
298,57.78,89.02,41.88
229,57.35,88.8,41.43
129,56.97,88.54,41.43
98,57.07,88.45,41.44
57,57.07,88.27,41.27
29,57.2,88.14,41.92
17,56.98,88.1,42.62
71,56.65,87.27,41.92
35,56.61,87.91,42.53
59,56.51,88.41,40.72
62,56.57,87.99,41.28
31,55.72,87.38,41.9
11,55.91,86.46,41.88
55,55.95,87.33,41.25
91,56.03,88.13,40.74
7,54.67,88,43.16
2,55.48,87.98,43.78
4,55.94,87.93,43.21
11,55.94,87.38,42.54
5,55.47,87.74,43.13
21,54.63,88.02,42.53
17,55.47,87.8,42.5
41,55.47,87.81,41.9
39,55.03,88.09,41.8
66,55.67,88.07,41.28
64,55.37,88.14,41.27
155,57.28,88.42,41.43
194,57.5,88.44,41.49
273,57.95,88.46,41.86
292,58.28,88.45,41.82
316,58.37,88.52,42.41
90,57.15,88.38,41.97
57,56.29,88.42,40.68
30,56.66,88.22,42.55
47,57.15,88.29,41.96
75,56.43,88.34,41.25
113,56.44,88,41.97
19,56.12,87.33,41.9
60,56.14,88.08,41.25
5,55.58,88.19,43.2
13,56.14,88.07,42.57
11,55.33,88.21,42.6
28,55.21,88.22,42
68,55.43,88.27,41.27
319,58.02,88.46,43.15
89,56.41,88.76,40.52
193,56.52,89.57,40.63
80,55.87,88.22,40.51
207,56.14,90.03,40.65
126,56.04,89.14,40.44
80,55.73,88.56,40.42
158,55.64,89.77,40.45
18,42.77,91.19,47.52
29,43.05,92.06,47.52
64,43.25,91.18,47.52
22,43.05,83.18,40.39
18,43.05,83.16,40.69
5,43.25,83.16,41.2
22,42.58,83.67,40.71
15,43.05,83.65,40.69
4,43.25,83.65,41.2
19,43.08,84.07,40.38
27,42.77,91.19,48.15
32,43.05,92.06,48.15
61,43.25,91.18,48.15
4,37.26,92.55,51.58
9,37.26,92.55,50.33
19,38.22,93.36,49.08
2,36.46,93.51,50.33
6,37.42,94.32,49.08
2,37.42,94.32,47.83
23,42.45,90.77,48.15
38,42.03,91.25,48.15
10,42.03,91.25,47.52
58,41.63,91.73,48.15
6,38.22,93.36,47.83
63,41.23,92.21,48.15
21,41.23,92.21,47.52
24,40.82,92.69,47.52
25,39.98,93.2,47.83
58,40.82,92.69,48.15
15,41.63,91.73,47.52
12,42.45,90.77,47.52
35,41.13,85.58,40.48
91,41.32,85.56,41.08
65,40.83,86.04,40.5
721,40.42,87.41,41.38
679,40.81,86.93,41.25
155,39.95,87.01,40.56
117,40.4,86.52,40.53
4,36.93,89.04,41.58
9,37.73,88.08,40.58
18,41.55,90.85,46.9
14,41.15,91.33,46.9
37,41.15,91.33,46.27
12,40.75,91.81,46.9
22,40.75,91.81,46.27
13,40.35,92.28,46.27
9,40.35,92.28,46.9
2,39.02,92.4,46.58
166,39.25,87.95,40.57
542,39.83,87.9,41.49
117,40.67,90.93,45.65
2,38.07,91.6,45.33
51,39.83,91.44,45.33
40,37.91,89.84,42.82
217,38.72,88.88,41.56
58,41.8,82.85,40.93
40,42.17,83.26,40.8
28,42.44,83.23,40.91
38,41.88,83.73,40.91
54,41.54,83.32,41.04
61,41.36,83.34,40.46
43,41.37,84.16,40.47
33,41.56,84.22,41.03
36,41.11,84.67,40.49
27,41.33,84.75,41.12
8,37.58,86.33,40.59
87,41.29,82.46,40.46
82,41.47,82.44,41.05
11,37.41,84.58,40.58
16,37.24,82.83,40.58
15,37.09,81.07,40.58
1252,43.27,90.25,40.32
1253,43.29,90.33,40.44
1150,42.83,91.18,41.25
973,41.36,91.31,41.49
1086,42.06,91.26,41.32
996,41.55,90.85,40.99
1140,42.27,90.78,40.76
1037,42.01,90.37,40.39
1182,42.63,90.75,40.82
1215,43,90.69,40.73
1180,42.62,90.38,40.67
1188,42.83,90.38,40.38
742,41.29,90.43,41.51
646,41.47,89.97,41.01
599,41.97,89.49,40.39
477,41.22,89.55,41.54
424,41.42,89.09,41.05
223,41.94,88.61,40.4
803,41.09,87.78,41.58
567,41.38,88.21,41.06
642,41.33,87.33,41.07
452,41.38,86.44,41.05
249,41.96,87.73,40.4
198,41.88,86.85,40.4
227,41.65,85.97,40.96
109,42.2,86.39,40.38
88,42.76,86.32,40.62
242,42.31,86.36,40.74
83,42.5,86.37,40.36
33,43.02,86.31,40.36
15,43.25,86.26,40.52
692,40.75,91.81,42.52
865,41.16,91.33,41.89
613,40.67,90.93,42.52
568,40.59,90.04,42.52
677,41.08,90.45,41.9
536,41.01,89.57,41.92
504,41.07,86.46,41.16
875,40.88,87.8,41.95
19,42.51,85.03,40.36
15,42.54,85,40.69
20,41.97,84.61,40.86
50,41.58,85.1,41.44
51,42.05,85.5,40.82
24,42.24,84.14,40.77
16,42.51,84.11,40.87
14,42.63,84.55,40.67
162,42.58,85.93,40.85
18,42.69,85.44,40.65
13,43.05,84.06,40.69
6,43.25,84.05,41.21
11,43.05,84.63,40.69
15,43.25,84.61,41.2
30,43.05,85.43,40.68
73,43.25,85.4,41.17
340,57.87,89.82,41.88
369,58.21,89.83,42.44
357,58.06,90.12,41.88
342,58.02,89.37,42.44
333,57.53,90.08,41.9
371,58.09,90.31,41.86
343,57.63,90.29,41.87
380,58.18,90.07,42.59
354,58.16,89.37,43.18
408,58.21,90.49,42.51
378,57.68,90.48,42.47
385,58.35,90.06,43.18
358,58.35,89.35,43.81
310,57.02,90.28,41.87
352,57.06,90.48,42.49
290,56.62,90.48,41.84
138,40.82,92.69,44.4
162,41.7,92.61,44.4
108,41.23,92.21,45.02
89,41.63,91.73,45.65
40,42.03,91.25,46.27
23,42.45,90.77,46.9
51,41.55,90.85,46.27
125,40.35,92.28,44.4
107,40.75,91.81,45.02
109,41.15,91.33,45.65
187,40.67,90.93,45.02
176,41.07,90.45,45.65
52,43.05,93.41,45.02
63,42.83,92.9,45.02
83,42.55,92.53,45.02
121,42.11,92.13,45.02
53,42.8,92.06,45.65
45,43.05,92.86,45.65
69,42.5,91.65,45.65
43,42.77,91.18,46.27
42,43.05,92.05,46.27
43,43.05,91.18,46.9
58,43.25,92.87,45.03
63,43.25,92.07,45.66
71,43.25,91.19,46.29
86,43.25,90.36,46.92
69,43.05,93.81,43.77
127,42.63,93.41,43.77
186,42.18,93.01,43.77
64,43.05,93.41,44.4
92,42.83,92.9,44.39
124,42.55,92.53,44.4
62,43.25,93.41,43.77
63,43.25,92.87,44.4
70,38.87,90.64,44.08
254,40.19,90.52,44.4
329,40.19,90.52,43.77
151,39.83,91.44,44.08
198,40.35,92.28,43.77
214,40.82,92.69,43.77
249,41.7,92.61,43.77
279,42.83,92.9,43.14
115,43.05,93.41,43.15
440,42.56,92.53,43.14
94,43.25,92.88,43.17
403,39.67,89.68,42.81
693,40.63,88.74,41.97
542,40.59,90.04,43.15
467,40.75,91.81,43.15
491,40.67,90.93,43.15
527,41.23,92.21,43.15
615,42.11,92.13,43.15
835,42.85,92.06,42.51
262,43.08,92.89,42.55
246,43.26,92.02,42.65
923,41.63,91.73,42.52
1029,42.52,91.65,42.52
835,43.16,91.81,42.18
1058,43.19,91.51,41.77
1169,43.13,91.13,41.25
948,43.26,91.15,42.2
1093,43.27,91.01,41.81
1025,42.03,91.25,41.9
1096,42.85,91.19,41.89
1200,43.11,90.7,41.16
1230,43.15,90.37,40.66
1226,43.27,90.53,41.24
1248,43.3,90.36,40.64
83,43.69,88.23,50.68
67,43.54,88.23,50.82
98,43.9,87.76,50.66
86,43.67,87.16,50.68
101,43.71,87.52,50.61
83,43.65,87.3,50.86
112,43.65,87.68,50.59
62,43.7,86.78,51.42
83,43.65,87.1,50.85
76,43.67,86.74,51.08
67,43.72,88.43,51.27
77,43.88,86.88,51.11
81,43.76,87.15,50.94
83,44.1,87.08,51.11
82,43.86,87.35,50.95
69,44.11,87.08,51.43
57,44.03,87.08,51.93
65,43.91,86.89,51.43
61,43.5,88.44,51.02
63,43.49,87.27,51.42
55,43.57,87.97,51.28
152,43.15,89.41,51.13
56,43.02,88.88,51.33
110,43.18,89.17,51.13
78,43.33,88.77,51.16
63,43.34,88.93,51.48
50,43.49,88.39,51.48
63,43.45,88.4,51.15
67,44.01,88,51.93
73,43.79,87.56,52.32
72,43.64,87.46,52.23
58,43.71,86.95,51.9
61,43.59,87.96,52.2
70,43.64,87.61,52.21
23,42.92,88.06,52.48
27,43.13,88.86,52.54
44,43.26,88.01,52.2
28,43.08,87.99,53.16
17,43.05,87.16,53.77
87,43.51,87.23,50.62
115,43.49,87.43,50.49
84,43.5,87.29,50.83
120,43.49,87.58,50.5
66,43.51,87.04,51.39
80,43.5,87.02,51.07
55,43.47,87.95,51.25
67,43.49,87.57,51.34
56,43.37,87.94,51.4
79,43.29,88.94,51.33
50,43.36,88.12,51.26
61,43.5,87.31,51.94
67,43.42,87.61,52.32
44,43.27,87.97,52.61
35,43.25,87.14,53.18
19,43.25,86.32,53.77
2,43.69,85.35,57.52
2,43.78,85.68,58.15
2,43.92,85.27,57.52
2,44.2,85.47,58.15
2,43.52,85.52,56.9
3,43.59,85.88,57.52
3,43.96,85.88,58.15
52,43.05,91.17,48.77
36,42.74,90.28,48.77
73,43.25,90.35,48.77
2,43.27,85.22,55.02
2,42.8,86.3,55.02
2,43.07,85.55,55.02
7,43.06,86.29,54.39
7,43.25,85.62,54.39
2,42.12,87.25,54.4
3,42.53,86.77,54.4
5,42.51,86.77,53.77
16,42.82,87.18,53.14
3,42.12,87.25,53.77
12,42.58,87.65,53.14
16,42.61,87.65,52.51
37,43.14,88.05,51.9
2,41.72,87.73,53.15
3,41.72,87.73,52.52
8,42.13,88.14,51.95
4,41.8,88.61,51.9
7,41.8,88.61,51.27
4,41.4,89.09,51.9
9,40.99,89.57,51.9
13,41.4,89.09,51.27
68,41.88,89.49,50.65
28,40.99,89.57,51.27
88,41.47,89.97,50.65
86,41.47,89.97,50.02
97,41.95,90.37,49.4
25,40.59,90.04,51.9
36,40.19,90.52,51.9
46,40.59,90.04,51.27
73,41.07,90.45,50.65
49,40.19,90.52,51.27
40,40.67,90.93,50.65
12,38.87,90.64,51.58
18,38.07,91.6,50.33
86,41.07,90.45,50.02
96,41.55,90.85,49.4
74,41.55,90.85,48.77
85,41.15,91.33,48.77
37,39.02,92.4,49.08
66,40.75,91.81,49.4
79,40.75,91.81,48.77
60,40.35,92.28,49.4
69,40.35,92.28,48.77
50,39.83,91.44,50.33
61,40.67,90.93,50.02
81,41.15,91.33,49.4
48,41.95,90.37,48.77
78,43.05,90.35,49.39
62,42.35,89.89,49.4
52,42.88,89.84,49.4
80,43.25,89.84,49.39
150,43.09,89.46,50.58
102,43.05,89.84,50.01
90,43.15,89.12,50.69
65,43.3,88.78,50.63
68,43.51,88.68,50.63
53,41.88,89.49,50.02
71,42.7,89.41,50.02
44,42.28,89.01,50.65
30,42.61,88.49,51.37
62,43.23,88.74,50.83
73,42.95,89,50.77
52,42.95,88.85,50.52
49,43.34,88.47,50.82
105,43.72,87.99,50.61
93,43.59,88.24,50.59
83,43.49,88.24,50.62
86,43.25,89.47,49.96
73,43.27,88.89,50.36
80,43.37,88.53,50.52
118,43.49,87.9,50.5
116,43.48,87.97,50.52
111,43.36,88,50.52
27,52.58,84.08,53.77
32,52.58,84.08,54.39
32,52.93,84.15,55.34
32,52.58,83.67,54.39
34,52.58,83.09,55.33
40,52.58,84.23,56.59
46,52.58,85.88,57.85
52,52.58,87.62,59.12
44,52.38,84.55,54.4
32,52.38,84.62,53.74
48,52.38,84.18,55.35
59,52.38,85.89,56.6
60,52.38,87.66,57.87
86,43.59,88.96,50.74
181,43.8,89.3,50.84
238,43.65,89.78,50.73
298,43.91,90.2,50.88
94,43.95,91.07,50.89
24,43.71,91.54,50.75
21,43.99,91.99,50.89
21,44.04,92.87,50.89
20,44.08,93.74,50.89
19,44.5,94.14,50.89
18,44.98,94.54,50.89
18,45.46,94.94,50.89
25,45.94,95.34,50.89
38,46.42,95.75,50.89
45,47.23,96.12,50.88
87,43.91,87.35,50.83
92,44.1,87.08,50.89
82,43.89,88.66,50.88
83,43.96,88.2,50.86
87,44.18,87.96,50.89
92,44,88.68,50.79
105,44.3,86.84,50.89
127,44.51,86.62,50.89
95,43.97,88.83,51.86
128,44.02,88.84,51.28
208,44.11,89.7,51.85
121,44.17,90.62,51.89
35,44.27,91.5,51.89
26,44.33,92.38,51.9
27,44.42,93.26,51.9
26,44.9,93.66,51.9
288,44.11,89.73,51.27
194,44.19,90.62,51.29
39,44.26,91.5,51.26
23,44.33,92.38,51.27
23,44.42,93.26,51.27
22,44.9,93.66,51.27
88,44.43,87.47,51.27
105,44.4,88.39,51.3
78,44.41,87.49,51.91
102,44.4,88.4,51.91
118,44.71,86.52,51.27
116,44.76,87.02,51.27
26,45.38,94.06,51.9
22,45.38,94.06,51.27
30,45.86,94.46,51.9
27,45.86,94.46,51.27
50,46.82,95.27,51.27
38,46.34,94.87,51.27
38,46.34,94.87,51.9
46,46.82,95.27,51.9
47,52.06,94.25,50.83
42,52.06,94.29,50.64
35,52.1,94.8,50.86
38,50.36,94.94,50.86
37,51.22,94.88,50.89
49,51.63,94.4,51.27
58,51.64,94.4,51.89
42,51.22,94.88,51.27
52,51.22,94.88,51.9
90,48.14,95.15,51.53
50,49.9,94.99,51.53
18,52.77,83.67,53.15
6,52.77,83.67,52.52
18,53.34,83.61,53.15
16,53.74,83.13,53.15
14,53.34,83.61,52.52
14,53.74,83.13,52.52
5,55.06,83.01,52.83
4,52.58,84.08,52.5
17,52.58,84.08,53.14
3,52.58,84.57,51.86
3,52.58,84.94,50.75
3,52.58,84.56,51.19
2,52.38,84.55,52.48
15,52.38,84.62,53.15
2,52.38,84.96,51.37
2,56.98,84.62,52.83
31,54.22,93.72,51.55
26,56.72,92.88,52.1
47,56.78,93.25,51.59
33,55,92.74,51.97
27,55.89,92.63,51.82
21,56.59,92.55,51.96
57,55.91,92.63,53.51
38,56.74,92.7,53.36
19,57.13,86.38,52.83
31,57.28,88.14,52.83
23,57.44,89.9,52.83
22,57.57,91.59,52.79
2,56.02,83.81,51.57
3,55.66,84.73,50.89
3,55.18,84.33,50.89
3,54.77,84.81,50.89
3,54.35,85.29,50.71
3,55.25,85.21,50.89
3,54.84,85.69,50.71
3,52.88,85.46,50.86
3,53.94,85.77,50.71
3,53.43,86.25,50.51
3,54.43,86.17,50.71
3,53.97,86.65,50.51
3,53.49,85.37,50.89
7,52.97,84.08,51.9
6,54.26,83.97,51.58
5,52.97,84.08,51.27
4,53.42,84.49,50.89
3,53.89,84.89,50.89
4,52.79,84.56,51.9
4,52.79,84.56,51.27
3,53.05,84.95,50.89
2,56.17,85.58,51.58
3,55.33,86.09,50.89
3,55.81,86.5,50.89
3,54.93,86.57,50.89
4,55.41,86.97,50.89
8,55.66,88.14,50.87
7,56.33,87.34,51.58
7,55.52,88.3,50.71
6,54.68,89.27,50.51
23,55.85,92.42,51.25
19,56.8,92.12,51.56
13,56.47,89.11,51.55
16,56.63,90.86,51.54
9,55.68,90.07,50.71
9,54.83,91.14,50.51
15,55.82,91.82,50.71
4,54.55,87.49,50.71
3,52.7,85.47,50.71
2,53.02,85.85,50.71
3,52.94,86.73,50.51
3,53.51,87.13,50.51
4,53.52,88.17,50.51
3,52.56,86.31,50.51
2,52.38,85.48,50.98
47,54.57,87.49,57.83
48,53.73,88.45,59.07
55,53.11,89.41,59.09
88,54.72,89.25,57.83
76,53.92,90.21,57.83
79,55.86,92.41,54.15
47,56.79,92.1,53.91
110,54.87,91.01,56.58
99,55.83,91.73,55.33
23,52.96,84.09,53.76
11,54.25,83.97,54.08
25,52.96,84.09,54.4
30,52.79,84.56,54.4
26,52.79,84.6,53.75
5,56.17,85.58,54.08
51,56.33,87.34,54.08
67,56.48,89.1,54.08
53,56.64,90.85,54.08
2,55.21,84.77,55.33
25,53.5,84.91,55.33
11,55.37,86.53,55.33
75,55.52,88.3,55.33
91,55.68,90.06,55.33
16,54.41,85.73,56.58
44,52.98,85.87,56.58
39,54.57,87.49,56.58
83,54.72,89.25,56.58
34,53.6,86.69,58.46
44,53.03,87.65,59.09
62,52.58,89.28,57.85
67,52.38,89.28,56.6
32,44.75,91.9,52.52
30,44.82,92.78,52.52
32,44.75,91.9,53.21
34,44.82,92.78,53.21
30,45.3,93.18,52.52
33,45.3,93.18,53.21
33,45.12,91.42,53.7
35,45.2,92.3,53.7
33,45.69,92.7,53.7
34,45.58,91.82,53.9
32,45.5,90.94,53.9
32,46.08,92.22,53.9
37,55.03,93.29,51.55
45,55,93.33,53.11
39,55.95,93.55,52.75
42,53.03,92.62,52.5
37,53.16,92.92,52.52
27,53.72,93.17,51.9
29,53.32,93.35,52.51
33,54.21,93.71,52.89
41,54.22,93.21,52.61
47,53.72,93.17,53.33
39,53.31,93.18,52.97
59,53.03,92.62,53.1
62,53.25,92.62,53.36
49,53.16,92.92,53.06
33,54.07,92.58,51.97
31,53.7,92.84,52.13
78,54.05,92.66,53.49
77,55.06,92.72,53.37
59,53.65,92.78,53.35
53,52.53,92.59,52.79
45,52.93,92.46,52.5
60,52.37,92.25,52.72
63,52.93,92.45,53.14
68,53.17,92.45,53.41
70,52.24,91.9,52.66
68,52.26,91.72,53.49
28,53.31,92.52,52.14
25,54,92.42,51.27
27,55,92.19,51.59
23,52.72,92.4,51.41
30,53.06,92.27,52.13
18,53.21,92.21,51.24
25,53.23,92.24,51.87
24,52.39,91.34,51.16
14,52.77,92.12,50.71
22,54.02,91.92,50.71
8,52.98,91.32,50.51
90,55.03,92.21,53.96
88,53.96,92.42,54.14
88,52.78,92.39,54.16
80,53.21,92.23,53.73
88,52.56,92.06,54.04
97,52.37,91.32,54.22
95,52.86,92.09,55.33
96,54.09,91.84,55.33
70,52.38,90.37,55.38
73,52.58,91.25,55.35
66,52.81,90.33,57.83
68,52.58,90.36,56.59
83,53.21,91.24,56.58
32,45.78,93.58,52.52
31,45.78,93.58,53.21
39,46.26,93.99,52.52
32,46.26,93.99,53.21
69,52.11,91.88,53.77
67,51.76,93.94,52.49
69,51.72,93.94,53.19
57,47.18,94.35,52.89
105,48.94,94.19,52.89
86,50.7,94.04,52.89
32,46.18,93.1,53.7
32,46.66,93.51,53.7
61,47.98,93.39,53.7
73,49.75,93.24,53.7
71,51.44,93.08,53.7
37,47.02,92.59,53.9
66,51.94,92.16,53.9
62,48.79,92.43,53.9
78,50.63,92.28,53.9
57,44.67,91.02,52.52
145,44.59,90.14,52.52
37,44.67,91.02,53.21
65,44.59,90.14,53.21
202,44.5,89.26,52.52
130,44.43,88.38,52.53
125,44.52,89.26,53.21
124,44.44,88.38,53.21
39,45.04,90.54,53.7
61,44.96,89.66,53.7
89,44.89,88.77,53.7
38,45.42,90.06,53.9
54,45.35,89.17,53.9
71,45.27,88.26,53.9
73,43.97,86.36,51.38
71,43.8,86.36,51.38
86,44.46,86.36,51.39
76,44.2,86.36,51.39
62,43.98,87.1,52.51
52,44.26,86.68,51.9
65,43.7,87,52.57
53,43.72,86.48,51.88
76,44.35,87.5,52.53
69,44.76,87,51.9
71,44.71,86.51,51.74
80,44.01,87.08,53.21
66,43.9,87.01,53.71
60,43.72,86.47,53.27
55,43.9,86.54,53.21
47,43.78,86.42,53.71
96,44.34,87.5,53.21
79,44.26,87.46,53.7
91,44.8,87.88,53.7
154,44.44,86.35,50.78
134,44.67,86.36,51.21
52,43.53,86.34,52.57
51,44.05,86.16,51.86
87,44.63,86.16,51.75
36,44.05,86.44,53.9
51,43.62,86.16,53.4
52,44.63,86.81,53.9
69,45.17,87.32,53.9
231,44.57,86.16,50.6
247,45.14,86.16,51.1
139,44.09,88.99,50.68
308,44.09,89.74,50.69
252,44.16,90.62,50.71
30,44.19,91.5,50.71
20,44.26,92.38,50.71
20,44.37,93.26,50.71
19,44.88,93.66,50.71
18,45.37,94.06,50.71
21,45.85,94.46,50.71
35,46.34,94.87,50.71
48,46.82,95.27,50.71
62,47.84,95.18,50.71
107,44.34,87.49,50.7
113,44.42,88.38,50.71
208,44.66,86.39,50.7
163,44.74,86.97,50.71
26,52.56,92.06,51.38
66,51.92,93.1,53.01
61,51.96,93.84,51.91
56,51.97,93.83,51.18
51,51.98,93.93,50.73
40,51.67,94.47,50.67
38,50.23,94.95,50.71
35,51.24,94.88,50.71
55,48.43,95.13,50.71
42,49.64,95,50.71
258,44.47,89.26,50.51
414,44.54,90.14,50.51
197,44.59,91.02,50.51
20,44.67,91.9,50.51
19,44.76,92.78,50.51
18,45.27,93.18,50.51
18,45.77,93.58,50.51
23,46.26,93.99,50.51
94,47.18,94.35,50.51
154,44.81,87.88,50.51
178,44.9,88.78,50.51
286,45.07,86.41,50.51
246,45.22,87.37,50.51
85,52.26,91.71,51.84
66,52.11,92.23,52.96
64,52.11,93,51.35
44,51.8,93.95,50.49
61,48.95,94.19,50.51
45,50.78,94.03,50.51
340,58.35,88.77,43.78
337,58.16,88.89,43.16
68,57.02,87.97,41.91
53,56.87,87.94,42.47
77,56.7,88.57,40.75
75,56.81,88.2,41.28
306,57.4,89.46,41.9
213,56.92,89.06,41.27
336,57.99,88.46,43.77
304,57,89.9,41.9
257,56.61,90.28,41.2
214,56.07,90.48,41.1
232,56.52,89.54,41.27
255,56.58,90.1,41.27
72,55.5,88.22,40.71
72,55.43,88.36,40.68
96,56.39,88.75,40.76
205,56.52,89.52,40.85
79,55.83,88.26,40.75
209,56.05,90.28,40.76
154,55.25,90.48,40.58
217,56.12,89.95,40.87
178,57.21,88.52,41.43
226,57.43,88.58,41.49
285,57.85,88.64,41.88
297,58.14,88.63,41.86
318,58.2,88.68,42.4
255,57.25,88.76,41.9
323,57.78,89.01,42.51
183,56.98,88.51,41.93
151,57.08,88.43,41.93
70,56.29,88.51,40.73
51,56.72,88.11,42.48
71,57.08,88.26,41.93
93,56.53,88.43,41.26
105,56.57,88.01,41.92
26,55.96,87.33,41.9
67,56.02,88.14,41.26
69,55.82,88.23,41.27
16,55.86,87.96,42.45
5,55.5,88.02,43.17
14,56,87.97,42.51
14,55.35,88.08,42.56
64,55.68,88.07,41.9
35,55.27,88.12,41.97
66,55.51,88.22,41.28
219,57.45,88.44,41.94
278,57.07,88.39,42.35
304,58.04,88.45,42.5
85,56.29,88.43,41.25
230,56.79,88.3,42.35
200,56.43,88.36,41.94
8,55.96,88.21,42.62
87,55.52,88.25,42.35
57,56.14,88.11,41.94
104,55.43,88.27,41.96
74,55.43,88.36,41.26
330,57.9,88.64,43.15
329,57.33,88.45,43.15
133,56.04,89.16,40.58
82,55.73,88.57,40.5
174,55.64,89.7,40.64
160,55.23,90.21,40.46
115,55.14,89.17,40.45
86,55.44,88.73,40.43
37,43.05,91.18,47.52
23,42.74,90.28,47.52
83,43.25,90.35,47.53
21,42.84,83.18,40.79
7,43.05,83.16,41.24
18,42.72,83.66,40.83
5,43.05,83.65,41.24
2,43.25,83.63,41.87
13,42.87,84.07,40.79
37,43.05,91.17,48.15
21,42.74,90.28,48.15
78,43.25,90.35,48.15
5,37.26,92.55,49.08
13,41.95,90.37,48.15
28,41.55,90.85,48.15
6,41.55,90.85,47.52
45,41.15,91.33,48.15
11,39.02,92.4,47.83
47,40.75,91.81,48.15
17,40.75,91.81,47.52
19,40.35,92.28,47.52
43,40.35,92.28,48.15
10,41.15,91.33,47.52
6,41.95,90.37,47.52
39,40.22,84.76,40.55
30,40.76,85.16,40.51
94,41.01,85.58,41.21
172,41.31,85.55,41.51
26,40.32,85.64,40.53
227,40.73,86.04,41.28
925,40.8,86.93,41.96
879,40.42,87.41,42.04
391,39.9,87.01,41.48
354,40.32,86.52,41.38
25,39.72,86.14,40.56
3,36.96,89.03,42.82
8,37.75,88.08,41.58
13,38.56,87.12,40.58
23,41.95,90.37,46.9
25,41.07,90.45,46.9
60,41.07,90.45,46.27
17,40.67,90.93,46.9
41,40.67,90.93,46.27
12,39.83,91.44,46.58
342,39.23,87.95,41.54
682,39.96,87.89,42.1
275,40.59,90.04,45.02
182,40.59,90.04,45.65
160,40.19,90.52,45.02
106,40.19,90.52,45.65
26,38.87,90.64,45.33
11,37.91,89.84,44.08
149,38.72,88.88,42.81
40,41.8,82.85,41.39
23,42.24,83.25,41.29
23,41.87,83.73,41.37
83,41,82.93,40.49
36,41.53,83.31,41.46
63,41.23,83.34,41.16
55,41.08,83.81,40.5
42,41.25,84.16,41.18
16,41.56,84.24,41.46
47,40.66,84.28,40.53
32,41,84.67,41.25
16,41.3,84.72,41.54
29,39.8,85.24,40.56
53,39.73,84.25,40.57
2,37.59,86.32,41.58
19,38.41,85.37,40.58
106,40.5,82.52,40.53
115,40.93,82.05,40.49
94,41.16,82.46,41.16
61,41.46,82.43,41.47
103,39.5,82.7,40.57
2,37.43,84.56,41.58
41,38.28,83.62,40.58
2,37.28,82.8,41.58
67,38.09,81.85,40.59
2,37.12,81.04,41.58
1235,43.14,90.2,40.45
1196,42.97,90.08,40.37
1242,43.27,89.89,40.34
1252,43.34,90.36,40.56
1231,43.18,90.21,40.56
1265,43.41,89.91,40.44
1190,42.99,90.69,41.11
969,41.62,90.85,41.43
1120,42.44,90.77,41.26
957,42.3,89.91,40.38
1010,41.94,90.37,40.86
1190,42.83,90.36,40.78
1041,42.46,89.86,40.73
1078,42.62,89.89,40.39
1213,43.26,89.43,40.34
1232,43.31,89.46,40.43
689,41.55,89.97,41.45
572,41.88,89.49,40.89
487,42.3,89.02,40.38
179,42.53,87.24,40.4
643,42.61,89,40.39
168,42.58,88.12,40.39
450,41.5,89.13,41.47
405,41.82,88.62,40.92
196,42.29,88.15,40.37
648,41.43,88.16,41.48
767,41.36,87.36,41.49
723,41.37,86.43,41.47
536,41.79,87.73,40.91
512,41.71,86.85,40.93
213,42.26,87.27,40.37
455,41.64,85.97,41.41
321,42.02,86.39,40.83
106,43.25,86.2,41.16
1075,43.26,88.49,40.33
608,42.43,89,40.75
96,43.26,87.57,40.31
381,42.32,87.25,40.76
289,42.38,88.12,40.75
246,42.5,86.73,40.7
356,42.29,86.36,40.94
130,42.81,86.31,40.8
118,42.76,86.79,40.39
36,43.07,86.28,40.67
15,43.26,86.9,40.45
29,43.27,86.98,40.68
33,43.26,87.37,40.34
777,41.15,91.33,42.52
889,41.55,90.85,41.89
693,41.07,90.45,42.52
636,40.99,89.57,42.52
943,40.84,87.81,42.52
687,41.47,89.97,41.89
508,41.4,89.08,41.89
715,41.33,88.21,41.89
866,41.25,87.32,41.9
898,41.17,86.45,41.88
544,43.25,86.22,41.85
17,42.31,85.03,40.74
14,42.62,85,40.84
15,41.94,84.61,41.35
116,41.5,85.09,41.9
768,41.56,85.97,41.89
170,42,85.49,41.32
12,42.3,84.13,41.27
11,42.76,84.53,40.81
328,42.47,85.89,41.27
35,42.79,85.42,40.79
6,43.05,84.06,41.25
74,43.25,84.04,41.87
18,43.05,84.61,41.24
121,43.25,84.62,41.85
113,43.05,85.41,41.23
378,43.25,85.41,41.85
357,57.84,89.84,42.5
352,57.97,89.4,43.13
351,57.5,90.08,42.51
383,58.05,90.3,42.54
361,57.59,90.29,42.49
375,58.16,89.95,43.16
359,58.15,89.37,43.79
402,58.16,90.48,43.13
379,57.63,90.48,43.13
382,58.35,90.06,43.78
358,58.35,89.36,44.41
345,57.02,90.28,42.51
284,56.6,90.28,41.87
361,57.05,90.48,43.13
341,56.62,90.48,42.5
245,56.05,90.48,41.84
198,41.23,92.21,44.4
178,42.11,92.13,44.4
164,41.63,91.73,45.02
102,42.03,91.25,45.65
50,42.45,90.77,46.27
37,42.74,90.28,46.9
37,42.35,89.89,46.9
64,41.95,90.37,46.27
142,41.55,90.85,45.65
203,40.75,91.81,44.4
190,41.15,91.33,45.02
392,40.59,90.04,44.4
299,40.67,90.93,44.4
287,41.07,90.45,45.02
229,41.47,89.97,45.65
81,42.8,92.07,45.02
60,43.05,92.86,45.02
115,42.5,91.65,45.02
72,42.78,91.18,45.65
56,43.05,92.05,45.65
55,43.05,91.17,46.28
62,43.05,90.35,46.9
68,43.25,92.08,45.04
78,43.25,91.21,45.69
89,43.25,90.37,46.31
103,43.25,89.84,46.92
120,43.25,89.44,46.33
79,43.05,93.41,43.77
148,42.83,92.9,43.77
211,42.55,92.53,43.77
130,42.8,92.07,44.4
73,43.05,92.86,44.4
73,43.25,92.86,43.78
79,43.25,92.08,44.41
241,39.67,89.68,44.08
462,40.59,90.04,43.77
285,40.75,91.81,43.77
377,40.67,90.93,43.77
286,41.23,92.21,43.77
297,42.11,92.13,43.77
565,42.81,92.07,43.14
176,43.05,92.87,43.15
183,43.25,92.06,43.18
949,40.84,87.81,43.15
686,40.47,88.73,42.82
631,40.99,89.57,43.15
580,41.07,90.45,43.15
570,41.15,91.33,43.15
664,41.63,91.73,43.15
792,42.5,91.65,43.14
593,43.09,92.03,42.58
836,43.25,91.16,42.59
1018,42.03,91.25,42.52
1075,42.79,91.18,42.52
1089,43.11,91.17,42.16
1119,43.12,91.01,41.81
1192,43.26,90.58,41.88
1047,42.46,90.77,41.9
1182,43.12,90.43,41.29
1224,43.21,90.24,40.75
1233,43.3,90.36,41.17
1248,43.43,90.36,40.63
1254,43.51,90.43,40.61
1252,43.73,90.49,40.62
1251,43.56,90.17,40.44
1245,43.7,90.35,40.44
134,54.35,90.48,40.58
65,43.32,88,50.82
94,43.79,87.99,50.76
87,43.71,87.99,50.84
85,43.93,87.75,50.86
101,43.72,87.68,50.71
90,43.77,87.53,50.78
86,43.64,87.28,50.72
108,43.6,87.47,50.59
83,43.62,87.42,50.9
113,43.59,87.62,50.6
63,43.68,87.13,51.46
75,43.6,87.08,51.09
8,42.1,88.15,51.39
47,43.25,87.97,51.02
76,43.75,87.14,51.09
78,43.98,87.33,51.07
69,44.08,87.37,51.39
67,43.83,87.21,51.4
66,43.67,87.38,51.54
83,43.78,87.54,50.95
70,44.01,88.01,51.26
67,43.67,88,51
68,43.88,87.63,51.84
51,43.55,87.99,51.13
66,43.56,87.7,51.35
34,42.88,88,51.42
55,43.39,87.96,51.48
66,43.22,88.88,51.34
48,43.35,87.98,51.17
66,43.51,87.76,51.86
67,43.67,87.41,51.87
63,43.44,87.7,52.2
22,42.85,87.19,52.5
35,43.13,88.02,52.53
27,43.06,87.15,53.16
13,43.05,86.3,53.77
81,43.49,87.34,50.92
120,43.47,87.48,50.52
88,43.5,87.35,50.68
75,43.49,87.29,51.1
65,43.41,87.57,51.42
71,43.43,87.59,51.26
53,43.31,88.04,51.33
73,43.39,87.41,51.98
52,43.26,87.06,52.59
32,43.25,86.31,53.16
14,43.25,85.62,53.77
2,43.69,85.35,56.9
3,43.78,85.68,57.52
3,44.12,85.68,58.15
2,43.92,85.27,56.9
3,44.2,85.47,57.52
2,43.39,85.11,55.02
2,43.52,85.52,56.27
3,43.59,85.88,56.9
3,43.96,85.88,57.52
49,43.05,90.35,48.77
23,42.35,89.89,48.77
34,42.88,89.84,48.77
86,43.25,89.83,48.77
5,43.27,85.21,54.39
4,42.79,86.3,54.4
4,43.07,85.55,54.39
7,42.78,86.3,53.77
8,42.51,86.77,53.15
5,42.12,87.25,53.15
6,42.12,87.25,52.52
17,42.59,87.63,51.94
3,41.72,87.73,51.9
8,41.8,88.61,50.65
2,41.32,88.21,51.27
15,41.4,89.09,50.65
5,40.52,89.16,51.27
38,40.99,89.57,50.65
11,41.4,89.09,50.02
33,40.99,89.57,50.02
57,41.47,89.97,49.4
9,39.67,89.68,51.58
61,40.59,90.04,50.65
60,40.19,90.52,50.65
21,38.87,90.64,50.33
9,38.07,91.6,49.08
59,40.59,90.04,50.02
80,41.07,90.45,49.4
46,41.07,90.45,48.77
63,40.67,90.93,48.77
65,40.19,90.52,50.02
52,39.83,91.44,49.08
80,40.67,90.93,49.4
22,41.47,89.97,48.77
57,43.05,89.83,49.39
25,41.88,89.49,49.4
33,42.7,89.41,49.4
91,43.25,89.43,49.38
74,43.05,89.45,49.99
57,43.14,88.84,50.44
60,43.35,88.49,50.62
27,42.28,89.01,50.02
39,42.88,88.94,50.05
31,42.63,88.49,50.69
38,43.03,88.28,50.91
7,41.8,88.61,50.02
108,43.59,87.92,50.59
100,43.56,87.99,50.62
86,43.33,88.02,50.62
85,43.25,88.96,49.95
80,43.27,88.55,50.31
90,43.31,88.27,50.52
123,43.43,87.71,50.52
121,43.3,87.77,50.52
5,41.72,87.73,51.27
11,42.51,86.77,52.52
36,52.58,84.56,54.4
28,52.58,84.63,53.75
40,52.58,84.2,55.35
51,52.58,85.89,56.59
52,52.58,87.65,57.85
37,52.39,84.92,54.08
62,52.38,85.84,55.34
63,52.38,87.65,56.59
124,44.03,88.93,50.86
298,44.1,89.74,50.88
232,44.22,90.62,50.89
35,44.27,91.5,50.89
21,44.33,92.38,50.89
21,44.42,93.26,50.89
20,44.9,93.66,50.89
19,45.38,94.06,50.89
23,45.86,94.46,50.89
36,46.34,94.87,50.89
49,46.82,95.27,50.89
68,47.7,95.19,50.86
100,44.35,87.5,50.89
109,44.43,88.38,50.89
163,44.71,86.52,50.89
147,44.76,87.02,50.89
212,44.49,89.26,51.88
233,44.49,89.26,51.28
250,44.59,90.14,51.9
91,44.67,91.02,51.9
32,44.75,91.9,51.9
26,44.82,92.78,51.9
27,45.3,93.18,51.9
324,44.59,90.14,51.27
135,44.67,91.02,51.27
31,44.75,91.9,51.27
23,44.82,92.78,51.27
23,45.3,93.18,51.27
120,44.84,87.9,51.27
178,44.91,88.79,51.29
120,44.84,87.9,51.9
174,44.89,88.79,51.93
166,45.16,86.65,51.27
157,45.24,87.42,51.27
31,45.78,93.58,51.9
26,45.78,93.58,51.27
41,46.26,93.99,51.9
36,46.26,93.99,51.27
104,47.19,94.35,51.57
52,50.9,94.15,50.86
59,51.78,93.93,51.89
55,51.78,93.93,51.24
45,51.67,94.32,50.86
151,48.94,94.19,51.52
74,50.7,94.05,51.55
17,52.97,84.08,53.15
8,52.97,84.08,52.52
6,52.79,84.56,52.52
18,52.79,84.6,53.16
9,54.26,83.97,52.83
4,52.58,84.57,52.5
17,52.58,84.64,53.16
3,52.58,84.98,51.48
4,52.38,84.98,52.66
2,52.38,85.47,51.81
3,52.38,86.23,51.77
6,56.17,85.58,52.83
35,54.77,92.75,52.11
28,55.89,92.54,51.96
56,55.87,92.54,53.38
30,56.74,92.58,52.71
28,56.33,87.34,52.83
39,56.48,89.1,52.83
27,56.65,90.81,52.81
3,55.21,84.77,51.58
3,54.37,85.29,50.89
2,54.85,85.69,50.89
3,52.82,85.47,51.23
3,53.15,85.84,50.88
3,53.97,85.77,50.89
3,53.52,86.25,50.71
3,54.45,86.17,50.89
3,54.02,86.65,50.71
5,53.46,84.93,51.58
2,52.92,86.31,50.86
4,55.37,86.53,51.58
5,54.56,87.39,50.88
5,53.58,88.76,50.51
15,55.52,88.3,51.55
8,54.7,89.26,50.71
7,53.8,90.27,50.51
15,55.68,90.06,51.52
12,54.86,91.06,50.71
20,55.82,91.75,51.54
3,53.08,86.73,50.71
4,53.6,87.13,50.71
6,53.62,88.16,50.71
2,52.73,86.31,50.71
2,52.58,85.49,51.12
4,52.78,87.63,50.51
2,52.38,86.28,50.95
56,53.47,88.84,57.83
78,53.92,90.21,56.58
97,54.87,91.01,55.33
72,55.87,91.79,54.03
2,55.21,84.77,54.08
25,53.48,84.91,54.08
12,55.37,86.53,54.08
72,55.52,88.3,54.08
68,55.69,90.09,54.06
19,54.41,85.73,55.33
46,52.98,85.84,55.32
29,54.57,87.49,55.33
88,54.72,89.25,55.33
38,53.6,86.69,56.58
47,53.03,87.62,57.83
56,53.7,88.45,56.58
64,52.58,89.27,56.59
67,52.38,89.27,55.37
31,45.23,92.3,52.52
53,45.15,91.42,52.52
32,45.23,92.3,53.21
37,45.15,91.42,53.21
34,45.71,92.7,52.52
32,45.71,92.7,53.21
33,45.61,91.82,53.7
40,45.53,90.94,53.7
33,46.1,92.22,53.7
40,45.92,90.46,53.9
33,46,91.34,53.9
34,46.49,91.74,53.9
71,54.09,92.58,53.35
36,54.07,92.48,52.14
55,53.32,92.59,53.06
41,53.33,92.54,52.52
39,53.71,92.9,52.52
49,53.7,92.87,53.05
43,55.04,92.75,52.69
63,52.54,92.1,52.74
57,52.71,92.41,52.81
47,53.16,92.22,52.53
64,53.23,92.24,53.14
57,55.07,92.17,53.12
91,52.34,91.34,51.85
71,52.24,91.77,52.66
68,52.16,91.45,53.49
67,52.27,91.6,53.36
71,52.32,91.32,53.5
24,52.86,92,51.53
27,54.06,91.82,51.56
19,52.37,90.45,51.18
22,52.56,91.21,51.23
7,52.52,90.41,50.51
12,53.12,91.22,50.71
88,52.84,92.04,54
86,54.08,91.92,53.99
89,52.37,90.4,54.16
94,52.54,91.24,54.13
70,52.81,90.33,56.58
70,52.58,90.36,55.35
82,53.21,91.24,55.33
45,46.18,93.1,52.52
36,46.18,93.1,53.21
69,46.66,93.51,52.52
43,46.66,93.51,53.21
73,52.11,91.4,53.71
68,51.93,91.84,53.59
71,51.37,93.09,52.89
120,47.98,93.39,52.89
109,49.74,93.24,52.89
51,47.02,92.59,53.7
67,51.77,92.16,53.7
85,48.79,92.43,53.7
77,50.58,92.28,53.7
61,47.83,91.63,53.9
76,49.61,91.47,53.9
76,51.46,91.32,53.9
138,45.07,90.54,52.52
223,45,89.66,52.52
64,45.07,90.54,53.21
110,45,89.66,53.21
184,44.9,88.78,52.53
119,44.84,87.9,52.52
138,44.92,88.78,53.21
114,44.84,87.9,53.21
121,45.24,87.42,51.9
62,45.45,90.06,53.7
88,45.38,89.18,53.7
100,45.3,88.29,53.7
56,45.84,89.58,53.9
75,45.77,88.67,53.9
59,46.34,89.98,53.9
83,45.68,87.75,53.9
53,43.72,86.48,52.54
46,44.25,86.68,52.52
50,44.18,86.36,51.89
53,44.76,86.99,52.52
94,45.16,86.65,51.89
70,44.68,86.36,51.78
50,44.19,86.59,53.71
55,44.28,86.69,53.21
52,43.8,86.36,53.28
69,44.76,86.99,53.21
68,44.71,86.92,53.7
85,45.21,87.38,53.7
199,44.65,86.36,50.78
202,45.18,86.36,51.2
37,44.08,86.16,52.57
157,45.13,86.16,51.87
37,44.15,86.16,53.41
43,45.05,86.38,53.9
55,45.57,86.73,53.9
289,45.11,86.16,50.6
296,46.01,86.16,51.09
230,44.5,89.26,50.71
373,44.57,90.14,50.71
152,44.64,91.02,50.71
25,44.72,91.9,50.71
20,44.8,92.78,50.71
20,45.29,93.18,50.71
20,45.78,93.58,50.71
26,46.26,93.99,50.71
98,47.18,94.35,50.71
140,44.83,87.89,50.71
174,44.91,88.78,50.71
255,45.12,86.56,50.7
204,45.23,87.4,50.71
86,52.27,91.61,51.97
67,51.94,92.16,52.9
67,51.93,93.04,51.43
46,51.7,94.04,50.66
84,48.94,94.19,50.71
53,50.73,94.06,50.7
97,52.26,90.4,51.84
371,44.98,89.66,50.51
436,45.04,90.54,50.51
132,45.12,91.42,50.51
20,45.2,92.3,50.51
20,45.69,92.7,50.51
23,46.18,93.1,50.51
36,46.66,93.51,50.51
235,47.66,93.39,50.51
210,45.31,88.29,50.51
273,45.39,89.18,50.51
311,45.61,86.76,50.51
273,45.71,87.79,50.51
88,52.15,91.45,51.84
75,52.11,91.87,50.92
71,52.11,92.24,51.3
126,48.25,93.34,50.51
83,49.81,93.24,50.51
59,51.6,92.99,50.5
339,46.01,86.35,50.51
284,56.58,90.1,41.9
345,58.35,88.77,44.4
346,58.15,88.9,43.78
339,57.76,89.03,43.14
123,56.71,88.58,41.27
122,56.82,88.19,41.9
331,57.4,89.46,42.52
265,56.92,89.05,41.9
153,56.42,88.77,41.27
349,58,88.46,44.39
343,57.87,88.66,43.77
350,57.36,88.46,43.78
335,57,89.9,42.52
266,56.52,89.54,41.9
229,56.05,90.28,41.21
190,55.24,90.48,41.11
169,56.04,89.1,41.27
230,56.13,89.95,41.27
73,55.24,88.43,41.18
75,55.5,88.4,40.72
71,55.18,88.43,40.66
132,56.04,89.08,40.8
84,55.74,88.55,40.75
189,55.23,90.28,40.76
177,55.64,89.63,40.85
307,57.28,88.78,42.52
245,57.37,88.57,41.92
274,57.02,88.46,42.27
312,57.92,88.63,42.5
109,56.29,88.53,41.26
223,56.79,88.29,42.26
193,56.53,88.43,41.91
95,55.74,88.55,41.27
97,55.83,88.23,41.89
12,55.89,88.1,42.55
84,55.58,88.19,42.27
77,56.03,88.15,41.9
87,55.51,88.22,41.93
78,55.51,88.4,41.27
301,57.34,88.44,42.59
257,56.59,88.4,42.35
170,56.29,88.43,41.97
111,55.88,88.3,42.35
136,55.43,88.37,41.96
202,55.24,90.48,41.85
136,55.32,88.42,41.96
331,57.3,88.63,43.14
335,56.92,88.46,43.27
181,55.22,90.08,40.65
124,55.15,89.21,40.61
93,55.46,88.79,40.54
139,54.77,89.8,40.46
83,54.72,88.71,40.45
53,43.05,90.35,47.52
16,42.35,89.89,47.52
45,42.88,89.84,47.52
101,43.25,89.83,47.53
60,42.7,89.41,46.9
118,43.25,89.43,46.92
2,43.05,82.75,41.88
10,42.84,83.18,41.27
4,43.25,83.15,42.51
10,42.66,83.65,41.27
2,43.05,83.64,41.88
16,43.25,83.58,42.48
6,42.86,84.07,41.27
47,43.05,90.35,48.15
13,42.35,89.89,48.15
36,42.88,89.84,48.15
96,43.25,89.83,48.15
5,41.47,89.97,48.15
13,41.07,90.45,48.15
4,41.07,90.45,47.52
25,40.67,90.93,48.15
15,39.83,91.44,47.83
5,40.67,90.93,47.52
5,41.47,89.97,47.52
34,40.16,84.76,41.45
32,40.66,85.16,41.33
281,41.1,85.57,41.91
34,40.25,85.64,41.4
470,40.71,86.05,41.97
953,40.76,86.92,42.52
550,40.32,86.51,42.05
827,40.36,87.4,42.52
514,39.94,86.98,42.11
21,39.1,86.19,40.58
36,39.68,86.14,41.49
894,40.76,86.92,43.15
722,40.36,87.4,43.15
8,37.76,88.07,42.82
16,38.56,87.12,41.57
43,41.88,89.49,46.9
108,41.88,89.49,46.27
32,41.47,89.97,46.9
84,41.47,89.97,46.27
29,40.59,90.04,46.9
65,40.59,90.04,46.27
18,40.19,90.52,46.9
42,40.19,90.52,46.27
7,38.87,90.64,46.58
215,41.8,88.61,46.27
363,41.4,89.09,45.65
420,40.99,89.57,45.02
280,40.99,89.57,45.65
355,39.52,87.93,42.8
5,37.91,89.84,45.33
57,38.72,88.88,44.08
129,39.67,89.68,45.33
567,41.32,88.21,45.65
18,41.73,82.85,41.88
6,42.22,83.25,41.9
7,41.8,83.73,41.88
71,40.13,83.46,40.55
82,40.9,82.93,41.27
19,41.34,83.33,41.88
52,40.97,83.81,41.27
7,41.41,84.2,41.89
42,40.57,84.28,41.39
14,41.04,84.69,41.94
39,39.12,84.49,40.58
23,39.75,85.24,41.49
41,39.69,84.24,41.52
8,38.41,85.36,41.57
141,39.99,81.71,40.55
90,40.42,82.52,41.38
111,40.82,82.05,41.27
37,41.26,82.45,41.88
160,38.92,80.89,40.58
85,38.87,82.66,40.58
53,39.47,82.7,41.54
8,38.29,83.62,41.58
11,38.1,81.84,41.58
1179,42.87,90.06,40.65
1188,43.1,89.84,40.34
1199,43.12,89.84,40.49
1176,42.96,90.04,40.83
1232,43.29,90.23,40.68
1217,43.34,89.83,40.57
1294,43.76,89.41,40.44
956,42.21,89.9,40.78
984,41.98,90.37,41.34
1133,42.78,90.29,41.25
952,42.6,89.43,40.69
1067,42.56,89.87,40.86
1138,43.11,89.41,40.49
1032,42.87,89.41,40.38
1167,43.26,88.92,40.35
1139,43.18,89.42,40.57
1240,43.44,88.95,40.44
515,42.17,89.02,40.81
653,41.91,89.49,41.36
131,42.8,87.65,40.4
532,42.84,88.53,40.39
722,43.26,87.98,40.35
390,42.13,88.15,40.8
438,41.85,88.6,41.37
471,42.08,87.27,40.81
639,41.77,87.73,41.38
694,41.71,86.85,41.39
538,42.08,86.38,41.31
382,42.79,86.3,41.27
217,43.06,86.25,41.23
84,43.26,86.88,41.15
475,42.56,88.55,40.71
650,42.49,88.99,40.89
930,43.1,88.51,40.49
290,42.5,87.67,40.72
449,42.36,87.24,40.92
325,42.42,88.11,40.9
144,43.1,87.61,40.48
294,42.61,86.77,40.85
74,43,87.12,40.39
38,43.09,86.96,40.6
67,43.09,87.4,40.36
71,43.12,87.09,40.79
59,43.3,87.18,40.62
69,43.11,87.43,40.5
1186,43.36,87.92,40.44
87,43.29,87.27,40.44
866,41.55,90.85,42.52
914,41.95,90.37,41.9
762,41.47,89.97,42.52
635,41.4,89.09,42.52
817,41.32,88.21,42.52
994,41.24,87.33,42.52
1039,41.17,86.45,42.52
625,43.25,86.25,42.49
695,41.88,89.49,41.9
495,41.78,88.61,41.88
694,41.72,87.73,41.9
825,41.63,86.85,41.88
765,42.05,86.37,41.9
669,42.79,86.3,41.89
593,43.06,86.26,41.88
516,43.26,86.88,41.84
290,41.49,85.09,42.52
1072,41.57,85.97,42.52
31,41.89,84.61,41.9
523,41.97,85.49,41.9
45,42.42,85.01,41.25
7,42.29,84.13,41.9
11,42.71,84.52,41.26
690,42.46,85.89,41.9
131,42.74,85.43,41.25
65,43.06,84.05,41.89
376,43.26,84,42.46
185,43.05,84.62,41.88
417,43.26,84.58,42.39
454,43.05,85.41,41.88
779,43.25,85.51,42.43
363,57.81,89.84,43.14
359,57.96,89.4,43.77
359,57.47,90.08,43.14
380,58,90.29,43.14
365,57.54,90.28,43.14
375,58.15,89.94,43.78
362,58.15,89.38,44.4
397,58.15,90.48,43.76
378,57.62,90.48,43.76
349,58.35,88.77,45.02
379,58.35,90.06,44.4
358,58.35,89.36,45.03
359,57.02,90.28,43.14
333,56.6,90.28,42.51
241,56.04,90.28,41.88
343,57.05,90.48,43.76
371,56.61,90.48,43.14
294,56.05,90.48,42.5
242,41.63,91.73,44.4
181,42.5,91.65,44.4
180,42.03,91.25,45.02
101,42.45,90.77,45.65
63,42.74,90.28,46.27
58,42.88,89.84,46.9
79,42.35,89.89,46.27
159,41.95,90.37,45.65
250,41.55,90.85,45.02
292,41.15,91.33,44.4
824,40.84,87.81,44.4
526,40.99,89.57,44.4
399,41.07,90.45,44.4
368,41.47,89.97,45.02
514,41.4,89.09,45.02
742,41.32,88.21,45.02
259,41.88,89.49,45.65
420,41.8,88.61,45.65
143,42.28,89.01,46.27
106,42.78,91.19,45.02
72,43.05,92.06,45.03
71,43.05,91.18,45.66
74,43.05,90.36,46.29
76,43.05,89.83,46.91
106,43.05,89.43,46.29
78,43.25,91.25,45.09
96,43.25,90.42,45.73
106,43.25,89.86,46.33
140,43.25,88.94,46.33
168,43.25,88.49,45.78
124,43.25,89.46,45.77
264,42.8,92.06,43.77
103,43.05,92.86,43.77
97,43.05,92.06,44.4
117,43.25,92.06,43.78
144,43.25,91.27,44.45
100,42.7,89.41,46.27
871,40.84,87.81,43.77
550,40.48,88.72,44.08
575,40.99,89.57,43.77
469,41.07,90.45,43.77
380,41.15,91.33,43.77
363,41.63,91.73,43.77
389,42.5,91.65,43.77
432,43.25,86.27,43.14
398,43.05,92.05,43.16
596,43.25,91.22,43.17
1057,41.24,87.33,43.15
863,41.32,88.21,43.15
655,41.4,89.09,43.15
696,41.55,90.85,43.15
661,41.47,89.97,43.15
845,42.03,91.25,43.15
969,42.78,91.19,43.14
1072,43.06,91.16,42.56
1214,43.26,90.59,42.53
1073,42.45,90.77,42.52
1130,43.09,90.49,41.89
1184,43.3,90.36,41.86
1054,42.78,90.28,41.9
1178,43.21,90.23,41.24
1248,43.43,90.36,41.17
1272,43.76,90.49,41.15
1265,43.51,90.43,41.15
138,54.34,90.24,40.46
1247,44.39,90.48,40.6
1231,43.48,90.23,40.74
1236,43.66,90.28,40.74
1239,43.87,90.32,40.75
1236,43.59,90.07,40.58
1239,43.82,90.21,40.6
1233,44.42,90.29,40.45
1277,44.06,89.92,40.45
165,54.35,90.48,41.11
170,54.35,90.48,41.85
1229,45.87,90.48,40.58
1210,46.79,90.48,40.57
1235,45.3,90.48,40.58
109,53.52,90.48,40.58
163,54.35,90.28,40.76
111,52.61,90.48,40.58
317,51.71,90.48,40.57
1194,47.71,90.48,40.57
1055,48.63,90.48,40.57
13,42.15,88.13,50.62
32,42.73,88,50.91
60,43.07,87.79,50.83
97,43.53,87.8,50.79
97,43.66,87.68,50.84
85,43.59,87.47,50.95
107,43.55,87.57,50.62
91,43.61,87.42,50.73
77,43.57,87.38,51.15
19,42.55,87.65,51.4
71,43.83,87.62,51.34
64,43.4,87.7,51.49
58,43.45,87.74,51.19
49,43.27,88.12,51.29
27,42.85,87.18,51.89
64,43.37,87.53,51.83
39,43.08,87.12,52.53
22,43.05,86.3,53.15
9,43.07,85.55,53.77
86,43.46,87.42,50.76
98,43.4,87.4,51.08
98,43.29,87.43,51.34
82,43.26,87.03,51.89
47,43.25,86.3,52.54
24,43.25,85.63,53.15
11,43.27,85.22,53.77
5,43.39,85.11,54.4
2,43.39,84.98,55.02
2,43.69,85.35,56.27
3,43.78,85.68,56.9
3,44.12,85.68,57.52
2,43.92,85.27,56.27
3,44.2,85.47,56.9
4,43.52,85.52,55.02
3,43.52,85.52,55.65
3,43.59,85.88,56.27
3,44.45,85.88,57.52
3,43.96,85.88,56.9
52,43.05,89.83,48.77
9,41.88,89.49,48.77
25,42.7,89.41,48.77
105,43.25,89.42,48.77
3,43.12,85.09,54.4
2,42.46,85.89,53.77
11,42.78,86.3,53.15
2,42.05,86.37,53.15
7,42.12,87.25,51.9
2,41.32,88.21,50.65
2,40.92,88.69,50.65
7,40.52,89.16,50.65
2,41.4,89.09,48.77
5,41.4,89.09,49.4
5,40.52,89.16,50.02
17,40.99,89.57,49.4
15,39.67,89.68,50.33
10,38.87,90.64,49.08
39,40.59,90.04,49.4
17,40.59,90.04,48.77
31,40.19,90.52,48.77
54,40.19,90.52,49.4
5,40.99,89.57,48.77
59,43.05,89.43,49.39
17,42.28,89.01,49.4
42,42.86,88.95,49.4
6,41.8,88.61,49.4
111,43.25,88.95,49.37
2,41.32,88.21,50.02
53,43.07,88.94,50
54,43.13,88.52,50.39
62,43.23,88.27,50.62
31,42.66,88.53,50.02
40,42.87,88.07,50.5
43,43.01,88.28,50.53
17,42.2,88.13,50.02
107,43.47,87.76,50.62
88,43.22,87.82,50.62
52,43.01,87.81,50.51
111,43.25,88.54,49.9
116,43.27,88.04,50.31
100,43.28,88.28,50.37
127,43.34,87.53,50.52
126,43.28,87.81,50.38
5,41.72,87.73,50.65
10,42.12,87.25,51.27
14,42.51,86.77,51.89
3,42.05,86.37,52.52
16,42.78,86.3,52.52
3,42.77,85.39,53.77
35,52.58,84.93,54.08
57,52.58,85.85,55.33
57,52.58,87.65,56.59
37,52.38,85.8,54.15
67,52.38,87.64,55.36
224,44.52,89.26,50.89
357,44.59,90.14,50.89
142,44.67,91.02,50.89
28,44.75,91.9,50.89
21,44.82,92.78,50.89
21,45.3,93.18,50.89
22,45.78,93.58,50.89
29,46.26,93.99,50.89
89,47.08,94.36,50.88
132,44.84,87.9,50.89
174,44.92,88.78,50.89
218,45.16,86.65,50.89
186,45.24,87.42,50.89
291,45,89.66,51.9
320,45,89.66,51.27
237,45.07,90.54,51.9
30,45.23,92.3,51.9
76,45.15,91.42,51.9
34,45.71,92.7,51.9
325,45.07,90.54,51.27
28,45.23,92.3,51.27
94,45.15,91.42,51.27
30,45.71,92.7,51.27
182,45.32,88.3,51.27
268,45.4,89.18,51.27
186,45.32,88.3,51.9
258,45.4,89.18,51.9
201,45.64,86.94,51.27
213,45.72,87.82,51.27
53,46.18,93.1,51.9
46,46.18,93.1,51.27
91,46.66,93.51,51.9
84,46.66,93.51,51.27
229,47.98,93.38,51.52
163,49.76,93.24,51.51
76,51.39,93.1,51.51
5,52.82,85.47,51.9
11,53.46,84.92,52.82
2,55.21,84.77,52.83
8,52.58,84.99,52.68
3,52.58,85.49,51.86
13,52.38,85.85,52.82
7,52.56,86.28,51.85
32,52.37,86.79,51.82
11,55.37,86.53,52.83
34,55.86,91.86,52.74
53,55.52,88.3,52.83
41,55.69,90.08,52.84
3,53.1,85.85,51.25
3,54.41,85.73,51.58
3,53.57,86.25,50.89
3,54.05,86.65,50.89
7,53.11,85.85,51.9
3,52.83,86.31,51.23
8,52.83,86.31,51.89
5,53.65,87.13,50.89
4,53.21,86.72,50.88
9,53.68,88.01,50.86
10,54.57,87.5,51.57
7,53.67,88.75,50.71
6,52.87,89.48,50.51
18,54.72,89.25,51.52
10,53.87,90.23,50.71
20,54.86,91.01,51.55
8,52.93,87.62,50.71
2,52.57,86.31,51.11
46,52.37,87.56,51.1
23,52.37,89.35,51.1
63,53.11,89.43,56.58
87,53.92,90.21,55.33
73,54.89,91.11,53.97
9,54.4,85.73,54.07
42,52.96,85.84,54.1
31,54.57,87.49,54.08
90,54.72,89.25,54.08
43,53.6,86.69,55.33
51,53.03,87.62,56.58
54,53.7,88.45,55.33
66,52.58,89.27,55.35
76,52.37,89.33,54.2
52,45.63,91.82,52.52
134,45.55,90.94,52.52
37,45.63,91.82,53.21
63,45.55,90.94,53.21
59,46.11,92.22,52.52
39,46.11,92.22,53.21
64,45.94,90.46,53.7
40,46.02,91.34,53.7
42,46.5,91.75,53.7
54,46.86,90.82,53.9
59,52.83,91.98,52.77
77,52.42,91.26,51.97
54,54.06,91.77,52.86
47,54.07,92.2,52.62
69,52.27,91.55,52.67
70,52.07,91.35,53.36
80,52.23,90.44,53.49
72,52.41,91.26,53.37
22,52.54,90.38,51.31
11,52.7,90.36,50.71
25,53.19,91.13,51.53
72,52.81,90.33,55.33
90,52.53,90.38,54.06
91,53.17,91.2,54
108,52.15,90.63,51.84
85,52.11,90.29,53.7
102,47.03,92.59,52.89
72,51.94,91.36,53.55
70,51.7,92.14,52.83
134,48.79,92.43,52.89
79,50.55,92.28,52.89
88,47.83,91.63,53.7
81,49.6,91.48,53.7
74,51.33,91.31,53.7
84,51.87,90.34,53.9
76,48.64,90.67,53.9
82,50.46,90.52,53.9
229,45.47,90.06,52.52
231,45.4,89.18,52.52
108,45.47,90.06,53.21
140,45.4,89.18,53.21
172,45.32,88.3,52.52
92,45.24,87.42,52.52
133,45.32,88.3,53.21
88,45.24,87.42,53.21
193,45.72,87.82,51.9
136,45.64,86.94,51.9
251,46.06,86.62,51.27
90,45.86,89.58,53.7
106,45.79,88.69,53.7
93,46.35,89.98,53.7
101,45.71,87.8,53.7
78,46.26,89.09,53.9
90,46.18,88.17,53.9
82,46.75,89.5,53.9
75,46.09,87.2,53.9
41,44.2,86.36,52.54
59,45.17,86.65,52.52
115,45.16,86.36,51.89
43,44.28,86.36,53.29
52,45.18,86.65,53.21
54,45.13,86.54,53.71
62,45.62,86.86,53.7
258,45.17,86.36,50.78
271,46.03,86.36,51.2
76,45.1,86.16,52.56
245,46.02,86.16,51.85
44,45.06,86.16,53.41
50,46,86.34,53.9
328,45.99,86.16,50.6
284,46.84,86.16,51.09
89,52.27,90.36,51.97
338,44.99,89.66,50.71
389,45.06,90.54,50.71
102,45.14,91.42,50.71
23,45.22,92.3,50.71
23,45.7,92.7,50.71
28,46.18,93.1,50.71
45,46.66,93.51,50.71
236,47.66,93.39,50.71
196,45.32,88.3,50.71
265,45.4,89.18,50.71
273,45.63,86.87,50.71
243,45.72,87.81,50.71
92,52.06,91.36,51.98
82,51.93,91.85,51.1
77,51.93,92.21,51.44
174,48.25,93.34,50.71
118,49.79,93.24,50.71
66,51.47,93.05,50.69
315,46.04,86.52,50.71
90,52.28,89.42,51.84
436,45.46,90.06,50.51
105,45.62,91.82,50.51
444,45.54,90.94,50.51
105,46.1,92.22,50.51
269,47,92.58,50.51
268,45.8,88.69,50.51
365,45.87,89.58,50.51
318,46.11,87.24,50.51
294,46.2,88.2,50.51
83,52.11,91.38,51.12
73,51.96,92.1,50.51
189,48.77,92.42,50.51
95,50.68,92.27,50.51
342,46.5,86.68,50.51
253,56.13,89.95,41.9
330,56.58,90.1,42.52
358,58.01,88.46,45.02
354,58.15,88.9,44.4
351,57.75,89.04,43.77
333,57.31,88.83,43.1
347,57.4,89.46,43.15
307,56.92,89.06,42.51
224,56.42,88.77,41.89
206,56.71,88.57,41.89
354,57.87,88.66,44.39
363,57.38,88.46,44.4
349,57.34,88.66,43.77
354,56.93,88.46,43.78
353,57,89.9,43.15
311,56.52,89.54,42.52
214,56.04,89.1,41.89
119,55.51,88.82,41.27
201,55.23,90.28,41.21
192,55.64,89.65,41.27
85,55.31,88.54,41.21
78,55.06,88.44,41.33
79,55.25,88.54,40.73
63,54.66,88.45,40.64
98,55.51,88.8,40.78
125,55.17,89.18,40.83
187,55.22,89.99,40.87
201,55.23,90.48,42.5
301,57.29,88.58,42.55
252,56.65,88.46,42.25
208,56.29,88.53,41.92
162,55.74,88.55,41.88
132,55.85,88.29,42.25
148,55.51,88.4,41.93
275,56.48,88.44,42.64
228,55.68,88.39,42.35
245,55.23,88.44,42.46
187,55.23,90.28,41.88
211,55.64,89.65,41.9
135,55.38,88.51,41.92
119,55.08,88.43,41.93
337,56.91,88.64,43.26
318,56.42,88.45,43.18
154,54.76,89.74,40.65
90,54.71,88.83,40.62
99,54.32,89.16,40.46
68,43.05,89.83,47.52
11,41.88,89.49,47.52
39,42.7,89.41,47.52
118,43.25,89.42,47.53
91,43.05,89.42,46.91
63,42.28,89.01,46.9
87,42.86,88.95,46.9
76,41.8,88.61,46.9
137,43.25,88.94,46.92
5,42.6,82.77,41.9
2,42.84,83.18,41.9
48,43.25,83.13,43.13
662,41.72,87.73,45.65
3,42.66,83.65,41.9
9,43.07,83.6,42.49
151,43.26,83.53,43.12
24,42.87,84.06,41.91
270,42.2,88.13,46.27
160,43.25,88.52,46.33
59,43.05,89.83,48.15
6,41.88,89.49,48.15
29,42.7,89.41,48.15
115,43.25,89.42,48.15
3,41.4,89.09,48.15
9,41.4,89.09,47.52
3,40.59,90.04,48.15
3,40.59,90.04,47.52
8,40.19,90.52,48.15
2,40.19,90.52,47.52
4,40.99,89.57,47.52
13,40.19,84.77,42.09
8,39.82,85.3,42.1
31,40.65,85.17,42.01
463,41.09,85.57,42.52
48,40.23,85.65,42.07
530,40.69,86.04,42.52
1042,41.17,86.45,43.15
25,39.08,86.19,41.56
482,40.28,86.52,42.52
59,39.8,86.13,42.1
385,39.88,87,42.51
384,40.28,86.52,43.15
766,40.76,86.92,43.77
587,40.36,87.4,43.77
284,39.88,87,43.15
749,40.76,86.92,44.4
927,41.24,87.33,45.02
771,40.84,87.81,45.02
549,40.36,87.4,44.4
4,37.76,88.07,44.08
17,38.56,87.12,42.81
57,41.4,89.09,46.9
138,41.4,89.09,46.27
43,40.99,89.57,46.9
103,40.99,89.57,46.27
31,39.67,89.68,46.58
280,41.32,88.21,46.27
40,38.72,88.88,45.33
191,39.52,87.92,44.08
378,40.48,88.72,45.33
578,40.84,87.81,45.65
2,41.74,82.85,42.52
56,40.07,83.46,41.46
36,40.88,82.92,41.97
2,41.34,83.33,42.52
18,40.96,83.8,41.97
4,41.41,84.21,42.52
16,40.57,84.28,42.05
16,41.01,84.68,42.52
22,39.1,84.49,41.56
29,39.78,84.26,42.13
156,39.35,81.51,40.58
92,39.94,81.71,41.45
52,40.41,82.52,42.05
56,40.81,82.04,41.97
4,41.26,82.44,42.52
46,38.9,80.88,41.56
21,38.86,82.65,41.58
42,39.57,82.66,42.15
1145,43.04,90.06,41.27
1158,42.95,89.83,40.69
1186,43.26,89.79,40.81
1226,43.69,89.36,40.6
1346,44.13,88.89,40.45
992,42.36,89.89,41.27
1006,42.77,89.42,40.8
991,43.07,88.94,40.36
1047,43.11,88.92,40.5
1085,43.03,89.41,40.84
1135,43.32,88.94,40.58
1286,43.68,88.41,40.44
633,42.29,89.01,41.29
401,43.05,88.05,40.37
617,43.11,88.01,40.5
425,42.22,88.13,41.29
604,42.14,87.25,41.3
514,42.53,86.77,41.28
214,43.11,86.98,41.23
106,43.3,87.18,41.14
592,42.74,88.53,40.82
252,42.68,87.65,40.83
147,42.95,87.45,40.64
211,42.87,87.15,40.79
113,43.2,87.32,40.74
1226,43.42,87.18,40.62
989,43.27,87.99,40.58
100,43.18,87.4,40.57
1270,43.51,87.48,40.44
944,41.95,90.37,42.52
940,42.35,89.89,41.9
819,41.88,89.49,42.52
621,41.8,88.61,42.52
797,41.72,87.73,42.52
972,41.64,86.85,42.52
881,42.05,86.37,42.52
701,42.79,86.31,42.52
643,43.06,86.28,42.51
585,43.26,86.89,42.51
726,42.28,89.01,41.9
490,42.2,88.13,41.9
689,42.12,87.25,41.9
678,42.52,86.77,41.89
581,43.1,86.99,41.87
528,43.3,87.18,41.84
7,41.41,84.21,43.15
453,41.49,85.09,43.15
1154,41.57,85.97,43.15
126,41.89,84.61,42.52
1015,41.97,85.49,42.52
259,42.41,85.01,41.9
32,42.29,84.13,42.52
81,42.71,84.52,41.9
814,42.46,85.89,42.52
516,42.75,85.42,41.9
392,43.1,84.03,42.5
750,43.27,83.94,43.07
789,43.08,84.59,42.44
777,43.26,85.01,42.51
1440,43.27,84.47,42.81
907,43.07,85.48,42.47
504,43.26,85.62,43.09
366,57.8,89.84,43.77
363,57.96,89.4,44.4
359,57.47,90.07,43.77
382,57.99,90.28,43.77
364,57.54,90.28,43.77
359,58.15,88.9,45.02
376,58.15,89.94,44.4
364,58.15,89.38,45.02
390,58.15,90.48,44.39
379,57.62,90.48,44.39
351,58.35,88.77,45.65
373,58.35,90.06,45.02
356,58.35,89.37,45.65
349,57.02,90.28,43.77
364,56.6,90.28,43.14
291,56.04,90.28,42.51
333,57.05,90.48,44.39
354,56.61,90.48,43.77
369,56.05,90.48,43.14
309,55.23,90.48,43.14
442,43.25,86.28,44.45
206,43.25,87.93,45.74
254,42.03,91.25,44.4
207,42.79,91.19,44.39
156,42.46,90.77,45.02
104,42.75,90.28,45.64
78,42.88,89.84,46.27
172,42.65,88.53,46.27
957,41.24,87.33,44.4
786,41.72,87.73,45.02
445,42.2,88.13,45.65
160,42.35,89.89,45.65
265,41.95,90.37,45.02
331,41.55,90.85,44.4
796,41.32,88.21,44.4
592,41.4,89.09,44.4
450,41.47,89.97,44.4
382,41.88,89.49,45.02
559,41.8,88.61,45.02
258,42.28,89.01,45.65
122,42.86,88.95,46.27
87,43.06,91.21,45.05
91,43.05,90.38,45.68
90,43.05,89.84,46.29
127,43.05,88.94,46.29
182,43.06,88.51,45.71
125,43.06,89.44,45.7
90,43.26,90.53,45.15
112,43.25,89.88,45.74
174,43.26,88.47,45.27
147,43.25,88.93,45.75
129,43.26,89.48,45.18
399,43.25,86.28,43.79
197,43.05,92.05,43.78
197,43.06,91.22,44.41
334,43.25,91.25,43.8
463,43.26,90.64,44.49
1009,41.24,87.33,43.77
156,42.71,89.41,45.64
827,41.32,88.21,43.77
615,41.4,89.09,43.77
512,41.47,89.97,43.77
440,41.55,90.85,43.77
473,42.03,91.25,43.77
564,42.78,91.19,43.77
1123,42.05,86.37,43.15
870,42.79,86.31,43.14
585,43.06,86.29,43.14
457,43.26,86.89,43.17
935,43.05,91.19,43.15
1244,43.26,90.61,43.17
1114,41.64,86.85,43.15
871,41.72,87.73,43.15
646,41.8,88.61,43.15
759,41.88,89.49,43.15
853,41.95,90.37,43.15
1044,42.45,90.77,43.15
1167,43.09,90.5,42.53
1206,43.3,90.36,42.52
1072,42.78,90.28,42.52
1096,43.21,90.23,41.88
1217,43.43,90.36,41.86
1279,43.76,90.49,41.84
1267,43.51,90.43,41.85
1067,43.04,90.05,41.9
1278,44.47,90.48,41.14
1198,43.47,90.23,41.23
1233,43.89,90.31,41.22
1221,43.66,90.28,41.22
156,54.34,90.11,40.65
1223,45.86,90.42,40.46
1204,46.78,90.39,40.46
1229,45.4,90.25,40.46
120,53.89,89.86,40.46
117,53.5,90.28,40.46
93,52.59,90.35,40.46
101,51.7,90.39,40.46
1192,47.69,90.36,40.46
916,48.6,90.33,40.46
1238,44.5,90.3,40.76
1213,43.6,90.01,40.81
1223,43.89,90.1,40.83
1229,44.52,90.12,40.64
1234,44.1,89.81,40.62
1265,44.94,89.88,40.46
1341,44.55,89.36,40.46
152,54.35,90.48,42.5
1260,45.89,90.48,41.09
1230,46.81,90.48,41.08
1267,45.34,90.48,41.1
177,54.35,90.28,41.21
132,53.53,90.48,41.11
497,51.71,90.48,41.81
202,52.61,90.48,41.84
159,54.35,90.28,41.88
132,53.53,90.48,41.84
150,52.6,90.48,41.1
377,51.71,90.48,41.07
1135,48.61,90.48,41.8
1186,47.71,90.48,41.07
1138,48.63,90.48,41.06
1221,46.29,90.48,40.57
1231,45.91,90.28,40.76
1203,47.21,90.48,40.57
1212,46.82,90.28,40.75
1234,45.37,90.28,40.76
163,54.34,90.02,40.87
89,53.01,90.48,40.58
137,53.52,90.28,40.76
940,49.46,90.48,40.57
775,50.34,90.48,40.57
199,52.12,90.48,40.57
103,52.61,90.28,40.76
563,51.14,90.48,40.57
130,51.71,90.28,40.75
1177,48.12,90.48,40.57
1182,47.72,90.28,40.75
1072,48.63,90.28,40.75
29,42.57,87.64,50.62
88,43.24,87.62,50.82
99,43.53,87.54,50.82
36,42.86,87.19,51.27
75,43.22,87.53,51.36
93,43.39,87.51,51.11
54,43.1,87.1,51.88
32,43.05,86.29,52.53
14,43.07,85.55,53.15
6,43.12,85.09,53.77
4,43.39,84.98,54.4
116,43.36,87.41,50.76
106,43.26,86.96,51.24
66,43.25,86.29,51.91
36,43.25,85.63,52.52
18,43.27,85.22,53.15
11,43.39,85.11,53.77
8,43.52,85.52,54.4
4,43.69,85.35,55.02
2,43.69,85.35,55.65
3,43.78,85.68,56.27
3,44.56,85.68,57.52
3,44.12,85.68,56.9
3,43.92,85.27,55.65
3,44.2,85.47,56.27
5,43.59,85.88,55.02
4,43.59,85.88,55.65
3,44.44,85.88,56.9
4,43.96,85.88,56.27
67,43.05,89.42,48.77
14,42.28,89.01,48.77
49,42.86,88.95,48.77
6,41.8,88.61,48.77
130,43.25,88.94,48.76
4,42.46,85.89,53.15
2,41.64,86.85,51.9
2,40.52,89.16,49.4
6,39.67,89.68,49.08
71,43.05,88.94,49.39
34,42.65,88.53,49.4
18,42.2,88.13,49.4
135,43.25,88.53,49.36
5,41.72,87.73,50.02
70,43.07,88.53,49.95
70,43.13,88.05,50.39
60,43.15,88.27,50.46
38,42.58,87.65,50.03
51,42.87,88.02,50.04
73,43.09,87.61,50.5
106,43.3,87.61,50.62
85,43.16,87.84,50.46
140,43.28,87.52,50.38
135,43.26,88,49.93
13,42.12,87.25,50.65
2,41.64,86.85,51.27
19,42.51,86.77,51.27
5,43.92,85.27,55.02
4,42.05,86.37,51.9
21,42.78,86.3,51.89
6,42.46,85.89,52.52
5,42.77,85.39,53.15
3,42.95,84.96,53.77
3,43.29,84.76,54.4
2,43.66,84.46,55.02
44,52.57,85.84,54.12
62,52.58,87.65,55.34
61,52.37,87.52,54.17
188,52.28,87.56,51.84
181,52.32,87.04,51.95
328,45,89.66,50.89
364,45.07,90.54,50.89
25,45.23,92.3,50.89
96,45.15,91.42,50.89
25,45.71,92.7,50.89
33,46.18,93.1,50.89
54,46.66,93.51,50.89
230,47.52,93.41,50.86
190,45.32,88.3,50.89
265,45.4,89.18,50.89
244,45.64,86.94,50.89
231,45.72,87.82,50.89
326,45.47,90.06,51.9
372,45.47,90.06,51.27
70,45.63,91.82,51.9
221,45.55,90.94,51.9
77,46.11,92.22,51.9
80,45.63,91.82,51.27
311,45.55,90.94,51.27
83,46.11,92.22,51.27
257,45.8,88.7,51.27
337,45.88,89.58,51.27
248,45.8,88.7,51.9
310,45.88,89.58,51.9
242,46.12,87.34,51.27
269,46.2,88.22,51.27
110,52.11,90.3,51.18
229,47.02,92.58,51.57
86,51.69,92.15,51.53
253,48.77,92.43,51.51
115,50.56,92.29,51.51
6,54.4,85.73,52.83
19,52.95,85.89,52.82
17,52.57,85.89,52.83
37,52.36,86.81,52.8
48,52.52,86.89,51.92
25,54.57,87.49,52.83
70,54.72,89.25,52.83
43,54.92,91.04,52.8
82,52.28,89.42,53.48
9,53.18,87.57,50.87
9,53.59,86.69,51.58
20,53.73,88.46,51.52
10,53.02,89.45,50.71
24,53.9,90.17,51.53
44,52.54,87.6,51.26
77,52.36,88.53,51.36
25,52.54,89.33,51.27
68,53.11,89.43,55.33
90,53.89,90.3,53.98
40,53.58,86.68,54.07
54,53.03,87.63,55.33
61,53.73,88.45,54.09
74,52.37,88.51,53.95
77,52.54,89.33,54.12
130,46.03,91.34,52.52
235,45.95,90.46,52.52
110,45.95,90.46,53.21
62,46.03,91.34,53.21
135,46.51,91.75,52.52
66,46.51,91.75,53.21
83,46.87,90.83,53.7
88,47.67,89.86,53.9
78,51.74,91.36,52.53
90,52.75,90.32,53.96
30,52.75,90.33,51.54
104,52.06,90.61,51.98
75,52.22,90.42,53.35
62,53.04,91.16,52.72
82,52.1,89.5,53.78
80,51.95,90.26,53.53
160,47.83,91.63,52.89
93,49.59,91.48,52.89
75,51.21,91.31,52.98
79,51.7,90.33,53.7
94,48.64,90.67,53.7
81,50.42,90.52,53.7
88,49.46,89.7,53.9
82,51.3,89.56,53.9
76,52.4,90.31,52.08
289,46.05,86.62,50.89
241,46.2,88.22,51.9
256,45.88,89.58,52.52
207,45.8,88.7,52.52
270,46.35,89.98,52.52
143,45.88,89.58,53.21
145,45.8,88.7,53.21
147,46.35,89.98,53.21
158,45.72,87.82,52.52
89,45.64,86.94,52.52
121,45.72,87.82,53.21
62,45.64,86.94,53.21
200,46.12,87.34,51.9
190,46.06,86.62,51.9
268,46.53,86.88,51.27
111,46.27,89.1,53.7
112,46.19,88.21,53.7
116,46.75,89.5,53.7
86,46.11,87.29,53.7
91,46.59,87.65,53.9
97,46.67,88.6,53.9
101,47.15,89.01,53.9
55,46.5,86.65,53.9
70,46.99,87.1,53.9
62,45.14,86.36,52.54
208,46.03,86.36,51.88
46,45.13,86.36,53.29
56,46.04,86.51,53.7
310,46.02,86.36,50.78
282,46.86,86.36,51.2
149,45.99,86.16,53.42
205,46.02,86.16,52.57
229,46.85,86.16,51.85
213,47.36,86.16,51.85
323,46.83,86.16,50.59
267,47.36,86.16,51.09
198,47.76,86.16,51.86
91,52.32,89.42,51.97
404,45.47,90.06,50.71
84,45.62,91.82,50.71
391,45.55,90.94,50.71
85,46.1,92.22,50.71
256,47,92.58,50.71
261,45.8,88.7,50.71
348,45.87,89.58,50.71
285,46.12,87.31,50.71
282,46.2,88.21,50.71
91,51.94,91.35,51.28
79,51.77,92.14,50.71
234,48.76,92.42,50.71
110,50.61,92.29,50.71
316,46.51,86.8,50.71
143,52.22,88.53,51.84
471,45.95,90.46,50.51
437,46.02,91.34,50.51
425,46.51,91.75,50.51
430,47.51,91.63,50.51
333,46.28,89.1,50.51
426,46.35,89.98,50.51
322,46.59,87.69,50.51
327,46.68,88.61,50.51
314,48.1,91.58,50.51
176,49.63,91.47,50.51
93,51.48,91.3,50.51
113,51.89,90.37,50.51
343,46.87,86.31,50.51
341,46.99,87.13,50.51
14,52.1,82.15,52.54
14,52.1,83.25,53.15
13,52.1,84.2,53.16
302,56.13,89.95,42.52
359,56.58,90.1,43.15
364,58.03,88.46,45.64
362,57.88,88.66,45.02
370,57.4,88.46,45.02
358,57.75,89.04,44.4
349,57.33,88.86,43.77
355,57.4,89.46,43.77
337,56.92,89.08,43.14
282,56.45,88.79,42.5
357,57.34,88.66,44.4
365,56.94,88.46,44.4
354,57,89.9,43.77
352,56.92,88.66,43.77
358,56.38,88.46,43.78
201,55.81,88.69,42.14
162,55.5,88.82,41.9
346,56.52,89.54,43.15
274,56.04,89.12,42.51
105,55.13,88.69,41.43
141,55.16,89.21,41.27
191,55.22,89.99,41.27
90,55.1,88.58,41.35
64,54.64,88.46,41.18
112,54.11,88.45,40.61
75,54.66,88.63,40.76
96,54.73,88.89,40.83
157,54.76,89.7,40.87
197,55.31,88.77,42.32
205,55.23,90.28,42.51
256,55.64,89.65,42.52
277,56.45,88.57,42.57
219,55.7,88.44,42.26
213,55.28,88.56,42.4
242,55.08,88.44,42.42
242,55.61,88.44,42.65
134,55.14,88.67,41.91
162,55.16,89.21,41.9
181,55.22,89.99,41.9
125,55.12,88.55,41.91
151,54.62,88.45,41.89
327,56.41,88.63,43.16
294,55.55,88.46,43.18
110,54.29,89.22,40.65
75,53.91,88.8,40.45
83,43.05,89.42,47.52
27,42.28,89.01,47.52
65,42.86,88.95,47.52
22,41.8,88.61,47.52
138,43.25,88.94,47.53
94,41.32,88.21,46.9
108,43.05,88.94,46.91
99,42.65,88.53,46.9
116,42.2,88.13,46.9
155,43.25,88.53,46.92
13,43.25,82.73,43.76
17,43.05,83.15,43.14
177,43.25,83.12,43.76
397,41.72,87.73,46.27
775,41.24,87.33,45.65
733,42.12,87.25,45.65
3,42.67,83.65,42.52
61,43.08,83.57,43.14
463,43.26,83.52,43.76
167,42.92,84.07,42.56
154,43.05,88.52,46.29
226,42.83,88.01,46.27
339,42.56,87.65,46.27
518,43.25,86.28,45.07
294,43.25,87.12,45.71
193,43.25,87.95,46.32
77,43.05,89.42,48.15
17,42.28,89.01,48.15
55,42.86,88.95,48.15
9,41.8,88.61,48.15
138,43.25,88.94,48.15
2,40.92,88.69,48.15
8,40.92,88.69,47.52
2,39.67,89.68,47.83
5,40.52,89.16,47.52
3,40.12,84.76,42.5
4,39.72,85.24,42.5
38,40.61,85.16,42.52
519,41.09,85.57,43.15
22,41.01,84.68,43.15
908,41.17,86.45,43.77
42,40.21,85.64,42.52
489,40.69,86.04,43.15
943,41.57,85.97,44.4
883,41.17,86.45,44.4
1025,41.64,86.85,45.02
28,39.36,86.16,42.81
293,40.28,86.52,43.77
210,39.88,87,43.77
298,40.28,86.52,44.4
775,40.76,86.92,45.02
549,40.36,87.4,45.02
187,39.88,87,44.4
5,37.76,88.07,45.33
9,38.56,87.12,44.08
11,38.72,88.88,46.58
84,40.48,88.72,46.58
267,40.84,87.81,46.27
158,39.52,87.92,45.33
402,40.36,87.4,45.65
621,40.76,86.92,45.65
466,41.49,85.09,44.4
4,40.86,82.92,42.52
38,40.19,83.43,42.09
3,40.93,83.8,42.52
3,40.53,84.28,42.52
4,39.28,84.42,42.8
53,39.32,81.51,41.55
58,40.11,81.76,42.06
7,40.78,82.04,42.52
7,40.38,82.52,42.52
2,40.38,82.52,43.15
2,40.78,82.04,43.15
3,38.91,80.88,42.8
3,39.07,82.65,42.82
1138,43.23,89.78,41.27
1185,43.63,89.34,40.82
1270,44.08,88.87,40.62
1415,44.47,88.37,40.46
985,42.75,89.41,41.27
890,42.92,88.94,40.74
1055,43.21,88.93,40.82
1179,43.6,88.44,40.59
1398,43.95,87.89,40.45
684,42.68,88.53,41.27
501,42.89,88.05,40.75
406,42.6,87.65,41.27
393,42.86,87.17,41.27
211,43.2,87.32,41.23
1103,43.42,87.18,41.14
157,43.07,87.48,40.81
885,43.17,88.04,40.82
1181,43.46,87.32,40.74
1518,43.51,86.82,40.61
1540,43.53,86.06,40.61
1578,43.53,85.31,40.62
1609,43.53,84.42,40.61
1621,43.53,83.55,40.61
1153,43.49,87.58,40.58
1508,43.77,86.93,40.44
1543,43.69,86.04,40.46
1575,43.66,85.26,40.46
1599,43.63,84.4,40.46
1610,43.6,83.53,40.46
991,42.35,89.89,42.52
963,42.76,89.41,41.9
863,42.28,89.01,42.52
602,42.2,88.13,42.52
790,42.12,87.25,42.52
753,42.52,86.77,42.52
607,43.1,86.99,42.52
553,43.3,87.18,42.51
806,42.68,88.53,41.9
525,42.6,87.65,41.9
600,42.86,87.17,41.89
570,43.2,87.32,41.87
1224,43.42,87.18,41.84
9,41.41,84.21,43.77
1015,41.57,85.97,43.77
401,41.49,85.09,43.77
841,43.27,83.9,43.75
608,43.26,85.63,43.76
1242,41.97,85.49,43.15
307,41.89,84.61,43.15
816,42.39,85.01,42.51
119,42.29,84.13,43.15
1058,42.47,85.89,43.14
989,42.78,85.41,42.54
518,42.74,84.53,42.53
848,43.13,84.02,43.12
1600,43.28,84.19,43.23
1181,43.1,84.98,42.57
1524,43.14,84.52,42.91
1605,43.28,84.35,42.94
1321,43.27,84.93,42.81
714,43.11,85.58,43.12
1299,43.28,85.22,43.11
970,43.26,85.62,44.46
369,57.8,89.84,44.4
365,57.96,89.4,45.02
363,58.04,88.46,46.27
363,57.75,89.04,45.02
358,57.47,90.07,44.4
381,57.99,90.28,44.39
363,57.54,90.28,44.39
362,58.15,88.91,45.65
373,58.15,89.94,45.02
363,58.15,89.38,45.65
382,58.16,90.48,45.02
381,57.63,90.48,45.02
346,58.35,88.78,46.27
362,58.35,90.07,45.65
347,58.35,89.37,46.27
336,57.02,90.28,44.39
358,56.6,90.28,43.77
356,56.04,90.28,43.14
332,57.05,90.48,45.02
320,56.62,90.48,44.4
387,56.05,90.48,43.77
410,55.23,90.48,43.77
217,54.35,90.48,43.14
303,55.23,90.28,43.14
1155,42.05,86.37,44.4
1028,42.79,86.31,44.4
672,43.06,86.29,44.42
327,43.26,86.89,44.49
296,43.26,87.07,45.13
1054,41.64,86.85,44.4
795,42.12,87.25,45.02
476,42.57,87.65,45.64
307,42.85,88.02,45.63
238,43.06,87.96,45.68
199,43.26,87.94,45.15
285,42.46,90.77,44.39
138,42.77,90.29,45
115,42.9,89.83,45.62
256,42.65,88.53,45.64
807,41.72,87.73,44.4
517,42.2,88.13,45.02
229,42.35,89.89,45.02
318,41.95,90.37,44.4
425,41.88,89.49,44.4
576,41.8,88.61,44.4
333,42.28,89.01,45.02
176,42.88,88.94,45.62
107,43.08,90.45,45.06
109,43.06,89.85,45.67
195,43.1,88.49,45.16
153,43.07,88.93,45.68
147,43.11,89.44,45.08
108,43.26,89.95,45.13
165,43.28,89.47,44.82
144,43.27,88.91,45.15
1230,42.05,86.37,43.77
1066,42.79,86.31,43.77
595,43.06,86.3,43.78
358,43.26,86.9,43.84
1124,41.64,86.85,43.77
569,43.06,91.21,43.78
585,43.11,90.53,44.42
1069,43.29,90.36,44.4
1054,43.26,90.63,43.83
844,41.72,87.73,43.77
190,42.73,89.41,45
589,41.8,88.61,43.77
536,41.88,89.49,43.77
521,41.95,90.37,43.77
708,42.46,90.77,43.77
1295,44.48,90.48,41.85
917,42.52,86.77,43.14
569,43.09,86.99,43.16
473,43.3,87.18,43.19
1238,43.09,90.51,43.15
1276,43.3,90.36,43.17
898,42.12,87.25,43.15
616,42.2,88.13,43.15
1008,42.35,89.89,43.15
880,42.28,89.01,43.15
1153,42.78,90.29,43.15
1106,43.21,90.23,42.52
1236,43.43,90.36,42.52
1293,43.75,90.49,42.5
1283,43.51,90.43,42.51
1053,43.04,90.05,42.52
1131,43.47,90.23,41.88
1218,43.89,90.31,41.87
1185,43.66,90.28,41.88
1063,43.23,89.78,41.9
1293,45.37,90.48,41.84
1290,45.91,90.48,41.83
1266,46.82,90.48,41.82
1205,47.75,90.48,41.81
1250,44.54,90.29,41.22
1173,43.6,90.01,41.27
1197,43.89,90.1,41.27
1223,45.9,90.23,40.66
1204,46.81,90.2,40.66
1221,45.45,90.08,40.66
134,53.88,89.8,40.65
133,53.49,90.14,40.65
100,52.59,90.18,40.65
98,51.7,90.21,40.66
1177,47.7,90.18,40.66
1024,48.6,90.15,40.66
1209,46.31,90.19,40.46
1197,47.21,90.12,40.46
1241,45.85,89.78,40.46
81,53.44,89.37,40.46
93,53.01,90.01,40.46
74,52.12,90.11,40.46
262,51.24,90.2,40.46
733,49.45,90.3,40.46
659,50.33,90.26,40.46
1089,48.11,90.07,40.46
725,48.99,89.98,40.46
1221,44.56,90.02,40.86
1214,44.1,89.74,40.84
1217,44.98,89.76,40.65
1263,44.53,89.3,40.64
1336,45.39,89.3,40.46
1392,44.93,88.83,40.46
575,51.71,90.48,42.48
273,52.6,90.48,42.49
149,54.35,90.28,42.51
150,53.53,90.48,42.5
385,52.61,90.48,43.13
239,53.53,90.48,43.14
1119,48.58,90.48,42.47
1248,46.31,90.48,41.09
1259,45.92,90.28,41.2
1216,47.22,90.48,41.08
1243,46.82,90.28,41.2
1259,45.39,90.28,41.2
1064,49.46,90.48,41.79
146,54.34,90.02,41.9
165,54.34,90.02,41.27
101,53.01,90.48,41.11
151,53.53,90.28,41.21
969,50.35,90.48,41.8
749,51.15,90.48,41.8
314,52.12,90.48,41.82
318,51.71,90.28,41.86
133,53.01,90.48,41.84
131,52.61,90.28,41.87
137,53.53,90.28,41.88
1094,49.47,90.48,41.06
954,50.35,90.48,41.07
242,52.12,90.48,41.08
116,52.6,90.28,41.2
648,51.15,90.48,41.07
202,51.71,90.28,41.19
1185,48.13,90.48,41.68
1153,48.61,90.28,41.86
1171,48.12,90.48,41.06
1203,47.72,90.28,41.19
1138,48.63,90.28,41.19
1228,45.93,90.11,40.87
1224,46.32,90.28,40.75
1214,46.82,90.09,40.87
1201,47.23,90.28,40.75
1219,45.48,89.97,40.87
138,53.87,89.75,40.87
112,53.01,90.28,40.76
139,53.49,90.04,40.87
953,49.46,90.28,40.75
769,50.34,90.28,40.75
105,52.12,90.28,40.75
105,52.59,90.07,40.87
108,51.7,90.09,40.87
400,51.14,90.28,40.75
1185,47.71,90.06,40.87
1157,48.13,90.28,40.75
1087,48.61,90.04,40.87
49,42.88,87.21,50.66
107,43.33,87.53,50.83
72,43.1,87.06,51.27
43,43.05,86.29,51.9
21,43.07,85.55,52.52
11,43.12,85.1,53.15
9,43.39,84.98,53.77
8,43.69,85.35,54.4
136,43.26,87.03,50.63
90,43.25,86.29,51.27
54,43.25,85.62,51.9
28,43.27,85.22,52.52
18,43.39,85.11,53.15
16,43.52,85.52,53.78
9,43.59,85.88,54.4
5,43.78,85.68,55.02
3,43.78,85.68,55.65
3,44.55,85.68,56.9
3,44.12,85.68,56.27
4,44.2,85.47,55.65
5,43.96,85.88,55.02
4,44.44,85.88,56.27
4,43.96,85.88,55.65
9,52.1,83.77,53.78
5,52.1,83.76,54.4
9,52.1,84.21,53.78
6,52.1,84.2,54.4
3,51.8,85.88,55.33
90,43.05,88.94,48.77
35,42.65,88.53,48.77
16,42.2,88.13,48.77
150,43.25,88.53,48.76
5,41.72,87.73,49.4
61,42.83,88.01,49.4
93,43.05,88.53,49.38
38,42.57,87.65,49.4
157,43.25,87.97,49.37
15,42.12,87.25,50.02
63,42.84,87.2,50.04
107,43.18,87.58,50.46
94,43.08,88,49.98
162,43.26,87.14,49.97
3,41.64,86.85,50.65
26,42.51,86.77,50.65
6,42.05,86.37,51.27
31,42.78,86.3,51.27
6,44.2,85.47,55.02
6,44.14,84.86,55.02
11,43.92,85.27,54.4
9,42.46,85.89,51.89
8,42.77,85.39,52.52
2,42.37,85.01,52.52
5,42.96,84.96,53.15
7,43.29,84.76,53.77
3,43.17,84.05,53.77
6,43.66,84.46,54.4
4,43.58,83.57,54.4
149,52.31,87.04,52.79
62,52.55,87.56,54.1
113,52.27,87.54,53.49
175,52.31,87.65,51.97
202,52.17,87.23,51.84
174,52.4,87.17,52.06
193,52.19,87.04,51.95
391,45.47,90.06,50.89
78,45.63,91.82,50.89
361,45.55,90.94,50.89
81,46.11,92.22,50.89
237,46.9,92.59,50.88
260,45.8,88.7,50.89
344,45.88,89.58,50.89
268,46.12,87.34,50.89
278,46.2,88.22,50.89
211,46.03,91.34,51.9
341,45.95,90.46,51.9
398,45.95,90.46,51.27
217,46.51,91.75,51.9
300,46.03,91.34,51.27
300,46.51,91.75,51.27
315,46.28,89.1,51.27
374,46.35,89.98,51.27
279,46.28,89.1,51.9
331,46.35,89.98,51.9
279,46.6,87.74,51.27
308,46.68,88.63,51.27
130,52.11,89.5,50.92
112,51.94,90.29,51.34
310,47.83,91.62,51.53
140,49.59,91.48,51.52
107,51.28,91.33,51.51
27,53.58,86.68,52.83
48,52.84,87.08,52.05
48,52.52,86.92,52.79
54,53.76,88.45,52.83
71,53.89,90.21,52.82
89,52.22,88.54,53.48
81,52.33,89.42,53.35
31,53,87.68,51.54
54,52.52,88.54,51.52
29,53.07,89.41,51.53
56,52.99,87.66,54.03
75,52.52,88.53,53.85
78,53.06,89.4,54.02
89,52.11,88.56,53.71
84,51.8,88.58,53.91
102,52.11,87.65,53.77
89,51.52,87.7,53.9
176,46.87,90.83,52.89
115,47.67,89.87,53.7
90,48.48,88.88,53.9
80,51.93,89.5,53.6
77,51.61,90.32,53.18
74,52.15,90.36,52.65
125,48.63,90.67,52.89
88,50.38,90.51,52.9
91,49.45,89.72,53.7
86,50.3,88.73,53.9
80,51.22,89.55,53.71
74,52.45,89.4,52.09
297,46.52,86.88,50.89
284,47,87.27,51.27
231,46.6,87.74,51.9
222,46.28,89.1,52.52
250,46.68,88.63,51.9
186,46.2,88.22,52.52
224,46.76,89.51,52.52
152,46.28,89.1,53.21
137,46.2,88.22,53.21
158,46.76,89.51,53.21
153,46.12,87.34,52.52
140,46.06,86.62,52.52
107,46.12,87.34,53.21
90,46.06,86.62,53.21
216,46.53,86.88,51.9
278,46.9,86.6,51.27
225,47,87.27,51.9
104,46.6,87.71,53.7
120,46.67,88.61,53.7
124,47.16,89.02,53.7
65,46.52,86.79,53.7
85,47,87.2,53.7
83,47.4,86.46,53.9
90,47.52,88.03,53.9
112,46.03,86.36,53.29
156,46.03,86.36,52.54
226,46.86,86.36,51.88
224,47.38,86.36,51.88
315,46.85,86.36,50.78
276,47.38,86.36,51.2
215,47.78,86.36,51.88
162,47.3,86.16,53.08
307,47.35,86.16,50.59
257,47.75,86.16,51.09
180,48.22,86.16,51.87
115,52.2,88.57,51.97
440,45.95,90.46,50.71
391,46.03,91.34,50.71
381,46.51,91.75,50.71
401,47.51,91.63,50.71
326,46.28,89.1,50.71
400,46.35,89.98,50.71
305,46.6,87.72,50.71
323,46.68,88.62,50.71
315,48.1,91.58,50.71
175,49.61,91.47,50.71
104,51.35,91.31,50.71
125,51.72,90.38,50.71
324,46.88,86.49,50.71
321,47,87.21,50.71
172,52.11,88.49,51.16
450,46.87,90.83,50.51
391,46.76,89.5,50.51
375,47.16,89.02,50.51
334,47.08,88.11,50.51
295,48.65,90.67,50.51
160,50.5,90.51,50.51
158,51.42,89.77,50.51
342,47.47,87.59,50.51
343,47.38,86.56,50.51
21,52.1,82.82,52.54
9,51.67,82.38,53.14
16,51.9,82.27,52.53
24,52.1,82.15,51.95
11,52.1,85.54,53.18
16,51.9,83.27,53.15
14,52.1,83.77,53.16
22,52.1,83.25,52.54
12,52.1,84.79,53.17
17,51.9,84.18,53.15
22,52.1,84.2,52.56
352,56.13,89.95,43.15
359,56.58,90.1,43.77
366,57.89,88.66,45.64
374,57.43,88.46,45.65
329,55.64,89.65,43.15
359,57.33,88.86,45.02
361,57.35,88.66,45.02
365,56.95,88.46,45.02
355,57.33,88.86,44.4
357,57.4,89.46,44.4
345,57,89.9,44.4
331,56.44,88.85,43.12
352,56.92,89.08,43.77
357,56.92,88.66,44.4
374,56.38,88.46,44.4
359,56.52,89.54,43.77
357,56.37,88.66,43.77
361,55.57,88.46,43.78
333,56.04,89.15,43.14
238,55.59,88.85,42.52
375,57.44,88.46,46.27
106,54.7,88.91,41.28
158,54.76,89.7,41.27
77,54.64,88.63,41.23
162,54.11,88.45,41.15
558,53.86,87.84,40.58
516,53.87,88.28,40.6
89,54.01,88.62,40.75
115,54.28,89.27,40.87
192,55.13,88.69,42.31
206,55.16,89.21,42.52
207,55.22,89.99,42.52
210,55.11,88.59,42.38
240,55.6,88.59,42.6
305,54.68,88.46,42.55
135,54.72,88.9,41.9
150,54.76,89.7,41.9
168,54.61,88.62,41.89
430,54.11,88.45,41.85
302,55.22,89.99,43.15
304,55.55,88.65,43.16
279,54.74,88.46,43.15
364,54.77,88.46,43.77
82,53.85,88.89,40.63
443,53.46,88.36,40.45
556,53.74,87.85,40.45
561,53.71,86.94,40.46
559,53.85,86.9,40.58
17,41.32,88.21,47.52
100,43.05,88.94,47.52
56,42.65,88.53,47.52
44,42.2,88.13,47.52
152,43.25,88.53,47.53
96,40.84,87.81,46.9
143,41.72,87.73,46.9
127,43.05,88.53,46.9
145,42.83,88.01,46.9
176,42.56,87.65,46.9
180,43.25,87.97,46.91
6,43.05,82.75,43.77
69,43.25,82.72,44.38
4,42.84,83.18,43.15
72,43.05,83.15,43.77
404,43.25,83.11,44.38
448,41.24,87.33,46.27
515,42.12,87.25,46.27
1079,43.28,84.18,44.49
927,41.64,86.85,45.65
784,42.51,86.77,45.64
1100,42.05,86.37,45.02
888,42.79,86.31,45.02
1275,42.47,85.89,44.39
14,42.67,83.65,43.14
242,43.08,83.56,43.76
754,43.25,83.53,44.42
963,41.97,85.49,44.4
380,41.89,84.61,44.4
550,42.94,84.07,43.14
917,43.27,83.91,44.45
697,43.05,86.29,45.04
435,42.81,87.18,46.27
378,43.05,87.15,45.67
201,43.05,87.96,46.29
1111,43.25,85.6,45.08
489,43.25,86.31,45.66
273,43.25,87.16,46.29
5,41.32,88.21,48.15
97,43.05,88.94,48.15
40,42.65,88.53,48.15
21,42.2,88.13,48.15
155,43.25,88.53,48.15
5,40.44,88.28,47.52
3,40.04,88.76,47.52
2,40.13,84.76,43.15
2,39.73,85.24,43.15
416,41.09,85.57,43.77
14,41.01,84.68,43.77
42,40.61,85.16,43.15
395,40.69,86.04,43.77
43,40.21,85.64,43.15
475,41.09,85.57,44.4
1056,41.57,85.97,45.02
427,40.69,86.04,44.4
957,41.17,86.45,45.02
22,39.37,86.16,44.08
362,40.28,86.52,45.02
237,39.88,87,45.02
21,38.56,87.12,45.33
73,40.36,87.4,46.9
41,39.52,87.92,46.58
179,40.36,87.4,46.27
181,39.88,87,45.65
287,40.28,86.52,45.65
326,40.76,86.92,46.27
859,41.17,86.45,45.65
59,41.01,84.68,44.4
665,41.49,85.09,45.02
2,42.22,83.25,43.77
38,41.41,84.21,44.4
4,41.81,83.73,43.77
4,40.03,83.45,42.84
4,39.86,81.67,42.81
1131,43.64,89.34,41.27
1210,44.03,88.86,40.84
1331,44.45,88.37,40.64
1441,44.82,87.87,40.46
996,43.16,88.93,41.27
1102,43.54,88.45,40.82
1320,43.96,87.95,40.61
1476,44.28,87.4,40.45
830,43.08,88.05,41.27
249,43.07,87.48,41.26
1125,43.46,87.32,41.23
1496,43.52,86.83,41.14
1525,43.53,86.13,41.15
1583,43.53,85.37,41.16
1629,43.53,84.44,41.15
1643,43.53,83.55,41.15
1098,43.48,87.63,40.81
1473,43.67,86.94,40.74
1513,43.71,86.15,40.76
1600,43.53,84.82,40.61
1566,43.72,85.36,40.77
1617,43.53,83.94,40.61
1612,43.72,84.44,40.77
1627,43.72,83.56,40.77
1469,43.89,87.03,40.6
1516,43.86,86.12,40.65
1564,43.84,85.32,40.66
1603,43.82,84.43,40.66
1618,43.79,83.55,40.66
1513,44.1,86.49,40.45
1550,44.01,85.64,40.46
1580,43.9,84.8,40.46
1597,43.83,83.94,40.46
1016,42.76,89.41,42.52
989,43.16,88.93,41.9
921,42.68,88.53,42.52
607,42.6,87.65,42.52
628,42.86,87.17,42.52
646,43.2,87.32,42.52
1267,43.42,87.18,42.51
946,43.08,88.05,41.9
506,43.07,87.48,41.89
1216,43.46,87.32,41.87
1483,43.52,86.85,41.84
1518,43.53,86.17,41.86
1587,43.53,85.4,41.86
1644,43.53,84.46,41.85
1659,43.53,83.55,41.86
170,42.29,84.13,43.77
1124,41.97,85.49,43.77
307,41.89,84.61,43.77
1310,42.47,85.89,43.77
865,43.13,83.98,43.76
1553,43.28,84.18,43.74
979,43.11,85.58,43.77
1486,43.28,85.22,43.75
1306,42.37,85.01,43.15
941,42.74,84.35,43.28
1232,42.73,84.58,43.04
1142,42.8,85.41,43.15
1226,42.95,84.97,42.68
1588,43.15,84.31,43.3
1614,43.29,84.23,43.16
1601,43.17,84.44,43.06
1480,43.13,84.89,42.91
1616,43.36,84.8,42.94
1443,43.15,85.13,43.17
1593,43.39,85.11,43.15
1147,43.29,84.35,44.82
1305,43.1,85.57,44.42
1530,43.27,85.22,44.48
1275,43.3,84.23,44.47
369,57.8,89.84,45.02
364,57.96,89.4,45.65
323,58.05,88.46,46.9
363,57.89,88.66,46.27
364,57.75,89.04,45.65
356,57.4,89.46,45.02
357,57.47,90.07,45.02
344,57.46,88.46,46.9
378,57.99,90.28,45.02
364,57.54,90.28,45.02
355,58.15,88.91,46.27
365,58.15,89.95,45.65
352,58.15,89.38,46.27
367,58.16,90.48,45.64
367,57.64,90.48,45.65
322,58.35,88.77,46.91
349,58.35,90.07,46.28
325,58.35,89.36,46.91
190,58.04,88.46,49.23
183,58.35,89.05,50.14
184,58.05,88.46,50.12
183,57.49,88.46,50.11
182,57.53,88.58,50.3
182,58.06,88.9,50.3
191,58.35,89.05,49.25
327,57.02,90.28,45.02
332,56.6,90.28,44.4
377,56.04,90.28,43.77
331,57.05,90.48,45.64
303,56.61,90.48,45.02
353,56.05,90.48,44.39
421,55.23,90.48,44.39
395,54.35,90.48,43.77
392,55.23,90.28,43.77
215,54.35,90.28,43.14
800,42.52,86.77,45.02
529,42.81,87.18,45.64
881,42.52,86.77,44.4
413,43.1,86.99,44.41
314,43.3,87.18,44.52
372,43.08,87.14,45.04
273,43.29,87.27,44.82
810,42.12,87.25,44.4
480,42.59,87.65,45
284,42.89,88.05,44.97
233,43.11,87.99,45.04
229,43.32,87.93,44.82
414,42.78,90.31,44.39
146,42.95,89.84,44.94
1013,43.33,90.36,44.61
492,42.2,88.13,44.4
278,42.67,88.53,45.01
284,42.35,89.89,44.4
359,42.28,89.01,44.4
196,42.93,88.92,44.96
137,43.11,89.88,45.02
218,43.17,89.42,44.69
172,43.12,88.9,45.03
764,43.37,89.95,44.84
349,43.34,88.97,44.82
976,42.51,86.77,43.77
472,43.09,86.99,43.8
374,43.3,87.18,43.87
880,42.12,87.25,43.77
1101,43.19,90.23,44.31
1139,43.1,90.52,43.79
1270,43.3,90.36,43.84
1217,43.43,90.36,44.47
1236,43.46,90.19,44.82
531,42.2,88.13,43.77
686,42.35,89.89,43.77
611,42.28,89.01,43.77
263,42.67,89.41,44.45
983,42.78,90.29,43.77
1300,44.48,90.48,42.5
1262,44.55,90.29,41.88
639,42.85,87.17,43.14
595,43.2,87.32,43.16
1240,43.42,87.18,43.19
1246,43.21,90.23,43.15
1283,43.43,90.36,43.17
1296,43.74,90.49,43.14
1287,43.51,90.43,43.15
611,42.6,87.65,43.15
994,42.68,88.53,43.15
1103,42.76,89.41,43.15
1174,43.04,90.05,43.15
1155,43.47,90.23,42.52
1254,43.88,90.32,42.51
1219,43.66,90.28,42.52
1043,43.23,89.78,42.52
1088,43.6,90.01,41.89
1140,43.9,90.1,41.9
1062,43.64,89.34,41.9
1288,45.38,90.48,42.49
1283,45.4,90.28,41.87
1277,45.92,90.48,42.49
1246,46.82,90.48,42.48
1191,47.78,90.48,42.47
1281,46.33,90.48,41.82
1287,45.93,90.28,41.87
1250,47.23,90.48,41.81
1277,46.83,90.28,41.86
1231,47.76,90.28,41.87
1054,48.58,90.48,43.12
612,51.71,90.48,43.13
495,52.6,90.48,43.77
388,53.53,90.48,43.77
1216,44.58,90.01,41.27
1182,44.11,89.73,41.27
1207,46.34,90.03,40.66
1186,47.22,89.97,40.66
1205,45.87,89.66,40.66
91,53.42,89.37,40.65
105,53,89.9,40.65
82,52.12,89.97,40.66
239,51.24,90.04,40.66
864,49.45,90.12,40.66
700,50.33,90.09,40.66
1117,48.11,89.91,40.66
918,48.99,89.83,40.66
1216,46.74,89.68,40.46
1162,47.63,89.6,40.46
1287,46.27,89.22,40.46
188,52.98,88.95,40.46
86,52.54,89.54,40.46
76,51.65,89.66,40.46
495,50.76,89.82,40.46
680,49.88,89.9,40.46
866,48.52,89.52,40.46
700,49.4,89.42,40.46
1206,44.99,89.68,40.87
1228,44.51,89.26,40.86
1244,45.4,89.23,40.66
1314,44.92,88.8,40.66
1365,45.79,88.77,40.46
1404,45.32,88.32,40.46
1004,49.47,90.48,42.47
142,54.34,90.02,42.52
890,50.35,90.48,42.47
741,51.15,90.48,42.48
411,52.12,90.48,42.49
431,51.71,90.28,42.51
196,53.01,90.48,42.5
185,52.6,90.28,42.51
143,53.53,90.28,42.51
506,52.12,90.48,43.13
304,53.01,90.48,43.14
312,52.61,90.28,43.14
212,53.53,90.28,43.14
1136,48.58,90.28,42.5
1251,45.93,90.11,41.27
1255,46.33,90.28,41.2
1245,46.82,90.09,41.27
1230,47.23,90.28,41.2
1228,45.48,89.97,41.27
1065,49.47,90.28,41.86
128,53.88,89.75,41.9
139,53.88,89.75,41.27
124,53.01,90.28,41.21
144,53.5,90.04,41.27
913,50.35,90.28,41.86
565,51.15,90.28,41.86
287,51.7,90.09,41.9
184,52.12,90.28,41.87
118,52.59,90.07,41.9
126,53.01,90.28,41.88
131,53.5,90.04,41.9
1072,49.47,90.28,41.19
872,50.35,90.28,41.19
112,52.59,90.07,41.27
130,52.12,90.28,41.2
167,51.7,90.09,41.27
467,51.15,90.28,41.19
1207,48.14,90.28,41.75
1169,48.59,90.04,41.9
1213,47.71,90.06,41.27
1180,48.13,90.28,41.19
1144,48.61,90.04,41.27
1214,46.35,89.93,40.87
1197,47.23,89.88,40.87
1201,45.88,89.58,40.87
95,53.4,89.36,40.86
108,53,89.83,40.87
950,49.46,90.01,40.87
724,50.33,89.99,40.87
249,51.24,89.94,40.87
90,52.11,89.89,40.87
1141,48.11,89.82,40.87
1005,48.99,89.74,40.87
91,43.11,87.08,50.65
60,43.05,86.29,51.27
33,43.07,85.55,51.9
17,43.12,85.1,52.52
16,43.39,84.98,53.15
17,43.69,85.35,53.77
10,43.78,85.68,54.4
119,43.25,86.3,50.63
75,43.25,85.62,51.27
41,43.27,85.22,51.9
29,43.39,85.11,52.52
27,43.52,85.52,53.16
16,43.59,85.88,53.79
9,43.96,85.88,54.4
568,43.53,90.35,50.15
567,43.64,90.39,50.3
634,43.7,90.48,50.14
6,44.12,85.68,55.02
3,44.55,85.68,56.27
4,44.12,85.68,55.65
4,44.61,85.24,55.65
6,44.44,85.88,55.02
4,44.44,85.88,55.65
9,44.45,85.88,54.4
10,51.9,83.77,53.77
6,51.9,83.76,54.4
7,52.1,85.13,54.1
10,51.9,84.19,53.77
6,51.9,84.18,54.4
3,51.63,85.68,55.33
4,51.03,85.88,55.35
6,51.78,85.88,54.12
5,41.72,87.73,48.77
61,42.83,88.01,48.77
109,43.05,88.53,48.77
32,42.56,87.65,48.77
166,43.25,87.97,48.77
2,42.77,84.53,53.15
14,42.12,87.25,49.4
63,42.81,87.19,49.4
116,43.05,87.97,49.38
172,43.25,87.17,49.38
4,41.64,86.85,50.02
31,42.51,86.77,50.02
120,43.08,87.16,50
148,43.25,86.31,50.01
8,42.05,86.37,50.65
41,42.78,86.31,50.64
13,42.46,85.89,51.27
2,41.97,85.49,51.27
7,44.61,85.24,55.02
13,44.2,85.47,54.4
24,43.92,85.27,53.77
14,44.14,84.86,54.4
12,42.77,85.39,51.9
3,42.37,85.01,51.9
9,42.96,84.96,52.52
4,42.77,84.53,52.52
13,43.29,84.76,53.15
2,43.1,83.14,53.15
6,43.17,84.05,53.15
15,43.66,84.46,53.77
10,43.58,83.57,53.77
13,44.05,83.97,54.4
204,52.11,87.19,51.59
161,52.19,87.04,52.76
144,52.39,87.17,52.77
124,52.16,87.23,53.49
120,52.31,87.63,53.36
187,52.1,86.37,51.8
147,52.43,87.73,52.13
197,52.09,87.35,51.97
190,52.14,87.17,52.06
192,52.11,86.77,51.84
117,52.11,86.93,53.73
112,51.73,86.74,53.9
134,51.86,86.16,53.82
151,51.88,86.15,51.9
223,52.1,86.38,50.59
200,52.1,87.03,50.59
424,45.95,90.46,50.89
359,46.03,91.34,50.89
352,46.51,91.75,50.89
392,47.37,91.65,50.86
323,46.28,89.1,50.89
391,46.35,89.98,50.89
296,46.6,87.74,50.89
319,46.68,88.63,50.89
352,46.88,90.83,51.57
338,46.76,89.51,51.27
280,46.76,89.51,51.9
315,47.16,89.03,51.27
297,47.08,88.15,51.27
239,47.16,89.03,51.9
130,51.93,89.51,51.1
112,51.66,90.34,51.53
190,48.63,90.67,51.52
134,50.38,90.49,51.55
185,52.1,87.62,50.84
74,52.68,88.54,53.68
87,52.2,88.55,53.35
70,52.98,87.66,52.81
55,52.68,88.54,51.81
72,52.89,89.38,52.76
82,51.65,88.62,53.71
87,51.95,88.6,53.54
111,51.93,87.71,53.6
84,50.84,87.75,53.9
91,51.4,87.75,53.7
170,47.68,89.87,52.89
100,48.48,88.9,53.7
92,49.31,87.86,53.9
99,49.42,89.71,52.92
87,50.27,88.76,53.7
86,51.15,89.55,52.88
97,52.2,88.44,52.11
308,47,87.27,50.89
307,46.9,86.6,50.89
293,47.48,87.67,51.27
284,47.41,86.8,51.27
227,47.08,88.15,51.9
186,46.68,88.63,52.52
172,46.6,87.74,52.52
128,46.6,87.74,53.21
181,47.16,89.03,52.52
144,46.68,88.63,53.21
147,47.16,89.03,53.21
223,46.9,86.6,51.9
168,46.53,86.88,52.52
115,46.53,86.88,53.21
170,47,87.27,52.52
125,47,87.27,53.21
220,47.48,87.67,51.9
225,47.41,86.8,51.9
84,47.41,86.63,53.7
103,47.52,88.08,53.7
84,48.34,87.03,53.9
221,47.81,86.57,51.9
159,47.32,86.36,52.97
306,47.38,86.36,50.78
272,47.78,86.36,51.2
193,48.26,86.36,51.89
144,48.24,86.16,52.79
302,47.74,86.16,50.59
248,48.21,86.16,51.09
185,48.6,86.16,51.89
156,51.94,88.53,51.33
420,46.87,90.83,50.71
369,46.76,89.5,50.71
356,47.16,89.02,50.71
326,47.08,88.13,50.71
256,48.64,90.67,50.71
157,50.43,90.51,50.71
151,51.28,89.78,50.71
329,47.48,87.64,50.71
325,47.4,86.71,50.71
154,51.82,88.56,50.51
210,51.95,87.1,50.51
246,51.89,86.33,50.5
396,47.68,89.86,50.51
360,47.56,88.52,50.51
295,49.46,89.71,50.51
174,51.24,89.17,50.51
186,51.22,88.21,50.51
359,47.95,88.02,50.51
345,47.86,87.03,50.51
323,47.76,86.27,50.51
10,51.8,85.88,53.22
7,51.41,82.14,53.15
17,51.48,82.88,53.15
25,51.9,82.85,52.53
34,52.1,82.82,51.94
19,51.67,82.38,52.52
30,51.9,82.27,51.91
245,51.88,86.14,50.61
18,52.11,85.58,52.59
14,51.9,85.41,53.16
19,51.7,83.29,53.15
17,51.9,83.77,53.15
29,51.9,83.27,52.53
22,52.1,83.77,52.55
36,52.1,83.25,51.94
16,51.9,84.74,53.15
21,52.1,84.76,52.57
21,51.72,84.18,53.15
33,51.9,84.18,52.53
38,52.1,84.2,51.95
369,56.13,89.95,43.77
337,56.58,90.1,44.4
359,57.33,88.86,45.65
364,57.36,88.66,45.65
363,56.96,88.46,45.64
375,55.64,89.65,43.77
289,55.16,89.22,43.14
334,57,89.9,45.02
347,56.92,89.08,45.02
353,56.93,88.66,45.02
367,56.39,88.46,45.02
357,56.41,88.89,43.77
353,56.92,89.08,44.4
350,56.52,89.54,44.4
365,56.38,88.66,44.4
391,55.59,88.46,44.4
310,55.57,88.9,43.14
364,56.04,89.16,43.77
363,55.56,88.66,43.77
383,55.22,89.99,43.77
361,57.37,88.66,46.27
362,56.97,88.46,46.27
554,53.86,87.85,41.1
118,54.28,89.27,41.27
131,54.02,88.62,41.23
530,53.87,88.28,41.12
557,53.85,87.41,40.58
549,53.68,87.97,40.75
465,53.72,88.41,40.73
89,53.79,88.93,40.85
531,53.86,87.88,41.83
190,54.71,88.92,42.51
167,54.76,89.7,42.52
261,54.67,88.65,42.54
388,54.11,88.45,42.5
141,54.28,89.27,41.89
388,54.02,88.62,41.88
523,53.87,88.29,41.83
256,54.7,88.93,43.14
253,54.76,89.7,43.15
271,54.71,88.66,43.14
325,54.12,88.45,43.13
366,53.87,88.38,43.24
361,54.72,88.65,43.77
372,54.14,88.45,43.76
410,54.79,88.46,44.39
424,53.36,88.44,40.62
545,53.57,87.97,40.64
509,52.97,88.01,40.46
540,53.45,87.47,40.46
543,53.53,87.04,40.66
549,53.65,87.01,40.76
552,53.35,86.6,40.46
565,53.67,86.03,40.46
561,53.85,86.16,40.53
553,53.85,86.93,41.09
546,53.85,86.97,41.83
13,40.84,87.81,47.52
35,41.72,87.73,47.52
87,42.83,88.01,47.52
111,43.05,88.53,47.52
78,42.56,87.65,47.52
170,43.25,87.97,47.52
154,41.24,87.33,46.9
221,42.12,87.25,46.9
254,42.81,87.18,46.9
158,43.05,87.97,46.9
237,43.25,87.18,46.9
121,40.76,86.92,46.9
39,43.05,82.74,44.39
133,43.25,82.69,44.87
22,42.84,83.18,43.77
210,43.05,83.14,44.39
667,43.25,83.06,45
1164,43.26,84.43,45.11
642,41.64,86.85,46.27
648,42.51,86.77,46.27
1022,43.15,84.3,44.42
1034,42.05,86.37,45.65
832,42.78,86.3,45.64
1188,42.46,85.89,45.02
1359,42.79,85.4,44.39
57,42.67,83.65,43.77
488,43.07,83.58,44.41
1036,43.25,83.56,45.02
265,42.29,84.13,44.4
1049,41.57,85.97,45.65
601,41.89,84.61,45.02
1101,41.97,85.49,45.02
948,42.37,85.01,44.4
524,42.94,84.05,43.77
741,43.12,83.99,44.41
1146,43.25,83.96,45.07
1274,43.27,84.97,45.08
1213,43.07,85.54,45.05
658,43.05,86.3,45.65
333,43.05,87.16,46.28
1004,43.25,85.61,45.6
454,43.25,86.33,46.25
2,40.84,87.81,48.15
12,41.72,87.73,48.15
63,42.83,88.01,48.14
110,43.05,88.53,48.15
40,42.56,87.65,48.15
167,43.25,87.98,48.14
8,40.36,87.4,47.52
30,40.17,85.2,44.08
626,41.09,85.57,45.02
521,40.69,86.04,45.02
8,38.56,87.12,46.58
58,39.37,86.16,45.33
39,39.88,87,46.9
80,39.88,87,46.27
611,41.09,85.57,45.65
141,40.28,86.52,46.27
449,40.69,86.04,45.65
534,41.17,86.45,46.27
62,40.28,86.52,46.9
156,41.01,84.68,45.02
749,41.49,85.09,45.65
11,42.22,83.25,44.4
116,41.41,84.21,45.02
19,41.81,83.73,44.4
2,40.53,84.28,45.02
1120,44.04,88.86,41.27
1252,44.43,88.38,40.86
1344,44.84,87.89,40.65
1406,45.22,87.4,40.46
1044,43.56,88.45,41.27
1236,43.95,87.97,40.83
1403,44.34,87.46,40.63
1472,44.69,86.96,40.46
1070,43.48,87.63,41.27
1430,43.68,86.94,41.22
1482,43.72,86.18,41.23
1614,43.53,84.85,41.15
1568,43.73,85.39,41.23
1638,43.53,83.96,41.15
1638,43.73,84.45,41.22
1655,43.73,83.56,41.22
1398,43.95,87.12,40.83
1475,43.96,86.2,40.86
1553,43.96,85.36,40.87
1596,43.72,84.85,40.77
1615,43.93,84.44,40.87
1634,43.91,83.55,40.87
1622,43.72,83.96,40.77
1455,44.21,86.56,40.64
1521,44.15,85.69,40.66
1576,44.06,84.83,40.66
1605,44,83.96,40.66
1511,44.55,86.07,40.46
1547,44.45,85.21,40.46
1572,44.35,84.35,40.46
1051,43.16,88.93,42.52
1023,43.56,88.45,41.9
1043,43.08,88.05,42.52
622,43.07,87.48,42.52
1279,43.46,87.32,42.52
1512,43.52,86.86,42.51
1535,43.53,86.19,42.5
1583,43.53,85.43,42.46
1630,43.52,84.48,42.44
1132,43.48,87.63,41.9
1408,43.69,86.95,41.87
1473,43.73,86.2,41.88
1627,43.53,84.88,41.84
1577,43.73,85.4,41.88
1654,43.53,83.95,41.85
1659,43.73,84.46,41.88
1675,43.73,83.56,41.88
1058,42.72,84.47,43.77
1213,42.37,85.01,43.77
1368,42.8,85.41,43.77
1522,43.15,84.3,43.76
1590,43.3,84.23,43.75
1535,43.15,85.12,43.76
1575,43.39,85.11,43.75
1521,43.53,86.22,43.13
1518,42.9,84.65,43.35
1533,42.97,84.91,42.99
1533,42.98,85.01,43.25
1609,43.19,84.35,43.25
1624,43.41,84.23,43.15
1612,43.32,84.77,43.06
1621,43.44,84.52,42.94
1568,43.52,85.54,42.99
1597,43.39,84.99,43.24
1556,43.51,85.38,43.25
1623,43.51,84.58,42.81
1627,43.51,84.08,43.11
1174,43.18,84.44,44.7
1379,43.36,84.8,44.82
1538,43.14,85.12,44.42
1543,43.39,85.11,44.47
1320,43.12,84.49,44.35
1248,43.2,84.35,44.4
1534,43.41,84.23,44.48
225,58.05,88.46,47.88
363,57.8,89.84,45.65
352,57.96,89.4,46.27
330,57.89,88.66,46.9
356,57.75,89.04,46.27
353,57.4,89.46,45.65
351,57.47,90.07,45.65
334,57.37,88.66,46.9
271,57.46,88.46,47.54
341,56.98,88.46,46.9
218,57.46,88.46,48.18
367,57.99,90.28,45.64
358,57.54,90.28,45.65
327,58.15,88.91,46.9
350,58.15,89.95,46.27
326,58.15,89.38,46.9
349,58.16,90.48,46.27
345,57.64,90.48,46.27
329,58.35,90.06,46.9
242,58.35,89.05,47.88
193,57.44,88.46,48.84
194,57.89,88.66,49.14
186,57.45,88.46,49.55
181,56.62,88.46,50.12
187,58.35,90.06,50.14
184,58.16,89.13,49.96
184,57.89,88.66,49.95
184,57.39,88.66,49.95
183,57.41,88.75,50.11
184,57.89,89.01,50.11
185,57.06,89.51,50.3
196,58.16,89.13,49.15
194,58.35,90.06,49.25
179,55.64,88.46,50.12
186,57.46,90.48,50.13
180,55.67,88.66,50.3
524,45.81,90.48,50.15
494,45.8,90.43,50.3
320,57.02,90.28,45.64
308,56.6,90.28,45.02
358,56.04,90.28,44.39
322,57.06,90.48,46.27
291,56.62,90.48,45.65
322,56.05,90.48,45.02
382,55.23,90.48,45.02
476,54.35,90.48,44.39
410,55.23,90.28,44.4
372,54.35,90.28,43.77
214,54.34,90.02,43.15
500,53.53,90.48,44.39
557,52.61,90.48,44.39
496,42.85,87.19,44.98
522,42.85,87.16,44.37
379,43.2,87.32,44.41
1235,43.42,87.18,44.52
308,43.18,87.39,44.69
1071,43.41,87.47,44.82
455,42.6,87.65,44.38
310,42.85,88.07,44.5
269,43.25,88,44.69
1267,43.42,88.41,44.82
1189,43.52,90.42,44.45
1230,43.52,90.2,44.81
230,42.9,89.87,44.54
904,42.95,90.03,44.24
1035,43.26,90.23,44.5
594,42.9,89.41,44.26
370,42.66,88.53,44.38
258,42.89,88.92,44.54
902,43.34,89.85,44.69
492,43.28,88.95,44.69
1324,43.45,89.41,44.84
584,42.85,87.17,43.77
481,43.2,87.32,43.81
1234,43.42,87.18,43.87
517,42.6,87.65,43.77
1285,43.21,90.23,43.79
1264,43.43,90.36,43.84
1248,43.55,90.08,44.69
1276,43.48,90.23,44.38
811,42.68,88.53,43.77
935,42.76,89.41,43.77
1198,43.04,90.05,43.77
1234,43.51,90.43,43.81
1176,43.74,90.48,44.4
1249,43.74,90.49,43.77
1284,44.47,90.48,43.14
1284,44.55,90.29,42.51
1193,44.58,90.01,41.9
1505,43.52,86.87,43.17
593,43.07,87.48,43.14
1277,43.46,87.32,43.16
1267,43.47,90.23,43.15
1315,43.88,90.32,43.14
1302,43.66,90.28,43.15
1098,43.08,88.05,43.15
1153,43.16,88.93,43.15
1150,43.23,89.78,43.15
1089,43.6,90.01,42.52
1164,43.9,90.11,42.52
1034,43.64,89.34,42.52
1101,44.11,89.74,41.9
1050,44.04,88.86,41.9
1259,45.37,90.48,43.14
1294,45.4,90.28,42.51
1228,45.48,89.97,41.9
1131,47.79,90.48,43.12
1242,45.92,90.48,43.13
1199,46.82,90.48,43.13
1265,46.33,90.48,42.49
1294,45.93,90.28,42.51
1227,47.23,90.48,42.48
1275,46.83,90.28,42.5
1216,47.79,90.28,42.5
1272,45.93,90.11,41.9
1284,46.34,90.28,41.87
1276,46.82,90.09,41.9
1245,47.73,90.06,41.9
1266,47.24,90.28,41.86
962,48.58,90.48,43.76
1065,48.58,90.28,43.14
954,49.47,90.48,43.12
714,51.15,90.48,43.13
625,51.71,90.48,43.76
528,51.71,90.28,43.14
835,50.35,90.48,43.12
856,48.58,90.48,44.39
568,52.12,90.48,43.76
440,53.01,90.48,43.77
449,52.6,90.28,43.77
359,53.53,90.28,43.77
1189,45,89.68,41.27
1177,44.52,89.26,41.27
1190,46.75,89.57,40.66
1150,47.63,89.49,40.66
1207,46.27,89.15,40.66
201,52.94,88.96,40.65
102,52.53,89.48,40.66
88,51.64,89.58,40.66
471,50.75,89.71,40.66
780,49.88,89.77,40.66
1013,48.52,89.41,40.66
840,49.4,89.33,40.66
1213,47.15,89.13,40.46
1026,48.04,89.06,40.46
1274,46.67,88.69,40.46
351,52.49,88.55,40.46
140,52.06,89.08,40.46
128,51.17,89.2,40.46
591,50.28,89.31,40.46
734,48.92,88.97,40.46
661,49.81,88.87,40.46
1214,45.4,89.18,40.87
1255,44.92,88.78,40.87
1276,45.8,88.73,40.66
1314,45.32,88.31,40.66
1298,46.2,88.26,40.46
1313,45.71,87.83,40.46
1019,49.47,90.28,42.5
135,53.88,89.75,42.52
199,53.88,89.75,43.15
883,50.35,90.28,42.5
628,51.15,90.28,42.5
403,51.7,90.09,42.52
289,52.12,90.28,42.51
166,52.59,90.07,42.52
150,53.01,90.28,42.51
135,53.5,90.04,42.52
420,52.12,90.28,43.14
294,52.59,90.07,43.15
200,53.5,90.04,43.15
249,53.01,90.28,43.14
1144,48.58,90.04,42.52
1238,46.35,89.93,41.27
1227,47.23,89.88,41.27
1203,45.88,89.58,41.27
1065,49.46,90.01,41.9
150,53.4,89.37,41.9
103,53.4,89.37,41.27
112,53,89.83,41.27
874,50.34,89.99,41.9
434,51.25,89.94,41.9
136,52.11,89.89,41.9
113,53,89.83,41.9
1054,49.46,90.01,41.27
802,50.34,89.99,41.27
316,51.25,89.94,41.27
103,52.11,89.89,41.27
1212,48.11,89.81,41.89
1118,48.99,89.74,41.9
1180,48.11,89.82,41.27
1093,48.99,89.74,41.27
1192,46.76,89.51,40.87
1161,47.64,89.43,40.87
1191,46.28,89.1,40.87
215,52.93,88.96,40.86
113,52.52,89.45,40.87
838,49.88,89.69,40.87
478,50.76,89.64,40.87
102,51.64,89.52,40.87
1063,48.52,89.35,40.87
908,49.4,89.27,40.87
82,43.05,86.3,50.64
48,43.07,85.55,51.27
27,43.12,85.1,51.9
27,43.39,84.98,52.52
29,43.69,85.35,53.15
19,43.78,85.68,53.78
11,44.12,85.68,54.4
101,43.25,85.62,50.64
61,43.27,85.21,51.27
45,43.39,85.11,51.89
43,43.52,85.52,52.55
28,43.59,85.88,53.18
17,43.96,85.88,53.79
17,44.44,85.88,53.79
633,43.53,90.35,49.64
446,43.53,90.03,50.15
495,43.73,90.16,49.96
487,43.84,90.2,50.1
447,43.85,90.01,50.3
714,43.7,90.48,49.63
535,43.89,90.28,49.96
620,44.35,90.48,50.13
566,45.24,90.48,50.14
535,44.32,90.31,50.3
479,45.32,90.27,50.3
12,44.56,85.68,54.4
8,45.11,85.45,55.02
6,44.56,85.68,55.02
4,44.55,85.68,55.65
4,45.11,85.45,55.65
4,45.02,85.88,55.65
6,45.03,85.88,55.02
10,45.03,85.88,54.4
12,51.53,83.76,53.77
6,51.53,83.76,54.4
12,51.1,83.36,53.77
7,51.72,84.18,54.4
8,51.9,85.02,54.09
11,51.72,84.18,53.77
6,51.1,83.36,54.4
4,50.94,85.68,55.34
7,51.63,85.68,54.09
8,50.98,85.88,54.12
12,42.12,87.25,48.77
54,42.81,87.19,48.77
123,43.05,87.97,48.77
173,43.25,87.18,48.77
3,41.64,86.85,49.4
29,42.51,86.77,49.4
128,43.05,87.17,49.39
157,43.25,86.33,49.39
9,42.05,86.37,50.02
49,42.78,86.31,50.02
98,43.05,86.3,50.02
119,43.25,85.62,50.02
17,42.46,85.89,50.65
3,41.97,85.49,50.65
19,42.77,85.4,51.27
5,42.37,85.01,51.27
27,44.2,85.47,53.77
17,44.61,85.24,54.4
42,43.92,85.27,53.15
25,44.53,84.38,54.4
32,44.14,84.86,53.77
14,42.96,84.96,51.9
8,42.77,84.53,51.9
22,43.29,84.76,52.52
5,43.1,83.14,52.52
12,43.17,84.05,52.52
28,43.66,84.46,53.15
22,43.58,83.57,53.15
32,44.05,83.97,53.77
138,51.53,86.13,51.9
312,51.46,86.21,50.47
222,51.9,86.15,51.12
229,52.1,86.38,51.06
209,51.95,87.3,51.71
207,52.1,87.06,51.03
160,52.11,86.57,52.88
160,52.13,87.17,52.74
132,52.08,87.34,53.36
132,52.34,87.69,52.75
182,51.92,86.55,51.86
193,51.99,87.43,52.13
195,51.95,86.91,51.93
123,51.93,87.07,53.56
102,51.11,86.37,53.9
116,51.58,86.86,53.71
119,51.68,86.36,53.64
176,51.71,86.32,51.9
116,51.08,86.16,53.46
154,51.85,86.16,53.03
177,52.1,87.58,50.56
246,51.72,86.3,50.76
235,51.9,86.56,50.77
211,51.9,87.15,50.77
408,46.77,90.84,50.88
359,46.76,89.51,50.89
344,47.16,89.03,50.89
318,47.08,88.15,50.89
266,47.68,89.88,51.55
297,47.56,88.55,51.27
215,47.56,88.55,51.9
165,49.43,89.71,51.53
128,51.12,89.56,51.53
216,47.96,88.07,51.9
119,51.61,88.6,51.56
194,51.91,87.69,51.02
163,51.08,88.24,51.27
146,51.08,88.24,51.9
80,52.05,88.6,52.67
81,51.55,88.63,53.18
95,51.47,87.76,53.51
92,50.17,86.85,53.9
84,50.78,87.8,53.7
119,48.48,88.91,52.89
99,49.29,87.92,53.7
98,50.24,88.74,52.92
197,50.6,87.84,51.9
201,51.47,87.76,51.9
127,50.11,86.15,53.23
318,47.48,87.67,50.89
311,47.41,86.8,50.89
295,47.96,88.07,51.27
289,47.88,87.19,51.27
276,47.81,86.57,51.27
134,47.52,88.11,52.89
151,47.38,86.73,52.91
221,47.88,87.19,51.9
96,48.34,87.15,53.7
88,49.1,86.4,53.9
207,48.29,86.75,51.9
138,48.26,86.36,52.71
304,47.78,86.36,50.78
265,48.26,86.36,51.2
190,48.66,86.36,51.89
130,49,86.16,53.16
296,48.2,86.16,50.59
185,48.99,86.16,51.91
270,48.58,86.16,51.09
147,51.66,88.58,50.71
215,51.78,87.2,50.7
252,51.73,86.47,50.66
357,47.68,89.87,50.71
345,47.56,88.54,50.71
248,49.45,89.71,50.71
159,51.14,89.18,50.71
173,51.14,88.23,50.71
345,47.96,88.05,50.71
330,47.87,87.13,50.71
315,47.8,86.46,50.71
194,51.69,87.69,50.51
268,51.59,86.78,50.5
376,48.48,88.89,50.51
288,50.3,88.75,50.51
300,50.66,87.82,50.51
357,48.34,87.5,50.51
335,48.23,86.5,50.51
288,51.39,86.2,50.58
276,51.42,86.13,50.51
327,51.32,86.21,50.56
316,51.38,86.15,50.47
14,51.64,85.69,53.18
29,51.77,85.89,52.62
12,50.96,85.88,53.25
33,51.92,85.12,52.44
23,52.1,85.2,52.46
12,51.02,82.46,53.15
13,51.38,82.11,52.5
37,51.1,83.36,53.15
38,51.48,82.88,52.52
45,51.9,82.85,51.91
34,51.67,82.38,51.9
83,51.23,86.02,52.38
68,51.46,85.92,51.93
124,51.34,86.02,52.03
225,51.49,86.13,50.69
28,52.12,85.62,51.97
38,51.81,85.91,52.05
18,51.62,85.4,53.15
32,51.93,85.45,52.56
26,51.53,83.76,53.15
36,51.7,83.29,52.52
32,51.9,83.77,52.53
54,51.9,83.27,51.91
38,52.1,83.76,51.96
25,51.58,84.63,53.15
32,51.9,84.71,52.55
36,52.1,84.7,51.96
44,51.72,84.18,52.52
65,51.9,84.18,51.92
59,52.1,84.18,51.37
353,57.33,88.86,46.27
356,56.13,89.95,44.4
312,56.58,90.1,45.02
321,57,89.9,45.65
340,56.92,89.08,45.65
347,56.93,88.66,45.64
352,56.4,88.46,45.65
382,55.64,89.65,44.4
369,55.16,89.22,43.77
344,56.41,88.89,45.02
331,56.52,89.54,45.02
352,56.38,88.66,45.02
384,55.6,88.46,45.02
366,55.57,88.91,43.77
365,56.13,89.1,44.4
387,55.57,88.66,44.4
368,54.76,89.7,43.77
407,55.22,89.99,44.4
359,54.7,88.92,43.77
340,56.93,88.66,46.27
342,56.42,88.46,46.27
327,56.42,88.46,46.9
419,54.8,88.46,45.02
552,53.85,87.45,41.09
538,53.68,87.96,41.21
109,53.8,88.94,41.27
496,53.72,88.41,41.21
536,53.48,88.05,40.85
546,53.65,87.53,40.76
404,53.33,88.5,40.84
482,53.85,87.88,42.49
541,53.85,87.48,41.83
495,53.68,87.97,41.87
172,54.28,89.27,42.52
344,54.02,88.62,42.51
444,53.87,88.28,42.49
278,53.8,88.94,41.9
483,53.72,88.41,41.87
529,53.42,87.11,40.87
414,53.86,87.9,43.14
228,54.28,89.26,43.15
290,54.02,88.61,43.14
377,53.87,88.27,43.02
383,53.87,88.35,43.76
329,53.73,88.51,43.24
352,54.28,89.25,43.77
366,54.03,88.6,43.77
414,54.73,88.65,44.4
426,54.15,88.45,44.39
423,53.87,88.38,44.29
531,53.85,86.98,42.49
517,53.85,86.97,43.13
481,52.89,88.06,40.65
514,53.31,87.55,40.65
378,52.43,87.64,40.46
491,52.9,87.12,40.46
517,53.22,86.68,40.66
546,53.5,86.16,40.65
553,53.65,86.3,40.72
542,53.65,87.01,41.2
529,53.65,87.03,41.87
537,52.98,85.84,40.46
555,53.85,85.98,40.99
552,53.85,86.01,41.75
26,41.24,87.33,47.52
67,42.12,87.25,47.52
117,42.81,87.18,47.52
127,43.05,87.97,47.52
196,43.25,87.19,47.52
15,40.76,86.92,47.52
245,41.64,86.85,46.9
334,42.51,86.77,46.9
240,43.05,87.17,46.9
380,43.25,86.35,46.87
197,41.17,86.45,46.9
10,42.6,82.77,44.4
89,43.05,82.72,44.9
66,42.84,83.18,44.4
445,43.05,83.1,45.02
913,43.26,83.04,45.53
1111,43.11,84.46,45.05
1350,43.26,84.56,45.57
834,42.05,86.37,46.27
792,42.78,86.3,46.27
885,42.75,84.52,44.38
1470,42.97,84.99,44.36
1136,42.46,85.89,45.65
1237,42.77,85.4,45.02
166,42.67,83.65,44.39
769,43.05,83.61,45.02
1173,43.25,83.58,45.46
475,42.29,84.13,45.02
752,41.57,85.97,46.27
777,41.89,84.61,45.65
1189,41.97,85.49,45.65
1076,42.37,85.01,45.02
507,42.93,84.06,44.37
976,43.08,84.03,45.03
1266,43.12,84.93,45.01
1400,43.26,83.99,45.58
1342,43.26,85.04,45.58
1145,43.07,85.54,45.63
641,43.05,86.31,46.26
910,43.25,85.63,46.18
6,41.24,87.33,48.15
25,42.12,87.25,48.15
62,42.81,87.19,48.15
118,43.05,87.97,48.14
174,43.25,87.19,48.14
2,40.76,86.92,48.15
4,39.88,87,47.52
7,40.28,86.52,47.52
3,40.53,84.28,45.65
23,39.37,86.16,46.58
97,40.17,85.2,45.33
403,41.09,85.57,46.27
258,40.69,86.04,46.27
100,40.69,86.04,46.9
200,41.01,84.68,45.65
145,41.09,85.57,46.9
582,41.49,85.09,46.27
2,40.93,83.8,45.65
33,42.22,83.25,45.02
190,41.41,84.21,45.65
65,41.81,83.73,45.02
1099,44.44,88.38,41.27
1236,44.84,87.9,40.87
1263,45.23,87.41,40.66
1203,45.61,86.92,40.46
1096,43.96,87.98,41.27
1307,44.35,87.49,40.85
1369,44.74,87,40.65
1444,45.1,86.5,40.46
1279,43.97,87.12,41.27
1433,43.98,86.2,41.27
1556,43.96,85.37,41.27
1615,43.73,84.86,41.22
1647,43.93,84.44,41.27
1664,43.91,83.55,41.27
1650,43.73,83.97,41.22
1379,44.26,86.62,40.85
1489,44.24,85.73,40.87
1581,44.16,84.85,40.87
1623,44.1,83.97,40.87
1434,44.64,86.11,40.66
1523,44.55,85.24,40.66
1580,44.46,84.37,40.66
1498,45,85.62,40.46
1541,44.9,84.75,40.46
1095,43.56,88.45,42.52
1021,43.96,87.98,41.9
1221,43.48,87.63,42.52
1456,43.69,86.95,42.52
1498,43.73,86.21,42.51
1576,43.71,85.4,42.5
1615,43.52,84.94,42.33
1639,43.69,84.49,42.49
1641,43.53,83.9,42.43
1225,43.97,87.12,41.9
1423,43.98,86.21,41.9
1572,43.96,85.37,41.9
1634,43.73,84.88,41.87
1671,43.93,84.45,41.9
1684,43.91,83.55,41.9
1672,43.73,83.96,41.88
1496,43.53,86.22,43.79
1561,42.97,84.98,43.77
1496,42.92,84.69,43.77
1573,43.2,84.35,43.76
1598,43.41,84.23,43.75
1585,43.39,84.99,43.76
1529,43.52,85.51,43.76
1598,43.5,84.06,43.76
1498,43.73,86.22,43.14
1601,43.27,84.75,43.3
1618,43.43,84.35,43.24
1618,43.49,84.56,43.06
1567,43.66,85.29,43.31
1565,43.69,85.47,43.05
1624,43.64,84.57,42.91
1624,43.64,84.18,43.17
1635,43.52,83.87,42.95
1471,43.32,84.76,44.7
1523,43.44,84.52,44.82
1489,43.53,86.22,44.44
1563,43.39,84.99,44.4
1515,43.52,85.5,44.45
1525,43.27,84.75,44.35
1534,43.44,84.35,44.4
1559,43.51,84.08,44.47
243,57.89,88.66,47.85
323,57.96,89.4,46.9
346,57.8,89.84,46.27
328,57.75,89.04,46.9
336,57.4,89.46,46.27
328,57.47,90.07,46.27
325,57.33,88.86,46.9
273,57.38,88.66,47.53
317,56.94,88.66,46.9
229,57.37,88.66,48.16
251,56.58,88.46,47.86
349,57.99,90.28,46.27
336,57.54,90.28,46.27
325,58.15,89.94,46.9
251,58.15,89.13,47.85
283,57.07,90.48,46.9
325,58.16,90.48,46.9
311,57.65,90.48,46.9
258,58.35,90.06,47.87
190,56.58,88.46,49.22
199,57.37,88.66,48.8
197,57.78,89.08,49.08
188,57.37,88.66,49.45
194,55.61,88.46,49.22
184,56.55,88.66,49.95
186,58.16,89.94,49.96
187,57.33,88.86,49.84
187,57.78,89.08,49.84
188,56.95,89.49,50.11
203,55.7,90,50.3
197,58.15,89.95,49.15
195,57.48,90.48,49.22
192,54.9,88.46,50.12
185,55.57,88.66,49.95
187,57.35,90.29,49.95
204,55.69,90.48,50.11
186,55.6,88.81,50.11
200,54.81,89.3,50.3
853,43.53,90.35,48.93
854,43.71,90.48,48.93
562,45.83,90.48,49.64
457,45.89,90.28,49.96
489,46.24,90.48,50.15
444,45.88,90.23,50.1
403,46.25,90.2,50.3
305,57.02,90.28,46.27
291,56.6,90.28,45.65
326,56.04,90.28,45.02
271,56.63,90.48,46.58
301,56.05,90.48,45.65
342,55.23,90.48,45.65
468,54.35,90.48,45.02
383,55.23,90.28,45.02
453,54.35,90.28,44.4
360,54.34,90.02,43.77
1462,43.51,87.43,45.05
1436,43.52,88.44,45.13
1203,43.53,90.21,45.1
1315,43.51,89.5,45.16
1090,43.71,90.48,45.65
1169,43.53,90.29,45.65
1330,43.53,88.46,45.74
1242,43.53,89.54,45.71
1108,43.74,90.48,45.04
521,53.53,90.48,45.02
528,53.01,90.48,44.39
476,53.53,90.28,44.39
554,52.6,90.48,45.02
592,52.12,90.48,44.39
537,52.61,90.28,44.39
618,51.71,90.48,44.39
761,48.58,90.48,45.02
688,48.58,90.48,45.65
1484,43.52,86.86,44.48
417,43.07,87.48,44.35
1262,43.46,87.32,44.41
1117,43.43,87.58,44.69
1423,43.49,87.88,44.82
723,43.12,88.05,44.32
1220,43.46,88.44,44.69
1413,43.5,88.89,44.82
1272,43.66,90.28,44.4
1283,43.66,90.1,44.7
1071,43.25,89.8,44.35
834,43.17,88.93,44.33
1308,43.51,89.36,44.69
1490,43.52,86.87,43.84
491,43.07,87.48,43.77
1283,43.46,87.32,43.81
1085,43.08,88.05,43.77
1251,43.57,90.03,44.34
1308,43.47,90.23,43.8
1140,43.16,88.93,43.77
1205,43.23,89.78,43.77
1319,43.66,90.28,43.78
1269,43.88,90.32,44.39
1146,44.45,90.48,44.4
1322,43.88,90.32,43.77
1229,44.46,90.48,43.77
1315,44.55,90.29,43.14
1207,44.58,90.02,42.52
1145,45,89.68,41.9
1468,43.69,86.96,43.15
1252,43.48,87.63,43.15
1226,43.6,90.01,43.15
1290,43.9,90.11,43.14
1190,43.56,88.45,43.15
1133,43.64,89.34,43.15
1075,44.11,89.74,42.52
1022,44.04,88.86,42.52
1114,44.52,89.26,41.9
1017,44.44,88.38,41.9
1175,45.91,90.48,43.76
1122,46.82,90.48,43.76
1042,47.78,90.48,43.76
934,47.78,90.48,44.39
1080,45.91,90.48,44.39
1018,46.82,90.48,44.39
1107,45.35,90.48,44.39
1197,45.36,90.48,43.77
1304,45.4,90.28,43.14
1247,45.48,89.97,42.52
1195,45.88,89.58,41.9
1174,47.24,90.48,43.12
1155,47.79,90.28,43.14
1225,46.33,90.48,43.13
1292,45.93,90.28,43.14
1247,46.83,90.28,43.14
1288,45.93,90.11,42.52
1288,46.34,90.28,42.51
1281,46.82,90.09,42.52
1229,47.75,90.06,42.52
1257,47.24,90.28,42.5
1262,46.35,89.93,41.9
1259,47.23,89.88,41.9
1071,48.58,90.04,43.15
965,48.58,90.28,43.77
870,49.47,90.48,43.76
960,49.47,90.28,43.14
670,51.15,90.28,43.14
686,51.15,90.48,43.76
507,51.7,90.09,43.15
596,51.71,90.28,43.77
776,50.35,90.48,43.76
844,50.35,90.28,43.14
853,48.58,90.28,44.39
767,49.47,90.48,44.39
699,50.35,90.48,44.39
342,53.88,89.75,43.77
523,52.12,90.28,43.77
437,52.59,90.07,43.77
350,53.5,90.04,43.77
399,53.01,90.28,43.77
1176,45.4,89.18,41.27
1171,44.92,88.78,41.27
1162,47.16,89.07,40.66
1077,48.04,88.99,40.66
1189,46.68,88.65,40.66
343,52.46,88.56,40.66
154,52.05,89.06,40.66
169,51.16,89.15,40.66
620,50.28,89.24,40.66
906,48.92,88.91,40.66
740,49.8,88.82,40.66
1116,47.56,88.61,40.46
832,48.45,88.54,40.46
1177,47.08,88.19,40.46
303,52,88.15,40.46
124,51.58,88.67,40.46
319,50.69,88.77,40.46
695,49.33,88.44,40.46
533,50.21,88.35,40.46
1223,45.8,88.7,40.87
1232,45.32,88.3,40.87
1211,46.2,88.24,40.66
1181,45.72,87.82,40.66
1094,46.6,87.76,40.46
964,46.11,87.35,40.46
1026,49.46,90.01,42.52
154,53.4,89.37,42.52
209,53.4,89.37,43.15
874,50.34,89.99,42.52
535,51.25,89.94,42.52
234,52.11,89.89,42.52
129,53,89.83,42.52
376,52.11,89.89,43.15
223,53,89.83,43.15
1189,48.11,89.79,42.52
1088,48.99,89.74,42.52
1223,47.64,89.43,41.9
1212,46.76,89.51,41.27
1192,47.64,89.43,41.27
1179,46.28,89.1,41.27
977,49.88,89.69,41.9
324,52.92,88.97,41.9
270,52.92,88.97,41.27
137,52.52,89.45,41.27
614,50.76,89.64,41.9
217,51.64,89.52,41.9
166,52.52,89.45,41.9
936,49.88,89.69,41.27
519,50.76,89.64,41.27
133,51.64,89.52,41.27
1160,48.52,89.35,41.9
1046,49.4,89.27,41.9
1126,48.52,89.35,41.27
1007,49.4,89.27,41.27
1161,47.16,89.03,40.87
1097,48.04,88.95,40.87
1165,46.68,88.63,40.87
342,52.44,88.56,40.87
164,52.04,89.04,40.87
646,50.28,89.2,40.87
201,51.16,89.12,40.87
963,48.92,88.87,40.87
780,49.8,88.8,40.87
64,43.07,85.55,50.65
41,43.12,85.09,51.27
43,43.39,84.98,51.89
45,43.69,85.35,52.53
34,43.78,85.68,53.16
22,44.12,85.68,53.78
81,43.27,85.21,50.65
66,43.39,85.11,51.27
63,43.52,85.52,51.95
45,43.59,85.88,52.58
30,43.96,85.88,53.18
32,44.44,85.88,53.18
25,44.56,85.68,53.78
18,45.03,85.88,53.79
18,45.11,85.45,54.4
332,43.53,89.58,50.15
320,43.61,89.57,50.3
588,43.53,90.03,49.64
621,43.73,90.16,49.49
421,43.73,89.85,49.96
474,43.95,90.08,49.84
389,44.03,89.84,50.1
322,44.27,89.49,50.3
622,43.88,90.28,49.49
679,44.38,90.48,49.6
609,45.28,90.48,49.61
534,44.5,90.28,49.96
489,45.34,90.28,49.96
471,44.48,90.12,50.1
429,45.42,90.09,50.1
430,44.79,89.95,50.3
363,45.76,89.83,50.3
13,45.1,85.68,54.4
4,45.1,85.68,55.65
7,45.1,85.68,55.02
6,46.36,85.88,55.34
9,45.91,85.88,54.4
16,51.18,84.24,53.77
7,51.18,84.24,54.4
22,50.7,83.84,53.77
10,51.43,84.99,54.08
8,50.7,83.84,54.4
9,50.91,85.68,54.09
9,49.92,85.88,54.13
3,41.64,86.85,48.77
23,42.51,86.77,48.77
119,43.05,87.18,48.77
146,43.25,86.35,48.76
2,42.7,83.65,51.9
8,42.05,86.37,49.4
47,42.78,86.31,49.4
99,43.05,86.31,49.39
116,43.26,85.64,49.39
20,42.46,85.89,50.02
73,43.07,85.55,50.02
96,43.27,85.21,50.03
3,41.97,85.49,50.02
26,42.77,85.4,50.65
7,42.37,85.01,50.65
24,42.95,84.96,51.27
13,42.77,84.53,51.27
3,42.7,83.65,51.27
48,44.2,85.47,53.15
31,45.01,84.78,54.4
38,44.61,85.24,53.77
66,43.92,85.27,52.52
59,44.14,84.86,53.15
58,44.53,84.38,53.77
36,43.29,84.76,51.89
22,43.17,84.05,51.9
11,43.1,83.14,51.9
48,43.66,84.46,52.52
41,43.58,83.57,52.52
64,44.05,83.97,53.15
126,51.44,86.14,52.24
208,51.51,86.13,51.21
224,51.41,86.25,51.86
251,51.46,86.22,50.75
313,51.38,86.28,50.57
345,51.25,86.4,50.48
222,51.74,86.31,51.21
222,51.91,86.55,51.19
241,51.71,87.35,51.83
212,51.91,87.18,51.18
125,51.33,86.12,52.25
215,51.64,86.56,51.88
161,51.94,86.73,52.82
236,51.74,87.13,52.05
153,51.96,87.44,52.74
107,51,86.53,53.71
124,51.59,87.02,53.49
139,50.99,86.35,53.3
157,51.68,86.35,52.9
180,51.05,86.1,52.38
140,50.99,86.15,52.7
144,51.47,88.58,50.87
185,51.9,87.65,50.75
221,51.67,87.26,50.89
260,51.59,86.52,50.85
351,47.52,89.74,50.87
331,47.56,88.55,50.89
156,51.08,89.06,50.86
170,51.08,88.24,50.89
221,48.49,88.92,51.55
161,50.23,88.75,51.56
234,48.36,87.59,51.9
212,50.6,87.84,51.27
198,51.46,87.76,51.26
125,49.28,87.95,52.89
98,50.12,86.98,53.7
114,51.02,87.8,52.87
275,50.12,87.44,51.9
343,51,87.36,51.9
205,50.11,86.33,53.07
165,49.91,86.11,52.38
329,47.96,88.07,50.89
317,47.88,87.19,50.89
303,47.81,86.57,50.89
303,48.36,87.59,51.27
280,48.29,86.75,51.27
141,48.33,87.2,52.88
99,49.07,86.57,53.7
222,48.77,87.11,51.9
201,48.71,86.54,51.9
132,49.04,86.34,53.01
299,48.25,86.36,50.78
203,49.08,86.33,51.9
274,48.65,86.36,51.2
201,49.42,86.14,51.98
261,48.98,86.16,51.13
331,48.57,86.16,50.59
190,51.55,87.73,50.7
261,51.47,86.86,50.67
333,48.48,88.9,50.71
244,50.26,88.75,50.71
256,50.63,87.83,50.71
345,48.35,87.56,50.71
322,48.26,86.65,50.71
299,51.12,87.31,50.51
400,51.03,86.67,50.49
381,49.28,87.91,50.51
394,50.14,87.42,50.51
358,48.71,86.96,50.51
341,48.59,86.25,50.51
523,50.75,86.51,50.48
411,50.97,86.32,50.47
331,51.28,86.22,50.6
302,51.33,86.07,50.54
371,51.22,86.17,50.53
355,51.29,86.12,50.47
91,51.61,85.73,52.55
20,50.89,85.69,53.19
422,50.94,86.18,50.48
18,49.98,85.88,53.24
79,50.91,85.9,52.69
278,53.81,85.63,50.34
61,51.78,85.08,52.36
54,51.94,85.12,51.91
33,52.11,85.18,51.95
279,53.53,85.48,50.34
61,52.07,85.93,50.69
279,53.56,85.37,50.09
275,53.88,85.58,50.08
40,50.62,82.96,53.15
31,51.02,82.47,52.53
23,51.37,82.09,51.89
104,50.7,83.84,53.15
130,51.1,83.36,52.52
80,51.48,82.88,51.9
134,50.95,85.94,52.38
69,50.84,85.44,53.14
126,51.33,85.92,52.28
206,51.11,86.02,52.25
286,51.23,86.01,51.95
96,51.51,85.92,51.33
192,51.36,85.82,51.85
153,51.34,86.02,51.25
186,51.33,86.08,50.77
209,51.5,85.91,50.85
46,51.93,85.93,51.36
103,52.13,85.59,51.25
90,51.69,85.79,51.98
52,51.98,85.52,51.93
86,51.61,85.43,52.48
37,51.28,85.12,53.14
50,51.18,84.24,53.15
65,51.53,83.76,52.52
77,51.7,83.29,51.9
65,51.9,83.76,51.92
54,52.1,83.74,51.38
73,51.58,84.64,52.52
64,51.91,84.66,51.92
96,52.11,84.71,51.34
101,51.73,84.18,51.89
119,51.92,84.17,51.3
139,52.12,84.22,50.75
328,56.92,89.08,46.27
298,57,89.9,46.27
293,56.58,90.1,45.65
326,56.13,89.95,45.02
324,56.41,88.89,45.65
313,56.52,89.54,45.65
353,55.61,88.46,45.65
333,56.38,88.66,45.65
355,55.64,89.65,45.02
404,55.16,89.22,44.4
385,55.57,88.91,44.4
345,56.04,89.17,45.02
373,55.57,88.66,45.02
426,54.76,89.7,44.4
383,55.22,89.99,45.02
307,56.41,88.89,46.27
418,54.7,88.92,44.4
317,56.39,88.66,46.27
296,56.39,88.66,46.9
321,55.62,88.46,46.27
295,55.62,88.46,46.9
389,54.83,88.46,45.64
422,54.73,88.65,45.02
453,54.15,88.45,45.02
518,53.47,88.04,41.27
536,53.65,87.54,41.2
448,53.31,88.5,41.27
499,53.22,87.61,40.87
464,52.85,88.09,40.87
517,53.85,87.49,42.49
432,53.67,87.97,42.51
466,53.48,88.04,41.89
510,53.65,87.55,41.87
264,53.8,88.94,42.52
390,53.72,88.41,42.51
437,53.31,88.5,41.9
524,53.42,87.1,41.27
531,53.38,86.31,40.85
507,53.14,86.73,40.87
509,53.42,87.1,41.89
397,53.86,87.91,43.76
475,53.85,87.48,43.13
389,53.68,88,43.15
428,53.86,87.89,44.38
345,53.72,88.4,43.03
241,53.8,88.94,43.14
381,53.73,88.48,43.77
303,53.58,88.67,43.3
356,53.8,88.93,43.77
433,54.28,89.25,44.4
434,54.03,88.6,44.39
439,53.87,88.28,44.5
435,53.73,88.51,44.29
487,53.85,86.96,43.76
503,53.65,87.03,42.51
481,53.65,87.03,43.14
546,53.85,86.01,42.41
544,53.85,86,43.07
364,52.39,87.67,40.66
447,52.82,87.17,40.66
375,52,86.63,40.46
492,52.83,85.99,40.66
547,53.65,86.11,41.13
547,53.65,86.13,41.84
545,52.99,85.41,41.24
488,51.02,85.4,40.54
51,41.64,86.85,47.52
116,42.51,86.77,47.52
154,43.05,87.17,47.52
254,43.25,86.35,47.5
29,41.17,86.45,47.52
375,42.05,86.37,46.9
471,42.78,86.3,46.9
452,43.05,86.31,46.88
732,43.26,85.65,46.82
299,41.57,85.97,46.9
24,42.59,82.77,45.02
168,42.84,83.15,45.04
755,43.09,83.1,45.61
1135,43.27,83.01,45.86
989,42.74,84.53,45
1427,43.1,84.53,45.61
1509,43.27,84.64,45.87
1034,42.46,85.89,46.27
1277,42.77,85.4,45.65
1225,42.96,84.92,44.94
341,42.66,83.65,45.02
983,43.07,83.61,45.51
729,42.29,84.13,45.65
701,41.89,84.61,46.27
971,41.97,85.49,46.27
1256,42.37,85.01,45.65
782,42.9,84.08,44.99
1342,43.09,84,45.64
1437,43.1,84.97,45.62
1489,43.27,84,45.87
1507,43.27,85.04,45.87
1513,43.29,84.64,45.94
1119,43.08,85.56,46.24
1439,43.27,85.22,46.16
12,41.64,86.85,48.15
43,42.51,86.77,48.15
116,43.05,87.18,48.14
162,43.25,86.36,48.13
5,41.17,86.45,48.15
13,40.69,86.04,47.52
2,40.53,84.28,46.27
20,41.09,85.57,47.52
2,41.09,85.57,48.15
41,40.17,85.2,46.58
134,41.01,84.68,46.27
208,41.49,85.09,46.9
2,40.93,83.8,46.27
74,42.22,83.25,45.65
162,41.41,84.21,46.27
136,41.81,83.73,45.65
1035,44.84,87.9,41.27
1108,45.24,87.42,40.87
1029,45.63,86.93,40.66
810,46.03,86.45,40.46
1071,44.36,87.5,41.27
1252,44.75,87.02,40.86
1284,45.14,86.52,40.66
1285,45.52,86.04,40.46
1241,44.28,86.62,41.27
1463,44.24,85.74,41.27
1617,44.16,84.85,41.27
1666,44.1,83.97,41.27
1363,44.69,86.14,40.87
1515,44.61,85.26,40.87
1601,44.53,84.38,40.87
1401,45.06,85.65,40.66
1545,44.97,84.77,40.66
1515,45.34,84.29,40.46
1438,45.43,85.16,40.46
1098,43.96,87.98,42.52
960,44.36,87.5,41.9
1317,43.97,87.12,42.52
1465,43.98,86.21,42.52
1577,43.93,85.35,42.54
1618,43.69,84.91,42.38
1644,43.89,84.48,42.55
1654,43.72,83.93,42.48
1199,44.29,86.62,41.9
1473,44.24,85.74,41.9
1644,44.15,84.85,41.9
1689,44.1,83.97,41.9
1494,43.73,86.22,43.78
1582,43.28,84.75,43.77
1592,43.44,84.35,43.77
1544,43.68,85.42,43.77
1595,43.63,84.16,43.77
1480,43.98,86.21,43.15
1610,43.61,84.6,43.3
1572,43.91,85.33,43.14
1623,43.85,84.53,43
1618,43.86,84.33,43.26
1635,43.68,83.93,43
1501,43.53,86.23,45.06
1515,43.53,85.5,45.08
1533,43.5,84.56,44.7
1531,43.52,84.52,45.08
1543,43.53,83.52,45.02
1492,43.73,86.21,44.41
1530,43.68,85.42,44.4
1560,43.54,84.59,44.36
1565,43.64,84.18,44.42
1557,43.51,83.87,44.58
303,57.4,89.46,46.9
251,57.78,89.08,47.83
266,57,89.9,46.9
313,57.8,89.84,46.9
285,57.47,90.07,46.9
283,56.41,88.89,46.9
271,57.33,88.86,47.52
301,56.92,89.08,46.9
231,57.33,88.86,48.15
243,56.54,88.66,47.85
252,55.61,88.46,47.84
271,57.02,90.28,46.9
320,57.99,90.28,46.9
298,57.55,90.28,46.9
256,58.15,89.94,47.85
241,57.44,90.48,47.85
203,53.95,88.83,50.31
204,54.2,88.44,50.11
194,56.53,88.66,49.13
202,57.33,88.86,48.77
190,57.33,88.86,49.4
198,57.4,89.74,49.08
213,54.88,88.46,49.22
201,55.56,88.66,49.13
191,56.87,89.48,49.84
209,55.67,89.9,50.11
197,57.36,90.28,49.14
244,55.7,90.48,49.2
194,55.55,88.91,49.84
202,54.8,88.64,49.96
221,53.91,90.48,50.11
214,55.67,90.28,49.95
221,53.9,90.1,50.3
209,54.76,89.32,50.11
938,43.53,90.34,48.25
837,43.53,90.01,48.93
791,43.73,90.16,48.83
928,43.71,90.48,48.25
775,43.89,90.28,48.83
768,44.39,90.48,48.9
1005,43.53,90.34,47.58
979,43.71,90.48,47.59
672,45.31,90.48,48.9
621,45.86,90.48,48.93
469,45.9,90.28,49.49
528,46.25,90.48,49.64
410,45.93,90.11,49.84
432,46.31,90.28,49.96
451,46.75,90.48,50.15
374,46.31,90.03,50.1
306,46.69,89.71,50.3
410,46.73,90.4,50.3
351,48.59,90.48,50.14
288,50.4,90.48,50.13
210,52.27,90.48,50.12
294,48.57,90.33,50.3
261,50.37,90.26,50.3
198,52.19,90.18,50.3
1117,43.53,89.49,46.93
1065,43.53,90.34,46.93
1024,43.71,90.48,46.93
1252,43.53,88.48,46.32
1192,43.53,89.49,46.31
1110,43.53,90.34,46.29
1048,43.7,90.48,46.29
631,48.58,90.48,46.28
587,48.58,90.48,46.92
267,56.61,90.28,46.58
299,56.04,90.28,45.65
294,55.61,90.48,46.59
342,55.23,90.28,45.65
420,54.35,90.48,45.65
468,54.35,90.28,45.02
444,54.34,90.02,44.4
487,53.46,90.48,45.66
513,52.61,90.48,45.65
1484,43.53,86.97,45.13
1452,43.52,87.87,45.18
1449,43.67,87.52,44.94
1383,43.52,88.9,45.19
1442,43.68,88.45,45.02
1253,43.68,90.07,45.04
1356,43.67,89.44,45.04
1441,43.53,87.07,45.7
1018,44.4,90.48,45.66
1377,43.53,87.9,45.74
1123,43.89,90.29,45.65
1176,43.71,90.12,45.63
1200,43.53,89.98,45.8
1292,43.53,88.91,45.75
1372,43.72,88.45,45.68
1266,43.71,89.44,45.66
1174,43.89,90.3,45.03
1069,44.43,90.48,45.02
909,45.89,90.48,45.65
833,47.78,90.48,45.02
836,46.81,90.48,45.65
753,47.78,90.48,45.65
917,46.82,90.48,45.02
986,45.9,90.48,45.02
948,45.33,90.48,45.65
1019,45.34,90.48,45.02
545,53.01,90.48,45.02
524,53.53,90.28,45.02
451,53.88,89.75,44.4
469,53.5,90.04,44.4
504,53.01,90.28,44.39
562,52.12,90.48,45.02
564,52.6,90.28,45.02
515,52.12,90.48,45.65
534,52.59,90.07,44.4
585,52.12,90.28,44.39
650,51.15,90.48,44.39
565,51.71,90.48,45.02
625,51.71,90.28,44.39
516,51.71,90.48,45.65
751,48.58,90.28,45.02
679,49.47,90.48,45.02
610,50.35,90.48,45.02
670,48.58,90.28,45.65
628,49.47,90.48,45.65
556,50.35,90.48,45.65
1472,43.69,86.95,44.41
1249,43.44,87.64,44.35
1378,43.59,87.95,44.69
1411,43.79,87.57,44.36
1225,43.54,88.46,44.34
1421,43.61,88.89,44.69
1309,43.61,89.34,44.33
1319,43.86,90.07,44.38
1415,43.86,88.44,44.56
1406,43.9,89.34,44.53
1468,43.69,86.96,43.79
1282,43.48,87.63,43.77
1258,43.56,88.45,43.77
1305,43.6,90.01,43.77
1273,43.64,89.34,43.77
1347,43.9,90.11,43.77
1229,44.54,90.29,44.4
1303,44.54,90.29,43.77
1298,44.58,90.02,43.15
1127,45,89.68,42.52
1122,45.4,89.18,41.9
1371,43.97,87.12,43.15
1201,43.96,87.98,43.15
1208,44.11,89.74,43.15
1099,44.04,88.86,43.15
1015,44.52,89.26,42.52
984,44.44,88.38,42.52
1102,44.92,88.78,41.9
967,44.84,87.9,41.9
1154,46.33,90.48,43.76
1247,45.93,90.28,43.77
1091,47.23,90.48,43.76
1168,46.83,90.28,43.77
1057,47.79,90.28,43.77
984,47.23,90.48,44.39
937,47.79,90.28,44.39
1055,46.32,90.48,44.39
1146,45.93,90.28,44.39
1046,46.83,90.28,44.39
1187,45.39,90.28,44.39
1276,45.39,90.28,43.77
1301,45.48,89.97,43.15
1190,45.88,89.58,42.52
1168,46.28,89.1,41.9
1170,47.75,90.06,43.15
1212,47.24,90.28,43.14
1305,45.93,90.11,43.15
1274,46.34,90.28,43.14
1268,46.82,90.09,43.15
1273,46.35,89.93,42.52
1254,47.23,89.88,42.52
1234,46.76,89.51,41.9
1126,48.11,89.79,43.15
849,48.58,90.04,44.4
969,48.58,90.04,43.77
1019,48.99,89.74,43.15
868,49.47,90.28,43.77
960,49.46,90.01,43.15
614,51.25,89.94,43.15
588,51.7,90.09,43.77
686,51.15,90.28,43.77
844,50.34,89.99,43.15
784,50.35,90.28,43.77
766,49.47,90.28,44.39
704,50.35,90.28,44.39
352,53.4,89.37,43.77
500,52.11,89.89,43.77
379,53,89.83,43.77
1166,45.8,88.7,41.27
1139,45.32,88.3,41.27
1103,47.56,88.57,40.66
971,48.44,88.5,40.66
1121,47.08,88.16,40.66
302,51.98,88.16,40.66
141,51.57,88.65,40.66
381,50.68,88.74,40.66
812,49.33,88.41,40.66
587,50.21,88.33,40.66
936,47.97,88.11,40.46
721,48.86,88.03,40.46
993,47.49,87.69,40.46
687,49.27,87.52,40.46
229,51.07,87.79,40.46
650,49.74,87.93,40.46
1164,46.2,88.22,40.87
1092,45.72,87.82,40.87
1084,46.6,87.75,40.66
881,46.12,87.34,40.66
896,47,87.28,40.46
720,46.52,86.86,40.46
1209,47.64,89.43,42.52
953,49.88,89.69,42.52
247,52.92,88.97,42.52
261,52.92,88.97,43.15
687,50.76,89.64,42.52
345,51.64,89.52,42.52
168,52.52,89.45,42.52
474,51.64,89.52,43.15
276,52.52,89.45,43.15
1135,48.52,89.35,42.52
1022,49.4,89.27,42.52
1198,47.16,89.03,41.9
1144,46.68,88.63,41.9
1173,48.04,88.95,41.9
1178,47.16,89.03,41.27
1139,48.04,88.95,41.27
1149,46.68,88.63,41.27
788,50.28,89.2,41.9
316,52.44,88.56,41.9
350,52.44,88.56,41.27
180,52.04,89.04,41.27
370,51.16,89.12,41.9
180,52.04,89.04,41.9
705,50.28,89.2,41.27
259,51.16,89.12,41.27
1094,48.92,88.87,41.9
929,49.8,88.8,41.9
1048,48.92,88.87,41.27
858,49.8,88.8,41.27
1109,47.56,88.55,40.87
1006,48.44,88.47,40.87
1112,47.08,88.15,40.87
297,51.96,88.16,40.87
152,51.56,88.64,40.87
409,50.68,88.72,40.87
857,49.32,88.39,40.87
612,50.2,88.32,40.87
55,43.12,85.09,50.66
66,43.39,84.98,51.27
66,43.69,85.35,51.92
52,43.78,85.68,52.54
40,44.12,85.68,53.16
86,43.39,85.11,50.67
88,43.52,85.52,51.35
65,43.59,85.88,52
49,43.96,85.88,52.58
53,44.44,85.88,52.58
47,44.56,85.68,53.16
34,45.03,85.88,53.18
17,45.91,85.88,53.78
28,45.1,85.68,53.78
27,45.49,85.16,54.4
38,45.11,85.45,53.77
404,43.53,88.62,50.14
368,43.59,88.62,50.3
592,43.53,89.58,49.63
352,43.53,89.05,50.14
398,43.73,89.43,49.96
346,43.81,89.42,50.1
308,43.8,89.06,50.3
828,43.53,89.56,48.91
595,43.73,89.85,49.49
588,43.95,90.08,49.4
407,44.14,89.73,49.84
346,44.42,89.35,50.1
290,44.74,88.96,50.3
570,44.51,90.28,49.47
501,45.36,90.28,49.48
438,44.58,90.01,49.84
399,45.48,89.97,49.84
390,44.91,89.78,50.1
349,45.83,89.68,50.1
317,45.26,89.4,50.3
287,46.21,89.26,50.3
7,46.38,85.68,55.33
14,45.94,85.68,54.4
10,46.82,85.88,54.4
16,46.82,85.88,53.78
10,49.1,85.88,54.12
13,50.85,85.43,54.08
10,50.77,84.72,54.4
23,50.77,84.72,53.77
12,50.3,84.32,54.4
34,50.3,84.32,53.77
10,49.9,85.68,54.1
17,49.46,85.88,53.33
7,42.05,86.37,48.77
37,42.78,86.31,48.77
86,43.05,86.32,48.77
102,43.26,85.65,48.76
2,42.29,84.13,50.65
17,42.46,85.89,49.39
68,43.08,85.56,49.4
90,43.27,85.22,49.38
2,41.97,85.49,49.4
29,42.77,85.4,50.02
64,43.12,85.09,50.03
102,43.39,85.11,50.04
8,42.37,85.01,50.02
2,42.29,84.13,50.02
32,42.95,84.96,50.65
18,42.77,84.53,50.65
4,42.7,83.65,50.65
57,43.29,84.76,51.27
36,43.17,84.05,51.27
17,43.1,83.14,51.27
77,44.2,85.47,52.52
68,45.01,84.78,53.77
71,44.61,85.24,53.15
98,43.92,85.27,51.89
95,44.14,84.86,52.52
109,44.53,84.38,53.15
79,43.66,84.46,51.89
74,43.58,83.57,51.9
110,44.05,83.97,52.52
248,51.31,86.27,52.14
290,51.33,86.34,51.74
233,51.44,86.22,51.28
306,51.31,86.3,50.79
348,51.18,86.45,50.59
369,51.4,86.88,51.9
228,51.68,87.28,51.29
236,51.62,86.54,51.27
302,51.21,86.23,52.13
139,50.94,86.62,53.2
175,51.5,86.93,52.82
429,50.96,86.19,52.25
288,50.93,86.31,52.57
199,50.44,86.04,52.38
195,51.44,87.75,50.89
269,51.37,86.85,50.87
320,48.32,88.78,50.87
221,50.37,88.6,50.87
237,50.6,87.84,50.89
252,49.28,87.96,51.57
316,49.65,87.03,51.9
318,50.12,87.44,51.27
278,51,87.36,51.27
161,50.09,87.04,52.89
602,50.53,86.96,51.9
135,49.72,86.07,52.38
514,50,86.22,52.25
332,48.36,87.59,50.89
310,48.29,86.75,50.89
301,48.77,87.11,51.27
278,48.7,86.55,51.27
140,49.12,86.66,52.89
232,49.17,86.69,51.9
362,49.54,86.29,51.92
289,49.07,86.34,51.22
315,48.65,86.36,50.78
343,49.65,86.07,52.01
325,49.42,86.14,51.2
325,48.98,86.15,50.61
270,51.05,87.34,50.7
385,50.98,86.69,50.64
353,49.28,87.94,50.71
359,50.13,87.43,50.71
345,48.75,87.05,50.71
327,48.66,86.43,50.71
413,49.6,86.98,50.5
456,50.56,86.97,50.5
358,49.06,86.49,50.5
535,50.72,86.51,50.61
695,50.47,86.35,50.48
442,50.93,86.33,50.57
462,50.91,86.21,50.55
339,51.25,86.13,50.57
330,51.33,86.01,50.5
436,51.12,86.1,50.51
413,51.13,86.04,50.45
32,50,85.7,53.18
298,50.85,85.74,52.59
436,50.7,86.1,50.47
108,49.89,85.9,52.68
215,53.86,87.87,50.1
210,53.48,88.29,50.31
392,51.48,85.91,50.53
484,51.26,85.92,50.39
393,51.33,85.94,50.52
250,52.76,86.36,50.34
276,53.53,85.56,50.28
242,53.33,86.65,50.33
262,53.64,86.12,50.33
274,53.72,85.71,50.25
230,53.7,86.9,50.31
107,51.79,85.08,51.88
88,51.83,85.93,50.68
136,52.14,85.68,50.64
312,51.99,85.11,51.23
186,52.12,85.19,51.24
268,53.18,85.8,50.35
158,52.16,86.15,50.35
222,52.39,85.91,50.35
120,52.08,85.74,50.62
110,51.97,85.86,50.62
275,53.52,85.46,49.99
269,53.78,85.68,50
486,51.32,85.37,50.37
266,53.19,85.38,49.96
283,53.68,85.38,49.52
238,53.86,86.83,50.13
249,53.87,86.13,50.1
269,53.88,85.55,49.53
302,50.99,85.38,50.14
154,50.22,83.44,53.15
167,50.62,82.96,52.52
74,51.02,82.48,51.9
240,50.3,84.32,53.15
506,50.7,83.84,52.52
262,51.1,83.36,51.9
171,50.37,85.18,53.14
496,51.13,85.38,50.34
651,50.81,85.48,52.51
326,51.21,85.81,52.15
393,50.88,85.86,52.25
570,51.09,86.02,51.83
243,51.28,86.01,51.39
288,51.23,86.14,50.79
318,51.28,85.71,51.72
142,51.47,85.85,51.34
285,51.53,85.86,50.82
225,51.33,85.95,50.81
107,50.77,84.72,53.15
69,51.85,85.85,51.31
75,52.04,85.58,51.31
237,51.25,85.15,52.52
136,51.63,85.48,51.88
205,51.18,84.24,52.52
139,51.53,83.76,51.89
96,51.91,83.74,51.32
86,52.11,83.72,50.83
682,51.27,85.42,50.38
143,51.58,84.65,51.89
199,51.94,84.65,51.29
292,52.12,84.67,50.77
250,51.75,84.17,51.25
385,51.97,84.18,50.7
432,50.95,85.37,50.34
1664,51.29,85.27,50.42
296,56.52,89.54,46.27
275,56.52,89.54,46.9
267,56.58,90.1,46.58
297,56.13,89.95,45.65
317,56.04,89.17,45.65
318,55.64,89.65,45.65
341,55.57,88.66,45.65
368,55.57,88.91,45.02
391,55.16,89.22,45.02
426,54.76,89.7,45.02
340,55.22,89.99,45.65
291,56.04,89.17,46.27
268,56.04,89.17,46.9
427,54.7,88.92,45.02
307,55.58,88.66,46.27
282,55.59,88.66,46.9
388,54.76,88.64,45.64
319,54.86,88.46,46.6
424,54.36,88.45,45.74
447,54.09,88.44,45.61
441,53.86,87.86,45.02
463,54.28,89.25,45.02
468,54.03,88.6,45.02
454,53.87,88.29,45.02
464,53.85,86.95,45.02
486,53.22,87.61,41.27
441,52.84,88.09,41.27
435,52.77,87.21,40.87
358,52.36,87.68,40.87
402,53.47,88.04,42.52
468,53.65,87.56,42.51
452,53.22,87.61,41.89
382,52.84,88.09,41.9
338,53.31,88.5,42.52
530,53.4,86.23,41.24
508,53.14,86.73,41.27
466,52.77,86.24,40.83
500,53.14,86.73,41.9
480,53.42,87.1,42.52
532,53.39,86.24,41.9
425,53.85,87.46,43.76
400,53.69,88.02,43.77
371,53.48,88.06,43.16
433,53.65,87.55,43.14
474,53.85,86.95,44.39
461,53.42,87.09,43.15
436,53.85,87.46,44.39
440,53.69,87.99,44.39
310,53.3,88.5,43.14
374,53.55,88.68,43.77
437,53.58,88.67,44.24
452,53.72,88.4,44.5
445,53.8,88.93,44.4
461,53.65,87.02,43.77
539,53.85,85.99,43.72
528,53.85,85.99,44.36
538,53.65,86.13,42.48
534,53.65,86.13,43.12
540,52.94,85.41,42.68
349,51.92,86.72,40.66
493,51.66,85.89,40.46
529,52.81,85.61,41.41
504,51.45,85.4,41.27
487,50.96,85.97,40.45
483,50.88,85.56,40.7
559,50.49,85.39,40.58
93,42.05,86.37,47.52
171,42.78,86.3,47.52
220,43.05,86.31,47.51
383,43.26,85.65,47.47
51,41.57,85.97,47.52
560,42.46,85.89,46.9
801,43.08,85.56,46.87
1138,43.27,85.23,46.79
438,41.97,85.49,46.9
281,41.89,84.61,46.9
41,42.6,82.77,45.65
380,42.88,83.16,45.68
917,43.13,83.09,45.99
1293,43.33,83.01,45.94
1485,43.53,86.25,45.65
1280,42.73,84.53,45.65
1481,43.12,84.57,45.98
1207,42.77,85.39,46.27
1429,42.94,84.94,45.66
761,42.29,84.13,46.27
591,42.66,83.65,45.65
1130,42.37,85.01,46.27
1173,42.9,84.04,45.69
1421,43.12,83.99,45.99
1492,43.12,84.93,45.98
1460,43.17,84.56,46.07
1516,43.36,84.94,45.94
1497,43.34,84.11,45.94
1416,43.12,85.1,46.26
1475,43.39,85.11,46.19
1507,43.53,85.5,45.61
1524,43.52,84.55,45.59
1536,43.52,83.53,45.55
24,42.05,86.37,48.15
59,42.78,86.31,48.15
106,43.05,86.32,48.14
156,43.26,85.66,48.12
9,41.57,85.97,48.15
2,40.17,85.2,47.83
34,41.49,85.09,47.52
4,41.49,85.09,48.15
40,41.01,84.68,46.9
2,41.34,83.33,46.27
96,42.22,83.25,46.27
46,41.41,84.21,46.9
145,41.81,83.73,46.27
1034,43.53,89.49,47.56
938,43.53,89.52,48.22
1168,43.53,88.5,46.92
927,45.24,87.42,41.27
885,45.64,86.94,40.87
779,46.04,86.46,40.66
852,46.44,85.98,40.46
998,44.76,87.02,41.27
1131,45.17,86.54,40.87
1141,45.55,86.05,40.66
1100,45.94,85.57,40.46
1255,44.69,86.14,41.27
1546,44.61,85.26,41.27
1675,44.53,84.38,41.27
1358,45.09,85.66,40.87
1580,45.01,84.78,40.87
1615,45.39,84.29,40.66
1437,45.47,85.17,40.66
1434,45.84,84.69,40.46
900,45.24,87.42,41.9
1034,44.36,87.5,42.52
906,44.76,87.02,41.9
1283,44.29,86.62,42.52
1507,44.24,85.74,42.52
1629,44.14,84.86,42.52
1657,44.1,83.97,42.52
1254,44.69,86.14,41.9
1582,44.61,85.26,41.9
1696,44.53,84.38,41.9
1490,43.98,86.21,43.77
1588,43.61,84.61,43.77
1557,43.91,85.33,43.77
1594,43.86,84.36,43.77
1350,44.29,86.62,43.15
1523,44.24,85.74,43.15
1608,44.14,84.86,43.15
1622,44.08,83.98,43.15
1497,43.73,86.22,45.04
1522,43.71,85.42,45.03
1522,43.52,85.02,45.2
1539,43.53,83.88,45.09
1539,43.68,84.5,45.02
1550,43.72,83.56,45.01
1493,43.98,86.2,44.4
1542,43.91,85.33,44.38
1567,43.84,84.47,44.38
1561,43.66,83.94,44.54
241,57.38,89.74,47.82
247,54.85,88.46,47.85
235,56.49,89.26,47.85
248,55.57,88.66,47.83
238,57.33,90.28,47.83
263,55.65,90.48,47.85
216,52.98,89.48,50.3
212,53.88,88.9,50.14
212,54.08,88.6,49.97
223,54.21,88.45,49.2
207,55.55,88.91,49.08
201,56.48,89.29,49.08
213,55.64,89.83,49.84
218,54.8,88.64,49.13
228,53.9,90.48,49.2
237,55.68,90.28,49.13
220,53.9,90.28,49.95
225,53.88,89.97,50.1
215,54.71,89.32,49.85
933,43.53,89.99,48.23
881,43.73,90.15,48.18
763,43.73,89.85,48.83
734,43.95,90.08,48.77
863,43.89,90.28,48.18
843,44.4,90.48,48.23
682,44.51,90.28,48.82
1015,43.53,89.98,47.57
960,43.73,90.15,47.54
936,43.89,90.28,47.55
896,44.4,90.48,47.58
744,45.33,90.48,48.22
590,45.38,90.28,48.82
799,45.33,90.48,47.57
611,46.79,90.48,48.24
691,45.88,90.48,48.23
586,46.28,90.48,48.93
553,45.91,90.28,48.83
280,47.12,89.16,50.3
665,46.8,90.48,47.58
749,45.88,90.48,47.57
596,47.77,90.48,47.57
553,48.58,90.48,47.57
516,48.58,90.48,48.22
455,45.93,90.11,49.4
449,46.31,90.28,49.49
514,46.77,90.48,49.28
553,47.77,90.48,48.23
401,47.6,90.48,50.15
371,46.35,89.93,49.84
409,46.8,90.28,49.96
334,46.73,89.58,50.1
382,46.79,90.21,50.1
293,47.63,89.97,50.3
433,48.59,90.48,49.25
362,50.38,90.48,49.27
275,52.26,90.48,49.22
323,49.43,90.48,50.14
348,48.61,90.28,49.96
264,51.22,90.48,50.13
303,50.41,90.28,49.95
224,52.26,90.28,49.95
324,48.59,90.15,50.1
291,50.38,90.09,50.1
212,52.19,90.03,50.1
285,49.42,89.85,50.3
252,51.2,89.71,50.3
1338,43.53,87.11,46.29
941,44.39,90.48,46.93
976,44.38,90.48,46.29
1149,43.53,88.94,46.93
1089,43.53,89.98,46.93
1099,43.73,89.39,46.91
1034,43.73,90.15,46.91
1005,43.89,90.28,46.91
1284,43.53,87.93,46.31
1228,43.53,88.93,46.32
1290,43.73,88.46,46.29
1155,43.53,89.98,46.3
1196,43.73,89.4,46.28
1103,43.73,90.15,46.28
1066,43.88,90.28,46.28
637,47.78,90.48,46.93
718,46.81,90.48,46.93
802,45.88,90.48,46.93
853,45.88,90.48,46.29
774,46.81,90.48,46.29
689,47.78,90.48,46.29
849,45.32,90.48,46.92
895,45.31,90.48,46.29
610,48.58,90.28,46.27
580,49.47,90.48,46.28
572,48.58,90.28,46.9
541,49.46,90.48,46.92
288,55.61,90.28,46.58
371,53.87,90.48,46.58
425,54.35,90.28,45.65
467,54.34,90.02,45.02
500,53.46,90.28,45.66
519,52.97,90.48,45.54
529,52.61,90.28,45.65
448,52.23,90.48,46.6
539,50.35,90.48,46.28
502,50.35,90.48,46.91
1479,43.71,87.03,45.05
1440,43.8,87.56,44.82
1456,43.68,87.91,45.08
1440,43.84,88.44,44.94
1411,43.68,88.87,45.08
1246,43.9,90.06,44.99
1382,43.86,89.37,44.97
1454,43.73,87.09,45.67
1063,44.52,90.28,45.65
1409,43.73,87.91,45.68
1162,43.93,90.06,45.61
1203,43.72,89.84,45.77
1332,43.72,88.87,45.69
1402,43.89,88.44,45.63
1299,43.91,89.36,45.61
1138,44.54,90.29,45.02
877,46.31,90.48,45.65
929,45.92,90.28,45.65
882,47.23,90.48,45.02
823,47.79,90.28,45.02
801,47.23,90.48,45.65
826,46.83,90.28,45.65
732,47.78,90.28,45.65
957,46.32,90.48,45.02
924,46.83,90.28,45.02
1030,45.92,90.28,45.02
984,45.38,90.28,45.65
1079,45.39,90.28,45.02
500,53.88,89.75,45.02
526,53.5,90.04,45.02
549,53.01,90.28,45.02
467,53.4,89.37,44.4
495,53,89.83,44.4
552,51.15,90.48,45.33
572,52.59,90.07,45.02
576,52.12,90.28,45.02
529,52.12,90.28,45.65
580,52.11,89.89,44.4
663,51.15,90.28,44.39
579,51.71,90.28,45.02
629,51.7,90.09,44.4
528,51.71,90.28,45.65
649,48.58,90.04,45.65
736,48.58,90.04,45.02
681,49.47,90.28,45.02
620,50.35,90.28,45.02
619,49.47,90.28,45.65
566,50.35,90.28,45.65
1438,43.97,87.11,44.39
1370,43.84,87.97,44.27
1394,44.07,87.98,44.46
1361,43.88,88.85,44.25
1402,44.12,88.86,44.44
1371,44.13,89.74,44.38
1410,43.97,87.12,43.77
1306,43.96,87.98,43.77
1348,44.11,89.74,43.77
1263,44.04,88.86,43.77
1300,44.58,90.02,44.4
1343,44.58,90.02,43.77
1228,45,89.68,43.15
1051,45.4,89.18,42.52
1113,45.8,88.7,41.9
1151,44.36,87.5,43.15
1091,44.52,89.26,43.15
1039,44.44,88.38,43.15
999,44.92,88.78,42.52
928,44.84,87.9,42.52
1078,45.32,88.3,41.9
1279,45.93,90.11,43.77
1217,46.34,90.28,43.77
1194,46.82,90.09,43.77
1074,47.75,90.06,43.77
1122,47.24,90.28,43.77
953,47.75,90.06,44.4
999,47.24,90.28,44.39
1178,45.93,90.11,44.4
1056,46.82,90.09,44.4
1106,46.34,90.28,44.39
1253,45.49,89.97,44.39
1317,45.48,89.97,43.77
1251,45.88,89.58,43.15
1148,46.28,89.1,42.52
1219,47.23,89.88,43.15
1232,46.76,89.51,42.52
1288,46.35,89.93,43.15
1168,47.64,89.43,43.15
914,48.11,89.79,44.4
1033,48.11,89.79,43.77
1076,48.52,89.35,43.15
810,48.99,89.74,44.4
923,48.99,89.74,43.77
969,49.4,89.27,43.15
867,49.46,90.01,43.77
906,49.88,89.69,43.15
784,50.34,89.99,43.77
733,50.76,89.64,43.15
665,51.25,89.94,43.77
762,49.46,90.01,44.4
703,50.34,89.99,44.4
387,52.92,88.97,43.77
578,51.64,89.52,43.77
425,52.52,89.45,43.77
1037,45.72,87.82,41.9
1094,46.2,88.22,41.9
1129,46.2,88.22,41.27
1062,45.72,87.82,41.27
1010,47.96,88.08,40.66
858,48.85,88.01,40.66
1017,47.49,87.68,40.66
766,49.25,87.52,40.66
269,51.05,87.8,40.66
715,49.73,87.92,40.66
697,48.35,87.16,40.46
481,50.15,86.96,40.46
1081,46.6,87.74,40.87
865,46.12,87.34,40.87
929,47,87.27,40.66
755,46.52,86.86,40.66
767,47.38,86.35,40.46
1185,47.16,89.03,42.52
1117,46.68,88.63,42.52
1157,48.04,88.95,42.52
828,50.28,89.2,42.52
242,52.44,88.56,42.52
314,52.44,88.56,43.15
483,51.16,89.12,42.52
226,52.04,89.04,42.52
584,51.16,89.12,43.15
355,52.04,89.04,43.15
1075,48.92,88.87,42.52
935,49.8,88.8,42.52
1155,47.56,88.55,41.9
1111,47.08,88.15,41.9
1113,48.44,88.47,41.9
1131,47.56,88.55,41.27
1066,48.44,88.47,41.27
1107,47.08,88.15,41.27
563,50.68,88.72,41.9
247,51.96,88.16,41.9
275,51.96,88.16,41.27
166,51.56,88.64,41.27
217,51.56,88.64,41.9
462,50.68,88.72,41.27
1005,49.32,88.39,41.9
745,50.2,88.32,41.9
940,49.32,88.39,41.27
663,50.2,88.32,41.27
1031,47.96,88.07,40.87
901,48.84,87.99,40.87
1026,47.48,87.67,40.87
801,49.24,87.51,40.87
745,49.72,87.92,40.87
295,51.05,87.9,40.85
86,43.39,84.98,50.67
93,43.68,85.36,51.3
76,43.78,85.68,51.93
64,44.12,85.68,52.54
115,43.51,85.52,50.76
92,43.59,85.88,51.41
73,43.97,85.88,51.99
79,44.45,85.88,51.99
77,44.56,85.68,52.54
57,45.03,85.88,52.57
33,45.91,85.88,53.17
53,45.1,85.68,53.16
21,45.95,85.42,54.4
29,45.94,85.68,53.77
58,45.49,85.16,53.77
72,45.11,85.45,53.15
513,43.53,88.59,49.59
329,43.53,88.09,50.14
325,43.76,88.16,50.3
402,43.73,88.51,49.96
379,43.78,88.51,50.1
245,43.53,87.28,50.12
262,43.72,87.28,50.3
754,43.53,88.56,48.88
567,43.53,89.04,49.61
577,43.73,89.43,49.49
425,43.73,88.93,49.96
429,43.93,89.32,49.84
318,44.21,88.55,50.3
379,43.98,88.93,50.1
806,43.53,89.01,48.89
746,43.73,89.42,48.83
535,44.14,89.73,49.4
406,44.52,89.26,49.84
356,44.85,88.85,50.1
301,45.21,88.43,50.3
515,44.58,90.01,49.4
456,45.48,89.97,49.4
391,44.99,89.68,49.84
376,45.88,89.58,49.84
342,45.34,89.26,50.1
350,46.25,89.16,50.1
288,45.72,88.85,50.3
294,46.64,88.73,50.3
14,46.84,85.68,54.4
11,48.06,85.88,54.11
26,46.84,85.68,53.78
28,46.82,85.88,53.17
21,49.08,85.88,52.92
12,49.11,85.68,54.1
17,49.93,85.11,54.08
21,49.49,85.69,53.28
13,42.46,85.89,48.77
58,43.08,85.57,48.76
83,43.27,85.23,48.75
2,41.97,85.49,48.77
24,42.78,85.4,49.39
56,43.12,85.1,49.39
94,43.39,85.11,49.39
6,42.37,85.01,49.4
195,43.52,86.43,50.1
152,43.51,85.82,50.02
130,43.51,85.41,50.08
36,42.96,84.96,50.03
101,43.39,84.98,50.04
19,42.77,84.53,50.02
3,42.7,83.65,50.02
75,43.28,84.76,50.66
47,43.17,84.05,50.65
19,43.1,83.14,50.65
138,43.91,85.28,51.26
119,43.66,84.46,51.27
89,43.49,82.81,51.27
112,43.58,83.57,51.27
112,44.2,85.47,51.9
114,44.61,85.24,52.52
124,45.01,84.78,53.15
143,44.14,84.86,51.89
174,44.53,84.38,52.52
174,44.05,83.97,51.9
581,51.03,86.6,51.88
288,51.32,86.31,51.25
356,51.15,86.45,50.81
287,51.39,86.88,51.27
296,50.91,86.58,52.49
810,50.83,86.37,51.88
190,49.93,85.96,52.38
547,50.44,86.06,52.25
397,50.95,86.69,50.84
271,51,87.35,50.89
334,49.27,87.85,50.88
346,50.12,87.44,50.89
404,49.65,87.03,51.27
644,49.96,86.67,51.89
537,50.53,86.96,51.27
438,49.84,86.12,52.25
991,50.17,86.43,51.88
331,48.77,87.11,50.89
313,48.7,86.55,50.89
344,49.62,86.45,51.89
330,49.17,86.69,51.27
686,49.78,86.13,51.92
545,49.53,86.28,51.25
327,49.07,86.32,50.77
371,49.65,85.95,52.04
544,49.64,86.07,51.29
339,49.41,86.13,50.65
412,49.63,87.02,50.69
455,50.54,86.97,50.68
356,49.12,86.61,50.68
610,50.02,86.57,50.49
444,49.5,86.27,50.48
92,49.98,85.47,53.13
562,50.71,86.49,50.82
753,50.47,86.32,50.59
846,50.21,86.2,50.47
485,50.91,86.26,50.79
478,50.9,86.15,50.6
557,50.64,86.12,50.55
380,50.88,85.95,50.45
475,51.11,85.99,50.55
453,50.75,85.37,50.3
378,49.94,85.74,52.57
326,50.53,85.99,50.47
414,50.37,86,50.46
794,50.19,86.07,50.46
264,49.49,85.9,52.05
226,52.34,86.85,50.33
215,52.92,87.61,50.31
231,53.85,87.27,50.19
223,53.86,87.84,49.23
216,53.7,88.01,49.96
214,53.38,88.36,50.13
508,51.19,85.88,50.36
429,51.53,85.85,50.49
403,51.36,85.96,50.35
215,51.84,86.47,50.34
225,51.6,86.09,50.35
350,50.86,85.89,50.38
540,51.21,85.84,50.51
262,53.13,85.89,50.27
283,53.87,85.47,48.99
242,52.72,86.35,50.26
270,53.47,85.6,50.01
231,53.24,86.71,50.19
268,53.65,85.75,49.98
254,53.55,86.21,50.22
221,53.55,87.03,50.14
259,52.62,85.67,50.29
598,51.87,85.12,51.1
121,51.82,85.98,50.36
149,51.77,85.87,50.66
1498,52.11,85.06,50.58
271,52.65,85.57,50.35
216,52.36,85.94,50.28
168,52.11,86.08,50.29
195,51.97,85.72,50.58
263,53.11,85.49,49.88
270,53.57,85.51,49.45
225,53.68,86.98,49.96
246,53.72,86.24,49.97
262,53.75,85.66,49.46
308,51.45,85.39,50.22
259,52.77,85.38,50.1
262,52.6,85.48,49.97
2085,51.93,85.25,50.39
1107,51.71,85.3,50.4
264,52.73,85.39,49.56
290,53.77,85.39,48.98
271,53.27,85.39,49.45
260,53.86,86.52,49.19
263,52.37,85.4,49.41
429,50.9,85.48,50.2
370,51.37,85.45,50.24
572,51.08,85.44,50.36
363,50.81,85.38,50.05
276,51.24,85.39,50.09
336,49.82,83.91,53.15
369,50.62,82.96,51.9
691,50.22,83.44,52.52
362,49.89,84.79,53.15
1146,50.3,84.32,52.52
371,51.1,83.36,51.27
782,50.7,83.84,51.9
443,51.09,86.02,50.79
1119,50.37,85.2,52.51
556,51.1,85.38,50.44
914,50.83,85.62,51.87
285,51.35,85.72,51.25
479,51.12,86.01,51.26
509,51.37,85.73,50.78
460,51.2,85.84,50.8
539,50.73,85.36,50.41
621,50.77,84.72,52.52
400,51.24,85.14,51.9
207,51.72,85.52,51.23
382,51.18,84.24,51.9
258,51.54,83.76,51.27
267,51.95,83.73,50.73
882,51.36,85.47,50.42
705,52.01,84.64,50.76
678,51.62,84.67,51.22
583,51.83,84.22,50.57
557,50.86,85.45,50.38
2018,51.13,85.22,50.46
632,50.93,85.33,50.43
2468,50.9,85.2,50.41
2461,51.22,85.18,50.34
384,54.76,89.7,45.65
302,55.57,88.91,46.27
275,55.57,88.91,46.9
347,55.29,89.12,45.65
277,55.69,89.82,46.58
392,54.68,88.92,45.65
323,54.78,88.65,46.59
433,54.26,88.61,45.74
368,54.19,88.45,46.59
451,53.87,88.38,45.75
437,53.86,87.88,45.66
435,54.28,89.27,45.64
462,53.98,88.59,45.6
453,53.87,88.28,45.54
439,53.85,87.45,45.02
459,53.68,87.96,45.02
493,53.8,88.93,45.02
476,53.72,88.41,45.02
430,53.85,87.01,45.66
456,53.65,87.02,45.02
518,53.85,85.99,45.01
494,53.85,85.99,45.66
436,52.77,87.21,41.27
343,52.36,87.68,41.27
346,52.02,86.93,40.84
418,52.77,87.21,41.9
411,53.22,87.61,42.52
313,52.36,87.68,41.9
315,52.84,88.09,42.52
524,53.39,86.24,42.52
487,53.14,86.73,42.52
484,52.71,86.07,41.54
520,53.39,86.23,43.15
401,53.49,88.08,43.77
424,53.65,87.54,43.77
476,53.14,86.73,43.15
402,53.22,87.61,43.15
453,53.42,87.09,43.77
459,53.65,87.02,44.39
449,53.49,88.06,44.38
443,53.65,87.53,44.4
344,52.84,88.09,43.15
389,53.28,88.49,43.77
465,53.3,88.5,44.4
522,53.65,86.13,43.75
508,53.65,86.12,44.38
529,52.94,85.41,44
532,52.77,85.61,42.77
536,51.37,85.4,42.68
458,51.53,86.04,40.65
491,51.29,85.58,41.41
566,50.49,85.39,41.39
469,50.85,86.08,40.63
565,50.25,85.65,40.44
498,50.59,86.05,40.8
603,50.35,85.53,40.71
2574,50.32,85.28,40.56
162,42.46,85.89,47.52
340,43.08,85.57,47.5
541,43.27,85.23,47.46
88,41.97,85.49,47.52
45,41.89,84.61,47.52
754,42.77,85.39,46.9
1043,43.13,85.1,46.85
1248,43.39,85.11,46.78
597,42.37,85.01,46.9
337,42.29,84.13,46.9
43,42.61,82.76,46.27
547,42.89,83.17,46.15
1105,43.26,83.09,46.07
1449,43.42,83.54,45.94
1395,43.53,86.27,46.24
1485,43.73,86.23,45.65
1239,42.71,84.53,46.23
1458,42.96,84.9,46.05
1360,42.95,84.98,46.34
739,42.67,83.65,46.28
1245,42.92,84.03,46.15
1233,42.96,84.54,46.43
1491,43.32,84.82,46.07
1440,43.29,84.08,46.07
1516,43.45,84.57,45.94
1439,43.39,84.98,46.3
1450,43.52,85.5,46.17
1504,43.71,85.42,45.63
1518,43.53,85,45.51
1535,43.52,83.95,45.54
1519,43.51,84.62,45.87
1528,43.69,84.51,45.63
1508,43.51,83.55,45.86
1538,43.7,83.55,45.62
41,42.46,85.89,48.15
109,43.08,85.57,48.14
156,43.27,85.23,48.11
16,41.97,85.49,48.15
5,41.89,84.61,48.15
2,40.97,84.24,47.83
28,42.22,83.25,46.9
47,41.81,83.73,46.9
1062,43.53,88.51,47.55
936,43.53,88.53,48.2
1054,43.53,88.94,47.56
993,43.73,89.4,47.54
944,43.53,88.97,48.21
876,43.73,89.41,48.17
1186,43.53,87.95,46.92
1180,43.73,88.46,46.91
1212,43.53,87.13,46.9
831,45.64,86.94,41.27
797,46.05,86.46,40.87
1011,46.44,85.98,40.66
1102,46.85,85.5,40.46
1338,46.35,85.1,40.46
988,45.17,86.54,41.27
1057,45.57,86.06,40.87
1225,45.96,85.58,40.66
1380,45.09,85.66,41.27
1657,45.01,84.78,41.27
1678,45.41,84.3,40.87
1491,45.49,85.18,40.87
1625,46.26,84.22,40.46
1611,45.87,84.7,40.66
872,45.24,87.42,42.52
848,45.64,86.94,41.9
971,44.76,87.02,42.52
990,45.17,86.54,41.9
1339,44.69,86.14,42.52
1593,44.61,85.26,42.52
1659,44.53,84.38,42.52
1432,45.09,85.66,41.9
1682,45.01,84.78,41.9
1102,44.76,87.02,43.15
1403,44.29,86.62,43.77
1527,44.24,85.74,43.77
1587,44.13,84.86,43.77
1594,44.08,83.98,43.77
1412,44.69,86.14,43.15
1591,44.61,85.26,43.15
1623,44.53,84.38,43.15
1493,43.98,86.2,45.02
1529,43.93,85.34,44.99
1532,43.69,84.93,45.14
1548,43.87,84.47,44.96
1555,43.9,83.57,45
1546,43.71,83.93,45.06
1438,44.29,86.62,44.39
1524,44.24,85.73,44.4
1576,44.08,83.98,44.4
1570,44.14,84.86,44.39
217,51.44,86.92,50.34
215,51.94,87.33,50.32
261,54.19,88.45,47.86
244,55.56,88.91,47.82
242,55.67,89.83,47.82
251,54.78,88.65,47.84
298,53.9,90.48,47.85
253,55.64,90.28,47.85
219,52.01,88.65,50.3
212,52.95,89.41,50.11
216,53.83,88.92,49.87
226,54.09,88.6,49.13
235,53.9,90.28,49.13
227,53.88,89.88,49.84
228,55.07,89.52,49.08
869,43.73,89.84,48.18
832,43.95,90.08,48.15
675,44.14,89.73,48.77
776,44.52,90.28,48.18
639,44.58,90.01,48.77
966,43.73,89.83,47.54
918,43.95,90.08,47.52
854,44.52,90.28,47.54
683,45.38,90.28,48.18
573,45.48,89.97,48.77
759,45.38,90.28,47.54
583,47.21,90.48,48.24
652,46.3,90.48,48.23
592,46.82,90.28,48.18
641,45.92,90.28,48.18
562,45.93,90.11,48.77
537,46.32,90.28,48.83
298,47.53,88.64,50.3
376,47.15,89.08,50.1
632,47.22,90.48,47.58
709,46.3,90.48,47.57
645,46.82,90.28,47.54
710,45.92,90.28,47.54
376,52.26,90.48,47.86
509,49.46,90.48,47.56
468,50.35,90.48,47.55
474,49.47,90.48,48.21
433,50.35,90.48,48.19
593,47.78,90.28,47.54
549,48.58,90.28,47.54
520,48.59,90.28,48.17
472,47.59,90.48,49.29
440,46.35,89.93,49.4
475,46.81,90.28,49.16
561,47.78,90.28,48.18
389,46.76,89.51,49.84
381,46.82,90.09,49.84
384,47.63,90.28,49.96
340,48.46,89.04,50.3
326,47.66,89.82,50.1
399,49.44,90.48,49.25
444,48.6,90.28,49.14
333,51.19,90.48,49.21
374,50.38,90.28,49.16
287,52.26,90.28,49.13
360,48.6,90.04,49.84
332,49.43,90.28,49.96
331,50.38,89.99,49.84
237,52.2,89.93,49.84
282,51.22,90.28,49.95
340,49.43,89.72,50.1
280,51.2,89.6,50.1
330,50.24,88.87,50.3
1383,43.73,87.1,46.28
925,44.51,90.28,46.91
996,44.51,90.28,46.28
1147,43.73,88.88,46.91
1087,43.93,89.32,46.9
1056,43.73,89.83,46.91
999,43.95,90.08,46.9
1331,43.73,87.92,46.28
1252,43.73,88.88,46.29
1317,43.9,88.43,46.27
1203,43.93,89.32,46.27
1143,43.73,89.83,46.28
1079,43.95,90.08,46.27
681,47.22,90.48,46.93
617,47.78,90.28,46.91
763,46.31,90.48,46.93
693,46.82,90.28,46.91
775,45.92,90.28,46.91
817,46.31,90.48,46.29
847,45.92,90.28,46.28
737,47.22,90.48,46.29
752,46.82,90.28,46.28
662,47.78,90.28,46.28
830,45.38,90.28,46.91
904,45.38,90.28,46.28
587,48.58,90.04,46.27
552,48.58,90.04,46.9
566,49.47,90.28,46.27
527,49.47,90.28,46.9
380,53.87,90.28,46.57
431,54.34,90.02,45.65
514,53.45,90.04,45.66
534,52.97,90.28,45.54
482,53.88,89.75,45.65
544,52.59,90.07,45.65
461,52.23,90.28,46.59
483,51.15,90.48,46.59
534,50.35,90.28,46.27
494,50.35,90.28,46.9
1460,43.98,87.11,45
1438,44.01,87.98,44.99
1306,44.14,89.74,45
1420,44.06,88.86,45
1460,44.01,87.08,45.65
1099,44.58,90.01,45.65
1426,44.04,87.99,45.64
1203,44.15,89.73,45.65
1369,44.09,88.85,45.64
1199,44.58,90.01,45.02
880,46.33,90.28,45.65
925,45.93,90.11,45.65
813,47.75,90.06,45.02
880,47.24,90.28,45.02
813,46.82,90.09,45.65
716,47.75,90.06,45.65
786,47.24,90.28,45.65
917,46.82,90.09,45.02
982,46.34,90.28,45.02
1041,45.93,90.11,45.02
994,45.48,89.97,45.65
1123,45.49,89.97,45.02
676,48.11,89.79,45.65
781,48.11,89.79,45.02
528,53.4,89.37,45.02
554,53,89.83,45.02
494,52.92,88.97,44.4
534,52.52,89.45,44.4
594,52.11,89.89,45.02
558,52.11,89.89,45.65
598,51.7,90.09,45.02
549,51.7,90.09,45.65
562,51.15,90.28,45.33
633,51.64,89.52,44.4
668,51.25,89.94,44.4
606,48.99,89.74,45.65
697,48.99,89.74,45.02
671,49.46,90.01,45.02
620,50.34,89.99,45.02
599,49.46,90.01,45.65
563,50.34,89.99,45.65
1369,44.36,87.5,44.4
1393,44.52,89.26,44.4
1360,44.44,88.38,44.4
1277,44.36,87.5,43.77
1301,44.52,89.26,43.77
1204,44.44,88.38,43.77
1344,45,89.68,44.4
1337,45,89.68,43.77
1115,45.4,89.18,43.15
1035,45.8,88.7,42.52
1010,44.92,88.78,43.15
951,44.84,87.9,43.15
982,45.32,88.3,42.52
898,45.24,87.42,43.15
1277,45.88,89.58,44.4
1306,45.88,89.58,43.77
1182,46.28,89.1,43.15
1258,46.35,89.93,43.77
1231,46.76,89.51,43.15
1141,47.23,89.88,43.77
1031,47.23,89.88,44.4
1155,46.35,89.93,44.4
1003,47.64,89.43,44.4
1174,47.16,89.03,43.15
1100,47.64,89.43,43.77
1117,48.04,88.95,43.15
1131,46.68,88.63,43.15
881,48.52,89.35,44.4
992,48.52,89.35,43.77
1029,48.92,88.87,43.15
788,49.4,89.27,44.4
888,49.4,89.27,43.77
913,49.8,88.8,43.15
829,49.88,89.69,43.77
834,50.28,89.2,43.15
742,50.76,89.64,43.77
707,50.76,89.64,44.4
739,49.88,89.69,44.4
439,52.44,88.56,43.77
664,51.16,89.12,43.77
491,52.04,89.04,43.77
690,51.16,89.12,44.4
958,45.72,87.82,42.52
1017,46.2,88.22,42.52
975,46.12,87.34,41.9
1058,46.6,87.74,41.9
1071,46.6,87.74,41.27
957,46.12,87.34,41.27
774,48.33,87.15,40.66
532,50.11,86.99,40.65
730,49.2,86.16,40.45
946,47,87.27,40.87
793,46.53,86.86,40.87
949,47.37,86.35,40.66
1303,47.9,85.41,40.46
1133,47.56,88.55,42.52
1069,47.08,88.15,42.52
1069,48.44,88.47,43.15
1103,48.44,88.47,42.52
712,50.68,88.72,43.15
648,50.68,88.72,42.52
287,51.96,88.16,42.52
394,51.96,88.16,43.15
327,51.56,88.64,42.52
457,51.56,88.64,43.15
823,50.2,88.32,43.15
1003,49.32,88.39,42.52
796,50.2,88.32,42.52
1105,47.96,88.07,41.9
1060,47.48,87.67,41.9
1027,48.84,87.99,41.9
1070,47.96,88.07,41.27
969,48.84,87.99,41.27
1044,47.48,87.67,41.27
930,49.24,87.51,41.9
864,49.24,87.51,41.27
877,49.72,87.92,41.9
802,49.72,87.92,41.27
372,51.04,87.79,41.56
814,48.33,87.25,40.85
590,49.99,86.96,40.84
137,43.51,85.64,50.41
143,43.55,85.94,50.33
247,43.7,86.43,50.32
120,43.66,85.38,50.7
103,43.77,85.69,51.33
94,44.12,85.68,51.93
120,43.58,85.89,50.83
100,44.02,85.88,51.4
101,44.47,85.88,51.5
114,44.56,85.68,51.93
86,45.03,85.88,51.98
88,45.1,85.68,52.54
56,45.9,85.88,52.57
55,45.94,85.68,53.15
45,45.95,85.42,53.77
106,45.49,85.16,53.15
117,45.11,85.45,52.52
259,44.06,86.81,50.31
415,43.53,88.05,49.59
485,43.73,88.5,49.47
295,44.1,87.66,50.3
328,43.73,87.98,49.96
331,43.94,88.05,50.1
406,43.9,88.43,49.84
283,43.53,87.24,49.56
244,43.72,87.16,49.96
247,43.89,87.16,50.11
640,43.53,88.01,48.86
685,43.73,88.49,48.81
539,43.73,88.92,49.48
553,43.93,89.32,49.4
313,44.68,88.04,50.3
363,44.35,88.44,50.1
431,44.09,88.85,49.84
720,43.73,88.91,48.82
705,43.93,89.32,48.77
500,44.52,89.26,49.4
414,44.92,88.78,49.84
381,45.28,88.35,50.1
323,45.65,87.94,50.3
474,45,89.68,49.4
474,45.88,89.58,49.4
397,45.4,89.18,49.84
426,46.28,89.1,49.84
375,45.77,88.76,50.1
427,46.66,88.67,50.1
311,46.14,88.33,50.3
327,47.05,88.24,50.3
475,47.94,88.15,50.3
42,49.03,85.89,52.02
237,50.48,86.34,50.34
49,48.13,85.88,51.98
47,46.81,85.88,52.56
47,46.83,85.68,53.15
15,48.07,85.68,54.1
29,48.02,85.88,52.9
29,49.13,85.7,52.85
12,49.09,85.48,54.09
83,49.49,85.25,53.15
446,43.53,87.19,48.84
18,42.78,85.4,48.77
50,43.13,85.1,48.76
85,43.39,85.11,48.75
4,42.37,85.01,48.77
191,43.52,86.39,49.52
136,43.51,85.56,49.45
28,42.96,84.96,49.39
89,43.39,84.98,49.39
13,42.77,84.53,49.4
194,43.68,86.31,49.97
162,43.65,85.7,49.92
142,43.64,85.28,50.04
88,43.29,84.76,50.03
47,43.17,84.05,50.02
14,43.1,83.14,50.03
187,43.89,85.31,50.64
158,43.66,84.45,50.65
104,43.49,82.81,50.66
141,43.58,83.57,50.65
155,44.22,85.48,51.25
204,44.14,84.86,51.27
248,44.05,83.97,51.27
266,43.98,83.09,51.27
166,44.61,85.24,51.9
193,45.01,84.78,52.52
253,44.53,84.38,51.9
239,44.93,83.9,52.52
273,44.46,83.5,51.9
568,50.93,86.48,51.27
720,50.01,85.89,52.25
1159,50.45,86.09,51.87
422,49.64,87.01,50.88
772,49.96,86.66,51.27
492,50.53,86.93,50.87
1015,49.91,86.15,51.88
1076,50.16,86.42,51.27
567,49.62,86.44,51.25
360,49.2,86.66,50.87
934,49.78,85.87,51.93
923,49.76,86.11,51.29
475,49.5,86.24,50.76
619,49.65,85.95,51.37
425,49.63,86.05,50.69
673,50.04,86.58,50.64
485,49.56,86.35,50.61
635,49.76,86.12,50.45
748,49.96,85.51,52.5
834,50.47,86.29,50.81
947,50.23,86.19,50.57
765,50.67,86.06,50.79
459,50.5,85.98,50.54
581,50.69,86.02,50.59
562,50.88,85.83,50.56
574,50.67,85.46,50.37
577,50.54,85.37,50.31
935,50.22,86.05,50.53
703,50.36,85.97,50.52
886,49.61,85.76,51.95
295,50.48,85.91,50.41
916,49.96,85.99,50.43
450,49.49,85.9,51.4
916,50.36,85.37,50.43
287,53.86,87.87,47.85
222,52.31,86.85,50.2
215,52.83,87.65,50.13
218,53.67,87.43,50.02
227,53.7,87.97,49.15
216,53.36,88.36,49.87
451,51.44,85.89,50.32
578,51.18,85.78,50.36
669,51.41,85.71,50.45
209,51.64,85.99,50.31
260,51.53,85.4,49.86
210,51.87,86.44,50.27
288,51.14,86.09,50.35
220,51.39,86.27,50.34
225,50.95,86.51,50.34
311,50.9,85.97,50.34
488,50.85,85.75,50.41
711,51.12,85.6,50.46
255,53.09,85.86,49.98
270,53.72,85.61,48.91
234,52.69,86.32,49.96
226,53.15,86.71,49.92
221,53.44,87.1,49.87
248,53.45,86.22,49.94
261,53.55,85.68,49.44
175,51.78,85.91,50.32
462,51.4,85.49,50.26
258,52.53,85.62,50.06
332,52.2,85.44,50.36
1938,51.94,85.14,50.55
811,51.72,85.54,50.62
226,52.21,85.94,50
249,52.6,85.55,49.48
278,53.63,85.54,48.91
256,53.15,85.54,49.4
242,53.68,86.63,49.1
251,52.22,85.57,49.32
292,51.82,85.41,50.12
298,52.86,85.41,48.82
311,53.38,85.4,48.83
364,53.85,86.4,47.9
284,52.42,85.41,48.77
258,51.89,85.4,49.5
259,50.43,86,50.34
250,50.23,86.19,50.35
521,50.85,85.56,50.27
456,50.71,85.5,50.12
360,51.12,85.49,50.13
456,50.57,85.38,49.98
780,50.38,85.38,50.3
315,50.83,85.39,49.75
264,51.27,85.4,49.82
249,50.68,86.12,50.33
308,49.41,84.39,53.15
1274,49.82,83.91,52.52
1079,50.22,83.44,51.9
512,49.49,85.25,52.52
1254,50.48,85.3,50.42
1372,49.89,84.79,52.52
1467,50.3,84.32,51.9
887,50.7,83.84,51.27
906,50.87,85.82,50.8
1680,50.37,85.2,51.89
1400,51.08,85.46,50.58
1242,50.85,85.6,51.27
1294,51.08,85.57,50.79
712,50.84,85.52,50.48
711,50.66,85.42,50.49
1089,50.77,84.72,51.9
1111,51.26,85.13,51.26
786,51.18,84.24,51.27
335,51.55,83.76,50.64
1650,51.64,84.67,50.61
1808,51.26,85.17,50.73
1200,50.82,85.33,50.48
2385,50.83,85.14,50.47
2411,51.11,85.12,50.39
2499,50.66,85.23,50.41
2494,50.89,85.18,50.3
2546,51.39,85.17,49.95
207,48.94,83.99,53.15
323,54.72,89.33,46.58
440,54.21,88.74,45.8
380,54.09,88.6,46.59
403,53.86,87.91,46.62
470,53.74,88.51,45.74
453,53.69,87.99,45.65
431,53.85,87.49,45.54
485,53.8,88.94,45.64
473,53.72,88.4,45.54
474,53.48,88.04,45.02
451,53.65,87.53,45.02
508,53.31,88.5,45.02
460,53.42,87.09,45.02
438,53.65,87.09,45.66
446,53.85,86.42,46.61
497,53.65,86.12,45.02
482,53.65,86.12,45.65
497,52.94,85.41,45.31
409,52.77,87.21,42.52
388,51.85,86.76,41.54
327,52.36,87.68,42.52
508,53.39,86.23,43.77
510,52.69,86.08,42.83
498,53.39,86.23,44.4
473,53.14,86.73,43.77
427,52.77,87.21,43.15
429,53.22,87.61,43.77
471,53.21,86.82,44.4
461,53.22,87.61,44.39
391,52.36,87.68,43.15
424,52.84,88.09,43.77
493,52.84,88.09,44.4
523,52.77,85.61,44.05
557,51.37,85.4,43.99
544,51.23,85.58,42.77
622,50.49,85.39,42.7
508,50.91,86.14,41.51
609,50.35,85.53,41.5
2842,50.32,85.27,41.37
583,50.14,85.76,40.59
1605,49.8,85.23,40.44
589,50.09,85.82,40.81
1488,50.22,84.84,40.44
2588,50.18,85.29,40.69
4024,50.52,85.15,41.25
235,42.78,85.39,47.52
441,43.13,85.1,47.5
684,43.39,85.11,47.45
135,42.37,85.01,47.52
63,42.29,84.13,47.52
1235,43.53,86.29,46.86
1255,43.52,85.52,46.81
918,42.96,84.97,46.9
1122,43.39,84.98,46.85
736,42.77,84.53,46.9
355,42.7,83.65,46.9
13,42.62,82.75,46.89
803,43.13,83.14,46.38
1401,43.46,83.56,46.07
1518,43.5,84.04,45.94
1430,43.73,86.24,46.26
1489,43.98,86.2,45.65
1382,43.28,84.76,46.37
1271,43.2,84.05,46.38
1497,43.51,84.49,46.07
1466,43.69,85.41,46.23
1510,43.94,85.34,45.66
1520,43.7,84.93,45.53
1539,43.7,83.96,45.59
1525,43.51,84.01,45.86
1516,43.65,84.55,45.99
1532,43.89,84.47,45.68
1495,43.65,83.57,45.98
1538,43.87,83.56,45.69
52,42.78,85.4,48.15
115,43.13,85.1,48.13
176,43.39,85.11,48.11
22,42.37,85.01,48.15
6,42.29,84.13,48.15
2,41.78,83.29,47.83
1058,43.53,87.96,47.54
1043,43.73,88.47,47.53
1039,43.53,87.14,47.53
893,43.53,87.98,48.19
884,43.73,88.47,48.17
1025,43.73,88.89,47.53
972,43.93,89.32,47.52
886,43.73,88.9,48.17
847,43.93,89.32,48.15
1217,43.73,87.93,46.9
1188,43.9,88.43,46.9
1259,43.73,87.11,46.9
1604,47.22,84.59,40.46
895,46.05,86.46,41.27
1085,46.45,85.98,40.87
1334,46.85,85.5,40.66
1532,46.36,85.1,40.66
1121,45.57,86.06,41.27
1310,45.97,85.58,40.87
1727,45.41,84.3,41.27
1578,45.49,85.18,41.27
1730,46.28,84.22,40.66
1669,45.89,84.7,40.87
879,45.64,86.94,42.52
987,46.05,86.46,41.9
1090,45.17,86.54,42.52
1205,45.57,86.06,41.9
1500,45.09,85.66,42.52
1656,45.01,84.78,42.52
1620,45.49,85.18,41.9
1723,45.41,84.3,41.9
1239,44.76,87.02,43.77
1210,45.17,86.54,43.15
1453,44.69,86.14,43.77
1582,44.61,85.26,43.77
1602,44.53,84.38,43.77
1539,45.09,85.66,43.15
1630,45.01,84.78,43.15
1342,44.76,87.02,44.4
1461,44.29,86.62,45.02
1515,44.24,85.73,45.02
1561,44.09,83.97,45.02
1551,44.14,84.86,45.01
1475,44.69,86.14,44.4
1571,44.61,85.26,44.4
1589,44.53,84.38,44.4
1471,44.29,86.62,45.65
240,50.53,87.01,50.34
272,50.11,87.51,50.33
217,51.46,86.96,50.24
239,51.03,87.41,50.33
324,50.61,87.9,50.32
216,51.91,87.31,50.16
234,51.51,87.8,50.31
307,51.09,88.29,50.3
273,54.08,88.6,47.84
298,53.9,90.28,47.84
256,54.72,89.33,47.83
229,52,88.62,50.1
215,52.95,89.36,49.85
234,53.88,89.88,49.08
230,53.83,88.93,49.08
798,44.14,89.73,48.15
658,44.52,89.26,48.77
748,44.58,90.01,48.15
616,45,89.68,48.77
904,44.14,89.73,47.52
837,44.58,90.01,47.52
678,45.48,89.97,48.15
643,45.88,89.58,48.77
749,45.48,89.97,47.52
586,47.23,90.28,48.18
613,46.82,90.09,48.15
652,45.93,90.11,48.15
619,46.33,90.28,48.18
569,46.35,89.93,48.77
470,47.55,88.58,50.1
480,47.16,89.03,49.84
623,47.23,90.28,47.54
651,46.82,90.09,47.52
711,45.93,90.11,47.52
682,46.33,90.28,47.54
414,51.15,90.48,47.86
379,52.26,90.28,47.84
500,49.47,90.28,47.53
461,50.35,90.28,47.53
472,49.47,90.28,48.17
430,50.35,90.28,48.16
597,47.75,90.06,47.52
540,48.58,90.04,47.52
525,48.58,90.04,48.14
582,47.75,90.06,48.15
537,46.76,89.51,49.4
491,46.82,90.09,49.08
478,47.61,90.28,49.17
408,49.25,88.05,50.31
437,48.47,88.96,50.1
373,47.67,89.73,49.84
455,48.59,90.04,49.07
413,49.45,90.28,49.15
380,50.36,89.99,49.1
299,52.2,89.93,49.08
345,51.19,90.28,49.12
399,49.43,89.63,49.84
310,51.2,89.52,49.84
358,50.24,88.81,50.11
1422,44.01,87.09,46.27
920,44.58,90.01,46.9
1008,44.58,90.01,46.27
1141,44.09,88.85,46.9
1001,44.14,89.73,46.9
1365,44.05,87.99,46.27
1272,44.09,88.85,46.27
1103,44.14,89.73,46.27
602,47.75,90.06,46.9
658,47.23,90.28,46.91
689,46.82,90.09,46.9
769,45.93,90.11,46.9
737,46.33,90.28,46.91
801,46.33,90.28,46.28
837,45.93,90.11,46.27
740,46.82,90.09,46.27
712,47.23,90.28,46.28
643,47.75,90.06,46.27
815,45.48,89.97,46.9
892,45.48,89.97,46.27
593,48.11,89.79,46.27
551,48.11,89.79,46.9
535,48.99,89.74,46.27
488,48.99,89.74,46.9
541,49.46,90.01,46.27
501,49.46,90.01,46.9
524,53.4,89.38,45.64
396,53.87,89.88,46.58
547,52.98,89.82,45.64
519,50.34,89.99,46.27
474,50.34,89.99,46.9
486,52.18,89.93,46.59
484,51.15,90.28,46.59
1427,44.35,87.5,45.03
1377,44.52,89.26,45.02
1422,44.44,88.38,45.02
1442,44.34,87.5,45.65
1118,45,89.68,45.65
1409,44.44,88.38,45.65
1282,44.52,89.26,45.65
1253,45,89.68,45.02
867,46.35,89.93,45.65
886,47.23,89.88,45.02
778,47.23,89.88,45.65
996,46.35,89.93,45.02
986,45.88,89.58,45.65
1141,45.88,89.58,45.02
743,47.64,89.43,45.65
869,47.64,89.43,45.02
621,48.52,89.35,45.65
741,48.52,89.35,45.02
554,52.92,88.97,45.02
581,52.52,89.45,45.02
570,52.52,89.45,45.65
552,52.92,88.97,45.64
533,52.44,88.56,44.4
586,52.04,89.04,44.4
588,49.4,89.27,45.65
677,49.4,89.27,45.02
608,51.18,89.53,45.33
652,49.88,89.69,45.02
582,49.88,89.69,45.65
1359,44.92,88.78,44.4
1290,44.84,87.9,44.4
1214,44.92,88.78,43.77
1106,44.84,87.9,43.77
1347,45.4,89.18,44.4
1283,45.4,89.18,43.77
1067,45.8,88.7,43.15
974,45.32,88.3,43.15
1214,45.24,87.42,44.4
1018,46.2,88.22,43.15
927,45.72,87.82,43.15
1025,45.24,87.42,43.77
962,45.64,86.94,43.15
1160,46.72,89.07,44.08
972,48.04,88.95,44.4
1114,47.56,88.55,43.15
1057,48.04,88.95,43.77
1049,47.08,88.15,43.15
942,48.44,88.47,44.4
1016,48.44,88.47,43.77
857,48.92,88.87,44.4
957,48.92,88.87,43.77
978,49.32,88.39,43.15
790,50.24,88.76,44.08
503,51.96,88.16,43.77
586,51.96,88.16,44.4
570,51.56,88.64,43.77
646,51.56,88.64,44.4
924,46.12,87.34,42.52
984,46.6,87.74,42.52
904,46.53,86.86,41.9
973,47,87.27,41.9
960,47,87.27,41.27
855,46.53,86.86,41.27
920,49.15,86.2,40.64
1370,48.53,85.35,40.46
987,47.27,86.36,40.85
1593,47.89,85.41,40.66
1060,47.96,88.07,43.15
1003,47.48,87.67,43.15
1083,47.96,88.07,42.52
1018,47.48,87.67,42.52
996,48.84,87.99,43.15
1023,48.84,87.99,42.52
941,49.24,87.51,43.15
947,49.24,87.51,42.52
915,49.72,87.92,43.15
911,49.72,87.92,42.52
542,51.04,87.8,42.83
867,48.32,87.14,41.56
925,49.31,86.31,40.82
641,50.1,87,41.56
785,43.53,87.16,48.18
143,43.65,85.51,50.33
164,43.68,85.81,50.19
195,43.84,86.3,50.16
137,43.57,85.9,50.43
166,44,86.07,50.32
133,43.74,85.73,50.72
128,44.16,85.69,51.31
128,44.07,85.89,50.83
145,44.57,85.69,51.42
117,45,85.88,51.39
129,45.1,85.68,51.93
87,45.9,85.88,51.97
82,45.95,85.42,53.15
91,45.94,85.68,52.54
166,45.49,85.16,52.52
169,45.11,85.45,51.9
231,44.54,86.34,50.32
235,44.19,86.7,50.13
280,44.59,87.18,50.3
402,43.73,87.97,49.47
473,43.9,88.43,49.4
289,44.25,87.56,50.1
354,44.05,87.98,49.84
292,43.72,87.16,49.46
251,43.99,87.08,49.85
601,43.73,87.95,48.81
660,43.9,88.43,48.77
305,45.13,87.55,50.3
510,44.09,88.85,49.4
345,44.78,87.95,50.1
399,44.44,88.38,49.84
676,44.09,88.85,48.77
518,44.92,88.78,49.4
446,45.32,88.3,49.84
407,45.69,87.86,50.1
328,46.06,87.46,50.3
515,45.4,89.18,49.4
596,46.28,89.1,49.4
460,45.8,88.7,49.84
537,46.68,88.63,49.84
446,46.18,88.26,50.1
504,47.07,88.18,50.1
578,47.95,88.1,50.1
344,46.56,87.85,50.3
448,47.45,87.76,50.3
500,48.34,87.67,50.3
43,48.51,85.88,51.99
177,49.12,85.71,51.94
89,49.03,85.89,51.38
372,48.72,87.22,50.3
270,49.59,87.13,50.33
255,50.43,86.35,50.28
258,50,86.65,50.34
66,48.12,85.88,51.38
101,47.25,85.88,51.29
58,47.61,85.88,51.97
62,48.17,85.68,51.93
74,46.8,85.88,51.97
75,46.83,85.68,52.54
40,48.05,85.68,52.86
81,49.13,85.5,52.78
65,48.53,84.47,53.15
72,49.01,84.87,53.15
226,45.89,84.7,52.52
252,43.53,86.33,48.82
464,43.73,87.13,48.8
141,43.52,85.55,48.78
21,42.96,84.97,48.77
76,43.39,84.98,48.76
8,42.77,84.53,48.77
207,43.7,86.29,49.44
151,43.66,85.43,49.41
77,43.29,84.76,49.4
32,43.17,84.05,49.4
7,43.1,83.14,49.4
219,43.93,86.21,49.89
225,43.85,85.54,49.84
226,43.88,85.29,50.06
177,43.66,84.46,50.03
95,43.49,82.81,50.03
143,43.58,83.57,50.02
208,44.23,85.52,50.63
272,44.14,84.86,50.65
314,44.05,83.97,50.65
330,43.98,83.09,50.65
228,44.61,85.23,51.27
334,44.53,84.38,51.27
353,44.46,83.5,51.27
310,44.38,82.62,51.27
270,45.01,84.78,51.9
256,45.41,84.3,52.52
314,44.93,83.9,51.9
254,44.86,83.02,51.9
1503,50.09,85.76,51.88
1228,50.45,86.08,51.27
1234,49.89,86.13,51.25
790,50.05,86.52,50.84
557,49.62,86.4,50.81
1157,49.77,85.87,51.33
452,49.63,85.94,50.73
678,49.72,86.06,50.73
722,49.73,85.94,50.39
720,49.82,86.13,50.53
1555,49.86,85.49,51.89
1036,50.22,85.99,50.59
1131,50.23,86.09,50.8
1084,50.44,85.86,50.79
671,50.54,85.88,50.59
955,50.35,85.87,50.58
627,50.63,85.65,50.48
797,50.45,85.47,50.39
578,50.39,85.85,50.39
1041,50,85.94,50.47
1090,49.61,85.76,51.32
362,49.51,85.9,50.74
850,50.02,85.92,50.38
1425,50.27,85.45,50.51
919,50.33,85.36,50.3
288,53.69,87.99,47.83
220,52.28,86.78,49.93
233,53.35,88.34,49.09
218,52.78,87.61,49.87
470,51.36,85.78,50.18
301,51.58,85.94,50.17
258,51.42,85.53,49.84
257,51.51,85.4,49.52
227,51.81,86.36,49.98
239,50.85,86.58,50.29
341,51.11,86.02,50.16
249,51.35,86.22,50.16
432,50.87,85.82,50.16
511,51.12,85.63,50.19
270,53.56,85.68,48.92
242,53.11,85.89,49.39
232,52.69,86.32,49.4
241,53.3,86.67,49.08
243,52.54,85.7,49.5
237,52.18,85.94,49.43
419,51.83,85.55,50.18
267,52.72,85.6,48.79
282,53.23,85.57,48.77
323,53.66,86.54,47.86
261,52.29,85.61,48.77
251,51.73,85.56,49.4
278,51.87,85.41,48.76
358,52.96,85.41,47.86
434,50.36,85.92,50.3
552,49.95,86.05,50.36
330,50.19,86.13,50.3
480,50.63,85.66,50.18
605,50.47,85.49,50.06
1196,50.29,85.47,50.38
390,50.72,85.51,49.82
302,51.13,85.53,49.84
529,50.44,85.38,49.84
274,51.04,85.39,49.3
313,50.67,86.06,50.15
2027,50.33,85.26,50.31
1213,49.41,84.39,52.52
1579,49.82,83.91,51.9
1050,50.22,83.44,51.27
294,49.01,84.87,52.52
1188,49.49,85.25,51.89
1513,50.39,85.31,50.51
1808,49.89,84.79,51.9
1608,50.3,84.32,51.27
1137,50.7,83.84,50.65
1908,50.37,85.2,51.27
1367,50.84,85.36,50.58
931,50.62,85.49,50.6
1607,50.83,85.38,50.8
1140,50.63,85.62,50.8
1573,50.77,84.72,51.27
1388,51.18,84.24,50.65
2003,50.79,84.94,50.82
2074,51.23,84.92,50.52
2387,50.58,85.19,50.49
2339,50.82,85.1,50.37
2305,51.32,85.07,49.97
2534,50.55,85.17,50.31
2551,50.91,85.16,49.86
2649,51.41,85.15,49.34
201,48.53,84.47,52.52
889,48.94,83.99,52.52
411,53.83,88.93,46.58
400,53.7,88.01,46.62
482,53.59,88.69,45.79
471,53.49,88.06,45.66
445,53.66,87.58,45.54
508,53.3,88.51,45.64
476,53.22,87.61,45.02
536,52.84,88.09,45.02
472,53.14,86.73,45.02
486,53.39,86.23,45.02
453,53.14,86.73,45.65
446,53.42,87.15,45.66
471,53.39,86.23,45.65
427,53.65,86.56,46.58
422,52.94,85.41,46.6
485,52.77,85.61,45.32
520,51.36,85.4,45.27
463,52.77,87.21,43.77
517,52.69,86.08,44.08
482,51.85,86.77,42.83
491,52.77,87.21,44.4
471,52.36,87.68,43.77
533,52.36,87.68,44.4
577,51.22,85.58,44.05
596,50.48,85.39,43.99
600,50.87,86.13,42.83
680,50.35,85.53,42.78
2817,50.32,85.27,42.71
669,50.08,85.83,41.57
2678,50.18,85.27,41.48
1982,49.72,85.24,40.6
1795,49.04,84.43,40.45
1329,50.11,84.74,40.59
2107,49.8,85.36,40.76
3342,50.4,85.01,41.36
4006,50.52,85.15,42.71
981,43.53,86.3,47.5
863,43.52,85.52,47.47
317,42.96,84.96,47.52
527,43.39,84.98,47.5
187,42.77,84.53,47.52
61,42.7,83.65,47.52
1289,43.73,86.24,46.88
1283,43.69,85.42,46.86
1011,43.28,84.76,46.89
324,43.1,83.14,46.89
824,43.17,84.05,46.9
1283,43.54,83.57,46.37
1493,43.62,84.01,46.07
1458,43.98,86.2,46.27
1507,44.23,85.74,45.65
1424,43.62,84.46,46.38
1480,43.91,85.32,46.27
1533,44.15,84.86,45.65
1512,43.88,84.47,46.15
1478,43.85,83.56,46.15
1547,44.09,83.97,45.65
1515,43.66,84,45.98
577,43.53,86.31,48.15
346,43.52,85.53,48.13
62,42.96,84.97,48.15
150,43.39,84.98,48.13
27,42.77,84.53,48.15
4,42.7,83.65,48.15
1054,43.73,87.93,47.53
1035,43.9,88.43,47.52
1055,43.73,87.12,47.52
852,43.73,87.94,48.16
863,43.9,88.43,48.15
1004,44.09,88.85,47.52
853,44.09,88.85,48.15
1239,44.05,87.99,46.9
1305,44.01,87.09,46.9
1761,47.22,84.59,40.66
1231,46.45,85.98,41.27
1395,46.85,85.5,40.87
1583,46.37,85.1,40.87
1424,45.97,85.58,41.27
1742,46.29,84.22,40.87
1717,45.89,84.7,41.27
1117,46.05,86.46,42.52
1319,46.45,85.98,41.9
1333,45.57,86.06,42.52
1485,45.97,85.58,41.9
1631,45.49,85.18,42.52
1653,45.41,84.3,42.52
1726,45.89,84.7,41.9
1309,45.17,86.54,43.77
1418,45.57,86.06,43.15
1226,46.05,86.46,43.15
1551,45.09,85.66,43.77
1614,45.01,84.78,43.77
1628,45.49,85.18,43.15
1611,45.41,84.3,43.15
1407,44.76,87.02,45.02
1379,45.17,86.54,44.4
1486,44.69,86.14,45.02
1556,44.61,85.26,45.02
1576,44.53,84.38,45.02
1553,45.09,85.66,44.4
1603,45.01,84.78,44.4
1439,44.76,87.02,45.65
1451,44.29,86.62,46.27
1489,44.69,86.14,45.65
248,50.51,87.01,50.27
276,50.11,87.48,50.2
222,51.4,86.87,49.96
243,51.02,87.41,50.22
323,50.6,87.88,50.16
221,51.87,87.26,49.89
242,51.5,87.79,50.14
317,51.09,88.26,50.12
297,53.88,89.88,47.83
294,53.83,88.93,47.83
244,51.99,88.6,49.84
251,52.95,89.36,49.08
811,44.52,89.26,48.15
713,44.92,88.78,48.77
741,45,89.68,48.15
706,45.4,89.18,48.77
921,44.52,89.26,47.52
823,45,89.68,47.52
740,45.88,89.58,48.15
779,46.28,89.1,48.77
763,45.88,89.58,47.52
643,47.23,89.88,48.15
656,46.35,89.93,48.15
698,46.76,89.51,48.77
604,47.56,88.55,49.84
677,47.16,89.03,49.4
630,47.23,89.88,47.52
692,46.35,89.93,47.52
386,52.2,89.93,47.83
411,51.15,90.28,47.84
478,49.46,90.01,47.52
448,50.34,89.99,47.52
463,49.46,90.01,48.15
423,50.34,89.99,48.14
548,48.11,89.79,47.52
466,48.99,89.74,47.52
557,48.11,89.79,48.15
470,48.99,89.74,48.15
545,47.67,89.72,49.08
513,48.48,88.91,49.84
406,49.26,88,50.12
436,49.44,89.63,49.08
344,51.19,89.53,49.08
368,50.24,88.74,49.85
1405,44.34,87.5,46.27
898,45,89.68,46.9
990,45,89.68,46.27
1189,44.44,88.38,46.9
1028,44.52,89.26,46.9
1328,44.44,88.38,46.27
1149,44.52,89.26,46.27
636,47.23,89.88,46.9
797,45.88,89.58,46.9
727,46.35,89.93,46.9
781,46.35,89.93,46.27
682,47.23,89.88,46.27
861,45.88,89.58,46.27
620,47.64,89.43,46.27
557,47.64,89.43,46.9
518,48.52,89.35,46.27
457,48.52,89.35,46.9
511,49.4,89.27,46.27
448,49.4,89.27,46.9
523,49.88,89.69,46.27
473,49.88,89.69,46.9
506,51.18,89.53,46.58
474,52.94,89.37,46.58
1397,44.84,87.9,45.02
1391,44.92,88.78,45.02
1415,44.84,87.9,45.65
1175,45.4,89.18,45.65
1332,44.92,88.78,45.65
1306,45.4,89.18,45.02
1399,45.24,87.42,45.65
1358,45.24,87.42,45.02
690,48.04,88.95,45.65
831,48.04,88.95,45.02
999,46.72,89.07,45.33
695,48.44,88.47,45.65
822,48.44,88.47,45.02
616,48.92,88.87,45.65
727,48.92,88.87,45.02
665,50.24,88.76,45.33
605,52,88.6,45.33
1204,45.76,88.26,44.08
1244,45.64,86.94,44.4
937,46.6,87.74,43.15
903,46.12,87.34,43.15
1112,45.64,86.94,43.77
1067,47.52,88.11,44.08
908,49.28,87.95,44.08
683,51.04,87.8,44.08
942,47,87.27,43.15
1031,46.53,86.86,43.15
960,46.53,86.86,42.52
945,47,87.27,42.52
1191,47.38,86.35,41.56
1632,47.73,85.43,40.82
1608,48.49,85.37,40.65
894,48.32,87.15,42.83
1196,49.12,86.19,41.53
756,50.09,87,42.83
780,43.73,87.12,48.16
158,43.71,85.76,50.3
192,44.11,85.94,50.18
151,44.07,85.9,50.43
167,44.19,85.73,50.71
148,44.96,85.89,50.82
173,45.07,85.69,51.31
117,45.89,85.88,51.39
134,45.94,85.68,51.92
131,45.95,85.42,52.52
232,45.49,85.16,51.9
228,45.09,85.46,51.25
188,44.97,86.04,50.32
221,44.63,86.22,50.16
255,45.05,86.72,50.31
235,44.27,86.61,49.86
269,44.7,87.08,50.11
317,44,87.09,49.4
424,44.05,87.99,49.4
304,44.34,87.5,49.84
611,44.05,87.99,48.77
284,45.55,87.09,50.3
333,45.2,87.47,50.1
479,44.44,88.38,49.4
384,44.84,87.9,49.84
665,44.44,88.38,48.77
572,45.32,88.3,49.4
477,45.72,87.82,49.84
392,46.1,87.39,50.1
303,46.46,87.01,50.3
617,45.8,88.7,49.4
725,46.68,88.63,49.4
538,46.2,88.22,49.84
609,47.08,88.15,49.84
615,47.96,88.07,49.84
478,46.58,87.78,50.1
540,47.47,87.7,50.1
493,48.35,87.62,50.1
375,46.96,87.38,50.3
480,47.85,87.29,50.3
57,48.57,85.68,51.93
54,48.51,85.88,51.38
462,49.14,85.51,51.9
314,49.12,85.71,51.31
138,49.04,85.89,50.75
364,48.75,87.15,50.11
293,49.6,87.07,50.19
363,48.23,86.85,50.3
271,49.09,86.78,50.31
275,50.47,86.3,50.14
297,49.99,86.59,50.26
256,49.46,86.34,50.34
94,48.12,85.89,50.79
131,47.26,85.89,50.8
81,47.63,85.88,51.4
81,48.17,85.68,51.31
104,46.77,85.88,51.4
137,47.28,85.7,51.21
81,47.64,85.68,51.92
65,48.19,85.5,51.9
112,46.83,85.68,51.92
113,46.83,85.39,52.52
160,46.37,85.11,52.52
47,48.19,85.19,52.84
499,44.01,87.09,48.77
287,45.89,84.7,51.9
217,46.29,84.22,52.52
305,43.72,86.26,48.79
173,43.68,85.43,48.77
61,43.29,84.76,48.77
16,43.17,84.05,48.77
3,43.1,83.14,48.77
282,43.96,86.21,49.4
259,43.89,85.33,49.4
165,43.66,84.46,49.4
80,43.49,82.81,49.4
114,43.58,83.57,49.4
264,44.2,85.8,49.89
271,44.21,85.53,50.08
327,44.14,84.86,50.03
354,44.05,83.97,50.02
363,43.98,83.09,50.02
306,44.61,85.23,50.64
410,44.53,84.38,50.65
428,44.46,83.5,50.65
389,44.38,82.62,50.65
348,45.01,84.78,51.27
383,44.93,83.9,51.27
325,44.86,83.02,51.27
323,45.41,84.3,51.9
281,45.34,83.42,51.9
820,49.72,85.86,50.69
1669,50.08,85.76,51.27
884,49.79,85.85,50.39
948,49.85,86.11,50.75
1708,49.86,85.5,51.26
1618,50.13,85.58,50.83
710,50.44,85.77,50.45
950,50.4,85.56,50.49
1310,50.09,85.82,50.66
825,49.59,85.77,50.68
607,49.66,85.96,50.36
989,50.04,85.82,50.36
1463,50.24,85.44,50.39
626,50.33,85.36,49.85
308,53.35,88.34,47.82
228,52.29,86.8,49.4
240,52.76,87.64,49.08
375,51.11,86.02,49.86
378,51.38,85.75,49.9
302,51.61,85.9,49.9
283,51.35,86.22,49.86
253,51.38,85.55,49.52
238,51.81,86.4,49.4
262,50.93,86.48,49.99
418,50.87,85.82,49.86
444,50.63,85.67,49.87
390,51.09,85.66,49.89
313,53.28,86.66,47.85
260,53.12,85.9,48.78
247,52.69,86.32,48.77
257,52.64,85.77,48.8
249,52.21,85.97,48.77
246,51.69,85.73,49.45
261,51.74,85.6,48.78
328,52.8,85.6,47.83
279,51.51,85.4,48.62
308,51.95,85.41,48.01
363,50.23,86.09,50.15
426,50.43,85.85,50.15
692,50.41,85.58,50.15
771,49.98,85.96,50.31
737,50.33,85.49,49.92
296,50.92,85.54,49.36
345,50.47,85.38,49.27
281,51.04,85.4,48.7
347,50.67,86.06,49.86
447,50.43,85.85,49.86
402,50.23,86.1,49.86
300,50.47,86.3,49.86
1886,50.33,85.25,49.88
1983,50.24,85.24,50.4
1645,49.41,84.39,51.9
1586,49.82,83.91,51.27
1010,50.22,83.44,50.65
654,49.01,84.87,51.9
1375,49.49,85.25,51.27
1883,49.89,84.79,51.27
1822,50.29,85.31,50.77
1604,50.3,84.32,50.65
2148,50.5,85.11,50.76
1843,50.77,84.68,50.62
2014,51.29,84.92,50.07
2293,50.47,85.08,50.39
2257,50.83,85.04,49.92
2141,51.33,84.99,49.38
2589,50.54,85.16,49.88
2606,50.95,85.15,49.27
170,48.06,84.07,52.52
364,48.53,84.47,51.9
1340,48.94,83.99,51.9
422,53.35,88.37,46.6
527,52.84,88.09,45.65
467,53.21,87.62,45.64
478,52.77,87.21,45.65
543,52.36,87.68,45.65
499,52.77,87.21,45.02
562,52.36,87.68,45.02
423,53.27,86.69,46.57
479,52.69,86.08,45.33
402,52.77,85.61,46.59
436,51.36,85.4,46.53
518,51.23,85.58,45.31
491,50.48,85.39,45.25
604,51.44,86.5,44.08
657,50.35,85.53,44.05
2678,50.32,85.27,43.99
3850,50.52,85.15,43.99
749,50.08,85.83,42.83
2651,50.18,85.27,42.79
1905,48.99,84.43,40.64
2215,49.68,85.24,41.51
1630,50.06,84.69,41.44
3314,50.39,85.01,42.79
1014,43.73,86.25,47.51
879,43.69,85.42,47.5
423,43.29,84.76,47.52
50,43.1,83.14,47.52
212,43.17,84.05,47.52
1338,43.98,86.2,46.89
1316,43.91,85.32,46.89
1134,43.66,84.46,46.9
873,43.58,83.57,46.9
1391,43.84,83.99,46.44
1488,44.23,85.73,46.27
1539,44.61,85.26,45.65
1507,44.14,84.86,46.27
1560,44.53,84.38,45.65
1501,44.1,83.97,46.24
631,43.73,86.25,48.15
404,43.69,85.42,48.14
113,43.29,84.76,48.15
4,43.1,83.14,48.15
28,43.17,84.05,48.15
1061,44.05,87.99,47.52
1083,44.01,87.09,47.52
849,44.05,87.99,48.15
1037,44.44,88.38,47.52
873,44.44,88.38,48.15
1292,44.34,87.5,46.9
1361,44.29,86.62,46.9
1700,46.7,83.74,41.27
1748,47.11,84.59,40.85
1758,46.29,84.22,41.27
1507,46.85,85.5,41.27
1647,46.37,85.1,41.27
1453,46.45,85.98,42.52
1558,46.85,85.5,41.9
1676,46.37,85.1,41.9
1570,45.97,85.58,42.52
1677,45.89,84.7,42.52
1741,46.29,84.22,41.9
1637,46.7,83.74,41.9
1468,45.57,86.06,43.77
1597,45.97,85.58,43.15
1334,46.05,86.46,43.77
1512,46.45,85.98,43.15
1620,45.49,85.18,43.77
1597,45.41,84.3,43.77
1648,45.89,84.7,43.15
1427,45.17,86.54,45.02
1495,45.57,86.06,44.4
1389,46.05,86.46,44.4
1544,45.09,85.66,45.02
1587,45.01,84.78,45.02
1574,44.93,83.9,45.02
1610,45.49,85.18,44.4
1593,45.41,84.3,44.4
1425,44.76,87.02,46.27
1450,45.17,86.54,45.65
1474,44.69,86.14,46.27
1530,45.09,85.66,45.65
254,50.53,86.95,49.97
275,50.13,87.42,49.92
232,51.41,86.88,49.4
250,51,87.34,49.94
305,50.6,87.82,49.89
233,51.89,87.28,49.4
256,51.47,87.75,49.87
325,51.08,88.23,49.86
277,52,88.6,49.08
348,52.95,89.36,47.83
869,44.92,88.78,48.15
794,45.32,88.3,48.77
819,45.4,89.18,48.15
823,45.8,88.7,48.77
955,44.92,88.78,47.52
853,45.4,89.18,47.52
788,46.28,89.1,48.15
852,46.68,88.63,48.77
722,46.28,89.1,47.52
598,47.64,89.43,48.15
715,46.76,89.51,48.15
760,47.16,89.03,48.77
720,47.56,88.55,49.4
550,47.64,89.43,47.52
660,46.76,89.51,47.52
406,51.18,89.53,47.83
445,49.88,89.69,47.52
431,49.88,89.69,48.15
429,48.52,89.35,47.52
412,49.4,89.27,47.52
463,48.52,89.35,48.15
417,49.4,89.27,48.15
522,48.48,88.91,49.08
355,50.24,88.76,49.08
372,49.3,87.94,49.86
1231,44.84,87.9,46.9
1358,44.84,87.9,46.27
918,45.4,89.18,46.9
1017,45.4,89.18,46.27
1063,44.92,88.78,46.9
1191,44.92,88.78,46.27
1366,45.24,87.42,46.27
544,48.04,88.95,46.27
474,48.04,88.95,46.9
725,46.72,89.07,46.58
471,48.44,88.47,46.9
559,48.44,88.47,46.27
520,48.92,88.87,46.27
441,48.92,88.87,46.9
529,50.24,88.76,46.58
524,52,88.6,46.58
1394,45.64,86.94,45.65
1353,45.64,86.94,45.02
1293,45.76,88.26,45.33
966,47.52,88.11,45.33
776,49.28,87.95,45.33
670,51.04,87.8,45.33
1116,46.56,87.3,44.08
935,48.32,87.15,44.08
782,50.09,87,44.08
1359,47.37,86.35,42.83
1732,48.19,85.39,41.5
1329,49.13,86.19,42.83
794,44.01,87.09,48.15
204,44.18,85.76,50.3
177,44.96,85.9,50.43
218,45.03,85.73,50.72
153,45.89,85.89,50.83
176,45.93,85.69,51.32
186,45.95,85.42,51.9
298,45.49,85.17,51.27
291,45.07,85.49,50.63
247,45.04,85.91,50.18
201,45.47,86.28,50.32
272,44.69,86.13,49.89
240,45.12,86.61,50.13
277,44.76,87.01,49.85
321,44.28,86.62,49.4
385,44.34,87.5,49.4
585,44.34,87.5,48.77
242,45.97,86.63,50.31
298,45.61,87,50.11
370,45.24,87.42,49.84
482,44.84,87.9,49.4
697,44.84,87.9,48.77
632,45.72,87.82,49.4
468,46.12,87.34,49.84
322,46.5,86.92,50.12
242,46.87,86.56,50.31
718,46.2,88.22,49.4
778,47.08,88.15,49.4
654,47.96,88.07,49.4
563,46.6,87.74,49.84
598,47.48,87.67,49.84
501,48.36,87.59,49.84
436,46.99,87.31,50.11
479,47.87,87.23,50.1
327,47.36,86.93,50.31
134,48.61,85.31,51.9
77,48.57,85.68,51.31
66,48.52,85.89,50.83
573,49.14,85.51,51.27
350,49.12,85.73,50.68
141,48.9,85.9,50.4
220,47.75,86.48,50.31
416,48.77,87.11,49.85
335,49.66,87.03,49.92
327,48.27,86.76,50.11
294,49.13,86.69,50.15
197,48.6,86.42,50.31
357,50.06,86.55,49.96
442,49.51,86.23,50.24
143,48.96,86.08,50.33
157,47.26,85.9,50.42
111,48.13,85.9,50.42
177,47.27,86.15,50.32
112,47.66,85.89,50.83
115,48.18,85.72,50.69
140,46.72,85.89,50.83
173,47.29,85.73,50.69
106,47.67,85.69,51.33
90,48.19,85.51,51.26
149,46.8,85.69,51.33
160,47.3,85.56,51.11
103,47.25,85.06,52.52
156,46.83,85.39,51.9
85,47.74,85.35,51.9
162,46.77,84.62,52.52
213,46.37,85.11,51.9
135,47.17,84.15,52.52
90,47.65,84.55,52.52
97,48.13,84.95,51.9
502,44.29,86.62,48.77
342,45.89,84.7,51.27
264,46.29,84.22,51.9
185,46.7,83.74,52.52
194,47.58,83.67,52.52
412,43.98,86.2,48.77
293,43.91,85.33,48.77
130,43.66,84.46,48.77
58,43.49,82.81,48.77
65,43.58,83.57,48.77
339,44.22,85.74,49.4
353,44.14,84.86,49.4
355,44.05,83.97,49.4
355,43.98,83.09,49.4
391,44.61,85.25,50.02
477,44.53,84.38,50.02
499,44.46,83.5,50.02
471,44.38,82.62,50.02
423,45.01,84.78,50.65
450,44.93,83.9,50.65
402,44.86,83.02,50.65
382,45.41,84.3,51.27
344,45.34,83.42,51.27
264,45.26,82.54,51.27
293,45.82,83.82,51.9
225,45.74,82.94,51.9
880,49.72,85.84,50.32
1156,50.18,85.7,50.36
1415,49.77,85.53,50.67
1491,49.94,85.59,50.57
922,50.22,85.44,49.94
392,50.32,85.35,49.26
315,52.76,87.64,47.83
245,52.29,86.8,48.77
252,51.89,87.28,48.77
251,51.81,86.4,48.77
313,51.34,86.01,49.41
298,50.93,86.48,49.4
253,51.41,86.88,48.77
357,50.85,85.76,49.4
256,51.7,85.79,48.79
299,52.67,86.08,47.85
265,51.38,85.58,48.65
286,51.82,85.6,48.03
328,51.26,85.4,47.74
928,50.09,85.8,50
454,50.35,85.5,49.34
289,50.47,85.39,48.65
280,50.91,85.55,48.75
384,50.45,86.06,49.39
1980,50.32,85.24,49.27
1879,50.22,85.22,49.97
1949,50.09,85.22,50.52
1664,49.41,84.39,51.27
1484,49.82,83.91,50.65
814,49.01,84.87,51.27
1333,49.49,85.26,50.63
1847,49.9,84.8,50.64
1406,50.3,84.32,50.02
1792,51.27,84.83,49.46
2095,50.38,84.92,50.53
1690,50.77,84.69,50.03
2303,50.44,85.05,49.96
2168,50.85,84.99,49.34
2679,50.52,85.16,49.27
279,48.06,84.07,51.9
443,48.53,84.47,51.27
1042,48.46,83.59,51.9
1289,48.94,83.99,51.27
455,52.76,87.65,46.58
393,52.69,86.08,46.58
560,51.85,86.77,45.33
414,51.22,85.58,46.56
397,50.48,85.39,46.51
558,50.87,86.13,45.33
526,50.35,85.53,45.3
2413,50.32,85.27,45.26
3614,50.52,85.15,45.26
726,50.08,85.83,44.08
2477,50.18,85.27,44.05
3093,50.39,85.01,44.05
1846,48.98,84.44,41.48
1601,50.06,84.69,42.83
2220,49.68,85.25,42.83
1061,43.98,86.2,47.52
942,43.91,85.32,47.52
552,43.66,84.46,47.52
244,43.58,83.57,47.52
1391,44.23,85.73,46.89
1357,44.14,84.86,46.9
1200,44.05,83.97,46.9
1516,44.61,85.26,46.27
1569,45.01,84.78,45.65
1532,44.53,84.38,46.27
1567,44.93,83.9,45.65
1491,44.46,83.5,46.27
707,43.98,86.2,48.15
521,43.91,85.32,48.15
179,43.66,84.46,48.15
47,43.58,83.57,48.15
1103,44.34,87.5,47.52
1135,44.29,86.62,47.52
860,44.34,87.5,48.15
1084,44.84,87.9,47.52
927,44.84,87.9,48.15
1344,44.76,87.02,46.9
1415,44.69,86.14,46.9
1257,45.24,87.42,46.9
1769,47.22,84.58,41.56
1628,46.29,84.22,42.52
1631,46.85,85.5,42.52
1673,46.37,85.1,42.52
1493,46.7,83.74,42.52
1604,45.97,85.58,43.77
1664,46.37,85.1,43.15
1541,46.45,85.98,43.77
1648,46.85,85.5,43.15
1631,45.89,84.7,43.77
1588,46.29,84.22,43.15
1453,46.7,83.74,43.15
1505,45.57,86.06,45.02
1600,45.97,85.58,44.4
1437,46.05,86.46,45.02
1547,46.45,85.98,44.4
1592,45.49,85.18,45.02
1587,45.41,84.3,45.02
1620,45.89,84.7,44.4
1433,45.17,86.54,46.27
1500,45.57,86.06,45.65
1445,46.05,86.46,45.65
1501,45.09,85.66,46.27
1570,45.49,85.18,45.65
278,50.53,86.96,49.4
281,50.12,87.44,49.4
277,51.04,87.8,49.08
368,52,88.6,47.83
917,45.32,88.3,48.15
867,45.72,87.82,48.77
859,45.8,88.7,48.15
900,46.2,88.22,48.77
965,45.32,88.3,47.52
837,45.8,88.7,47.52
735,46.68,88.63,48.15
850,47.08,88.15,48.77
637,46.68,88.63,47.52
446,48.04,88.95,47.52
491,48.04,88.95,48.15
656,47.16,89.03,48.15
708,47.56,88.55,48.77
561,47.16,89.03,47.52
422,48.44,88.47,48.15
400,48.44,88.47,47.52
376,48.92,88.87,47.52
392,48.92,88.87,48.15
409,50.24,88.76,47.83
654,47.96,88.07,48.77
357,49.28,87.95,49.08
1353,45.64,86.94,46.27
1069,45.76,88.26,46.58
644,47.52,88.11,46.58
516,49.28,87.95,46.58
563,51.04,87.8,46.58
1285,46.56,87.3,45.33
970,48.32,87.15,45.33
662,50.09,87,45.33
1410,47.37,86.35,44.08
1363,49.13,86.19,44.08
1763,48.17,85.39,42.83
812,44.29,86.62,48.15
269,45.03,85.76,50.3
188,45.86,85.9,50.43
226,45.93,85.73,50.72
242,45.95,85.43,51.27
200,45.86,86.01,50.32
198,46.38,86.21,50.32
365,45.49,85.18,50.64
374,45.07,85.49,50.12
370,45.08,85.72,49.88
227,45.53,86.16,50.16
281,45.17,86.53,49.87
388,44.69,86.14,49.4
397,44.76,87.02,49.4
623,44.76,87.02,48.77
241,46.02,86.53,50.13
345,45.64,86.94,49.85
505,45.24,87.42,49.4
749,45.24,87.42,48.77
686,46.12,87.34,49.4
424,46.53,86.86,49.86
262,46.9,86.45,50.15
586,48.36,87.59,49.4
843,47.48,87.67,48.77
780,46.6,87.74,49.4
770,47.48,87.67,49.4
520,47,87.26,49.85
520,47.88,87.19,49.85
362,47.39,86.84,50.12
179,48.61,85.31,51.27
97,48.58,85.71,50.74
86,48.52,85.9,50.43
562,49.13,85.53,50.61
348,48.96,85.77,50.31
126,48.12,86.11,50.32
243,47.79,86.38,50.14
92,48.54,85.94,50.33
585,48.77,87.11,49.4
389,49.65,87.03,49.4
419,48.28,86.7,49.85
454,49.18,86.63,49.88
219,48.66,86.31,50.15
379,50.05,86.56,49.4
717,49.58,86.14,49.95
325,49.03,85.95,50.22
177,46.67,85.9,50.43
140,47.66,85.9,50.43
215,47.3,85.76,50.3
162,48.19,85.76,50.3
189,46.77,85.98,50.32
218,47.31,86.03,50.17
150,47.67,85.96,50.32
142,47.7,85.72,50.73
146,48.2,85.55,50.61
197,46.75,85.73,50.72
202,47.31,85.58,50.61
199,46.85,85.41,51.26
140,47.25,85.06,51.9
120,47.73,85.36,51.26
264,46.37,85.12,51.27
205,46.77,84.62,51.9
181,47.17,84.15,51.9
127,47.65,84.55,51.9
132,48.13,84.95,51.27
586,44.69,86.14,48.77
394,45.89,84.7,50.65
312,46.29,84.22,51.27
242,46.7,83.74,51.9
306,47.58,83.67,51.9
452,44.23,85.73,48.77
365,44.14,84.86,48.77
300,44.05,83.97,48.77
268,43.98,83.09,48.77
470,44.61,85.26,49.4
522,44.53,84.38,49.4
555,44.46,83.5,49.4
564,44.38,82.62,49.4
493,45.01,84.78,50.02
523,44.93,83.9,50.02
492,44.86,83.02,50.02
439,45.41,84.3,50.65
369,45.26,82.54,50.65
417,45.34,83.42,50.65
348,45.82,83.82,51.27
312,45.74,82.94,51.27
261,46.22,83.34,51.9
330,47.02,82.4,51.9
795,47.98,83.19,51.9
1408,49.88,85.57,50.01
532,50.21,85.43,49.34
311,50.32,85.35,48.65
280,51.75,85.78,48.15
289,50.93,86.48,48.77
310,51.85,86.8,47.82
282,51.33,86.03,48.77
307,50.84,85.78,48.78
309,51.13,85.57,47.78
330,50.48,85.39,47.73
686,50.08,85.81,49.4
316,50.34,85.52,48.72
347,50.45,86.07,48.77
2016,50.32,85.23,48.65
1876,50.09,85.22,50.03
1878,50.21,85.2,49.35
1585,49.41,84.39,50.65
1312,49.82,83.91,50.02
954,49.01,84.87,50.65
1508,49.49,85.27,50.01
1770,49.9,84.8,50.02
1261,50.3,84.32,49.4
1525,50.77,84.66,49.4
2040,50.37,84.91,50.04
2296,50.41,85.03,49.35
2814,50.52,85.15,48.66
321,48.06,84.07,51.27
577,48.53,84.47,50.65
1013,48.46,83.59,51.27
1216,48.94,83.99,50.65
419,51.44,86.5,46.58
418,50.35,85.53,46.55
2140,50.32,85.27,46.5
3332,50.52,85.15,46.51
553,50.08,85.83,45.33
2221,50.18,85.27,45.31
2836,50.39,85.01,45.3
1395,50.06,84.69,44.08
2073,49.68,85.25,44.08
1683,48.97,84.43,42.83
1113,44.23,85.73,47.52
975,44.14,84.86,47.52
668,44.05,83.97,47.52
1448,44.61,85.26,46.9
1418,44.53,84.38,46.9
1245,44.46,83.5,46.9
1542,45.01,84.78,46.27
1577,45.41,84.3,45.65
1544,44.93,83.9,46.27
1481,44.86,83.02,46.27
737,44.24,85.73,48.15
541,44.14,84.86,48.15
307,44.05,83.97,48.15
1177,44.76,87.02,47.52
1234,44.69,86.14,47.52
933,44.76,87.02,48.15
1119,45.24,87.42,47.52
986,45.24,87.42,48.15
1371,45.17,86.54,46.9
1448,45.09,85.66,46.9
1266,45.64,86.94,46.9
1442,46.7,83.74,43.77
1644,47.21,84.59,42.83
1574,46.29,84.22,43.77
1651,46.37,85.1,43.77
1641,46.85,85.5,43.77
1580,45.97,85.58,45.02
1638,46.37,85.1,44.4
1537,46.45,85.98,45.02
1634,46.85,85.5,44.4
1604,45.89,84.7,45.02
1572,46.29,84.22,44.4
1449,46.7,83.74,44.4
1461,45.57,86.06,46.27
1554,45.97,85.58,45.65
1382,46.05,86.46,46.27
1508,46.45,85.98,45.65
1536,45.49,85.18,46.27
1586,45.89,84.7,45.65
288,50.53,86.96,48.77
295,50.12,87.44,48.77
396,51.04,87.8,47.83
352,50.05,86.56,48.77
372,49.65,87.03,48.77
930,45.72,87.82,48.15
920,46.12,87.34,48.77
838,46.2,88.22,48.15
935,46.6,87.74,48.77
957,45.72,87.82,47.52
808,46.2,88.22,47.52
572,47.52,88.11,47.83
358,49.28,87.95,47.83
632,48.36,87.59,48.77
654,48.77,87.11,48.77
1097,46.56,87.3,46.58
713,48.32,87.15,46.58
442,50.09,87,46.58
1417,47.37,86.35,45.33
1267,49.13,86.19,45.33
1716,48.17,85.39,44.08
914,44.69,86.14,48.15
302,45.95,85.47,50.64
279,45.91,85.76,50.31
265,45.92,85.88,50.18
234,46.42,86.09,50.17
442,45.49,85.2,50.02
312,45.56,86.06,49.89
487,45.09,85.66,49.4
436,45.17,86.54,49.4
695,45.17,86.54,48.77
325,46.05,86.45,49.87
535,45.64,86.94,49.4
809,45.64,86.94,48.77
742,46.53,86.86,49.4
959,46.53,86.86,48.77
382,46.93,86.38,49.88
960,47,87.27,48.77
740,47.88,87.19,49.4
819,47.88,87.19,48.77
813,47,87.27,49.4
467,47.4,86.78,49.86
259,48.61,85.32,50.64
163,48.59,85.76,50.31
767,49.08,85.53,50.18
389,47.81,86.3,49.87
171,48.18,85.98,50.17
177,48.6,85.8,50.2
732,48.29,86.71,49.4
672,49.17,86.63,49.4
432,48.69,86.22,49.88
852,48.29,86.71,48.77
852,49.57,86.15,49.4
792,49.1,85.76,49.93
251,46.71,85.76,50.3
267,47.31,85.6,50.17
189,47.71,85.76,50.3
272,48.2,85.57,50.16
244,46.81,85.85,50.19
344,47.33,85.91,49.89
199,47.72,85.83,50.19
245,46.86,85.43,50.64
181,47.25,85.04,51.28
176,47.73,85.38,50.64
314,46.37,85.13,50.64
249,46.77,84.62,51.27
226,47.17,84.15,51.27
164,47.65,84.55,51.27
202,48.13,84.95,50.65
702,45.09,85.66,48.77
473,45.89,84.7,50.02
378,46.29,84.22,50.65
297,46.7,83.74,51.27
334,47.1,83.27,51.9
345,47.58,83.67,51.27
583,44.61,85.26,48.77
566,44.53,84.38,48.77
555,44.46,83.5,48.77
595,44.38,82.62,48.77
575,45.01,84.78,49.4
607,44.93,83.9,49.4
599,44.86,83.02,49.4
511,45.41,84.3,50.02
484,45.26,82.54,50.02
512,45.34,83.42,50.02
411,45.74,82.94,50.65
415,45.82,83.82,50.65
338,46.22,83.34,51.27
282,46.62,82.86,51.9
561,47.5,82.79,51.9
605,47.02,82.39,51.27
884,47.98,83.19,51.27
1136,49.87,85.58,49.4
416,50.19,85.44,48.72
1912,50.32,85.27,47.73
308,50.88,86.14,47.84
349,50.34,85.53,47.79
483,50.07,85.82,48.77
1879,50.07,85.2,49.4
1904,50.19,85.19,48.73
1577,49.41,84.39,50.02
1764,49.8,84.9,49.4
1141,49.82,83.91,49.4
1360,49.01,84.87,50.02
1487,49.49,85.27,49.4
1662,50.01,84.67,49.4
1121,50.3,84.32,48.77
3062,50.52,85.15,47.74
1989,50.34,84.89,49.4
2315,50.4,85.01,48.73
400,48.06,84.07,50.65
1038,48.53,84.47,50.02
906,48.46,83.59,50.65
1372,48.94,83.99,50.02
441,50.08,85.83,46.58
1976,50.18,85.27,46.56
2626,50.39,85.01,46.55
1361,50.06,84.69,45.33
1879,49.68,85.25,45.33
1262,48.02,83.63,42.83
1543,48.97,84.43,44.08
1222,44.61,85.26,47.52
1108,44.53,84.38,47.52
829,44.46,83.5,47.52
1488,45.01,84.78,46.9
1462,44.93,83.9,46.9
1296,44.86,83.02,46.9
1554,45.41,84.3,46.27
1531,45.34,83.42,46.27
863,44.61,85.26,48.15
737,44.53,84.38,48.15
553,44.46,83.5,48.15
1238,45.17,86.54,47.52
1311,45.09,85.66,47.52
1029,45.17,86.54,48.15
1150,45.64,86.94,47.52
1038,45.64,86.94,48.15
1397,45.57,86.06,46.9
1481,45.49,85.18,46.9
1302,46.05,86.46,46.9
1611,46.37,85.1,45.02
1573,46.29,84.22,45.02
1604,47.21,84.59,44.08
1492,46.7,83.74,45.02
1594,46.85,85.5,45.02
1504,45.97,85.58,46.27
1584,46.37,85.1,45.65
1430,46.45,85.98,46.27
1558,46.85,85.5,45.65
1556,45.89,84.7,46.27
1572,46.29,84.22,45.65
712,49.57,86.15,48.77
342,50.09,87,47.83
677,49.17,86.63,48.77
911,46.56,87.3,47.83
601,48.32,87.15,47.83
1217,47.37,86.35,46.58
1616,48.17,85.39,45.33
1026,49.13,86.19,46.58
1041,45.09,85.66,48.15
384,45.96,85.67,49.88
371,45.96,85.46,50.11
784,45.57,86.06,48.77
497,45.57,86.06,49.4
567,45.49,85.18,49.4
579,46.05,86.46,49.4
871,46.05,86.46,48.77
341,46.45,85.99,49.89
962,47.37,86.35,49.08
835,48.69,86.23,49.4
909,48.69,86.23,48.77
375,48.21,85.84,49.89
1157,49.09,85.75,49.4
1103,49.09,85.75,48.77
582,48.6,85.3,50.07
652,48.63,85.51,49.84
335,46.86,85.42,50.09
385,46.84,85.63,49.86
241,47.25,85.03,50.65
313,47.73,85.36,50.07
397,47.73,85.58,49.85
312,46.77,84.62,50.65
402,46.37,85.13,50.03
305,47.17,84.15,50.65
475,48.13,84.95,50.02
236,47.65,84.55,50.65
816,45.49,85.18,48.77
654,45.89,84.7,49.4
497,46.29,84.22,50.02
372,46.7,83.74,50.65
419,47.1,83.27,51.27
392,47.58,83.67,50.65
729,45.01,84.78,48.77
719,44.93,83.9,48.77
703,44.86,83.02,48.77
636,45.41,84.3,49.4
615,45.26,82.54,49.4
646,45.34,83.42,49.4
519,45.74,82.94,50.02
518,45.82,83.82,50.02
416,46.22,83.34,50.65
427,46.62,82.86,51.27
759,47.02,82.38,50.64
783,47.5,82.79,51.27
781,47.98,83.19,50.65
360,50.08,85.83,47.83
1090,49.86,85.58,48.77
1854,50.06,85.19,48.77
1795,50.18,85.27,47.8
1481,49.41,84.39,49.4
1696,49.79,84.9,48.77
954,49.82,83.91,48.77
1489,49.01,84.87,49.4
1470,49.49,85.27,48.77
2498,50.39,85.01,47.8
1925,50.32,84.87,48.77
1522,50,84.66,48.77
723,48.06,84.07,50.02
1406,48.53,84.47,49.4
1071,48.46,83.59,50.02
1403,48.94,83.99,49.4
1399,50.06,84.69,46.58
1687,49.68,85.25,46.58
1190,48.02,83.63,44.08
1442,48.97,84.43,45.33
1324,45.01,84.78,47.52
1227,44.93,83.9,47.52
1013,44.86,83.02,47.52
1510,45.41,84.3,46.9
1472,45.34,83.42,46.9
1322,45.26,82.54,46.9
1538,45.82,83.82,46.27
1486,45.74,82.94,46.27
1018,45.01,84.78,48.15
919,44.93,83.9,48.15
802,44.86,83.02,48.15
1510,45.89,84.7,46.9
1508,46.7,83.74,45.65
1114,45.57,86.06,48.15
1282,45.57,86.06,47.52
1362,45.49,85.18,47.52
1200,46.05,86.46,47.52
1092,46.05,86.46,48.15
1437,45.97,85.58,46.9
1352,46.45,85.98,46.9
1424,46.85,85.5,46.9
1485,46.37,85.1,46.9
1542,46.37,85.1,46.27
1491,46.85,85.5,46.27
1542,46.29,84.22,46.27
1577,47.21,84.59,45.33
1037,47.37,86.35,47.83
1442,48.17,85.39,46.58
858,49.13,86.19,47.83
1157,45.49,85.18,48.15
824,46.41,85.54,49.08
442,46.77,84.62,50.02
392,47.25,85.03,50.02
1146,48.17,85.39,49.08
479,47.17,84.15,50.02
441,47.65,84.55,50.02
944,45.89,84.7,48.77
760,46.29,84.22,49.4
510,46.7,83.74,50.02
455,47.1,83.27,50.65
578,47.58,83.67,50.02
851,45.41,84.3,48.77
779,45.26,82.54,48.77
831,45.34,83.42,48.77
675,45.74,82.94,49.4
701,45.82,83.82,49.4
527,46.22,83.34,50.02
515,46.62,82.86,50.65
782,47.5,82.79,50.65
846,47.98,83.19,50.02
1473,49.01,84.87,48.77
1569,49.68,85.25,47.83
1462,50.06,84.69,47.83
1335,49.41,84.39,48.77
1239,48.06,84.07,49.4
1400,48.53,84.47,48.77
1300,48.46,83.59,49.4
1251,48.94,83.99,48.77
1204,48.02,83.63,45.33
1357,48.97,84.43,46.58
1393,45.41,84.3,47.52
1139,45.26,82.54,47.52
1311,45.34,83.42,47.52
1504,45.82,83.82,46.9
1449,45.74,82.94,46.9
1479,46.22,83.34,46.27
1155,45.41,84.3,48.15
1065,45.34,83.42,48.15
956,45.26,82.54,48.15
1404,45.89,84.7,47.52
1507,46.29,84.22,46.9
1486,46.7,83.74,46.27
1251,46.41,85.54,47.83
1498,47.21,84.59,46.58
1268,48.17,85.39,47.83
1250,45.89,84.7,48.15
1061,46.29,84.22,48.77
1053,47.21,84.59,49.08
830,46.7,83.74,49.4
1023,47.58,83.67,49.4
555,47.1,83.27,50.02
902,45.74,82.94,48.77
965,45.82,83.82,48.77
743,46.22,83.34,49.4
581,46.62,82.86,50.02
772,47.5,82.79,50.02
1113,47.98,83.19,49.4
1367,48.06,84.07,48.77
1224,48.02,83.63,46.58
1313,48.97,84.43,47.83
1290,48.46,83.59,48.77
1346,45.74,82.94,47.52
1423,45.82,83.82,47.52
1461,46.22,83.34,46.9
1153,45.74,82.94,48.15
1254,45.82,83.82,48.15
1433,46.29,84.22,47.52
1461,46.7,83.74,46.9
1363,47.21,84.59,47.83
1316,46.29,84.22,48.15
1277,47.58,83.67,48.77
1133,46.7,83.74,48.77
856,47.1,83.27,49.4
758,46.62,82.86,49.4
1035,46.22,83.34,48.77
1269,47.98,83.19,48.77
943,47.5,82.79,49.4
1263,48.02,83.63,47.83
1291,46.22,83.34,48.15
1331,46.7,83.74,48.15
1416,46.22,83.34,47.52
1427,46.7,83.74,47.52
1050,46.62,82.86,48.77
1182,47.1,83.27,48.77
1169,47.5,82.79,48.77
1267,47.06,82.82,47.83
17,65.35,91.86,60.3
24,65.22,91.92,60.7
5,52.49,100.09,60.7
5,52.38,100.14,60.3
2,52.49,105.01,60.7
2,52.38,105.05,60.33
3,52.43,103.18,60.7
3,52.46,104.07,60.7
3,52.38,104.08,60.32
3,52.38,103.19,60.32
4,52.38,101.84,60.31
4,52.54,101.83,60.7
3,52.38,103.6,60.32
2,52.64,103.6,60.7
7,52.64,98.67,60.7
7,52.38,98.68,60.31
6,52.38,99.17,60.32
6,52.46,99.15,60.7
5,53.1,99.09,60.7
6,52.38,99.58,60.31
5,52.69,99.57,60.7
7,52.43,98.24,60.7
7,52.38,98.26,60.31
12,52.47,94.07,60.7
13,52.44,93.12,60.7
13,52.65,93.57,60.7
12,52.38,93.6,60.3
13,52.38,93.12,60.3
12,52.38,94.12,60.29
27,63.78,90.46,60.27
26,63.81,90.62,60.7
7,65.24,90.46,60.28
17,65.18,90.85,60.7
8,65.35,90.92,60.29
11,64.81,90.46,60.28
14,64.84,90.58,60.7
17,64.32,90.46,60.28
15,64.36,90.91,60.7
19,64.88,91.44,60.7
14,65.35,92.46,60.3
25,65.04,92.39,60.7
4,65.35,91.86,59.2
17,65.04,91.87,60.51
14,65.15,91.82,60.14
23,64.97,92.58,60.28
4,52.78,100.46,60.7
5,52.68,100.11,60.5
5,52.38,100.15,59.55
5,52.58,100.16,60.14
5,52.38,100.96,60.3
5,52.52,100.94,60.7
3,53.26,100.87,60.7
3,52.84,101.35,60.7
2,52.69,104.49,60.7
2,52.38,105.05,59.61
2,52.38,104.49,60.33
3,52.9,102.24,60.7
3,52.59,102.73,60.7
2,52.63,103.18,60.5
2,52.65,104.07,60.5
2,52.58,104.09,60.15
2,52.58,103.19,60.15
3,52.38,104.08,59.6
3,52.38,103.19,59.6
4,52.38,102.67,60.32
4,52.38,101.85,59.56
3,52.58,101.85,60.14
3,52.74,101.83,60.5
3,52.38,103.6,59.6
2,52.58,103.6,60.15
2,52.82,103.61,60.5
2,53.01,103.13,60.7
6,53.02,98.19,60.7
5,53.54,98.6,60.7
6,52.83,98.71,60.5
6,52.58,98.71,60.15
6,52.38,98.69,59.56
6,52.38,99.18,59.57
5,52.58,99.19,60.15
6,52.66,99.18,60.5
4,53.27,99.11,60.5
4,53.62,99.5,60.7
5,52.38,99.59,59.57
5,52.58,99.6,60.15
5,52.88,99.59,60.5
4,53.18,99.98,60.7
3,54.13,99.9,60.7
3,53.69,100.39,60.7
7,52.63,98.28,60.5
7,52.59,97.78,60.7
6,52.38,98.28,59.55
6,52.58,98.29,60.14
8,52.38,97.72,60.31
6,52.38,98.24,58.97
2,52.47,113.42,50.5
2,52.4,113.83,50.5
5,65.35,91.86,55.02
3,65.35,90.92,54.4
13,52.55,92.95,60.7
13,52.38,92.89,60.45
13,53.03,93.12,60.7
14,53.05,92.86,60.31
13,52.57,92.86,60.32
14,53.49,92.86,60.31
14,53.48,92.92,60.7
12,52.71,94.51,60.7
12,52.66,94.22,60.5
13,52.64,93.31,60.5
12,52.84,93.74,60.5
13,53.12,94.01,60.7
12,52.58,93.75,60.14
12,52.58,93.3,60.13
11,52.58,94.25,60.14
11,52.38,93.71,59.21
11,52.38,94.56,60.29
11,53.21,94.95,60.7
6,53.46,97.7,60.7
12,53.64,94.45,60.7
5,53.98,98.12,60.7
40,62.92,91.28,60.7
37,62.92,90.46,60.27
19,63.76,90.46,59.16
28,63.73,90.66,60.13
28,63.75,90.79,60.51
3,65.24,90.46,55.02
3,65.35,90.92,55.02
7,65.35,91.86,55.65
8,65.35,91.86,57.86
12,64.74,90.46,59.17
7,65.06,90.66,60.14
13,65,90.98,60.51
9,65.16,91.04,60.14
6,65.35,90.93,59.19
10,64.68,90.66,60.14
10,64.7,90.76,60.51
16,64.23,90.66,60.14
14,64.26,91.03,60.51
20,63.97,91.99,60.7
15,64.74,91.47,60.51
4,65.35,92.46,59.2
13,65.16,92.31,60.16
16,64.87,92.24,60.51
12,64.92,91.84,60.04
6,65.15,91.83,59.13
3,65.24,90.46,54.39
4,64.77,90.46,55.02
26,61.94,90.46,60.27
41,61.97,90.7,60.7
29,60.19,90.46,60.26
46,60.23,90.77,60.71
3,65.24,90.46,53.76
13,64.83,92.39,60.14
5,64.97,92.58,59.19
40,63.77,92.58,60.27
4,52.96,100.48,60.5
4,52.8,100.13,60.04
5,52.38,100.15,58.86
4,52.58,100.16,59.46
4,52.38,100.96,59.54
4,52.58,100.97,60.14
4,52.71,100.95,60.5
2,53.42,100.88,60.5
2,53.78,101.28,60.7
3,53.02,101.36,60.5
2,53.35,101.76,60.7
2,52.58,104.49,60.15
2,52.38,105.05,58.91
2,52.38,104.49,59.6
2,53.07,102.25,60.5
2,52.77,102.74,60.5
2,52.75,103.19,60.04
2,52.77,104.08,60.04
2,52.58,104.09,59.47
2,52.58,103.19,59.47
3,52.58,102.67,60.15
3,52.38,104.08,58.9
3,52.38,103.19,58.89
3,52.38,102.67,59.58
4,52.38,101.84,58.86
3,52.58,101.85,59.46
2,52.85,101.84,60.04
3,52.38,103.6,58.9
2,52.58,103.6,59.47
2,53.87,102.17,60.7
5,53.19,98.23,60.5
4,53.68,98.63,60.5
4,54.06,99.02,60.7
4,52.94,98.73,60.04
6,52.38,98.63,58.83
5,52.58,98.71,59.46
5,52.38,99.19,58.87
5,52.58,99.2,59.46
5,52.78,99.2,60.04
3,53.37,99.13,60.04
3,53.76,99.52,60.5
5,52.38,99.6,58.87
4,52.58,99.61,59.46
4,52.99,99.61,60.04
3,53.34,100,60.5
3,54.57,99.42,60.7
3,54.25,99.92,60.5
3,54.64,100.31,60.7
2,53.83,100.4,60.5
2,54.21,100.8,60.7
2,54.3,101.68,60.7
11,52.38,95.12,60.3
11,52.5,95.05,60.7
5,52.75,98.31,60.04
7,52.78,97.83,60.5
8,52.91,97.28,60.7
10,52.8,95.45,60.7
10,52.38,95.97,60.31
10,52.52,95.94,60.7
5,52.58,98.3,59.45
7,52.38,97.75,59.55
8,52.38,96.88,60.31
7,52.58,97.76,60.14
9,52.55,96.85,60.7
5,52.58,98.26,58.91
6,52.38,97.77,58.85
2,52.37,113.42,50.72
2,52.55,113.52,50.64
2,52.42,113.86,50.68
5,65.15,91.83,55.02
3,65.15,91.03,54.4
5,65.35,92.46,55.02
4,65.35,91.86,54.4
3,65.35,90.92,53.77
5,64.97,92.58,55.02
4,64.39,92.58,54.42
3,64.8,90.46,50.59
3,65.39,91.28,50.6
9,52.38,93.77,57.9
13,52.58,93.09,60.27
13,52.74,93.14,60.5
13,53.2,93.31,60.5
13,53.55,93.5,60.7
13,53.21,93.06,60.15
13,52.76,93.06,60.15
11,53.04,92.86,59.24
14,54.05,92.86,60.31
14,53.95,93.07,60.7
13,53.63,93.06,60.15
13,53.63,93.11,60.5
11,52.89,94.64,60.5
10,52.78,94.32,60.04
12,52.76,93.41,60.03
11,52.95,93.85,60.04
11,53.28,94.16,60.5
10,52.58,93.85,59.12
11,52.58,94.67,60.14
10,52.38,94.63,59.43
10,53.36,95.06,60.5
10,53.73,95.38,60.7
5,53.6,97.74,60.5
7,53.9,97.21,60.7
10,53.78,94.57,60.5
4,54.1,98.15,60.5
11,54.16,94.89,60.7
13,54.07,93.94,60.7
4,54.5,98.53,60.7
6,54.42,97.63,60.7
9,54.25,95.81,60.7
7,54.34,96.72,60.7
4,55.01,98.94,60.7
14,54.48,93.39,60.7
15,54.92,92.86,60.31
69,62.04,92.11,60.7
44,62.88,91.32,60.51
42,62.9,90.66,60.13
18,62.91,90.46,59.16
8,63.75,90.46,57.85
18,63.72,90.66,59.11
19,63.72,90.9,60.04
3,64.89,91.05,54.4
3,65.06,90.66,55.02
4,65.24,90.46,55.64
3,65.15,91.03,55.02
4,65.35,90.92,55.65
4,64.78,90.46,55.65
7,65.35,92.46,55.65
8,65.35,91.86,56.59
6,65.15,91.83,55.65
3,64.74,90.46,57.85
2,65.35,90.93,57.86
12,65.35,92.46,57.86
8,65.15,91.84,57.84
8,64.89,91.06,60.04
9,64.61,90.87,60.04
7,65.15,91.04,59.12
10,64.61,90.66,59.12
11,64.2,91.1,60.04
10,64.65,91.49,60.04
19,63.89,91.91,60.51
7,64.92,91.85,59.08
5,65.16,92.32,59.14
12,64.76,92.14,60.05
76,59.42,91.58,60.71
65,61.15,91.36,60.7
20,61.15,90.46,60.26
3,65.06,90.66,54.39
3,64.77,90.46,54.39
4,64.27,90.46,55.65
4,64.66,90.66,55.02
4,64.27,90.46,55.02
12,61.93,90.46,59.16
35,61.92,90.66,60.13
49,61.95,90.85,60.51
15,60.17,90.46,59.15
35,60.1,90.63,60.14
48,60.17,90.9,60.52
3,65.24,90.46,53.12
3,65.06,90.66,53.77
3,64.77,90.46,53.76
3,64.61,90.87,54.4
7,64.82,92.38,59.12
25,63.71,92.38,60.13
4,64.4,92.58,55.03
6,64.97,92.58,55.65
11,64.97,92.58,57.86
57,59.41,92.58,60.4
23,63.77,92.58,59.15
58,62.06,92.58,60.26
3,53.07,100.49,60.04
4,52.38,100.13,57.89
3,52.8,100.13,59.4
4,52.58,100.16,58.81
4,52.38,100.96,58.85
4,52.58,100.97,59.45
3,52.83,100.96,60.04
2,53.52,100.89,60.04
2,53.91,101.29,60.5
2,53.13,101.37,60.04
2,53.5,101.77,60.5
2,52.58,105.05,58.82
2,52.58,104.49,59.47
2,52.38,104.49,58.9
2,53.18,102.25,60.04
2,52.89,102.74,60.04
2,52.75,103.19,59.4
2,52.77,104.08,59.4
2,52.58,104.09,58.82
2,52.58,103.19,58.82
3,52.58,102.67,59.47
3,52.38,103.74,57.88
3,52.38,102.67,58.88
3,52.38,101.87,57.87
3,52.58,101.85,58.8
2,52.85,101.84,59.4
2,52.58,103.6,58.82
4,53.29,98.25,60.04
3,53.77,98.65,60.04
3,54.18,99.04,60.5
5,52.38,99.01,57.88
5,52.58,98.64,58.78
4,52.94,98.73,59.4
4,52.58,99.2,58.81
4,52.78,99.2,59.4
3,53.37,99.13,59.4
3,53.84,99.53,60.04
4,52.58,99.61,58.81
3,52.99,99.61,59.4
3,53.44,100.01,60.04
3,54.67,99.44,60.5
3,55.08,99.83,60.7
2,54.32,99.93,60.04
2,54.74,100.33,60.5
2,55.16,100.72,60.7
2,53.92,100.41,60.04
2,54.33,100.81,60.5
2,54.72,101.2,60.7
9,52.38,95.61,59.2
10,52.58,95.22,60.14
10,52.69,95.17,60.5
5,52.75,98.31,59.4
5,52.9,97.86,60.04
7,53.08,97.34,60.5
8,53.38,96.79,60.7
9,52.98,95.55,60.5
9,53.29,95.88,60.7
8,53.81,96.3,60.7
9,52.86,96.37,60.7
9,52.58,96.05,60.14
9,52.72,96.02,60.5
8,52.38,96.91,59.54
6,52.58,97.77,59.45
8,52.58,96.94,60.14
8,52.74,96.92,60.5
7,52.38,96.94,58.84
8,52.38,95.6,57.87
4,52.74,98.27,58.93
5,52.58,97.78,58.8
6,52.38,97.37,57.86
2,52.44,113.85,50.87
2,65.5,91.42,50.68
3,64.78,90.61,50.51
5,63.76,90.65,50.51
2,65.56,91.58,50.47
3,65.35,91.3,50.47
3,64.79,90.46,51.06
4,63.95,92.58,54.42
3,64.78,90.46,51.8
3,65.35,90.91,53.16
5,64.92,91.85,55.02
5,65.17,92.33,55.02
4,65.15,91.83,54.4
3,65.15,91.03,53.77
4,65.35,92.46,54.4
3,65.35,91.86,53.79
4,64.65,91.49,54.4
3,64.89,91.05,53.77
3,65.24,90.46,52.47
3,65.35,90.87,52.56
5,64.82,92.38,55.02
4,64.33,92.38,54.4
5,64.96,92.58,54.4
4,64.41,92.58,53.81
3,65.24,90.46,50.59
3,65.37,90.86,50.63
4,64.36,90.46,50.56
3,64.67,90.66,50.77
3,65.4,91.42,50.74
3,65.38,91.36,50.73
3,65.28,91.38,50.69
7,52.38,93.78,56.61
8,53.06,92.86,57.9
8,52.58,93.9,57.86
12,52.86,93.26,60.05
11,53.31,93.42,60.04
12,53.69,93.67,60.5
10,53.19,93.06,59.14
12,54.09,92.86,59.24
12,53.73,93.23,60.04
13,54.17,93.06,60.14
13,54.09,93.26,60.5
9,53,94.73,60.04
10,52.58,94.7,59.34
9,52.91,93.9,59.07
9,53.38,94.25,60.04
8,53.46,95.13,60.04
9,53.86,95.48,60.5
8,53.86,94.65,60.04
4,53.69,97.77,60.04
6,54.02,97.26,60.5
4,54.17,98.17,60.04
14,54.95,92.86,59.21
10,54.27,94.99,60.5
11,54.19,94.08,60.5
4,54.59,98.56,60.5
5,54.51,97.67,60.5
8,54.35,95.89,60.5
6,54.43,96.78,60.5
3,55.08,98.96,60.5
13,54.59,93.57,60.5
14,55.01,93.06,60.15
6,52.38,93.8,55.35
10,54.68,95.32,60.7
12,54.59,94.38,60.7
5,54.94,98.05,60.7
6,54.85,97.14,60.7
8,54.77,96.23,60.7
4,55.51,99.35,60.7
4,55.44,98.46,60.7
13,55,93.86,60.7
15,55.89,92.86,60.3
14,54.91,93.03,60.7
62,62.03,92,60.51
42,62.87,91.35,60.04
20,62.89,90.66,59.11
5,62.9,90.46,57.84
3,63.73,90.46,56.58
7,63.72,90.66,57.84
16,63.72,90.9,59.08
4,64.74,90.46,56.59
3,64.89,91.05,55.02
4,65.06,90.66,55.65
4,65.15,91.04,55.65
6,65.35,90.92,56.59
4,64.66,90.66,55.65
6,65.17,92.33,55.65
9,65.35,92.46,56.59
5,64.92,91.85,55.64
7,65.15,91.83,56.58
4,64.61,90.66,57.84
4,65.15,91.05,57.84
8,64.92,91.86,57.83
11,65.17,92.32,57.85
8,64.75,92.14,59.09
8,64.51,91.22,59.08
20,63.84,91.85,60.05
4,64.61,90.87,55.02
4,64.65,91.49,55.02
74,60.32,92.18,60.7
71,59.39,91.55,60.52
2,64.78,90.46,52.48
65,61.13,91.39,60.51
27,61.11,90.66,60.13
13,61.14,90.46,59.15
3,64.66,90.66,54.39
4,64.27,90.46,54.39
4,64.22,90.66,55.65
5,63.71,90.46,55.64
4,64.22,90.66,55.02
6,63.71,90.46,55.02
11,61.93,90.46,57.84
14,61.92,90.66,59.11
50,61.94,90.95,60.04
15,60.17,90.46,57.85
18,60.09,90.63,59.11
47,60.1,90.97,60.05
2,65.06,90.66,53.14
2,64.77,90.46,53.12
3,64.66,90.66,53.77
3,64.27,90.46,53.76
3,64.61,90.87,53.77
4,64.2,91.1,54.4
5,64.33,92.38,55.02
6,64.82,92.38,55.65
11,64.82,92.38,57.84
52,59.41,92.38,60.25
18,63.72,92.38,59.11
53,62.05,92.38,60.12
5,63.44,92.58,54.44
5,63.94,92.58,55.04
5,63.94,92.58,55.65
5,64.4,92.58,55.65
8,64.97,92.58,56.59
12,63.78,92.58,57.85
63,60.32,92.58,60.25
35,62.07,92.58,59.15
4,63.74,90.46,50.99
6,62.89,90.67,50.51
4,52.38,100.11,56.6
3,52.38,101.89,56.6
2,52.38,103.8,56.6
4,52.38,100.94,57.86
2,53.07,100.49,59.4
3,52.8,100.13,58.77
3,52.58,100.13,57.87
3,52.58,100.97,58.8
3,52.83,100.96,59.4
2,53.52,100.89,59.4
2,53.13,101.37,59.4
2,52.38,104.51,58.12
2,52.58,104.49,58.82
2,52.89,102.74,59.39
2,52.75,103.19,58.77
2,52.77,104.08,58.77
2,52.58,103.74,57.84
3,52.38,102.69,57.9
2,52.58,102.67,58.81
3,52.58,101.87,57.84
2,52.85,101.84,58.77
5,52.38,99.05,56.6
3,53.29,98.25,59.4
3,53.77,98.65,59.4
3,54.25,99.05,60.04
4,52.58,99.01,57.86
4,52.93,98.71,58.77
4,52.78,99.2,58.77
3,53.37,99.13,58.77
2,53.84,99.53,59.4
3,52.99,99.61,58.77
2,53.44,100.01,59.4
3,56,99.76,60.7
3,54.72,99.46,60.04
3,55.16,99.85,60.5
3,55.58,100.24,60.7
2,54.32,99.93,59.4
2,54.8,100.34,60.04
2,55.23,100.73,60.5
2,55.66,101.13,60.7
2,54.82,101.21,60.5
2,55.24,101.61,60.7
8,52.58,95.66,59.12
9,52.81,95.24,60.04
5,52.9,97.86,59.4
5,53.19,97.37,60.04
7,53.52,96.85,60.5
8,53.09,95.61,60.04
8,53.44,95.96,60.5
7,53.94,96.37,60.5
8,52.83,96.08,60.04
8,53.03,96.44,60.5
7,52.86,96.96,60.04
7,52.58,96.95,59.45
6,52.58,96.96,58.8
7,52.38,95.61,56.6
7,52.58,95.63,57.85
4,52.9,97.86,58.77
6,52.38,97.41,56.6
5,52.58,97.38,57.84
5,52.38,95.62,55.37
2,52.43,113.87,51.28
2,65.52,91.43,51.25
2,65.52,91.52,50.75
2,65.79,92.45,50.47
2,65.82,92.61,50.65
2,64.68,90.76,50.7
4,63.73,90.8,50.7
2,65.56,91.63,50.58
3,65.26,91.39,50.56
3,65.13,90.84,50.49
6,63.34,91.03,50.51
4,64.27,90.92,50.51
2,65.16,91.61,50.48
3,65.24,90.46,51.06
3,65.36,90.83,51.13
3,64.29,90.46,51.02
2,64.67,90.66,51.19
3,65.4,91.43,51.25
3,65.38,91.33,51.25
4,63.96,92.58,53.82
4,63.9,92.38,54.4
3,65.24,90.46,51.79
3,65.36,90.84,51.88
3,64.28,90.46,51.81
2,64.66,90.66,51.86
2,65.36,91.36,52.57
5,64.74,92.15,55.02
2,65.15,91.03,53.15
2,65.35,91.85,53.2
4,64.92,91.85,54.39
5,65.17,92.33,54.4
3,65.15,91.83,53.78
4,65.35,92.46,53.78
4,64.27,91.95,54.4
3,64.65,91.48,53.77
2,64.89,91.06,53.14
2,65.06,90.66,52.5
2,65.17,91.01,52.54
5,64.82,92.38,54.4
4,64.33,92.38,53.78
4,64.43,92.58,53.33
4,64.97,92.58,53.79
2,65.36,92.42,53.08
3,65.4,91.43,52
3,65.37,91.33,51.97
3,65.06,90.66,50.77
3,65.21,91.01,50.76
3,64.28,90.66,50.75
2,64.61,90.87,50.89
4,63.71,90.95,50.86
2,65.31,91.53,50.81
2,65.2,91.44,50.71
2,65.27,91.46,50.8
15,56.73,92.86,60.3
8,53.08,92.86,56.61
7,52.58,93.9,56.59
12,54.11,92.86,57.89
8,53.2,93.06,57.86
8,52.92,93.92,57.83
13,54.97,92.86,57.87
10,53.78,93.77,60.04
9,53.3,93.39,59.09
11,54.17,93.06,59.15
11,54.17,93.38,60.04
9,54.26,94.17,60.04
10,54.66,93.67,60.04
7,53.94,95.53,60.04
7,53.45,94.69,59.09
8,54.34,95.05,60.04
6,54.42,95.93,60.04
3,53.69,97.77,59.4
5,54.09,97.29,60.04
5,54.49,96.81,60.04
3,54.17,98.17,59.4
4,54.57,97.69,60.04
3,54.65,98.58,60.04
3,55.13,98.98,60.04
14,55.93,92.86,59.21
12,55.01,93.06,59.12
7,54.82,95.45,60.04
5,54.97,97.22,60.04
9,54.77,95.4,60.5
11,54.68,94.5,60.5
4,55.01,98.08,60.5
5,54.93,97.19,60.5
7,54.85,96.3,60.5
3,55.57,99.37,60.5
4,55.49,98.48,60.5
12,55.08,93.34,60.04
12,55.09,94,60.5
14,55.96,93.06,60.14
14,55.01,93.22,60.5
10,53.08,92.86,55.36
6,52.58,93.91,55.34
12,55.52,94.3,60.7
9,55.19,95.74,60.7
11,55.11,94.81,60.7
6,55.36,97.56,60.7
7,55.28,96.65,60.7
8,55.69,96.17,60.7
4,55.93,98.87,60.7
5,55.85,97.98,60.7
4,56.42,99.28,60.7
2,56.16,101.53,60.7
14,55.87,93.4,60.7
15,56.73,92.98,60.7
55,62.03,91.93,60.04
22,62.88,91.35,59.08
8,62.88,90.46,56.59
6,62.89,90.66,57.84
3,63.7,90.66,56.57
7,63.72,90.9,57.83
4,64.61,90.87,55.65
4,64.89,91.05,55.65
5,65.15,91.04,56.59
4,64.61,90.66,56.58
5,64.65,91.49,55.65
6,64.92,91.85,56.58
5,64.74,92.15,55.65
8,65.17,92.32,56.59
10,64.75,92.15,57.83
6,64.51,91.22,57.83
14,63.85,91.85,59.08
4,64.2,91.1,55.65
4,64.2,91.1,55.02
4,64.27,91.95,55.02
8,62,90.7,50.51
69,60.31,92.06,60.51
58,59.36,91.49,60.06
2,64.66,90.66,52.5
2,64.28,90.46,52.48
62,61.12,91.41,60.04
16,61.11,90.66,59.11
13,61.13,90.46,57.85
4,64.22,90.66,54.39
5,63.71,90.46,54.39
11,62.86,90.46,55.65
5,63.68,90.66,55.64
11,62.85,90.46,55.02
5,63.68,90.66,55.02
13,61.92,90.46,56.59
10,61.91,90.66,57.84
17,61.94,90.95,59.08
16,60.17,90.46,56.58
15,60.1,90.64,57.84
23,60.09,90.97,59.08
2,64.66,90.66,53.14
2,64.27,90.46,53.13
3,64.22,90.66,53.77
4,63.71,90.46,53.76
4,63.69,90.9,54.4
2,64.61,90.87,53.15
3,64.2,91.1,53.77
4,63.79,91.56,54.4
5,63.45,92.58,53.84
5,63.41,92.38,54.41
4,63.9,92.38,55.03
5,63.9,92.38,55.65
5,64.33,92.38,55.65
7,64.82,92.38,56.58
11,63.72,92.38,57.84
60,60.32,92.38,60.12
32,62.06,92.38,59.11
5,63.43,92.58,55.66
5,63.03,92.58,54.46
5,63.43,92.58,55.04
6,63.73,92.58,56.58
36,60.3,92.58,59.14
12,62.07,92.58,57.84
3,63.72,90.46,51.82
4,63.69,90.66,51.12
5,62.88,90.46,50.98
6,62.87,90.82,50.7
10,62.43,91.1,50.51
2,64.61,90.87,52.52
17,62.4,92.25,50.5
17,62.36,92.59,50.58
4,52.38,100.13,55.38
3,52.38,101.9,55.34
4,52.38,100.92,56.6
3,52.58,100.1,56.59
3,52.38,102.71,56.6
3,52.58,101.89,56.59
2,52.58,103.8,56.59
3,52.8,100.1,57.85
3,52.58,100.94,57.84
2,53.07,100.49,58.77
3,52.83,100.96,58.77
2,53.13,101.37,58.77
2,52.58,104.51,58.07
2,52.9,103.69,57.81
3,52.58,102.69,57.86
2,52.85,101.85,57.83
4,52.38,99.06,55.38
5,52.38,97.4,55.38
4,52.58,99.05,56.59
4,53.69,97.77,58.77
3,53.29,98.25,58.77
4,54.17,98.17,58.77
3,53.77,98.65,58.77
3,54.25,99.05,59.4
3,53.09,99.18,57.84
2,53.84,99.53,58.77
2,53.44,100.01,58.77
2,54.32,99.93,58.77
2,54.72,99.46,59.4
3,56.05,99.77,60.5
3,56.49,100.17,60.7
2,55.2,99.86,60.04
2,55.65,100.25,60.5
2,56.08,100.65,60.7
2,55.72,101.14,60.5
4,53.19,97.37,59.4
5,53.61,96.89,60.04
5,52.86,96.96,59.4
6,53.54,96.01,60.04
6,54.02,96.41,60.04
4,53.19,97.37,58.77
5,52.86,96.96,58.77
7,52.97,95.65,59.07
6,53.14,96.49,60.04
6,52.97,95.62,57.83
6,52.58,95.64,56.59
5,52.58,97.42,56.59
5,53.02,97.41,57.84
5,52.58,95.64,55.34
2,52.37,100.23,51.19
45,55.32,96.29,50.51
2,65.52,91.43,51.99
2,65.52,91.56,52.38
3,65.02,90.97,50.66
6,63.33,91.12,50.71
3,64.23,91.03,50.7
2,65.09,91.64,50.59
12,62.88,91.64,50.51
18,62.81,92.46,50.49
6,63.81,91.53,50.51
2,64.75,91.43,50.5
3,65.06,90.66,51.19
3,65.19,90.99,51.22
3,64.22,90.66,51.15
2,64.61,90.87,51.27
4,63.69,90.89,51.23
2,65.25,91.45,51.28
5,64,92.58,53.23
4,63.91,92.38,53.79
4,63.86,92.17,54.4
2,65.06,90.66,51.85
2,65.19,90.99,51.89
2,64.22,90.66,51.86
2,64.61,90.87,51.9
2,65.36,91.86,52.67
5,64.74,92.15,54.4
4,64.92,91.85,53.77
2,65.16,91.82,53.17
4,65.17,92.33,53.77
3,65.36,92.51,53.27
4,64.27,91.95,53.77
2,64.69,91.48,53.17
2,64.91,91.06,52.51
4,64.34,92.39,53.28
4,64.82,92.38,53.78
3,65.19,92.31,53.07
3,64.94,92.59,53.19
2,65.37,92.47,52.59
2,65.31,91.55,51.93
2,65.24,91.46,51.91
2,65.38,92.46,51.94
18,62.82,92.6,50.63
2,64.97,91.11,50.85
6,63.32,91.23,50.88
3,64.21,91.13,50.88
15,56.77,92.86,59.2
14,56.78,93.06,60.14
15,57.84,92.86,60.31
14,54.14,92.86,56.6
7,53.21,93.06,56.59
6,52.92,93.92,56.58
15,54.99,92.86,56.6
7,53.3,93.39,57.83
11,54.17,93.06,57.85
6,53.47,94.69,57.83
15,55.97,92.86,57.87
13,55,93.06,57.85
8,54.23,93.78,59.08
9,54.74,94.57,60.04
10,55.14,94.1,60.04
6,54.38,95.49,59.08
6,54.9,96.34,60.04
4,54.53,97.25,59.08
3,54.65,98.58,59.4
4,55.05,98.1,60.04
3,55.13,98.98,59.4
4,55.53,98.5,60.04
3,55.61,99.38,60.04
10,55.06,93.34,59.07
13,55.97,93.06,59.13
8,55.22,94.98,60.04
9,55.62,94.5,60.04
7,55.3,95.86,60.04
4,55.45,97.62,60.04
5,55.37,96.74,60.04
6,55.78,96.26,60.04
4,55.93,98.02,60.04
11,55.58,94.42,60.5
8,55.26,95.81,60.5
10,55.18,94.91,60.5
5,55.42,97.6,60.5
6,55.34,96.71,60.5
7,55.74,96.22,60.5
4,55.98,98.89,60.5
4,55.9,98,60.5
3,56.46,99.29,60.5
12,55.99,93.68,60.04
13,55.95,93.57,60.5
13,56.83,93.29,60.04
14,56.79,93.17,60.5
16,54.15,92.86,55.38
9,53.21,93.06,55.34
5,52.92,93.92,55.33
10,56.06,95.2,60.7
5,56.34,98.39,60.7
7,56.23,97.04,60.7
4,56.83,98.8,60.7
3,56.91,99.68,60.7
2,56.57,101.05,60.7
3,56.98,100.57,60.7
13,56.87,94.18,60.7
14,57.68,93.3,60.7
30,62.04,91.93,59.08
5,63.69,90.9,55.02
3,63.7,90.9,56.57
7,62.87,90.66,56.59
8,62.88,91.35,57.83
4,63.69,90.9,55.64
5,64.51,91.22,56.58
7,64.75,92.15,56.58
4,64.27,91.95,55.65
9,63.85,91.85,57.83
4,63.79,91.56,55.65
4,63.86,92.17,55.65
4,63.79,91.56,55.02
4,63.86,92.17,55.02
6,61.99,90.46,50.99
9,61.12,90.76,50.51
10,61.56,91.19,50.51
8,61.98,90.85,50.7
64,60.29,91.98,60.04
28,59.35,91.49,59.08
9,60.26,90.77,50.5
2,64.22,90.66,52.51
3,63.71,90.46,52.49
30,61.11,91.41,59.08
13,61.11,90.66,57.84
15,61.13,90.46,56.58
10,62.85,90.46,54.39
5,63.68,90.66,54.39
13,61.92,90.46,55.33
10,62.84,90.66,55.65
10,62.84,90.66,55.02
12,61.91,90.66,56.59
10,61.94,90.95,57.83
16,60.16,90.46,55.33
16,60.1,90.64,56.58
14,60.1,90.97,57.83
2,64.22,90.66,53.14
3,63.71,90.46,53.13
9,62.85,90.46,53.77
4,63.68,90.66,53.77
5,63.32,91.18,54.4
3,63.69,90.9,53.77
2,64.21,91.1,53.15
4,63.79,91.56,53.77
4,63.39,92,54.4
6,63.44,92.58,53.27
4,63.42,92.38,53.8
5,63.05,92.58,53.87
5,63.4,92.38,55.65
5,63,92.38,54.42
4,63.41,92.38,55.03
6,63.68,92.38,56.58
35,60.3,92.38,59.11
11,62.06,92.38,57.84
6,62.53,92.58,54.49
5,63,92.58,55.66
5,63.01,92.58,55.05
7,62.03,92.58,56.6
16,60.3,92.58,57.84
8,61.98,90.46,51.81
5,62.86,90.46,51.81
3,63.68,90.66,51.86
7,62.86,90.99,50.86
5,62.85,90.66,51.12
10,62.43,91.18,50.7
14,61.98,91.85,50.51
2,64.21,91.11,52.53
17,62.47,92.14,50.69
3,63.69,90.9,51.9
17,62.45,92.41,50.75
6,63.3,92.59,52.78
16,62.36,92.59,50.98
32,55,92.85,54.17
2,52.36,100.34,52.74
3,52.37,100.23,54.18
2,52.38,101.92,54.09
3,52.38,100.94,55.36
4,52.58,100.11,55.35
2,52.38,102.71,55.34
3,52.58,101.89,55.34
3,52.8,100.09,56.58
3,52.58,100.92,56.59
2,52.58,102.71,56.59
2,52.85,101.86,56.58
2,53.19,100.93,57.83
5,52.37,99.19,54.19
4,52.58,99.05,55.35
5,52.58,97.41,55.35
3,53.09,99.2,56.58
4,53.7,98.21,57.82
4,54.65,98.58,58.77
3,54.25,99.05,58.77
4,55.13,98.98,58.77
3,54.72,99.46,58.77
2,53.88,99.97,57.83
2,55.2,99.86,59.4
2,56.08,99.78,60.04
2,56.54,100.18,60.5
2,55.68,100.26,60.04
2,56.13,100.66,60.5
5,52.97,95.63,55.33
5,52.97,95.62,56.58
5,53.02,97.39,56.58
5,53.58,96.45,58.46
2,52.38,101,51.28
2,52.55,100.18,51.36
39,55.33,96.29,50.71
4,53.75,99.98,50.51
34,54.49,97.26,50.51
42,56.29,97.09,50.51
54,56.13,95.29,50.51
12,62.9,91.64,50.7
18,62.91,92.34,50.65
5,63.8,91.55,50.7
2,64.69,91.46,50.66
14,63.32,92.11,50.5
3,64.33,92,50.5
15,62.84,92.6,51.15
2,64.93,91.06,51.27
6,63.32,91.18,51.25
2,64.19,91.1,51.26
11,62.87,92.6,51.92
4,63.88,92.6,52.66
4,63.94,92.4,53.17
4,63.86,92.17,53.77
2,64.93,91.06,51.9
2,64.2,91.1,51.9
4,64.74,92.15,53.77
3,64.95,91.86,53.15
3,65.19,92.38,53.26
3,65.05,92.24,52.99
3,64.31,91.95,53.15
3,64.8,92.41,53.16
2,65.23,92.34,52.53
2,65.05,92.6,52.67
2,64.74,92.6,52.54
18,63.05,92.65,50.66
17,62.94,92.45,50.76
17,62.99,92.27,50.85
12,62.91,91.65,50.89
5,63.8,91.56,50.89
19,55,92.86,55.38
15,56.8,92.86,57.87
14,56.8,93.06,59.13
15,57.85,92.86,59.21
14,57.87,93.06,60.15
15,59.5,92.86,60.3
14,61.22,92.86,60.3
12,62.93,92.86,60.3
10,64.78,92.86,60.3
6,53.3,93.39,56.58
13,54.18,93.06,56.59
6,53.47,94.69,56.58
16,55.98,92.86,56.6
15,55.01,93.06,56.59
9,54.23,93.78,57.83
8,54.38,95.49,57.83
7,54.53,97.25,57.83
13,55.05,93.34,57.83
14,55.98,93.06,57.85
8,55.18,94.54,59.08
6,55.34,96.3,59.08
5,55.49,98.06,59.08
2,55.61,99.38,59.4
3,56.01,98.9,60.04
3,56.49,99.3,60.04
11,55.99,93.68,59.08
13,56.83,93.29,59.08
8,56.14,95.34,60.04
4,56.41,98.42,60.04
5,56.29,97.1,60.04
4,56.89,98.82,60.04
9,56.11,95.29,60.5
4,56.38,98.41,60.5
6,56.27,97.08,60.5
4,56.87,98.81,60.5
3,56.94,99.7,60.5
2,56.61,101.06,60.5
2,57.02,100.58,60.5
11,56.94,94.38,60.04
12,56.92,94.3,60.5
13,57.73,93.58,60.05
14,57.72,93.48,60.5
7,53.3,93.39,55.33
15,54.19,93.06,55.35
7,53.47,94.69,55.33
9,57.05,96.06,60.7
4,57.32,99.2,60.7
5,57.21,97.87,60.7
4,57.81,99.61,60.7
3,57.39,100.09,60.7
2,57.52,101.42,60.7
11,57.86,95.06,60.7
13,58.68,93.96,60.7
14,59.53,93.22,60.7
14,61.25,93.17,60.7
12,63.01,93.11,60.7
11,64.81,93.05,60.7
10,62.04,91.93,57.83
8,62.85,90.92,55.02
8,62.85,90.92,55.65
5,63.32,91.18,55.02
5,62.88,91.32,56.59
5,63.32,91.18,55.65
4,63.39,92,55.65
5,63.83,91.85,56.58
4,63.39,92,55.02
8,61.21,90.46,50.99
7,61.97,90.66,51.12
9,61.09,90.9,50.71
10,60.7,91.34,50.51
12,61.13,91.93,50.51
10,61.56,91.25,50.7
9,61.98,91.03,50.86
10,59.78,91.49,50.5
35,60.27,91.98,59.08
18,59.35,91.49,57.83
12,60.21,90.46,51.34
10,60.2,90.9,50.69
12,61.19,90.46,51.82
11,61.97,90.46,52.49
7,62.85,90.46,52.49
3,63.68,90.66,52.51
12,61.11,91.41,57.83
14,61.11,90.66,56.58
14,61.13,90.46,55.33
12,61.95,90.46,54.09
9,62.84,90.66,54.4
12,61.91,90.66,55.33
11,61.93,90.95,56.58
15,60.16,90.46,54.08
16,60.09,90.63,55.33
16,60.1,90.97,56.58
11,61.97,90.46,53.13
3,63.68,90.66,53.14
8,62.85,90.46,53.13
8,62.84,90.66,53.77
8,62.85,90.92,54.4
6,62.91,91.64,54.4
4,63.32,91.18,53.77
3,63.69,90.9,53.15
3,63.82,91.56,53.15
5,62.97,92.21,54.38
4,63.39,92,53.77
5,63.41,92.39,53.2
6,63.04,92.59,53.26
5,63,92.39,53.81
6,62.64,92.59,53.93
7,62.49,92.39,54.44
5,62.99,92.38,55.65
5,63,92.38,55.03
6,62.03,92.38,56.59
15,60.3,92.38,57.84
7,62.16,92.58,54.39
7,62.01,92.58,55.36
10,60.3,92.58,56.59
10,62.44,91.28,50.88
9,61.96,90.66,51.86
6,62.85,90.92,51.23
5,62.84,90.66,51.86
14,62.01,91.79,50.7
16,61.53,92.34,50.51
15,62.08,92.59,51.09
3,63.69,90.9,52.52
3,63.83,91.56,52.54
16,62.58,92.06,50.87
5,63.32,91.18,51.9
6,63.33,92.43,52.68
15,62.4,92.41,51.12
6,62.96,92.59,52.64
12,62.54,92.6,51.75
36,55.01,93.01,54.06
36,56.01,92.85,54.21
3,52.52,100.23,52.75
2,52.38,101,54.15
3,52.55,100.17,54.1
2,52.58,101.9,54.09
3,52.8,100.09,55.33
3,52.58,100.93,55.34
2,52.58,102.71,55.33
2,52.85,101.86,55.33
2,53.19,100.93,56.58
16,54.4,95.46,54.07
5,52.54,99.15,54.11
3,53.09,99.2,55.33
5,53.02,97.39,55.33
2,53.88,99.97,56.58
5,53.68,98.22,56.58
4,54.69,99.02,57.83
2,55.61,99.38,58.77
2,56.08,99.78,59.4
2,56.56,100.18,60.04
7,53.58,96.45,55.96
34,55.02,93.3,53.94
22,63.02,92.84,50.7
32,55.34,96.3,51.52
23,54.52,97.26,50.71
35,56.29,97.1,50.71
52,56.14,95.32,50.71
13,54.78,100.78,50.51
13,54.64,99.02,50.51
27,55.47,98.06,50.51
47,57.25,97.9,50.51
60,57.09,96.11,50.51
60,56.93,94.24,50.51
12,63.37,92.06,50.68
3,64.29,91.97,50.68
18,63.14,92.63,50.49
11,63.88,92.48,50.5
15,62.94,92.45,51.22
15,63.05,92.66,51.23
14,62.98,92.27,51.28
11,62.91,91.64,51.27
4,63.79,91.56,51.27
9,62.94,92.46,51.9
10,63.05,92.64,51.88
4,63.81,92.66,52.38
4,63.87,92.44,52.55
4,63.89,92.19,53.12
3,63.79,91.56,51.9
3,64.31,91.94,52.53
3,64.74,92.18,53.12
2,64.93,92.45,52.65
2,64.64,92.62,52.38
2,64.64,92.45,52.46
20,63.05,92.78,50.66
17,63.18,92.58,50.77
12,63.37,92.08,50.87
3,64.28,91.97,50.88
20,55.01,93.06,55.35
20,56,92.86,55.37
15,56.81,92.86,56.6
14,56.8,93.06,57.85
14,57.87,92.86,57.87
14,57.87,93.06,59.13
15,59.48,92.86,59.2
14,59.51,93.06,60.14
13,61.25,92.86,59.21
10,62.9,92.86,59.21
6,64.78,92.86,59.2
7,66.57,92.86,60.29
9,66.59,92.99,60.7
13,61.24,93.06,60.14
13,62.15,92.86,60.44
11,63.96,92.86,60.3
11,62.93,93.06,60.14
8,65.75,92.86,60.3
9,64.78,93.06,60.14
11,54.23,93.78,56.58
11,54.38,95.49,56.58
10,54.53,97.25,56.58
15,55.05,93.34,56.58
16,55.99,93.06,56.59
11,55.18,94.54,57.83
11,55.34,96.3,57.83
8,55.49,98.06,57.83
13,55.99,93.68,57.83
14,56.83,93.29,57.83
8,56.14,95.34,59.08
7,56.29,97.1,59.08
3,56.45,98.86,59.08
2,56.96,99.7,60.04
11,56.94,94.38,59.08
13,57.72,93.58,59.08
7,57.1,96.14,60.04
3,57.37,99.22,60.04
5,57.25,97.9,60.04
3,57.85,99.63,60.04
2,57.44,100.11,60.04
8,57.08,96.11,60.5
4,57.35,99.22,60.5
5,57.23,97.89,60.5
3,57.83,99.62,60.5
3,57.43,100.1,60.5
2,57.54,101.42,60.5
10,57.9,95.19,60.04
10,57.89,95.14,60.5
12,58.71,94.17,60.04
13,58.7,94.09,60.5
14,59.55,93.4,60.5
13,61.26,93.34,60.5
12,63.01,93.29,60.5
10,64.81,93.24,60.5
13,54.23,93.78,55.33
14,54.38,95.49,55.33
25,55.26,94.51,54.02
20,55.05,93.34,55.33
7,58.03,96.9,60.7
5,58.18,98.69,60.7
3,58.33,100.46,60.7
2,58.5,102.23,60.7
9,58.84,95.91,60.7
12,59.64,94.9,60.7
13,60.45,93.85,60.7
13,62.22,93.71,60.7
11,63.99,93.55,60.7
9,65.75,93.43,60.7
5,62.97,92.2,55.65
5,62.97,92.2,55.02
6,62.06,91.93,56.57
9,62.44,91.23,55.02
8,62.44,91.23,55.65
6,62.91,91.64,55.02
5,62.91,91.64,55.65
9,61.17,90.66,51.12
8,61.97,90.94,51.23
9,61.02,91.05,50.87
10,60.69,91.37,50.71
12,60.28,92.18,50.51
12,61.14,91.85,50.71
10,61.56,91.34,50.88
11,59.73,91.49,50.69
11,61.19,90.46,53.13
14,60.27,91.98,57.83
20,59.35,91.49,56.58
15,60.17,90.46,52.8
12,60.13,90.64,51.45
11,60.21,91.07,50.85
12,61.16,90.66,51.87
12,61.19,90.46,52.49
17,58.61,92.59,51.17
11,61.96,90.66,52.51
6,62.84,90.66,52.51
11,61.11,91.41,56.58
13,61.16,90.46,54.06
14,61.11,90.66,55.33
11,61.94,90.66,54.09
11,61.93,90.95,55.33
15,60.09,90.63,54.08
16,60.09,90.97,55.33
9,62.44,91.23,54.4
10,61.96,90.66,53.14
7,62.85,90.92,53.77
7,62.84,90.66,53.14
7,62.51,92.06,54.39
6,62.91,91.64,53.77
3,63.32,91.18,53.15
5,62.96,92.22,53.76
4,63.39,92.01,53.14
6,63,92.41,53.19
7,62.69,92.6,53.26
7,62.56,92.42,53.84
7,62.23,92.59,53.91
7,62.11,92.39,54.33
7,62,92.38,55.34
10,60.3,92.38,56.58
13,60.29,92.58,55.37
8,61.64,92.58,54.5
13,62.03,91.69,50.88
9,61.97,90.95,51.9
9,62.43,91.23,51.25
6,62.85,90.92,51.9
15,61.58,92.19,50.71
16,61.56,92.58,50.94
13,62.2,92.6,51.61
15,62.08,92.4,51.23
4,63.32,91.18,52.52
4,63.38,92.02,52.52
9,62.97,92.28,51.9
8,62.91,91.64,51.9
15,62.51,92.08,51.26
6,62.97,92.44,52.56
12,62.52,92.45,51.83
7,62.65,92.6,52.57
10,62.42,92.6,51.96
37,55.99,93.02,54.12
31,56.8,92.85,54.08
3,52.74,100.11,52.78
3,52.77,100.1,54.02
2,52.58,100.96,54.11
2,53.19,100.93,55.33
22,55.34,96.3,54.08
4,53.05,99.18,54.03
2,53.88,99.97,55.33
4,53.68,98.22,55.33
3,54.69,99.02,56.58
8,54.53,97.25,55.33
26,57.62,92.75,53.49
24,57.76,92.72,52.66
27,55.34,96.3,52.83
33,55.94,93.66,53.98
10,54.53,97.25,51.52
20,57.61,92.76,51.84
13,62.99,92.84,51.23
25,62.45,92.85,50.62
26,62.87,92.84,50.63
17,63.15,92.98,50.81
24,56.29,97.1,51.52
48,56.15,95.33,51.54
9,54.82,100.78,50.71
5,54.67,99.02,50.71
16,55.48,98.06,50.71
38,57.25,97.9,50.71
55,57.1,96.13,50.71
58,56.94,94.33,50.71
8,55.77,101.58,50.51
24,55.62,99.82,50.51
36,56.44,98.86,50.51
24,58.21,98.7,50.51
58,58.05,96.93,50.51
66,57.9,95.11,50.51
50,57.72,93.33,50.51
28,62.44,92.98,50.5
5,62.97,92.84,51.97
18,63.25,92.56,50.63
8,63.87,92.46,50.68
2,64.5,92.46,50.64
19,63.45,92.93,50.5
4,64.37,92.87,50.5
21,62.97,93.28,50.5
13,63.05,92.78,51.22
13,63.18,92.59,51.26
10,63.39,92.05,51.27
2,64.27,91.97,51.27
7,63.05,92.75,52.04
9,63.18,92.55,51.81
5,63.38,92.75,52.38
3,64.4,92.74,52.38
4,63.82,92.59,52.25
6,63.38,92.03,51.88
4,63.85,92.24,52.47
2,64.52,92.51,52.25
2,64.27,91.96,51.89
2,64.74,92.22,52.5
18,63.18,92.84,50.77
17,63.31,92.52,50.84
7,63.87,92.44,50.88
2,64.44,92.43,50.84
2,64.6,92.8,50.77
22,55.99,93.06,55.35
18,56.8,92.86,55.33
16,56.81,93.06,56.59
14,57.88,92.86,56.6
13,57.88,93.06,57.84
13,59.5,92.86,57.87
14,59.49,93.06,59.13
14,59.54,93.51,60.04
9,61.26,92.86,57.87
7,62.9,92.86,57.86
3,64.78,92.86,57.86
3,66.57,92.86,59.2
11,61.26,93.06,59.13
8,63.96,92.86,59.2
8,62.9,93.06,59.13
4,65.75,92.86,59.2
5,64.78,93.06,59.13
6,67.68,92.86,60.29
6,66.57,93.06,60.14
8,66.59,93.18,60.5
7,67.52,93.31,60.7
3,69.3,92.86,60.29
5,69.34,93.22,60.7
12,61.28,93.45,60.04
13,62.15,93.06,60.26
10,62.99,93.4,60.04
10,63.96,93.06,60.14
8,64.81,93.35,60.04
7,65.75,93.06,60.14
15,55.18,94.54,56.58
16,55.34,96.3,56.58
6,55.49,98.06,56.58
17,55.99,93.68,56.58
16,56.83,93.29,56.58
13,56.14,95.34,57.83
12,56.29,97.1,57.83
2,56.45,98.86,57.83
13,56.94,94.38,57.83
13,57.72,93.58,57.83
8,57.1,96.14,59.08
6,57.25,97.9,59.08
10,57.9,95.19,59.08
12,58.7,94.17,59.08
7,58.05,96.95,60.04
4,58.21,98.71,60.04
2,58.36,100.47,60.04
7,58.04,96.93,60.5
4,58.2,98.7,60.5
3,58.35,100.46,60.5
8,58.86,95.99,60.04
9,58.85,95.96,60.5
10,59.66,95.03,60.04
11,59.65,94.98,60.5
13,60.46,93.99,60.5
12,62.22,93.85,60.5
10,63.99,93.71,60.5
8,65.75,93.6,60.5
20,55.18,94.54,55.33
19,55.34,96.3,55.33
31,56.16,95.32,54.06
24,55.99,93.68,55.33
7,58.99,97.72,60.7
4,59.15,99.5,60.7
3,59.31,101.27,60.7
2,59.47,103.03,60.7
8,59.8,96.74,60.7
10,60.61,95.75,60.7
12,61.41,94.74,60.7
11,63.18,94.56,60.7
10,64.94,94.38,60.7
8,66.71,94.2,60.7
27,57.62,92.85,53.51
8,62.08,91.92,55.33
14,60.25,92.59,51.15
10,61.07,90.98,51.24
10,61.55,91.28,51.25
10,60.67,91.39,50.89
11,59.84,91.46,50.84
12,60.29,92.06,50.71
11,61.15,91.75,50.88
11,61.16,90.66,53.14
22,59.35,91.49,55.33
12,60.27,91.98,56.58
15,60.09,90.63,52.82
13,60.11,90.97,51.55
12,61.06,90.99,51.9
12,61.16,90.66,52.51
17,58.61,92.42,51.41
23,58.52,92.61,52.78
19,59.35,92.6,51.89
10,61.97,90.95,52.52
6,62.85,90.92,52.52
8,62.08,92.25,54.24
14,60.09,90.97,54.08
12,61.14,90.66,54.06
12,61.12,91.41,55.33
10,61.95,90.95,54.1
9,62.03,91.74,54.4
9,61.97,90.95,53.14
9,62.44,91.23,53.77
6,62.85,90.92,53.15
7,62.51,92.07,53.77
5,62.91,91.64,53.15
5,62.97,92.23,53.13
7,62.6,92.44,53.19
7,62.45,92.6,53.23
7,62.15,92.43,53.81
7,61.67,92.59,53.95
6,62.24,92.6,53.58
13,60.3,92.38,55.35
8,61.62,92.39,54.44
13,60.35,92.59,54.17
14,61.61,92.01,50.86
11,61.55,91.29,51.9
13,62.03,91.74,51.25
9,62.43,91.23,51.9
15,61.58,92.39,51.09
14,61.57,92.59,51.6
14,60.29,92.68,51.84
11,61.75,92.63,51.84
10,62.16,92.7,51.84
13,62.13,92.44,51.74
14,62.08,92.26,51.39
6,62.91,91.64,52.52
6,62.97,92.27,52.49
11,62.51,92.09,51.9
7,62.57,92.46,52.55
10,62.32,92.46,52.04
9,62.38,92.68,51.91
7,62.45,92.6,52.5
31,56.81,93.02,54.05
23,57.91,92.86,54.17
10,56.29,97.1,54.08
6,54.53,97.25,54.08
7,54.53,97.25,52.83
2,53.88,99.97,52.83
2,53.88,99.97,54.08
3,53.7,98.21,54.09
2,54.69,99.02,55.33
3,55.49,98.06,55.33
28,57.49,92.8,53.36
24,57.63,92.72,52.66
33,58.08,92.84,52.46
13,56.29,97.1,52.83
40,56.17,95.36,52.84
32,56.78,93.24,53.93
35,56.96,94.37,54.07
5,55.49,98.06,51.52
4,54.84,100.78,51.52
2,54.69,99.02,51.52
21,57.49,92.81,51.97
46,57.96,92.86,51.19
7,62.63,92.84,51.78
17,62.51,92.85,51.1
21,62.87,92.84,51.03
10,63.1,92.98,51.28
18,62.06,92.86,50.57
19,62.55,93.02,50.77
19,62.99,92.99,50.76
12,63.29,93.13,50.89
22,57.25,97.9,51.52
46,57.1,96.14,51.52
55,56.95,94.39,51.53
5,55.79,101.58,50.71
19,55.64,99.82,50.71
27,56.44,98.86,50.71
17,58.21,98.71,50.71
51,58.05,96.94,50.71
63,57.9,95.16,50.71
51,57.72,93.49,50.71
20,62.55,93.13,50.67
13,56.59,100.62,50.51
22,57.4,99.66,50.51
23,59.01,97.74,50.51
58,58.86,95.95,50.51
53,58.69,94,50.51
27,62.07,93.27,50.51
32,61.2,93.18,50.51
2,63.44,92.86,53.24
5,63.08,92.97,51.92
2,63.35,92.85,52.67
2,64.45,92.85,52.59
14,63.51,92.92,50.67
3,64.31,92.86,50.67
12,63.04,93.37,50.67
10,63.95,93.3,50.51
14,62.6,93.77,50.51
8,63.52,93.77,50.51
12,63.18,92.84,51.25
12,63.31,92.53,51.28
5,63.87,92.44,51.27
2,64.44,92.42,51.27
6,63.18,92.78,51.96
8,63.3,92.5,51.73
4,63.46,92.79,52.25
3,63.94,92.82,52.38
2,64.32,92.77,52.25
4,63.84,92.43,51.89
2,64.44,92.42,51.88
13,63.5,92.9,50.86
3,64.31,92.83,50.86
21,56.82,93.06,55.34
16,57.84,92.86,55.3
13,57.88,93.06,56.59
11,59.51,92.86,56.6
12,59.51,93.06,57.84
13,59.53,93.51,59.08
12,60.46,94.07,60.04
22,56.83,93.29,55.32
2,63.49,92.86,55.04
2,63.48,92.86,55.66
7,61.31,92.86,56.58
4,62.95,92.86,56.61
2,64.8,92.86,56.61
8,61.26,93.06,57.85
5,63.96,92.86,57.86
6,62.9,93.06,57.84
2,64.78,93.06,57.84
2,67.65,92.86,59.19
3,66.57,93.06,59.13
10,61.29,93.45,59.08
7,62.97,93.4,59.08
7,63.96,93.06,59.13
4,64.81,93.35,59.08
3,65.75,93.06,59.13
6,66.59,93.3,60.04
5,67.68,93.06,60.14
6,67.51,93.49,60.5
6,68.49,93.96,60.7
3,69.29,93.06,60.14
4,69.33,93.41,60.5
2,71.11,93.17,60.7
4,70.24,93.84,60.7
10,62.23,93.95,60.05
8,63.99,93.81,60.04
6,65.75,93.7,60.04
2,63.49,92.86,53.84
2,63.5,92.86,54.44
19,56.14,95.34,56.58
13,56.29,97.1,56.58
18,56.94,94.38,56.58
14,57.72,93.58,56.58
14,57.1,96.14,57.83
6,57.25,97.9,57.83
13,57.9,95.19,57.83
11,58.7,94.17,57.83
8,58.05,96.95,59.08
3,58.21,98.71,59.08
9,58.86,95.99,59.08
9,59.66,95.03,59.08
6,59.01,97.75,60.04
3,59.17,99.51,60.04
2,59.32,101.27,60.04
6,59.01,97.74,60.5
4,59.16,99.51,60.5
2,59.32,101.27,60.5
7,59.82,96.79,60.04
8,59.81,96.77,60.5
8,60.62,95.83,60.04
9,60.62,95.8,60.5
11,61.42,94.82,60.5
9,63.18,94.66,60.5
8,64.94,94.5,60.5
7,66.71,94.33,60.5
25,56.14,95.34,55.33
11,56.29,97.1,55.33
18,57.1,96.14,54.08
26,56.94,94.38,55.33
6,59.96,98.53,60.7
4,60.11,100.31,60.7
3,60.27,102.07,60.7
2,60.43,103.84,60.7
8,60.77,97.56,60.7
9,61.57,96.59,60.7
10,62.38,95.59,60.7
9,64.14,95.42,60.7
8,65.9,95.24,60.7
7,67.67,95.06,60.7
29,57.52,92.98,53.4
30,58.32,92.86,53.15
5,62.66,92.85,53.22
9,61.63,92.1,54.39
11,60.67,91.39,51.27
14,60.3,92.41,51.3
11,60.32,91.86,50.87
12,61.15,91.81,51.25
11,61.06,90.99,53.15
14,60.28,91.98,55.33
16,60.09,90.97,52.83
13,60.67,91.39,51.9
12,61.06,90.99,52.52
23,58.56,92.48,52.73
22,59.43,92.61,52.5
17,59.46,92.46,52.04
9,61.55,91.29,52.52
9,62.43,91.23,52.52
7,62.09,92.28,53.72
6,62.38,92.72,53.19
11,61.12,91.4,54.08
8,61.55,91.29,53.15
8,62.03,91.72,53.77
8,62.43,91.23,53.15
7,62.51,92.08,53.14
7,62.33,92.46,53.15
16,59.79,92.7,51.85
22,59.51,92.62,52.36
7,61.63,92.42,53.86
6,62.13,92.46,53.45
5,62.16,92.7,53.49
6,61.63,92.6,53.57
16,60.28,92.68,53.49
13,60.38,92.42,54.09
5,61.75,92.63,53.49
13,61.15,91.8,51.89
14,61.63,92.1,51.24
12,62.03,91.72,51.9
11,61.31,92.75,51.84
14,61.53,92.43,51.73
14,60.37,92.64,51.98
10,61.68,92.53,51.97
9,62.05,92.67,51.97
13,62.09,92.28,51.87
10,62.21,92.33,52.12
8,62.51,92.09,52.52
9,62.25,92.64,52.03
7,62.33,92.47,52.51
7,62.38,92.73,52.42
6,62.62,92.84,52.5
3,62.97,92.85,52.77
3,63.07,92.86,53.29
24,57.91,93.04,54.11
12,59.47,92.86,54.18
3,57.25,97.9,54.08
2,55.49,98.06,52.83
8,57.25,97.9,52.83
34,57.26,93.57,53.23
31,57.26,93.13,52.63
34,57.98,93,52.5
29,57.1,96.14,52.83
44,57.02,94.36,52.81
30,57.9,95.19,54.08
27,57.68,93.56,54.04
12,56.45,98.86,51.52
2,55.8,101.58,51.52
9,55.64,99.82,51.52
47,57.93,93.04,51.35
37,59.44,92.86,51.18
48,59.54,93.25,50.51
6,62.61,92.99,51.82
18,61.26,92.85,51.17
17,62.1,92.86,50.87
14,62.56,93.02,51.22
13,62.97,92.99,51.11
8,63.28,93.16,51.31
17,62.15,93.05,50.75
15,62.62,93.23,50.86
9,63.07,93.38,50.87
5,58.21,98.71,51.52
32,58.05,96.95,51.52
53,57.9,95.19,51.52
49,57.71,93.57,51.51
9,56.6,100.62,50.71
15,57.4,99.66,50.71
16,59.01,97.75,50.71
50,58.86,95.98,50.71
53,58.7,94.11,50.71
17,62.14,93.41,50.7
26,61.25,93.35,50.71
13,59.81,96.78,50.51
48,59.65,94.96,50.51
24,60.75,93.86,50.51
18,61.72,93.8,50.51
4,62.22,94.28,50.51
2,63.45,93.05,53.18
3,63.26,93.16,51.89
2,63.4,93,52.56
2,64.01,92.85,52.72
2,64.38,93,52.48
5,63.95,93.32,50.71
6,62.64,93.84,50.7
3,63.53,93.79,50.71
3,64.46,93.69,50.51
2,63.11,94.24,50.51
8,63.52,92.91,51.27
2,64.29,92.84,51.27
5,63.51,92.9,51.88
2,63.93,92.93,52.25
2,64.29,92.84,51.88
3,63.95,93.33,50.89
16,57.88,93.06,55.34
10,59.49,92.86,55.36
10,59.51,93.06,56.59
10,59.53,93.51,57.83
10,60.46,94.07,59.08
10,61.42,94.88,60.04
19,57.72,93.58,55.33
6,61.28,92.86,55.39
2,62.53,92.86,55.04
3,62.59,92.86,55.66
2,63.08,92.86,55.05
2,64.03,92.86,55.03
2,63.48,93.06,55.03
2,63.08,92.86,55.66
3,64.03,92.86,55.65
2,63.48,93.06,55.65
6,61.31,93.06,56.58
4,62.94,93.06,56.6
4,64,92.86,56.57
7,61.29,93.45,57.83
5,62.97,93.4,57.83
4,63.96,93.06,57.84
2,64.81,93.35,57.83
2,66.59,93.3,59.08
7,62.23,93.97,59.08
5,63.99,93.81,59.08
3,65.75,93.7,59.08
5,67.5,93.6,60.05
5,68.48,94.11,60.5
5,69.43,94.89,60.7
2,69.31,93.52,60.04
3,70.23,94,60.5
3,71.21,94.72,60.7
8,63.18,94.72,60.04
6,64.94,94.57,60.04
5,66.71,94.41,60.04
5,61.29,92.85,54.15
3,62.61,92.86,53.86
2,62.51,92.86,54.48
2,63.11,92.86,53.85
2,64.03,92.86,53.82
2,63.1,92.86,54.45
2,64.03,92.86,54.42
17,57.1,96.14,56.58
3,57.25,97.9,56.58
17,57.9,95.19,56.58
11,58.7,94.17,56.58
9,58.05,96.95,57.83
2,58.21,98.71,57.83
10,58.86,95.99,57.83
8,59.66,95.03,57.83
6,59.01,97.75,59.08
2,59.17,99.51,59.08
7,59.82,96.79,59.08
6,60.62,95.83,59.08
5,59.97,98.55,60.04
3,60.12,100.31,60.04
5,59.97,98.55,60.5
3,60.12,100.31,60.5
2,60.28,102.07,60.5
6,60.77,97.6,60.04
7,60.77,97.58,60.5
7,61.58,96.64,60.04
8,61.57,96.62,60.5
9,62.38,95.65,60.5
7,64.14,95.48,60.5
7,65.9,95.32,60.5
6,67.66,95.16,60.5
17,57.1,96.14,55.33
2,57.25,97.9,55.33
7,58.05,96.95,54.08
23,57.9,95.19,55.33
5,60.92,99.34,60.7
4,61.08,101.11,60.7
3,61.23,102.88,60.7
2,61.39,104.64,60.7
7,61.73,98.38,60.7
8,62.53,97.4,60.7
8,63.34,96.42,60.7
7,65.1,96.25,60.7
7,66.86,96.08,60.7
6,68.63,95.91,60.7
21,59.5,92.74,52.7
18,59.77,92.78,51.84
19,59.77,92.76,53.49
32,58.28,93.04,53.03
24,59.02,92.85,52.82
4,62.6,93,53.15
7,61.63,92.12,53.76
13,60.67,91.39,53.15
13,60.34,92.03,54.03
19,59.54,92.48,52.53
13,60.67,91.39,52.52
14,60.29,92.03,51.57
10,61.15,91.8,52.52
8,62.03,91.72,52.52
6,62.08,92.3,53.35
5,62.25,92.72,53.1
9,61.15,91.8,53.15
7,62.03,91.72,53.15
6,62.19,92.31,53.07
17,59.89,92.68,51.97
20,59.64,92.51,52.44
14,60.34,92.64,53.36
5,61.57,92.46,53.44
4,61.68,92.53,53.36
5,62.05,92.67,53.36
6,61.3,92.75,53.49
9,61.27,92.78,51.97
14,60.59,92.52,52.09
13,61.62,92.13,51.9
10,61.63,92.42,52.14
9,61.97,92.57,52.11
7,62.15,92.29,52.51
6,62.25,92.73,52.46
5,62.58,92.98,52.48
3,63.02,93,52.68
2,63.07,93.04,53.21
12,59.49,93.04,54.09
4,56.45,98.86,52.83
2,55.64,99.82,52.83
15,58.05,96.95,52.83
40,57.9,95.19,52.83
35,57.86,93.57,52.77
10,58.86,95.99,54.08
22,58.7,94.17,54.08
4,57.41,99.66,51.52
3,56.6,100.62,51.52
35,59.48,93.04,51.35
44,60.17,93.93,50.51
42,59.55,93.41,50.71
4,62.62,93.2,51.88
12,61.27,93.02,51.32
12,62.14,93.05,51.03
11,62.61,93.22,51.3
2,63.07,93.43,51.9
6,63.07,93.42,51.27
11,62.22,93.51,50.88
14,61.34,93.57,50.87
3,62.67,93.87,50.89
5,59.01,97.75,51.52
28,58.86,95.99,51.52
46,58.7,94.17,51.52
8,59.81,96.79,50.71
39,59.66,95.01,50.71
19,60.77,93.98,50.71
6,61.76,93.9,50.71
5,60.61,95.81,50.51
2,61.4,94.8,50.51
2,64.44,93.71,50.7
2,63.95,93.33,51.27
9,59.5,93.06,55.34
9,59.53,93.51,56.58
7,60.47,94.07,57.83
7,61.42,94.88,59.08
8,62.38,95.68,60.04
15,58.7,94.17,55.33
5,61.28,93.06,55.36
3,62.24,92.86,55.37
2,62.51,93.06,55.01
2,62.59,93.06,55.65
2,63.07,93.06,55.03
2,64.02,93.06,55.03
2,63.07,93.06,55.65
2,63.49,93.24,55.65
2,64.03,93.06,55.65
5,61.32,93.45,56.57
3,63,93.4,56.6
3,64,93.06,56.57
4,62.23,93.97,57.83
3,63.99,93.81,57.83
5,63.18,94.72,59.08
3,64.94,94.57,59.08
4,68.47,94.2,60.04
4,69.43,95,60.5
5,70.39,95.74,60.7
2,70.23,94.09,60.04
2,71.19,94.84,60.5
2,72.17,95.59,60.7
6,64.14,95.53,60.04
5,65.9,95.37,60.04
4,67.66,95.22,60.04
4,61.27,93.02,54.07
2,62.54,93.03,53.77
2,62.48,93.06,54.43
7,58.05,96.95,56.58
10,58.86,95.99,56.58
7,59.66,95.03,56.58
5,59.01,97.75,57.83
6,59.82,96.79,57.83
4,60.62,95.83,57.83
4,59.97,98.55,59.08
2,60.12,100.31,59.08
4,60.77,97.6,59.08
4,61.58,96.64,59.08
4,60.93,99.36,60.04
2,61.08,101.12,60.04
4,60.92,99.35,60.5
3,61.08,101.12,60.5
2,61.23,102.88,60.5
5,61.73,98.4,60.04
6,61.73,98.39,60.5
6,62.53,97.44,60.04
7,62.53,97.43,60.5
7,63.34,96.46,60.5
6,65.1,96.3,60.5
6,66.86,96.14,60.5
5,68.62,95.98,60.5
5,58.05,96.95,55.33
9,58.86,95.99,55.33
5,61.88,100.15,60.7
4,62.04,101.92,60.7
2,63.25,110.69,60.7
2,62.77,110.29,60.7
3,62.19,103.68,60.7
2,62.35,105.45,60.7
2,62.5,107.21,60.7
6,62.69,99.19,60.7
7,63.49,98.22,60.7
7,64.29,97.24,60.7
6,66.06,97.08,60.7
6,67.82,96.91,60.7
6,69.59,96.74,60.7
20,59.63,92.75,52.7
19,59.88,92.85,51.97
17,59.87,92.81,53.36
25,59.11,93.02,52.75
2,62.57,93.21,53.11
13,60.35,92.62,52.67
14,60.37,92.06,52.77
6,61.62,92.11,53.22
5,61.63,92.32,53
10,61.27,92.66,52.1
7,61.63,92.2,52.52
4,61.99,92.61,53.06
5,61.27,92.78,53.36
5,61.99,92.63,52.5
3,62.58,93.19,52.48
12,59.54,93.47,54.03
2,59.01,97.75,52.83
15,58.86,95.99,52.83
34,58.7,94.17,52.83
6,59.66,95.03,54.08
38,60.19,94.03,50.71
29,59.54,93.48,51.49
3,62.19,93.5,51.89
7,61.3,93.41,51.53
7,62.19,93.5,51.26
12,60.92,94.03,50.86
2,61.79,93.96,50.89
2,59.82,96.79,51.52
18,59.66,95.03,51.52
2,60.62,95.82,50.71
9,59.53,93.51,55.33
5,60.47,94.07,56.58
4,61.42,94.88,57.83
5,62.38,95.68,59.08
6,63.34,96.48,60.04
6,59.66,95.03,55.33
4,61.3,93.45,55.35
2,62.23,93.06,55.35
2,62.6,93.27,55.65
2,63.07,93.45,55.65
2,63.94,93.39,55.65
2,62.24,93.97,56.58
2,64,93.8,56.58
2,63.18,94.72,57.83
3,64.14,95.53,59.08
2,65.9,95.37,59.08
3,69.42,95.06,60.04
4,70.39,95.82,60.5
4,71.36,96.59,60.7
2,72.15,95.67,60.5
2,73.13,96.44,60.7
4,65.1,96.33,60.04
4,66.86,96.18,60.04
4,68.62,96.02,60.04
3,61.28,93.4,54.01
3,59.01,97.75,56.58
4,59.82,96.79,56.58
3,60.62,95.83,56.58
2,59.97,98.55,57.83
3,60.77,97.6,57.83
2,61.58,96.64,57.83
2,60.93,99.36,59.08
2,61.73,98.4,59.08
3,62.53,97.44,59.08
3,61.88,100.16,60.04
2,62.04,101.92,60.04
2,64.13,110.61,60.04
4,61.88,100.16,60.5
3,62.04,101.92,60.5
2,63.25,110.69,60.5
2,62.19,103.68,60.5
4,62.69,99.2,60.04
5,62.69,99.2,60.5
4,63.49,98.25,60.04
6,63.49,98.23,60.5
5,64.29,97.27,60.5
5,66.06,97.11,60.5
5,67.82,96.95,60.5
5,69.58,96.79,60.5
2,59.01,97.75,55.33
2,59.82,96.79,55.33
5,62.84,100.96,60.7
4,63,102.73,60.7
2,64.55,110.14,60.7
2,63.62,109.77,60.7
2,63.47,108.01,60.7
3,63.15,104.49,60.7
2,63.31,106.25,60.7
6,63.65,100,60.7
6,64.45,99.03,60.7
6,65.25,98.06,60.7
5,67.02,97.9,60.7
6,68.78,97.73,60.7
5,70.55,97.57,60.7
21,59.46,93.48,52.77
16,59.99,92.98,52.69
4,61.27,93.1,52.72
4,60.46,94.04,54.05
8,59.66,95.03,52.83
10,60.46,94.06,51.52
4,60.46,94.07,55.33
2,61.42,94.88,56.58
2,62.38,95.68,57.83
3,63.34,96.48,59.08
4,64.3,97.29,60.04
2,65.1,96.33,59.08
3,70.38,95.87,60.04
3,71.35,96.64,60.5
4,72.32,97.42,60.7
2,74.1,97.27,60.7
3,66.06,97.13,60.04
4,67.82,96.98,60.04
3,69.58,96.83,60.04
2,63.49,98.25,59.08
3,62.84,100.96,60.04
2,63,102.72,60.04
2,64.53,110.13,60.04
2,63.61,109.77,60.04
4,62.84,100.96,60.5
3,63,102.72,60.5
2,64.54,110.14,60.5
2,63.62,109.77,60.5
2,63.46,108.01,60.5
2,63.15,104.49,60.5
2,63.31,106.25,60.5
3,63.65,100.01,60.04
5,63.65,100,60.5
3,64.45,99.05,60.04
4,64.45,99.04,60.5
4,65.25,98.08,60.5
4,67.01,97.92,60.5
4,68.78,97.76,60.5
4,70.54,97.61,60.5
5,63.8,101.77,60.7
4,63.96,103.53,60.7
2,65.43,109.65,60.7
3,64.44,108.83,60.7
3,64.28,107.06,60.7
4,64.12,105.3,60.7
5,64.6,100.81,60.7
5,65.41,99.84,60.7
5,66.21,98.87,60.7
5,67.97,98.71,60.7
5,69.74,98.55,60.7
5,71.51,98.4,60.7
4,60.46,94.03,52.79
2,64.3,97.29,59.08
3,65.25,98.09,60.04
3,71.34,96.67,60.04
3,72.3,97.45,60.5
4,73.28,98.24,60.7
2,74.07,97.3,60.5
2,75.07,98.09,60.7
3,67.01,97.94,60.04
3,68.77,97.78,60.04
3,70.54,97.63,60.04
2,64.53,110.13,59.4
3,63.8,101.77,60.04
2,63.95,103.53,60.04
2,65.37,109.61,60.05
2,64.42,108.81,60.04
2,64.26,107.05,60.04
2,64.11,105.29,60.04
4,63.8,101.77,60.5
3,63.96,103.53,60.5
2,65.39,109.63,60.5
2,64.42,108.82,60.5
2,64.27,107.06,60.5
3,64.11,105.29,60.5
3,64.6,100.81,60.04
4,64.6,100.81,60.5
2,65.41,99.85,60.04
4,65.41,99.85,60.5
3,66.21,98.89,60.5
3,67.97,98.73,60.5
4,69.73,98.57,60.5
4,71.5,98.42,60.5
5,64.76,102.57,60.7
4,64.93,104.35,60.7
3,66.3,108.75,60.71
4,65.26,107.89,60.7
4,65.09,106.12,60.7
5,65.56,101.61,60.7
4,66.37,100.65,60.7
4,67.17,99.68,60.7
4,68.93,99.53,60.7
4,70.7,99.37,60.7
4,72.47,99.22,60.7
2,66.21,98.89,60.04
3,72.3,97.47,60.04
3,73.26,98.27,60.5
4,74.25,99.06,60.7
2,75.04,98.11,60.5
2,76.04,98.91,60.7
2,67.97,98.74,60.04
3,69.73,98.59,60.04
3,71.49,98.43,60.04
2,65.37,109.61,59.08
3,64.76,102.57,60.04
2,64.91,104.33,60.04
3,66.23,108.66,60.06
2,66.9,109.46,60.07
2,65.22,107.85,60.05
2,65.07,106.09,60.04
4,64.76,102.57,60.5
3,64.92,104.34,60.5
2,66.98,109.52,60.53
3,66.22,108.7,60.52
3,65.23,107.87,60.5
3,65.07,106.1,60.5
2,65.56,101.61,60.04
4,65.56,101.61,60.5
2,66.36,100.66,60.04
3,66.37,100.65,60.5
3,67.17,99.69,60.5
3,68.93,99.54,60.5
3,70.69,99.38,60.5
3,72.46,99.23,60.5
5,65.73,103.39,60.7
4,65.9,105.17,60.7
4,66.88,108.08,60.71
4,66.08,106.95,60.7
4,66.53,102.42,60.7
4,67.33,101.46,60.7
3,68.13,100.5,60.7
3,69.89,100.34,60.7
3,71.66,100.19,60.7
4,73.43,100.03,60.7
2,67.17,99.7,60.04
3,73.25,98.28,60.04
3,74.22,99.07,60.5
4,75.22,99.88,60.7
2,76,98.92,60.5
2,68.93,99.54,60.04
2,70.69,99.39,60.04
3,72.45,99.24,60.04
2,66.24,108.66,59.08
3,65.71,103.37,60.04
3,65.87,105.14,60.04
3,66.76,107.96,60.08
3,66.03,106.9,60.05
4,65.72,103.38,60.5
4,65.88,105.15,60.5
4,66.79,108,60.55
4,66.04,106.92,60.51
2,66.52,102.42,60.04
3,66.52,102.42,60.5
2,67.32,101.46,60.5
2,68.13,100.5,60.5
2,69.89,100.35,60.5
3,71.65,100.19,60.5
3,73.42,100.04,60.5
2,67.52,108.6,60.31
4,66.7,104.21,60.7
4,66.88,106,60.7
4,67.31,107.64,60.72
4,67.49,103.24,60.7
3,68.29,102.27,60.7
3,69.09,101.31,60.7
3,70.85,101.16,60.7
3,72.62,101,60.7
4,74.4,100.85,60.7
2,74.21,99.08,59.08
3,74.21,99.08,60.04
3,75.19,99.88,60.5
3,76.2,100.69,60.7
2,71.65,100.19,60.04
3,73.41,100.04,60.04
2,66.75,107.94,59.09
3,67.37,108.48,60.18
3,66.67,104.18,60.04
3,66.83,105.94,60.05
3,67.19,107.51,60.08
4,66.68,104.19,60.5
4,66.85,105.95,60.51
4,67.22,107.54,60.56
2,67.48,103.22,60.04
3,67.48,103.23,60.5
2,68.28,102.27,60.5
2,69.09,101.31,60.5
2,70.85,101.15,60.5
3,72.61,101,60.5
3,74.38,100.84,60.5
2,67.52,108.57,59.22
2,67.62,108.35,60.25
4,67.67,105.03,60.7
4,67.9,106.85,60.71
4,68.46,104.06,60.7
3,69.25,103.09,60.7
3,70.05,102.12,60.7
3,71.82,101.97,60.7
4,73.59,101.82,60.7
4,75.38,101.66,60.7
2,71.49,98.43,56.58
2,72.45,99.24,57.83
2,74.21,99.08,57.83
2,73.41,100.04,59.08
2,75.17,99.89,59.08
3,75.17,99.89,60.04
3,76.15,100.69,60.5
2,77.21,101.51,60.7
2,72.61,101,60.04
3,74.37,100.84,60.04
2,67.37,108.46,59.14
2,67.19,107.51,59.08
3,67.48,108.22,60.13
3,67.63,104.98,60.04
3,67.91,107.94,60.11
4,67.78,106.75,60.06
4,67.65,105,60.5
4,67.83,106.77,60.52
2,67.98,108.03,60.57
2,68.43,104.02,60.04
3,68.44,104.04,60.5
2,69.24,103.08,60.5
2,70.04,102.11,60.5
2,71.81,101.96,60.5
3,73.57,101.81,60.5
4,75.34,101.65,60.5
2,67.64,108.35,59.22
4,68.65,105.87,60.7
3,68.89,107.68,60.71
4,69.43,104.89,60.7
3,70.22,103.91,60.7
3,71.01,102.94,60.7
3,72.78,102.79,60.7
4,74.56,102.63,60.7
3,76.37,102.48,60.7
2,71.49,98.43,55.33
2,70.69,99.39,56.58
2,72.45,99.24,56.58
2,74.21,99.08,56.58
2,71.65,100.19,57.83
2,73.41,100.04,57.83
2,75.17,99.89,57.83
2,72.61,101,59.08
2,74.37,100.84,59.08
3,76.13,100.69,59.08
3,76.13,100.69,60.04
2,77.13,101.5,60.5
2,71.8,101.95,60.04
3,73.56,101.8,60.04
3,75.32,101.65,60.04
2,67.19,107.51,57.83
2,67.51,108.21,59.13
2,67.93,107.93,59.08
2,67.78,106.74,59.08
2,68.02,108.19,60.18
3,68.59,105.78,60.04
3,68.73,107.49,60.06
4,68.61,105.82,60.5
3,68.81,107.55,60.53
2,69.39,104.83,60.04
3,69.41,104.85,60.5
2,70.19,103.87,60.04
2,70.2,103.89,60.5
2,71,102.92,60.5
3,72.77,102.77,60.5
4,74.54,102.62,60.5
3,76.31,102.46,60.5
4,69.63,106.75,60.7
4,70.4,105.74,60.7
4,71.18,104.74,60.7
3,71.98,103.76,60.7
4,73.76,103.61,60.7
4,75.55,103.45,60.7
2,71,102.91,60.04
2,70.69,99.39,55.33
2,72.45,99.24,55.33
2,71.65,100.19,56.58
2,73.41,100.04,56.58
2,75.17,99.89,56.58
2,70.84,101.15,57.83
3,72.61,101,57.83
3,74.37,100.84,57.83
2,76.13,100.69,57.83
2,73.56,101.8,59.08
3,75.32,101.65,59.08
2,77.08,101.49,59.08
2,77.08,101.49,60.04
2,72.76,102.76,60.04
3,74.52,102.6,60.04
3,76.28,102.45,60.04
2,67.78,106.74,57.83
2,68.05,108.18,59.14
2,68.59,105.78,59.08
3,68.74,107.48,59.08
2,69.39,104.83,59.08
2,68.84,108.16,60.15
4,69.55,106.59,60.04
2,69.68,107.84,60.06
4,69.58,106.65,60.5
3,70.35,105.63,60.04
4,70.37,105.67,60.5
3,71.15,104.67,60.04
3,71.16,104.7,60.5
3,71.96,103.73,60.5
3,73.73,103.58,60.5
4,75.5,103.42,60.5
2,77.3,103.27,60.5
2,70.61,107.61,60.7
4,71.38,106.6,60.7
4,72.15,105.58,60.7
4,72.95,104.59,60.7
4,74.73,104.44,60.7
3,76.57,104.29,60.7
2,71.96,103.72,60.04
2,70.84,101.15,56.58
2,72.61,101,56.58
2,74.37,100.84,56.58
2,76.13,100.69,56.58
2,71.8,101.95,57.83
3,73.56,101.8,57.83
3,75.32,101.65,57.83
2,77.08,101.49,57.83
2,72.76,102.76,59.08
3,74.52,102.6,59.08
3,76.28,102.45,59.08
3,73.72,103.56,60.04
3,75.48,103.41,60.04
2,77.24,103.25,60.04
2,68.59,105.78,57.83
2,68.74,107.48,57.83
2,69.39,104.83,57.83
2,70.19,103.87,57.83
2,68.84,108.14,59.14
3,69.55,106.59,59.08
2,69.69,107.83,59.08
3,70.35,105.63,59.08
2,71.15,104.67,59.08
3,70.5,107.36,60.04
3,70.54,107.45,60.5
4,71.31,106.43,60.04
4,71.33,106.5,60.5
3,72.11,105.48,60.04
4,72.13,105.52,60.5
4,72.93,104.54,60.5
4,74.7,104.39,60.5
3,76.48,104.24,60.5
3,73.13,106.44,60.7
4,73.93,105.43,60.7
3,75.74,105.29,60.7
2,71,102.91,57.83
2,71.96,103.72,59.08
3,72.91,104.52,60.04
2,71.8,101.95,56.58
2,73.56,101.8,56.58
2,75.32,101.65,56.58
3,72.76,102.76,57.83
3,74.52,102.6,57.83
2,76.28,102.45,57.83
3,73.72,103.56,59.08
3,75.48,103.41,59.08
2,77.24,103.25,59.08
3,74.67,104.36,60.04
3,76.44,104.21,60.04
2,69.55,106.59,57.83
2,70.35,105.63,57.83
2,71.15,104.67,57.83
2,70.5,107.36,59.08
3,71.31,106.43,59.08
3,72.11,105.48,59.08
2,72.27,107.2,60.04
2,72.3,107.29,60.5
3,73.07,106.28,60.04
3,73.09,106.34,60.5
4,73.89,105.36,60.5
3,75.67,105.21,60.5
2,74.92,106.29,60.7
2,71.96,103.72,57.83
3,72.91,104.52,59.08
3,73.87,105.32,60.04
2,72.76,102.76,56.58
2,74.52,102.6,56.58
3,73.72,103.56,57.83
2,75.48,103.41,57.83
2,77.24,103.25,57.83
3,74.67,104.36,59.08
2,76.44,104.21,59.08
3,75.63,105.17,60.04
2,77.39,105.01,60.04
2,71.31,106.43,57.83
2,72.11,105.48,57.83
2,72.26,107.2,59.08
3,73.07,106.28,59.08
2,74.86,106.19,60.5
2,72.91,104.52,57.83
3,73.87,105.32,59.08
2,74.83,106.13,60.04
2,74.67,104.36,57.83
2,75.63,105.17,59.08
2,74.83,106.13,59.08
2,63.72,109.29,42.58
2,63.88,109.31,42.5
2,63.56,109.24,42.69
4,63.69,109.27,42.25
4,63.7,108.95,42.24
2,64.01,109.1,42.12
3,63.87,109.3,42.11
3,63.56,109.21,42.37
4,63.56,108.84,42.36
4,63.64,109.28,42.2
5,63.66,108.95,42.2
3,63.55,109.54,42.2
3,63.88,109.11,41.94
3,63.76,109.31,41.99
2,63.59,109.55,42.01
2,63.89,109.13,41.71
2,63.79,109.31,41.74
3,63.54,109.21,42.33
5,63.55,108.83,42.33
2,63.49,109.52,42.33
5,63.65,108.91,42.04
5,63.37,109.32,42.2
5,63.53,109.07,42.2
2,63.7,108.76,41.42
5,63.65,108.91,41.75
2,63.7,108.76,41.07
4,63.35,109.35,42.01
5,63.55,109.13,42.01
4,63.56,109.13,41.74
2,63.75,109.03,41.43
3,63.35,109.35,41.74
5,63.54,108.78,42.15
3,63.4,109.26,42.33
4,63.48,108.97,42.33
6,63.54,108.78,41.81
5,63.27,109.06,42.2
5,63.53,108.91,42.07
5,63.53,108.91,41.77
4,63.65,108.91,41.43
3,63.65,108.91,41.09
2,63.56,108.61,41.01
5,63.23,109.12,41.85
3,63.56,109.13,41.43
4,63.36,108.95,42.33
6,63.48,108.78,42.18
6,63.48,108.78,41.84
5,63.54,108.78,41.44
6,63.32,108.91,41.9
5,63.53,108.91,41.43
4,63.53,108.91,41.09
5,63.54,108.78,41.04
2,63.56,108.62,40.62
3,63.17,109.14,41.27
6,63.38,108.78,41.98
6,63.48,108.78,41.44
5,63.32,108.91,41.26
2,63.53,108.91,40.74
6,63.48,108.78,41.04
4,63.54,108.78,40.64
3,63.32,108.91,40.74
6,63.38,108.78,41.24
5,63.48,108.78,40.64
5,63.38,108.78,40.64
2,48.81,97.76,61.06
709,47.43,82.09,51.26
94,48.21,81.66,51.93
291,47.41,81.66,51.37
2,49.29,98.16,61.06
2,49.21,97.28,61.06
2,48.81,97.76,61.26
2,48.29,96.91,61.06
67,48.77,81.66,51.93
44,49.17,81.66,51.92
363,47.43,82.1,51.9
269,48.22,81.86,51.91
518,47.41,81.86,51.31
427,46.55,82.11,51.27
17,48.22,81.66,52.53
85,47.41,81.66,51.95
205,46.52,81.66,51.39
6,51.57,81.66,53.18
7,52.1,82.15,53.15
2,49.78,98.56,64.3
2,49.78,98.56,61.06
2,49.29,98.16,61.26
2,49.21,97.28,61.26
2,49.7,97.68,61.06
2,48.81,97.76,61.48
2,48.29,96.91,61.26
2,48.66,95.99,61.06
235,48.77,81.86,51.91
14,48.77,81.66,52.53
1025,48.38,82.71,51.9
12,49.17,81.66,52.53
160,49.18,81.86,51.91
624,47.9,82.35,51.9
425,48.26,82.08,51.9
5,48.22,81.66,53.15
107,47.43,82.1,52.52
60,48.22,81.86,52.53
225,47.41,81.86,51.91
335,46.53,81.85,51.32
339,46.14,82.44,51.27
193,46.55,82.13,51.9
16,47.41,81.66,52.54
136,45.66,81.66,51.41
57,46.51,81.66,51.97
9,49.63,81.66,52.56
5,51.45,81.86,53.16
5,50.59,81.66,53.2
4,51.56,81.66,53.78
5,50.05,81.66,53.18
643,49.74,83.03,52.52
8,51.9,82.27,53.15
12,52.1,82.82,53.15
4,52.1,82.15,53.77
2,50.28,98.96,64.3
2,50.28,98.96,61.06
2,50.19,98.08,64.3
2,49.77,98.56,61.26
2,50.19,98.08,61.06
2,49.29,98.16,61.48
2,49.21,97.28,61.48
2,49.69,97.68,61.26
2,50.11,97.2,61.06
2,52.1,100.23,61.23
2,52.04,99.71,64.3
2,52.1,100.23,63.19
2,52.1,99.71,63.92
2,48.66,95.99,61.26
2,48.14,95.15,61.06
31,42.85,82.79,40.38
19,43.25,82.75,40.55
231,45.09,81.65,50.82
567,48.78,82.26,51.9
52,48.78,81.86,52.52
5,48.77,81.66,53.15
200,47.1,83.27,52.52
236,47.5,82.79,52.52
463,48.38,82.71,52.52
834,48.86,83.11,52.52
5,49.18,81.66,53.15
40,49.18,81.86,52.53
290,49.2,82.05,51.9
212,47.9,82.35,52.52
123,48.26,82.08,52.52
126,47.02,82.4,52.52
3,48.22,81.66,53.77
29,47.43,82.1,53.15
12,48.22,81.86,53.15
6,47.41,81.66,53.16
51,47.41,81.86,52.53
205,45.7,81.84,51.33
134,46.53,81.86,51.92
74,46.55,82.13,52.52
157,46.62,82.86,52.52
247,45.65,82.14,51.27
188,46.14,82.45,51.9
34,43.25,79.18,40.55
111,45.09,81.66,51.39
15,46.52,81.66,52.56
49,45.62,81.66,51.99
55,45.1,81.66,51.89
25,49.66,81.87,52.53
5,49.65,81.66,53.17
129,50.14,82.56,52.52
401,49.26,82.63,52.52
1137,49.34,83.51,52.52
5,50.59,81.86,53.17
4,51.45,81.86,53.78
4,50.61,81.66,53.79
3,51.56,81.66,54.4
6,50.07,81.86,53.16
4,50.08,81.66,53.78
128,49.74,83.03,53.15
14,51.9,82.85,53.15
4,51.9,82.27,53.77
3,52.1,82.13,54.39
6,52.1,82.81,53.77
2,50.8,99.36,61.06
2,50.26,98.96,64.1
2,50.7,98.48,64.3
2,50.26,98.96,61.26
2,50.69,98.48,61.06
2,50.62,97.6,64.3
2,49.77,98.56,61.48
2,50.18,98.08,61.26
2,50.61,97.6,61.06
2,49.69,97.68,61.48
2,52.1,100.23,61.79
2,52.1,99.71,61.24
2,51.91,100.22,61.38
2,51.69,100.16,61.26
2,51.37,99.76,61.06
2,51.8,99.29,64.3
2,51.85,99.71,64.1
2,51.9,100.23,63.16
2,51.9,99.71,63.8
2,52.1,100.23,62.52
2,52.1,99.73,63.2
2,52.1,99.31,63.93
2,52.01,93.94,64.3
2,48.65,95.99,61.48
2,48.14,95.15,61.26
19,43.25,82.23,40.53
31,43.05,82.25,40.36
20,43.25,81.41,40.52
23,43.25,80.55,40.51
26,43.25,79.73,40.52
52,43.09,79.19,40.37
63,42.93,79.64,40.38
43,42.6,82.36,40.36
34,42.57,82.73,40.7
19,43.05,82.75,40.68
6,43.25,82.75,41.19
285,45.15,81.8,50.71
326,45.2,81.96,50.62
204,44.65,81.65,50.84
189,48.78,82.26,52.52
11,48.78,81.86,53.15
3,48.78,81.66,53.77
114,47.1,83.27,53.15
90,47.5,82.79,53.15
106,48.38,82.71,53.15
387,47.98,83.19,52.52
198,48.86,83.11,53.15
586,48.46,83.59,52.52
3,49.18,81.66,53.77
90,49.2,82.05,52.52
9,49.18,81.86,53.15
51,47.9,82.35,53.15
3,48.22,81.66,54.4
25,48.26,82.08,53.15
50,47.02,82.4,53.15
3,47.41,81.66,54.4
9,47.43,82.1,53.77
4,48.22,81.86,53.77
4,47.41,81.66,53.78
12,47.41,81.86,53.15
30,46.55,82.13,53.15
91,46.62,82.86,53.15
133,46.7,83.74,53.15
6,46.52,81.66,53.17
478,42.49,77.48,40.4
49,43.05,79.18,40.68
114,42.87,78.77,40.39
578,42.73,77.03,40.39
404,42.79,77.89,40.4
154,45.16,81.84,51.31
38,46.53,81.86,52.54
92,45.66,81.86,51.94
102,46.14,82.45,52.52
192,46.22,83.34,52.52
196,45.2,82,51.23
89,45.17,81.86,51.83
137,45.66,82.16,51.89
11,43.25,79.18,41.18
84,43.25,78.78,40.56
468,43.26,77.87,40.47
131,44.64,81.66,51.43
19,45.6,81.66,52.58
77,44.67,81.66,52.01
83,49.66,82.21,52.52
7,49.66,81.86,53.15
3,49.67,81.66,53.78
27,50.14,82.56,53.15
72,49.26,82.63,53.15
285,49.34,83.51,53.15
4,51.41,82.14,53.77
9,50.53,82.17,53.15
3,50.6,81.86,53.78
3,51.45,81.86,54.4
3,50.62,81.66,54.4
3,51.57,81.66,55.02
9,50.09,82.03,53.15
3,50.08,81.86,53.77
3,50.09,81.66,54.4
24,49.74,83.03,53.77
5,51.67,82.38,53.77
2,51.9,82.26,54.39
7,51.9,82.85,53.77
2,52.1,82.12,55.02
3,52.1,82.79,54.4
8,52.1,83.25,53.78
2,51.27,98.88,64.3
2,50.75,99.36,61.26
2,51.25,98.88,61.06
2,50.25,98.96,63.72
2,50.67,98.48,64.1
2,51.16,98,64.3
2,50.25,98.96,61.48
2,50.66,98.48,61.26
2,51.14,98,61.06
2,51.08,97.12,64.3
2,49.77,98.56,61.9
2,50.17,98.08,61.48
2,50.59,97.6,61.26
2,51.9,100.23,61.86
2,52.11,99.65,61.83
2,52.11,99.43,61.29
2,51.91,99.71,61.39
2,51.59,100.16,61.48
2,51.91,99.61,61.28
2,52.11,99.27,61.15
2,51.85,99.71,61.26
2,51.27,99.76,61.26
2,51.79,99.28,61.06
2,51.59,100.15,63.15
2,52,98.82,64.3
2,51.64,99.29,64.1
2,51.73,99.71,63.72
2,51.9,100.23,62.52
2,51.9,99.71,63.17
2,51.9,99.3,63.8
2,52.1,98.95,63.92
2,52.1,99.66,62.49
2,52.1,99.37,63.24
2,52.1,98.74,63.95
659,42.41,76.6,40.37
299,42.51,77.9,40.73
250,42.58,78.36,40.39
7,43.25,82.23,41.17
21,43.05,82.23,40.68
33,42.8,82.27,40.62
43,42.81,81.89,40.36
40,43.03,81.41,40.36
50,42.97,80.54,40.37
7,43.25,81.41,41.15
26,43.05,81.41,40.68
8,43.25,80.53,41.14
32,43.05,80.55,40.67
8,43.25,79.73,41.16
38,43.05,79.74,40.67
64,42.87,79.19,40.79
70,42.77,80.12,40.37
71,42.64,79.67,40.68
127,42.59,78.79,40.72
82,42.68,79.24,40.39
3,43.25,80.53,41.86
2,43.25,81.41,41.86
2,43.25,82.23,41.86
45,42.39,82.36,40.73
27,42.67,82.77,40.84
8,43.05,82.75,41.24
2,47.41,81.66,55.02
74,46.83,85.39,53.15
251,44.73,81.8,50.73
323,44.78,82.17,50.64
317,44.08,81.65,50.82
3,43.68,81.66,58.93
3,43.68,81.66,58.61
35,48.78,82.26,53.15
4,48.78,81.86,53.77
3,48.78,81.66,54.4
64,47.1,83.27,53.77
105,47.58,83.67,53.15
76,48.06,84.07,53.15
40,47.5,82.79,53.77
27,48.38,82.71,53.77
135,47.98,83.19,53.15
46,48.86,83.11,53.77
169,48.46,83.59,53.15
70,47.25,85.06,53.15
119,46.77,84.62,53.15
93,47.17,84.15,53.15
59,47.65,84.55,53.15
3,45.03,85.88,56.9
3,49.19,81.66,54.4
17,49.2,82.05,53.15
4,49.18,81.86,53.77
15,47.9,82.35,53.77
2,48.22,81.66,55.02
3,48.22,81.86,54.4
7,48.26,82.08,53.77
23,47.02,82.4,53.77
2,47.42,81.66,55.65
5,47.43,82.1,54.4
3,43.68,81.66,59.55
3,43.68,81.66,59.24
2,44.09,81.66,58.61
2,44.08,81.66,58.93
3,47.41,81.86,54.4
7,46.55,82.13,54.4
25,46.62,82.86,54.4
3,46.52,81.66,54.4
5,47.41,81.86,53.77
14,46.55,82.13,53.77
51,46.62,82.86,53.77
89,46.7,83.74,53.77
4,46.52,81.66,53.78
13,46.53,81.86,53.15
58,46.14,82.45,53.15
137,46.22,83.34,53.15
108,46.37,85.11,53.15
166,46.29,84.22,53.15
9,45.6,81.66,53.18
465,42.17,77.5,40.38
314,42.33,77.48,40.77
447,42.5,76.97,40.7
307,42.68,77.89,40.83
29,43.05,79.18,41.24
84,43.06,78.78,40.68
312,43.05,78.29,40.37
201,42.87,78.26,40.79
715,42.65,76.13,40.36
852,43.16,76.07,40.33
739,43.01,76.52,40.35
558,43.02,77.4,40.38
437,43.08,77.87,40.6
465,42.86,77.41,40.78
161,44.73,81.84,51.34
39,45.63,81.86,52.54
74,45.67,82.16,52.52
239,45.82,83.82,52.52
160,45.74,82.94,52.52
233,44.78,82.19,51.27
180,45.26,82.52,51.9
102,44.77,81.86,51.95
127,45.21,82.01,51.74
4,43.25,79.72,41.86
4,43.25,79.18,41.87
22,43.25,78.78,41.21
264,43.25,78.24,40.58
896,43.27,76.07,40.57
777,43.26,76.6,40.55
574,43.26,77.41,40.57
220,44.09,81.66,51.41
37,44.71,81.66,52.59
133,44.07,81.66,52.01
331,42.69,72.13,40.41
60,43.27,71.63,40.58
17,49.66,82.21,53.15
4,49.67,81.86,53.77
3,49.68,81.66,54.4
8,50.14,82.56,53.77
15,49.26,82.63,53.77
59,49.34,83.51,53.77
6,51.02,82.46,53.77
2,51.41,82.14,54.4
4,50.53,82.17,53.77
2,50.61,81.86,54.4
2,51.45,81.86,55.02
2,50.64,81.66,55.02
2,51.59,81.66,55.64
4,50.09,82.03,53.77
2,50.08,81.86,54.4
2,50.1,81.66,55.02
28,50.22,83.44,53.77
7,49.74,83.03,54.4
53,49.82,83.91,53.77
6,48.12,85.88,55.35
6,49.1,85.88,55.14
8,51.48,82.88,53.77
3,51.67,82.38,54.4
12,50.62,82.96,53.77
2,51.9,82.26,55.02
3,51.9,82.84,54.4
9,51.9,83.27,53.77
4,52.1,83.24,54.4
2,52.1,82.77,55.02
2,51.72,98.41,64.3
2,52.1,98.42,63.94
2,51.18,98.88,64.1
2,50.72,99.36,61.48
2,51.18,98.88,61.26
2,51.7,98.4,61.06
2,51.96,97.93,64.3
2,52.1,97.89,63.91
2,52.1,98.41,61.21
2,51.65,97.52,64.3
2,52.1,97.5,64.04
2,50.65,98.48,63.72
2,51.09,98,64.1
2,50.25,98.96,61.9
2,50.65,98.48,61.48
2,52.11,97.5,61.17
2,51.08,98,61.26
2,51.64,97.52,61.06
2,51.94,97.03,64.3
2,52.1,97.03,63.91
2,51.56,96.64,64.3
2,51.9,96.18,64.3
2,51.86,95.28,64.3
2,52.05,94.83,64.3
2,52.1,94.4,63.93
2,52.1,96.16,63.93
2,52.1,95.33,63.94
2,51.59,100.15,61.9
2,52.11,99.35,61.62
2,51.92,99.63,61.89
2,51.94,99.41,61.42
2,51.74,99.7,61.48
2,51.2,99.76,61.48
2,52.11,98.97,61.24
2,51.92,99.27,61.32
2,52,98.82,61.06
2,51.64,99.29,61.26
2,51.59,100.15,62.52
2,51.2,99.76,63.15
2,51.73,99.71,63.14
2,51.82,98.82,64.11
2,51.54,99.29,63.72
2,52.11,98.72,61.23
2,51.9,98.94,63.79
2,51.92,99.63,62.49
2,51.91,99.34,63.19
2,52.11,98.99,63.25
2,52.11,99.38,62.66
2,51.9,98.73,63.81
2,52.11,98.69,63.28
2,51.98,93.05,64.3
618,42.09,76.62,40.38
551,42.29,76.6,40.74
3,43.96,85.88,58.77
202,42.46,78.35,40.91
214,42.41,78.36,40.76
229,42.26,78.38,40.38
535,41.77,77.09,40.41
364,41.85,77.97,40.41
10,43.05,82.24,41.23
28,42.82,82.26,40.8
45,42.55,81.89,40.68
60,42.52,81.48,40.36
44,42.76,81.42,40.63
58,42.69,80.55,40.65
59,42.73,81.01,40.36
13,43.05,81.41,41.22
37,42.8,81.42,40.81
17,43.05,80.53,41.22
51,42.79,80.54,40.8
56,42.87,79.19,41.27
23,43.05,79.73,41.23
64,42.76,79.65,40.81
117,42.73,78.77,40.83
83,42.46,80.14,40.37
67,42.55,80.12,40.69
97,42.38,79.26,40.37
100,42.48,79.23,40.74
32,42.87,79.19,41.9
8,43.05,80.53,41.88
5,43.05,81.41,41.88
3,43.05,82.24,41.88
42,42.37,82.35,40.93
18,42.61,82.77,41.27
2,46.53,81.66,55.65
2,45.61,81.66,56.27
2,47.42,81.86,55.02
2,46.52,81.66,55.02
43,46.83,85.39,53.77
4,45.02,85.88,56.27
315,44.2,81.8,50.7
333,44.29,81.99,50.62
363,43.63,81.65,50.87
2,44.09,81.66,57.99
2,44.09,81.66,58.3
3,43.68,81.66,58.3
2,44.08,81.66,57.53
3,44.45,85.88,58.15
2,44.72,81.66,56.9
2,43.86,81.86,58.93
2,43.93,82.07,58.93
3,43.53,81.76,58.93
2,43.86,81.86,58.61
3,43.53,81.76,58.61
2,43.93,82.07,59.24
3,43.53,81.76,59.24
2,43.93,82.07,59.55
3,43.53,81.76,59.55
116,42.99,71.66,40.37
129,42.39,71.72,40.41
49,43.26,70.79,40.58
18,43.25,70.77,41.25
8,48.78,82.26,53.77
3,48.78,81.86,54.4
2,48.78,81.66,55.02
32,47.1,83.27,54.4
56,47.58,83.67,53.77
39,48.06,84.07,53.77
17,47.5,82.79,54.4
9,48.38,82.71,54.4
56,47.98,83.19,53.77
14,48.86,83.11,54.4
58,48.46,83.59,53.77
44,47.25,85.06,53.77
77,46.77,84.62,53.77
52,46.7,83.74,54.4
59,47.17,84.15,53.77
38,47.65,84.55,53.77
3,45.1,85.68,56.9
3,45.03,85.88,57.52
4,46.36,85.88,56.58
3,44.45,85.88,58.77
3,45.03,85.88,58.15
2,49.19,81.66,55.02
5,49.2,82.05,53.77
2,49.19,81.86,54.4
6,47.9,82.35,54.4
2,48.22,81.66,55.65
2,48.22,81.86,55.02
3,48.26,82.08,54.4
12,46.62,82.86,55.02
11,47.02,82.4,54.4
2,47.42,81.86,55.64
3,47.43,82.1,55.02
3,43.68,81.66,59.86
3,43.68,81.66,60.25
3,43.68,81.66,60.1
2,43.86,81.86,59.55
2,43.86,81.86,59.24
2,44.08,81.66,59.55
2,44.08,81.66,59.24
4,46.55,82.13,55.02
4,46.53,81.86,54.4
15,46.14,82.45,54.4
47,46.22,83.34,54.4
62,46.29,84.22,54.4
3,45.61,81.66,54.41
6,46.53,81.86,53.77
32,46.14,82.45,53.77
88,46.22,83.34,53.77
64,46.37,85.11,53.77
112,46.29,84.22,53.77
5,45.6,81.66,53.79
18,45.64,81.86,53.16
41,45.67,82.16,53.15
109,45.74,82.94,53.15
159,45.89,84.7,53.15
180,45.82,83.82,53.15
16,44.72,81.66,53.19
281,42.45,72.14,40.72
105,42.88,71.67,40.76
595,42.33,75.72,40.37
644,42.46,76.13,40.69
603,42.72,75.66,40.61
682,42.77,76.54,40.6
718,43,76.08,40.76
1147,43.28,76.48,41.23
310,42.06,77.5,40.84
317,42.39,77.47,40.92
445,42.63,77.01,40.84
438,42.57,75.25,40.37
12,43.05,79.72,41.88
186,42.61,77.89,41.28
16,43.05,79.18,41.89
44,43.05,78.78,41.25
230,43.07,78.24,40.69
109,42.85,78.27,41.25
649,42.96,75.65,40.35
804,43.13,76.08,40.67
743,43.11,76.59,40.66
538,43.08,77.4,40.68
262,42.85,77.41,41.27
225,44.22,81.84,51.32
249,44.31,82.02,51.25
57,44.8,81.86,52.55
220,45.34,83.42,52.52
121,45.26,82.5,52.52
149,44.22,81.86,51.94
174,44.32,82.04,51.89
165,44.78,82.2,51.89
285,43.27,75.16,40.58
94,43.25,77.89,41.34
4,43.25,78.77,41.88
57,43.25,78.25,41.21
706,43.27,75.65,40.57
944,43.28,76.01,41.16
724,43.27,76.8,41.09
308,43.26,77.46,41.19
243,43.67,81.66,51.44
60,44.07,81.66,52.6
137,43.68,81.66,52.02
342,43.02,72.53,40.36
423,42.44,72.6,40.41
331,43.27,72.51,40.57
96,43.12,71.64,40.67
31,43.26,71.58,41.22
5,49.66,82.21,53.77
2,49.67,81.86,54.4
2,49.68,81.66,55.02
4,50.14,82.56,54.4
5,49.26,82.63,54.4
15,49.34,83.51,54.4
51,48.94,83.99,53.77
29,48.53,84.47,53.77
47,49.41,84.39,53.77
24,49.01,84.87,53.77
19,48.18,85.19,54.09
3,51.02,82.46,54.4
2,51.41,82.14,55.02
3,50.53,82.17,54.4
2,50.61,81.86,55.02
2,51.46,81.86,55.64
2,50.67,81.66,55.65
2,51.6,81.66,56.27
3,50.09,82.03,54.4
2,50.09,81.86,55.02
2,50.12,81.66,55.64
8,50.22,83.44,54.4
4,49.74,83.03,55.02
13,49.82,83.91,54.4
6,48.12,85.68,55.35
4,48.16,85.88,56.58
7,49.09,85.68,55.13
5,49.88,85.88,55.37
9,51.7,83.29,53.77
4,51.48,82.88,54.4
2,51.67,82.38,55.02
5,50.62,82.96,54.4
4,51.9,83.26,54.4
2,51.9,82.83,55.02
2,52.1,83.22,55.02
2,51.58,98.41,64.1
2,52.1,98.45,63.39
2,51.9,98.41,63.8
2,51.13,98.88,63.72
2,50.72,99.36,63.15
2,50.72,99.36,61.9
2,51.13,98.88,61.48
2,51.58,98.4,61.25
2,51.95,97.94,61.06
2,51.79,97.93,64.11
2,51.9,97.88,63.78
2,52.11,97.93,63.27
2,51.91,98.4,61.37
2,52.11,98.44,61.55
2,52.11,97.9,61.23
2,51.9,97.5,63.89
2,51.52,97.52,64.1
2,51.05,98,63.72
2,50.65,98.48,61.9
2,51.05,98,61.48
2,51.93,97.5,61.33
2,52.11,97.02,61.22
2,51.93,97.03,61.06
2,51.76,97.03,64.1
2,51.91,97.03,63.79
2,52.11,97.04,63.28
2,51.74,96.18,64.1
2,52.1,94.81,63.91
2,51.91,96.16,63.81
2,52.11,96.18,63.3
2,52.11,95.27,63.3
2,51.76,99.65,61.94
2,51.2,99.76,61.9
2,52.12,99.05,61.75
2,51.95,99.33,61.71
2,51.95,98.96,61.38
2,51.82,98.82,61.25
2,51.56,99.29,61.48
2,51.76,99.65,62.47
2,51.2,99.76,62.52
2,51.71,98.82,63.72
2,51.56,99.28,63.14
2,52.12,98.87,62.94
2,51.93,98.71,61.38
2,52.12,98.68,61.67
2,51.94,98.93,63.17
2,51.95,99.33,62.64
2,52.12,99.03,62.48
2,51.94,98.64,63.19
2,52.12,98.64,62.92
596,41.69,76.21,40.41
472,41.99,76.62,40.83
507,42.31,76.59,40.93
3,45.02,85.88,60.02
3,44.45,85.88,59.4
3,44.12,85.68,58.77
3,43.59,85.88,58.77
3,43.97,85.88,59.39
165,42.26,78.37,41.3
207,42.14,78.38,40.84
385,41.69,77.09,40.95
259,41.77,77.97,40.96
169,41.97,78.84,40.4
571,41.39,76.68,40.43
449,41.48,77.55,40.44
274,41.58,78.43,40.44
16,42.81,82.27,41.27
39,42.61,81.89,40.86
74,42.21,81.5,40.38
60,42.33,81.48,40.75
89,42.21,80.61,40.38
61,42.48,81.01,40.7
24,42.79,81.42,41.27
52,42.59,81.04,40.86
38,42.75,80.54,41.25
65,42.63,80.11,40.84
63,42.71,79.64,41.26
100,42.68,78.77,41.27
101,42.53,79.23,40.89
101,42.1,79.73,40.39
86,42.29,80.14,40.76
124,42.23,79.26,40.79
160,41.33,79.8,40.45
54,42.67,78.77,41.9
4,42.87,79.19,42.52
30,42.72,79.64,41.9
15,42.76,80.54,41.9
8,42.79,81.42,41.9
5,42.81,82.27,41.89
103,41.53,81.56,40.44
37,42.16,82.37,41.31
6,43.25,82.22,43.76
23,43.25,82.21,44.37
2,44.07,81.66,56.9
9,46.22,83.34,55.65
4,46.14,82.45,55.65
2,46.54,81.86,55.65
2,45.61,81.66,55.65
2,45.67,82.16,56.27
3,45.74,82.94,56.27
2,45.64,81.86,56.27
2,44.72,81.66,56.27
3,46.53,81.86,55.02
3,45.61,81.66,55.03
7,46.14,82.45,55.02
21,46.22,83.34,55.02
21,46.83,85.39,54.4
31,46.37,85.11,54.4
4,45.1,85.68,56.27
366,43.78,81.8,50.75
384,43.97,82.24,50.64
352,43.51,81.95,50.76
2,44.23,81.86,57.99
3,43.68,81.66,57.99
2,44.23,81.86,58.3
2,43.93,82.07,58.61
2,43.86,81.86,58.3
3,43.53,81.76,58.3
2,44.23,81.86,57.53
3,43.68,81.66,57.52
3,43.53,81.76,57.99
3,44.56,85.68,58.15
2,45.41,84.3,56.9
2,44.81,81.86,56.9
2,45.34,83.42,56.9
3,45.11,85.45,56.9
2,43.93,82.07,59.86
3,43.53,81.76,59.86
2,43.98,82.02,60.25
2,43.98,82.02,60.1
2,43.9,82.1,60.1
2,43.9,82.1,60.25
3,43.53,81.76,60.1
3,43.53,81.76,60.25
3,43.53,81.76,60.41
3,43.53,81.76,60.57
3,43.53,81.76,60.72
3,43.53,81.76,60.84
3,43.53,81.76,60.92
2,43.82,82.28,58.93
2,43.72,81.95,58.93
3,43.52,82.03,58.93
2,43.72,81.95,58.61
3,43.52,82.03,58.61
2,43.82,82.28,59.24
2,43.72,81.95,59.24
3,43.52,82.03,59.24
2,43.82,82.28,59.55
2,43.72,81.95,59.55
3,43.52,82.03,59.55
2,44.2,85.47,58.77
17,43.48,69.48,41.77
73,42.72,70.79,40.63
77,42.68,71.27,40.39
66,42.97,70.78,40.36
110,42.75,70.36,40.36
7,43.25,70.77,41.9
68,42.83,70.78,40.77
80,42.63,71.29,40.84
169,42.26,71.71,40.78
138,42.07,71.74,40.39
59,43.09,70.79,40.68
30,43.07,70.76,41.27
111,43.26,70,40.56
25,43.25,70.03,41.22
4,48.78,82.26,54.4
2,48.78,81.86,55.02
2,48.79,81.66,55.65
16,47.1,83.27,55.02
28,47.58,83.67,54.4
22,48.06,84.07,54.4
9,47.5,82.79,55.02
5,48.38,82.71,55.02
24,47.98,83.19,54.4
6,48.86,83.11,55.02
23,48.46,83.59,54.4
9,47.1,83.27,55.65
26,46.29,84.22,55.02
24,47.25,85.06,54.4
40,46.77,84.62,54.4
24,46.7,83.74,55.02
34,47.17,84.15,54.4
23,47.65,84.55,54.4
4,45.82,83.82,56.27
10,46.29,84.22,55.65
10,46.7,83.74,55.65
3,45.89,84.7,56.27
3,45.11,85.45,57.52
3,45.49,85.16,56.9
2,45.89,84.7,56.9
3,45.1,85.68,57.52
3,46.38,85.68,56.58
3,46.36,85.88,57.83
3,45.03,85.88,59.39
3,44.56,85.68,58.77
3,45.1,85.68,58.15
3,45.04,85.88,58.77
3,45.11,85.45,58.15
2,49.2,81.66,55.65
3,49.2,82.05,54.4
2,49.19,81.86,55.02
4,47.9,82.35,55.02
2,45.91,85.88,60.02
2,45.01,85.88,60.61
2,48.22,81.86,55.65
2,48.26,82.08,55.02
2,45.41,84.3,57.52
3,45.82,83.82,56.9
4,46.22,83.34,56.27
6,46.62,82.86,55.65
6,47.02,82.4,55.02
6,47.5,82.79,55.65
2,47.43,82.1,55.64
3,43.68,81.66,60.92
3,43.68,81.66,60.57
3,43.68,81.66,60.41
3,43.68,81.66,60.84
3,43.68,81.66,60.72
2,43.86,81.86,59.86
2,43.86,81.86,60.25
2,43.86,81.86,60.1
2,44.08,81.66,59.86
2,44.08,81.66,60.18
2,46.54,81.86,56.27
3,46.56,82.13,55.65
2,46.14,82.45,56.27
2,45.34,83.42,57.52
2,45.74,82.94,56.9
2,45.67,82.16,56.9
2,43.9,82.1,60.57
2,43.9,82.1,60.41
2,43.98,82.02,60.41
2,43.98,82.02,60.57
2,43.9,82.1,60.72
2,43.9,82.1,60.88
2,43.98,82.02,60.72
2,43.98,82.02,60.88
5,45.64,81.86,54.4
10,45.67,82.16,54.4
32,45.74,82.94,54.4
47,45.89,84.7,54.4
64,45.82,83.82,54.4
4,44.73,81.66,54.41
9,45.64,81.86,53.78
21,45.67,82.16,53.77
65,45.74,82.94,53.77
96,45.89,84.7,53.77
118,45.82,83.82,53.77
7,44.73,81.66,53.8
27,44.81,81.86,53.16
76,45.26,82.5,53.15
181,45.41,84.3,53.15
157,45.34,83.42,53.15
23,44.07,81.66,53.2
436,42.12,72.62,40.38
404,42.32,72.6,40.77
251,42.67,72.12,40.82
65,42.84,71.66,41.27
381,42.53,73.48,40.39
341,41.53,74.44,40.42
306,43.27,73.89,40.58
266,42.6,74.36,40.38
338,43.13,75.19,40.33
465,41.62,75.33,40.41
344,42.04,74.85,40.39
288,42.39,75.25,40.71
605,42.01,75.74,40.39
397,42.21,75.72,40.76
601,42.57,76.12,40.85
571,42.84,75.65,40.77
565,43.04,76.07,41.32
758,43.18,76.45,41.31
659,42.86,76.51,40.78
257,42.18,77.49,41.31
319,42.57,77.01,41.29
259,42.89,74.77,40.36
315,43.12,75.17,40.67
81,42.62,77.89,41.89
131,43.06,77.88,41.36
2,43.05,79.18,42.52
18,43.05,78.77,41.89
84,43.06,78.25,41.24
60,42.84,78.3,41.89
727,43.16,76.04,41.24
629,43.12,75.66,40.66
599,43.13,76.76,41.17
300,43.08,77.42,41.24
95,42.86,77.39,41.9
257,43.84,81.84,51.34
294,43.99,82.26,51.26
78,44.22,81.86,52.55
107,44.77,82.2,52.52
186,44.86,83.02,52.52
102,44.32,82.05,52.52
160,43.87,81.86,51.94
203,44,82.27,51.89
233,44.38,82.62,51.9
255,43.27,74.29,40.58
239,43.27,74.76,40.58
491,43.27,75.16,41.24
8,43.25,77.9,41.9
5,43.25,78.29,41.89
792,43.27,75.56,41.15
249,43.28,77.04,41.84
14,43.28,75.99,42.22
55,43.26,77.44,41.91
218,43.52,81.95,51.37
63,43.68,81.66,52.61
121,43.52,81.95,51.97
35,43.36,72.27,41.78
410,43.34,72.5,41.43
416,43.28,72.47,41.16
448,42.92,72.53,40.76
382,42.52,73.02,40.72
389,43.14,72.51,40.66
293,42.83,73.89,40.37
389,42.75,73,40.4
339,43.27,73.35,40.56
61,43.09,71.61,41.26
8,43.26,71.62,41.9
27,43.27,72.14,41.81
11,43.34,72.5,42.12
2,43.95,85.88,60.92
3,43.53,81.76,61.04
3,43.53,81.76,61.19
3,49.66,82.21,54.4
2,49.68,81.86,55.02
2,49.69,81.66,55.65
2,50.14,82.56,55.02
3,49.26,82.63,55.02
5,48.86,83.11,55.65
7,49.34,83.51,55.02
17,48.94,83.99,54.4
15,49.41,84.39,54.4
16,48.53,84.47,54.4
12,49.01,84.87,54.4
8,48.17,85.2,55.32
2,48.19,85.88,60.01
2,46.82,85.88,60.02
2,51.02,82.46,55.02
2,50.53,82.17,55.02
2,51.62,81.66,56.89
2,50.09,82.03,55.02
2,48.59,85.88,60
4,50.22,83.44,55.02
3,49.74,83.03,55.65
6,49.82,83.91,55.02
5,49.34,83.51,55.65
3,48.16,85.88,57.83
7,49.08,85.5,55.02
3,48.16,85.68,56.58
3,49.81,85.88,56.58
5,49.85,85.68,55.36
2,50.62,82.96,55.65
2,51.48,82.88,55.65
5,51.7,83.29,54.4
2,51.48,82.88,55.02
3,50.62,82.96,55.02
2,51.9,83.26,55.02
3,52.1,83.75,55.02
2,52.1,83.75,55.65
2,51.92,98.41,63.3
2,51.49,98.41,63.72
2,51.13,98.88,63.15
2,50.72,99.36,62.52
2,51.13,98.88,61.9
2,51.5,98.41,61.48
2,51.79,97.94,61.25
2,51.68,97.91,63.71
2,51.94,97.91,63.19
2,52.12,97.97,62.91
2,51.95,98.4,61.68
2,51.93,97.89,61.38
2,52.12,97.95,61.66
2,51.43,97.53,63.72
2,51.66,97.05,63.71
2,51.95,97.04,63.2
2,52.13,97.06,62.91
2,52.12,95.67,63.2
2,52.13,96.23,62.91
2,51.99,98.99,61.84
2,51.75,98.82,61.49
2,51.57,99.28,61.89
2,51.57,99.28,62.52
2,51.98,98.76,62.83
2,51.75,98.79,63.09
2,52.16,98.7,61.94
2,51.98,98.62,61.78
2,51.99,98.95,62.48
2,52.18,98.81,62.38
2,51.99,98.55,62.8
2,52.16,98.69,62.82
2,51.94,92.14,64.3
2,51.57,91.76,64.3
2,51.9,83.26,55.65
538,41.32,75.8,40.44
356,41.61,76.21,40.95
307,42.11,76.61,41.31
365,41.24,74.91,40.45
265,41.74,72.2,40.41
384,41.1,73.16,40.46
398,41.17,74.03,40.45
2,43.95,85.88,60.61
2,44.43,85.88,60.61
2,44.37,85.88,60.91
3,44.44,85.88,60.02
3,45.1,85.68,60.02
3,44.56,85.68,59.4
2,43.78,85.68,58.77
3,44.12,85.68,59.4
2,44.2,85.47,59.4
3,43.59,85.88,59.39
3,43.96,85.88,60.02
273,41.75,77.08,41.4
79,42.23,78.37,41.9
211,41.82,77.95,41.4
152,41.9,78.86,41.39
187,41.86,78.84,40.94
349,41.35,76.68,41.05
316,41.43,77.55,41.06
232,41.51,78.43,41.07
164,41.57,79.32,40.43
563,41.1,76.7,40.46
458,41.16,77.58,40.47
294,41.26,78.46,40.47
30,42.53,81.89,41.28
58,42.3,81.47,40.96
102,41.8,81.09,40.41
79,42.03,81.5,40.84
121,41.69,80.21,40.42
93,42.04,80.61,40.84
44,42.48,81,41.27
128,41.95,79.72,40.87
68,42.42,80.13,41.26
109,42.33,79.25,41.28
189,41.01,79.82,40.48
196,41.24,79.8,41.11
5,42.67,78.77,42.52
54,42.31,79.25,41.9
3,42.72,79.64,42.52
31,42.42,80.13,41.9
2,42.76,80.54,42.52
17,42.47,81.01,41.9
10,42.52,81.89,41.9
119,41.2,81.58,40.47
112,41.4,81.56,41.06
61,41.73,81.97,41.4
14,42.14,82.37,41.9
3,43.05,82.23,43.77
65,43.25,82.21,44.97
16,43.05,82.23,44.39
2,44.07,81.66,56.27
2,44.22,81.86,56.9
3,43.69,81.66,56.9
7,45.89,84.7,55.65
10,45.82,83.82,55.65
6,45.74,82.94,55.65
3,45.67,82.16,55.65
2,45.64,81.86,55.65
2,44.73,81.66,55.65
3,45.49,85.16,56.27
3,45.41,84.3,56.27
3,45.34,83.42,56.27
2,45.26,82.5,56.27
2,44.81,81.86,56.27
3,44.73,81.66,55.03
3,45.64,81.86,55.02
5,45.67,82.16,55.02
13,45.74,82.94,55.02
27,45.82,83.82,55.02
9,46.39,85.26,55.33
18,45.89,84.7,55.02
3,45.11,85.45,56.27
404,43.81,82.63,50.65
381,43.66,82.09,50.69
380,43.51,82.34,50.68
2,45.01,84.78,57.52
2,45.01,84.78,58.15
2,43.86,81.86,57.99
2,43.93,82.07,58.3
2,44.93,83.9,57.52
2,44.86,83.02,57.52
2,44.32,82.05,57.53
2,43.82,82.28,58.61
2,43.72,81.95,58.3
3,43.52,82.03,58.3
3,43.52,82.03,57.99
2,43.87,81.86,57.52
2,43.72,81.95,57.99
3,43.52,81.94,57.52
2,44.61,85.24,57.52
2,44.61,85.24,58.15
2,45.01,84.78,56.9
2,44.93,83.9,56.9
2,44.86,83.02,56.9
2,45.06,82.38,56.9
2,44.32,82.05,56.9
3,44.61,85.24,56.9
2,43.82,82.28,59.86
2,43.72,81.95,59.86
3,43.52,82.03,59.86
2,43.82,82.28,60.18
2,43.72,81.95,60.1
2,43.72,81.95,60.25
3,43.52,82.03,60.18
2,43.82,82.28,60.49
2,43.72,81.95,60.41
2,43.72,81.95,60.57
3,43.52,82.03,60.49
2,43.72,81.95,60.72
2,43.72,81.95,60.84
2,43.72,81.95,60.92
3,43.52,82.03,60.76
3,43.52,82.03,60.92
2,43.82,82.27,60.8
2,43.94,82.44,58.93
2,43.69,82.2,58.93
3,43.51,82.32,58.93
2,43.69,82.2,58.61
3,43.51,82.32,58.61
2,43.94,82.44,59.24
2,43.69,82.2,59.24
3,43.51,82.32,59.24
2,43.94,82.44,59.55
2,43.69,82.2,59.55
3,43.51,82.32,59.55
2,43.92,85.27,58.77
2,44.61,85.24,58.77
8,43.25,70.04,41.91
10,43.28,69.61,41.72
18,43.38,69.49,41.6
33,43.57,69.37,41.77
8,43.38,69.49,41.95
86,42.46,71.2,40.72
91,42.56,70.36,40.68
88,42.8,69.89,40.79
90,42.15,70.85,40.38
154,42.93,69.89,40.37
110,42.43,70.38,40.37
2,43.25,70.77,42.53
13,43.05,70.77,41.9
51,42.78,70.78,41.24
79,42.66,70.35,40.82
148,42.33,71.71,40.92
63,42.52,71.24,41.27
180,41.99,71.74,40.84
100,41.71,71.32,40.42
163,41.4,71.79,40.44
193,43.1,69.43,40.36
90,43.08,69.99,40.68
33,43.07,69.99,41.25
181,43.26,69.42,40.57
68,43.35,69.33,41.42
42,43.27,69.51,41.13
118,42.92,69.41,40.78
5,43.27,69.65,42.07
3,43.35,69.32,42.12
2,48.78,82.26,55.02
2,48.78,81.86,55.65
4,48.38,82.71,55.65
11,48.02,83.63,55.33
5,47.1,83.27,56.27
4,46.29,84.22,56.27
12,47.21,84.61,55.33
5,46.7,83.74,56.27
2,46.29,84.22,56.9
3,46.7,83.74,56.9
2,45.49,85.16,57.52
2,45.89,84.7,57.52
3,46.39,85.26,56.58
3,46.38,85.68,57.83
3,45.1,85.68,59.39
3,45.1,85.68,58.77
3,46.36,85.88,59.08
2,45.11,85.45,59.4
2,45.49,85.16,58.15
3,45.11,85.45,58.77
2,45.01,84.78,58.77
2,45.89,84.7,58.15
2,49.2,82.05,55.02
3,47.9,82.35,55.65
2,45.01,85.88,61.23
2,45.9,85.88,60.61
2,45.94,85.68,60.02
2,45.09,85.68,60.61
2,48.26,82.08,55.65
2,45.41,84.3,58.15
2,45.82,83.82,57.52
3,46.22,83.34,56.9
3,46.62,82.86,56.27
4,47.02,82.4,55.65
3,47.1,83.27,56.9
3,47.5,82.79,56.27
2,45.01,84.78,59.4
2,47.43,82.1,56.27
3,43.53,81.76,61.43
2,43.86,81.86,60.92
3,43.7,81.66,61.19
3,43.69,81.66,61.04
2,44.09,81.66,60.92
2,43.86,81.86,60.57
2,43.86,81.86,60.41
2,43.86,81.86,60.84
2,43.86,81.86,60.72
2,44.08,81.66,60.49
2,44.08,81.66,60.76
2,46.56,82.13,56.27
2,46.14,82.45,56.9
2,45.74,82.94,57.52
2,43.9,82.1,61.04
2,43.98,82.02,61.04
3,44.08,81.66,55.65
3,44.08,81.66,55.03
5,44.81,81.86,54.4
18,45.26,82.5,54.4
53,45.41,84.3,54.4
46,45.34,83.42,54.4
5,44.09,81.66,54.42
12,44.81,81.86,53.78
40,45.26,82.5,53.77
109,45.41,84.3,53.77
95,45.34,83.42,53.77
9,44.08,81.66,53.8
34,44.22,81.86,53.17
60,44.77,82.2,53.15
160,44.93,83.9,53.15
120,44.86,83.02,53.15
50,44.32,82.05,53.15
25,43.69,81.66,53.2
447,41.85,73.08,40.4
427,41.42,73.56,40.42
423,42.05,72.63,40.82
384,42.4,72.59,40.91
195,42.58,72.13,41.27
21,42.82,71.68,41.9
378,41.95,73.97,40.39
401,42.21,73.51,40.38
271,42.39,73.47,40.73
272,41.47,74.44,41
199,42.58,73.91,40.66
250,43.12,73.88,40.67
174,43.27,73.9,41.06
308,42.32,74.38,40.37
186,42.44,74.36,40.7
219,42.63,74.79,40.64
324,42.97,75.19,40.74
252,43.09,74.29,40.34
272,41.55,75.33,40.98
224,41.94,74.85,40.85
260,42.52,75.28,40.86
357,41.92,75.74,40.85
286,42.24,75.71,40.95
338,42.49,76.13,41.28
423,42.83,75.65,41.28
418,42.88,76.52,41.28
58,43.04,76.07,42.02
90,42.16,77.49,41.9
93,42.57,77.01,41.9
190,43.12,74.28,40.67
212,43.12,74.77,40.67
602,43.12,75.18,41.26
6,42.61,77.89,42.52
37,43.05,77.88,41.9
2,43.05,78.77,42.52
23,43.05,78.29,41.89
5,42.84,78.3,42.52
688,43.14,75.61,41.2
350,43.16,76.96,41.85
22,43.18,76.03,42.14
124,43.09,77.4,41.91
6,42.83,77.38,42.52
313,43.82,82.64,51.27
269,43.68,82.11,51.31
80,43.87,81.86,52.55
156,44.38,82.62,52.52
190,44.46,83.5,52.52
118,44,82.27,52.52
170,43.7,82.12,51.92
190,43.98,83.09,51.9
217,43.82,82.64,51.9
108,43.27,74.25,41.25
138,43.26,74.76,41.27
159,43.26,75.16,41.81
102,43.26,82.16,45.53
83,43.27,75.44,41.92
28,43.27,75.63,42.25
3,43.27,76.05,42.5
6,43.28,76.66,42.22
262,43.51,82.34,51.28
57,43.52,81.95,52.57
151,43.51,82.34,51.9
88,43.34,72.36,41.77
414,43.28,72.57,41.52
240,43.28,73.54,41.12
375,42.92,72.54,41.28
417,43.15,72.49,41.23
272,43.28,73.17,41.23
381,42.71,73.01,40.82
337,43.13,73.35,40.65
362,43.06,73.37,40.35
940,43.39,73.56,41.77
353,43.35,73.37,41.42
19,43.08,71.65,41.9
72,43.14,72.21,41.82
28,43.29,72.57,42.02
9,43.28,72.56,42.22
31,43.35,73.37,42.12
2,44.12,85.68,60.92
2,43.61,85.88,60.91
2,43.95,85.88,61.27
2,44.43,85.88,61.25
2,43.96,85.88,61.9
2,43.72,81.95,61.04
2,43.72,81.95,61.19
3,43.52,82.03,61.11
3,43.52,82.03,61.43
2,49.66,82.21,55.02
2,50.14,82.56,55.65
3,49.26,82.63,55.65
4,48.86,83.11,56.27
7,48.98,84.47,55.35
2,48.11,85.88,59.06
3,48.14,85.21,56.58
2,47.64,85.88,60.01
2,48.17,85.88,60.6
2,48.2,85.68,60.02
2,46.82,85.88,60.61
2,46.84,85.68,60.02
3,51.04,85.88,56.59
3,52.1,85.13,55.34
2,48.6,85.68,60.01
2,49.08,85.88,59.99
2,48.56,85.88,60.59
4,50.7,83.84,55.02
3,50.22,83.44,55.65
3,49.74,83.03,56.27
5,50.3,84.32,55.02
4,49.82,83.91,55.65
4,49.34,83.51,56.27
3,49.34,83.51,56.9
2,49.48,85.88,59.97
3,48.16,85.68,57.83
3,49.8,85.88,57.83
3,49.78,85.68,56.58
5,49.94,85.12,55.33
2,49.07,85.88,59.28
2,50.62,82.96,56.27
2,51.1,83.36,55.65
2,51.7,83.29,55.65
3,51.7,83.29,55.02
3,51.1,83.36,55.02
3,51.9,83.76,55.02
2,51.9,83.76,55.65
3,52.1,84.2,55.33
2,51.5,98.41,63.14
2,51.13,98.88,62.52
2,51.51,98.41,61.89
2,51.71,97.91,61.49
2,51.73,97.92,63.11
2,52.18,97.95,62.82
2,51.99,97.94,62.8
2,51.98,97.93,61.78
2,52.18,97.97,61.94
2,52.17,97.04,62.82
2,52.13,95.64,62.91
2,52.36,98.44,62.9
2,51.79,98.83,61.89
2,51.79,98.84,62.47
2,51.81,98.6,62.73
2,52.27,98.42,61.94
2,52.08,98.6,62.06
2,52.31,98.8,62.4
2,52.12,98.69,62.38
2,52.08,98.59,62.7
2,52.27,98.43,62.82
2,51.01,91.36,64.3
2,51.77,92.14,64.1
2,51.45,91.76,64.1
2,51.91,91.3,64.3
2,52.1,92.12,63.92
2,50.9,90.48,64.3
2,43.9,82.1,61.19
2,43.98,82.02,61.19
2,43.82,82.28,61.11
533,41.01,75.82,40.47
316,41.28,75.8,41.06
155,41.67,76.2,41.4
70,42.08,76.61,41.9
345,40.93,74.94,40.48
288,41.21,74.91,41.1
277,41.68,72.21,40.95
349,41.34,72.68,40.44
322,41.07,73.16,41.14
347,40.79,73.18,40.49
371,40.86,74.06,40.48
330,41.13,74.03,41.11
2,44.12,85.68,60.61
2,43.59,85.88,60.61
2,44.55,85.68,60.61
2,44.5,85.68,60.91
2,45.11,85.45,60.02
3,44.55,85.68,60.02
2,44.2,85.47,60.65
2,44.61,85.24,59.4
2,43.78,85.68,59.4
2,44.12,85.68,60.02
2,43.92,85.27,59.4
2,44.2,85.47,60.02
2,43.59,85.88,60.02
137,41.53,79.37,41.47
7,42.23,78.37,42.52
177,41.4,76.67,41.47
91,41.67,77.09,41.88
230,41.48,77.55,41.48
98,41.75,77.97,41.89
83,41.82,78.85,41.88
176,41.56,78.43,41.48
538,40.75,76.28,40.49
199,41.48,79.32,41.04
344,41.07,76.7,41.15
309,41.13,77.58,41.17
255,41.21,78.46,41.17
265,41.02,78.93,40.49
538,40.83,77.16,40.49
410,40.91,78.04,40.5
275,40.64,79.4,40.51
172,40.76,80.73,40.5
111,41.66,81.09,40.97
55,42.09,81.49,41.32
147,41.56,80.21,40.99
77,42.02,80.61,41.33
111,41.94,79.73,41.35
218,40.94,79.82,41.22
134,41.26,79.79,41.53
5,42.31,79.25,42.52
59,41.91,79.73,41.9
4,42.42,80.13,42.52
38,41.99,80.61,41.9
24,42.06,81.49,41.9
2,42.47,81.01,42.52
2,42.52,81.89,42.52
126,41.09,81.58,41.17
84,41.39,81.55,41.48
31,41.65,81.97,41.89
2,42.14,82.37,42.52
6,42.81,82.27,44.39
59,43.05,82.24,45.01
2,44.22,81.86,56.27
3,43.69,81.66,56.27
2,43.87,81.86,56.9
3,43.52,81.95,56.9
5,45.49,85.16,55.65
7,45.41,84.3,55.65
7,45.34,83.42,55.65
4,45.26,82.5,55.65
2,44.81,81.86,55.65
3,45.01,84.78,56.27
3,44.93,83.9,56.27
3,44.86,83.02,56.27
2,44.77,82.2,56.27
2,44.32,82.05,56.27
3,44.81,81.86,55.02
8,45.26,82.5,55.02
18,45.34,83.42,55.02
11,45.49,85.16,55.02
20,45.41,84.3,55.02
3,44.61,85.24,56.27
172,43.27,82.42,45.84
414,43.64,82.48,50.67
92,43.39,82.43,50.67
2,44.53,84.38,57.52
2,44.53,84.38,58.15
2,44.93,83.9,58.15
2,44.12,82.2,57.99
2,43.93,82.07,57.99
2,44.12,82.2,58.3
2,43.82,82.27,58.3
2,44.46,83.5,57.52
2,44.38,82.62,57.52
2,44,82.27,57.52
2,43.94,82.44,58.61
2,43.69,82.2,58.3
2,43.69,82.2,57.99
3,43.51,82.32,58.15
3,43.7,82.11,57.52
3,43.51,82.33,57.53
2,44.14,84.86,57.52
2,44.14,84.86,58.15
2,44.53,84.38,56.9
2,44.46,83.5,56.9
2,44.38,82.62,56.9
2,44,82.27,56.9
2,44.14,84.86,56.9
2,43.94,82.44,59.86
2,43.69,82.2,59.86
3,43.51,82.32,59.86
2,43.94,82.44,60.18
2,43.69,82.2,60.18
3,43.51,82.32,60.18
2,43.94,82.44,60.49
2,43.69,82.2,60.49
3,43.51,82.32,60.49
2,43.69,82.2,60.76
2,43.69,82.2,60.92
3,43.51,82.32,60.76
3,43.51,82.32,60.92
2,43.94,82.43,60.8
2,44.53,84.38,58.77
2,44.2,83.08,58.93
2,43.96,82.87,58.93
2,43.82,82.63,58.93
2,43.65,82.47,58.93
3,43.47,82.43,58.93
2,43.65,82.47,58.61
3,43.47,82.43,58.61
2,44.53,84.38,59.4
2,44.2,83.08,59.24
2,44.2,83.08,59.55
2,43.96,82.87,59.24
2,43.82,82.63,59.24
2,43.65,82.47,59.24
3,43.47,82.43,59.24
2,43.96,82.87,59.55
2,43.82,82.63,59.55
2,43.65,82.47,59.55
3,43.47,82.43,59.55
2,44.14,84.86,58.77
15,43.07,70.01,41.9
22,43.15,69.53,41.73
28,43.36,69.39,41.65
13,43.37,69.39,41.9
99,42.03,70.85,40.84
108,42.66,69.91,40.66
168,42.6,69.03,40.69
100,42.29,70.38,40.76
56,42.75,69.87,41.26
126,42.55,69.47,40.86
127,41.63,70.44,40.42
202,42.69,69.48,40.38
155,42.07,69.97,40.39
3,43.05,70.77,42.52
22,42.77,70.78,41.9
70,42.45,70.37,41.25
25,42.5,71.25,41.89
85,42.05,70.85,41.33
126,42.12,71.73,41.31
196,41.76,72.2,41.39
115,41.64,71.33,40.98
155,41.37,71.79,41.09
104,41.35,70.91,40.45
146,41.09,71.82,40.48
241,42.89,69.01,40.39
143,43.09,69.41,40.68
48,43.32,69.26,41.52
56,43.12,69.46,41.21
71,42.97,69.36,41.31
183,43.26,68.99,40.54
115,43.28,69.22,41.22
155,42.76,69.01,40.82
11,43.12,69.58,42.02
7,43.32,69.25,42.02
2,43.28,69.32,42.22
2,48.78,82.26,55.65
3,48.38,82.71,56.27
4,48.02,83.63,56.58
2,46.29,84.22,57.52
2,46.7,83.74,57.52
3,47.21,84.62,56.58
2,47.58,83.67,57.52
2,46.39,85.26,57.83
2,45.49,85.16,58.77
2,45.49,85.16,59.4
3,46.39,85.68,59.08
2,45.89,84.7,58.77
2,46.29,84.22,58.15
2,49.2,82.05,55.65
2,47.9,82.35,56.27
2,45.02,85.88,61.89
2,45.9,85.88,61.23
2,45.09,85.68,61.23
2,45.95,85.42,60.02
2,45.94,85.68,60.61
2,45.11,85.44,60.62
2,45.49,85.16,60.02
2,45.89,84.7,59.4
2,48.26,82.08,56.27
2,45.82,83.82,58.15
2,46.22,83.34,57.52
3,46.62,82.86,56.9
2,47.02,82.4,56.27
2,46.7,83.74,58.15
2,47.1,83.27,57.52
3,47.5,82.79,56.9
2,44.43,85.88,61.9
2,45.01,84.78,60.02
2,43.72,81.95,61.43
3,43.52,82.03,61.74
3,43.53,81.76,61.74
3,43.7,81.66,61.43
2,43.87,81.86,61.19
2,43.86,81.86,61.04
2,44.11,81.66,61.11
2,46.56,82.13,56.9
2,46.14,82.45,57.52
2,44.16,82.63,60.49
2,44.16,82.63,60.8
2,44.12,82.2,61.11
3,44.22,81.86,55.65
3,43.69,81.66,55.65
4,44.22,81.86,55.02
4,43.69,81.66,55.03
6,44.22,81.86,54.4
13,44.77,82.2,54.4
41,44.93,83.9,54.4
29,44.86,83.02,54.4
9,44.32,82.05,54.4
5,43.69,81.66,54.42
14,44.22,81.86,53.78
29,44.77,82.2,53.77
91,44.93,83.9,53.77
65,44.86,83.02,53.77
21,44.32,82.05,53.77
9,43.69,81.66,53.81
33,43.87,81.86,53.17
116,44.46,83.5,53.15
88,44.38,82.62,53.15
56,44,82.27,53.15
24,43.52,81.95,53.18
417,41.78,73.08,40.9
371,41.38,73.56,41.02
327,42.19,72.6,41.29
51,42.57,72.14,41.89
3,42.81,71.68,42.51
269,41.85,73.96,40.86
297,42.13,73.5,40.79
261,42.47,73.47,40.87
219,41.53,74.43,41.44
187,42.76,73.89,40.78
154,43.13,73.88,41.09
198,42.21,74.38,40.75
164,42.53,74.35,40.83
195,42.8,74.77,40.77
586,42.97,75.2,41.27
148,42.94,74.29,40.74
159,41.61,75.33,41.42
145,41.96,74.85,41.33
144,42.41,75.24,41.27
143,42.03,75.73,41.32
58,42.48,76.13,41.9
53,42.83,75.66,41.88
7,43.01,76.09,42.34
113,42.9,76.53,41.89
8,42.16,77.49,42.52
6,42.55,77.01,42.51
73,43.12,74.24,41.27
181,43.09,74.76,41.28
87,43.09,75.2,41.81
98,43.08,82.24,45.6
2,43.05,77.88,42.52
2,43.05,78.29,42.52
31,43.13,75.7,42.17
60,43.12,75.5,41.91
5,43.13,76.07,42.43
18,43.17,76.63,42.14
2,43.06,77.37,42.54
316,43.65,82.48,51.27
87,43.7,82.12,52.54
116,43.98,83.09,52.52
125,43.82,82.64,52.52
61,43.49,82.81,51.9
206,43.65,82.48,51.9
29,43.26,73.96,42.03
26,43.26,74.26,41.87
34,43.25,74.78,41.93
9,43.26,82.04,46.13
74,43.39,82.43,51.27
72,43.51,82.34,52.52
45,43.39,82.43,51.89
238,43.27,73.71,41.66
284,43.27,73.66,41.91
106,42.91,72.4,41.77
32,42.92,72.6,42.04
145,43.16,72.64,41.76
295,42.66,73.01,41.28
288,43.17,73.14,41.31
314,42.93,73.37,40.74
244,43.15,73.5,41.19
667,43.38,73.46,41.77
395,43.32,73.3,41.52
2,43.06,71.65,42.53
24,43.16,72.58,42.14
46,43.32,73.3,42.02
6,43.28,73.25,42.21
16,43.27,73.69,42.15
2,43.8,85.68,60.91
2,44.12,85.68,61.27
2,43.59,85.88,61.25
2,44.55,85.68,61.25
2,44.2,85.47,61.27
2,43.96,85.88,62.52
2,44.12,85.68,61.9
2,43.59,85.88,61.9
2,43.94,82.44,61.11
2,43.69,82.2,61.11
3,43.51,82.32,61.11
2,43.69,82.2,61.43
3,43.51,82.32,61.43
2,49.66,82.21,55.65
2,50.14,82.56,56.27
2,49.74,83.03,56.9
2,49.26,82.63,56.27
3,48.86,83.11,56.9
2,48.06,84.07,57.52
4,48.98,84.51,56.58
2,48.11,85.68,59.07
2,48.14,85.21,57.83
3,48.46,83.59,57.52
2,48.06,84.07,58.15
2,47.63,85.88,60.6
2,47.65,85.68,60.02
2,48.14,85.88,61.22
2,48.19,85.5,60.02
2,48.19,85.68,60.63
2,46.81,85.88,61.23
2,46.83,85.39,60.02
2,46.84,85.68,60.61
2,48.61,85.3,60.02
2,50.62,82.96,56.9
4,51.18,84.24,55.02
5,50.77,84.72,55.02
2,51.81,85.88,56.59
2,51.02,85.88,57.83
4,50.86,85.43,55.33
3,50.94,85.68,56.58
3,51.9,85.01,55.34
2,52.1,85.13,56.58
2,49.09,85.68,60.01
2,48.59,85.69,60.62
2,49.08,85.9,61.35
2,49.07,85.89,60.61
2,48.51,85.88,61.23
2,49.46,85.89,60.48
2,50.04,85.88,59.98
3,50.7,83.84,55.65
3,51.18,84.24,55.65
3,50.22,83.44,56.27
4,50.3,84.32,55.65
3,50.77,84.72,55.65
3,49.82,83.91,56.27
2,50.22,83.44,56.9
2,49.34,83.51,57.52
3,49.82,83.91,56.9
2,49.5,85.68,60
2,49.84,85.88,59.04
3,49.77,85.68,57.83
3,49.95,85.12,56.58
2,49.08,85.68,59.29
2,49.08,85.48,60.02
2,51.1,83.36,56.27
2,51.1,83.36,56.9
3,51.53,83.76,55.02
2,51.53,83.76,55.65
3,51.9,84.18,55.33
2,51.9,83.76,56.27
2,51.51,98.4,62.51
2,51.74,97.93,62.62
2,52.11,97.92,62.7
2,52.26,97.46,62.82
2,52.33,96.98,62.82
2,52.35,97.46,62.91
2,52.25,96.56,62.82
2,52.49,98.38,62.79
2,52.36,98.69,62.37
2,52.3,98.35,62.07
2,51.99,98.52,62.38
2,52.3,98.34,62.69
2,52.34,97.9,62.82
2,51.5,90.88,64.3
2,50.95,91.36,64.1
2,51.74,91.3,64.1
2,52.1,91.3,63.93
2,52.11,91.38,63.27
2,51.38,90,64.3
2,50.86,90.48,64.1
2,51.81,89.53,64.3
2,51.27,89.11,64.3
2,52.1,89.63,63.97
2,43.93,82.07,61.43
2,44.12,82.2,61.43
2,43.82,82.28,61.43
2,43.94,82.44,61.43
3,43.51,82.32,61.74
341,40.59,74.52,40.51
378,40.67,75.4,40.5
322,40.98,75.82,41.17
183,41.33,75.79,41.48
80,41.59,76.21,41.88
8,42.08,76.61,42.52
289,40.91,74.94,41.21
219,41.26,74.9,41.52
221,41.41,72.72,41.5
310,41.32,72.68,41.08
204,40.84,72.29,40.5
211,40.44,72.76,40.52
223,41.13,73.15,41.56
238,40.78,73.18,41.25
327,40.51,73.64,40.51
288,40.83,74.06,41.22
260,41.19,74.03,41.52
2,43.78,85.68,60.61
2,43.52,85.52,60.61
2,44.61,85.24,60.64
2,44.61,85.24,60.02
2,43.92,85.28,60.63
2,44.14,84.86,59.4
2,43.78,85.68,60.02
2,43.92,85.27,60.02
2,43.52,85.52,60.02
89,41.43,79.32,41.89
11,41.68,77.08,42.52
10,41.75,77.97,42.52
8,41.83,78.85,42.52
102,41.21,76.68,41.88
110,41.28,77.56,41.89
109,41.36,78.45,41.88
334,40.72,76.28,41.25
395,40.26,75.88,40.52
507,40.36,76.76,40.52
255,40.97,78.93,41.24
336,40.8,77.16,41.25
297,40.88,78.04,41.27
444,39.92,77.24,40.55
383,40.51,78.52,40.53
351,40.11,79,40.55
503,40.42,77.64,40.53
262,39.74,79.93,40.56
234,40.58,79.4,41.33
158,40.67,80.73,41.28
83,41.66,81.08,41.42
110,41.58,80.21,41.44
89,41.05,79.81,41.92
6,41.91,79.73,42.52
65,41.51,80.21,41.89
47,41.58,81.09,41.89
4,41.99,80.61,42.52
3,42.06,81.49,42.52
54,41.19,81.57,41.89
4,41.66,81.97,42.52
29,42.82,82.29,45.03
3,43.87,81.86,56.27
4,43.52,81.95,56.27
3,43.7,82.12,56.9
3,43.51,82.34,56.9
5,45.01,84.78,55.65
6,44.93,83.9,55.65
5,44.86,83.02,55.65
3,44.77,82.2,55.65
3,44.32,82.05,55.65
3,44.53,84.38,56.27
3,44.46,83.5,56.27
3,44.38,82.62,56.27
3,44,82.27,56.27
4,44.32,82.05,55.02
6,44.77,82.2,55.02
11,44.86,83.02,55.02
12,45.01,84.78,55.02
15,44.93,83.9,55.02
2,44.14,84.86,56.27
129,43.12,82.54,45.95
47,42.85,82.3,45.66
81,43.39,82.57,50.67
2,44.05,83.97,57.52
2,44.46,83.5,58.15
2,44.2,83.08,58.61
2,43.94,82.43,58.3
2,43.92,82.41,57.99
2,43.98,83.09,57.52
2,43.82,82.64,57.53
2,43.96,82.87,58.61
2,43.82,82.63,58.61
3,43.65,82.46,58.15
3,43.65,82.47,57.53
2,44.05,83.97,56.9
2,43.98,83.09,56.9
2,43.82,82.64,56.9
2,44.53,84.38,60.02
2,44.2,83.08,60.18
2,44.46,83.5,60.02
2,44.2,83.08,59.86
2,43.96,82.87,59.86
2,43.82,82.63,59.86
2,43.65,82.47,59.86
3,43.47,82.43,59.86
2,43.96,82.87,60.18
2,43.82,82.63,60.18
2,43.65,82.47,60.18
3,43.47,82.43,60.18
2,44.2,83.08,60.49
2,44.2,83.08,60.8
2,43.96,82.87,60.49
2,43.82,82.63,60.49
2,43.65,82.47,60.49
3,43.47,82.43,60.49
2,43.65,82.46,60.76
2,43.65,82.46,60.92
3,43.47,82.43,60.8
2,43.96,82.87,60.8
2,43.82,82.63,60.8
2,44,83.31,58.93
2,44,83.31,58.61
2,43.69,82.74,58.93
2,43.56,82.57,58.93
2,43.56,82.57,58.61
2,44,83.31,59.24
2,44,83.31,59.55
2,43.69,82.74,59.24
2,43.56,82.57,59.24
2,43.69,82.74,59.55
2,43.56,82.57,59.55
3,43.06,69.98,42.54
29,42.75,69.87,41.9
25,42.97,69.36,41.99
39,43.25,69.19,41.68
17,43.27,69.2,41.88
43,43,69.37,41.7
121,41.56,70.44,41.01
143,42.49,69.47,40.71
244,42.43,68.61,40.74
137,41.96,69.97,40.87
108,42.35,69.49,41.27
172,41.3,70.04,40.46
199,42.38,69.51,40.37
291,42.32,68.64,40.37
213,41.58,69.57,40.43
4,42.77,70.78,42.52
36,42.44,70.36,41.9
109,41.98,69.96,41.35
3,42.49,71.25,42.52
45,42.02,70.84,41.9
39,42.1,71.72,41.9
101,41.62,70.45,41.45
90,41.7,71.33,41.42
70,41.69,72.2,41.89
99,41.43,71.78,41.5
89,41.31,70.91,41.11
105,41.07,71.82,41.21
95,41.04,70.94,40.48
80,40.75,71.4,40.51
300,42.63,68.61,40.39
3,43.1,69.37,42.52
322,43.07,68.54,40.38
90,43.17,69.18,41.31
175,43.08,68.98,40.67
134,42.72,69.01,41.27
255,43.26,68.47,40.58
158,43.27,68.97,41.02
232,42.49,68.59,40.88
231,42.89,68.49,40.8
325,42.54,68.15,40.7
8,43.16,69.28,42.15
5,43.28,68.53,42.22
2,48.78,82.26,56.27
2,48.38,82.71,56.9
2,47.98,83.19,57.52
2,47.58,83.67,58.15
2,45.91,85.88,61.89
2,46.39,85.26,59.09
2,47.21,84.62,57.83
2,46.37,85.11,60.02
2,47.9,82.35,56.9
2,45.03,85.88,62.52
2,45.1,85.68,61.9
2,45.11,85.45,61.24
2,45.95,85.42,60.62
2,45.94,85.68,61.23
2,45.49,85.16,60.64
2,45.89,84.7,60.02
2,46.22,83.34,58.15
2,46.62,82.86,57.52
2,47.02,82.4,56.9
2,47.1,83.27,58.15
2,47.5,82.79,57.52
2,44.44,85.88,62.52
2,44.2,85.47,61.9
2,44.55,85.68,61.9
2,45.01,84.78,60.65
2,43.69,82.2,61.74
2,43.72,81.95,61.74
2,43.87,81.86,61.43
3,43.52,82.03,62.05
3,43.53,81.76,62.05
2,43.7,81.66,61.74
2,44.14,81.66,61.43
2,44.53,84.38,60.65
2,44.16,82.63,61.11
2,44.16,82.63,61.43
2,44.46,83.5,60.65
3,43.87,81.86,55.65
4,43.52,81.95,55.65
4,43.87,81.86,55.02
4,43.52,81.95,55.03
6,43.87,81.86,54.4
25,44.46,83.5,54.4
17,44.38,82.62,54.4
9,44,82.27,54.4
6,43.52,81.95,54.41
13,43.87,81.86,53.78
59,44.46,83.5,53.77
41,44.38,82.62,53.77
23,44,82.27,53.77
10,43.52,81.95,53.79
38,43.7,82.12,53.16
63,43.98,83.09,53.15
60,43.82,82.64,53.15
31,43.51,82.34,53.15
329,41.82,73.09,41.38
297,41.45,73.57,41.46
102,42.17,72.61,41.9
4,42.56,72.13,42.52
230,41.88,73.97,41.34
249,42.26,73.49,41.27
155,41.45,74.44,41.9
155,42.7,73.89,41.25
139,42.33,74.37,41.25
153,42.74,74.77,41.25
58,42.96,75.22,41.74
86,42.94,74.25,41.27
119,41.52,75.32,41.89
104,41.92,74.84,41.9
40,42.42,75.25,41.9
56,42,75.73,41.9
6,42.48,76.13,42.52
5,42.79,75.67,42.51
6,42.84,76.52,42.5
35,43.1,73.91,42.01
31,43.08,74.24,41.87
25,43.06,74.79,41.92
9,43.1,82.15,46.22
3,43.1,82.16,46.84
2,43.07,75.59,42.56
72,43.39,82.57,51.27
31,43.49,82.81,52.52
108,43.65,82.48,52.52
48,43.39,82.57,51.89
21,43.39,82.43,52.52
137,43.14,73.64,41.68
112,43.14,73.55,41.88
3,42.88,72.54,42.5
103,42.67,73.01,41.89
259,43.27,73.24,41.76
230,42.96,73.4,41.28
2,43.1,72.5,42.56
18,43.18,73.21,42.13
34,43.12,73.61,42.09
2,43.78,85.68,61.25
2,43.52,85.52,61.23
2,43.92,85.27,61.25
2,44.61,85.24,61.26
2,44.12,85.68,62.52
2,43.59,85.88,62.52
2,43.78,85.68,61.9
2,43.92,85.27,61.9
2,44.2,83.08,61.11
2,43.96,82.87,61.11
2,43.82,82.63,61.11
2,43.65,82.47,61.11
3,43.47,82.43,61.11
2,43.65,82.47,61.43
3,43.47,82.43,61.43
2,49.74,83.03,57.52
2,49.26,82.63,56.9
2,49.34,83.51,58.15
2,48.86,83.11,57.52
2,48.17,85.2,59.09
2,48.98,84.51,57.83
2,48.46,83.59,58.15
2,49.11,85.5,60.69
2,48.06,84.07,58.77
2,47.61,85.88,61.23
2,47.65,85.68,60.61
2,47.74,85.35,60.02
2,48.13,85.88,61.89
2,48.18,85.68,61.24
2,48.2,85.51,60.65
2,46.81,85.88,61.9
2,46.83,85.68,61.23
2,47.25,85.06,60.02
2,46.83,85.39,60.62
2,48.13,84.95,60.02
2,48.61,85.31,60.65
2,49.01,84.87,60.02
3,51.43,84.99,55.33
2,51.64,85.68,56.58
2,50.93,85.68,57.83
3,50.86,85.43,56.58
2,51.9,85.01,56.58
2,49.11,85.7,60.66
2,48.56,85.7,61.27
2,48.94,85.89,61.12
2,49.49,85.7,60.53
2,50.04,85.68,60.01
2,50.22,83.44,57.52
3,50.74,84.28,56.58
2,49.82,83.91,57.52
2,49.49,85.25,60.02
2,49.07,85.5,59.4
2,49.95,85.12,57.83
2,49.83,85.68,59.05
2,50.22,83.44,58.15
2,49.82,83.91,58.15
2,49.89,84.79,60.02
3,51.72,84.18,55.33
2,51.53,83.76,56.27
2,50,85.45,60.02
2,51.98,97.92,62.36
2,52.29,97.45,62.7
2,52.32,96.03,62.82
2,52.37,98.3,62.37
2,52.44,97.88,62.7
2,51.85,90.39,64.3
2,51.39,90.88,64.1
2,51.64,91.3,63.72
2,51.91,91.29,63.81
2,52.12,90.89,63.21
2,52.1,90.43,63.95
2,51.29,90,64.1
2,50.83,90.48,63.72
2,51.66,89.53,64.11
2,52.01,89.05,64.3
2,51.74,88.62,64.3
2,52.1,88.64,63.96
2,51.97,88.12,64.3
2,51.91,89.63,63.83
2,52.1,89.05,63.94
2,52.11,89.59,63.34
2,52.11,88.08,63.92
2,44.2,83.08,61.43
2,43.93,82.07,61.74
2,44.12,82.2,61.74
2,43.82,82.28,61.74
2,43.96,82.87,61.43
2,43.82,82.63,61.43
2,43.94,82.44,61.74
2,43.65,82.47,61.74
3,43.47,82.43,61.74
3,43.51,82.32,62.05
254,40.57,74.52,41.31
282,40.1,74.12,40.54
301,40.18,75,40.53
265,39.77,75.48,40.55
279,40.64,75.4,41.28
131,41.13,75.81,41.89
11,41.6,76.2,42.52
156,41.06,74.92,41.91
85,41.31,72.68,41.91
101,40.82,72.29,41.28
54,40,71.95,40.56
78,40.43,72.76,41.36
185,40.02,73.24,40.54
152,39.61,73.72,40.56
90,40.92,73.17,41.93
198,40.49,73.64,41.32
151,40.98,74.04,41.92
2,43.69,85.35,60.61
2,44.14,84.86,60.32
2,43.69,85.35,60.02
124,40.75,76.28,41.95
106,40.98,78.93,41.94
10,41.43,79.32,42.52
14,41.2,76.68,42.52
13,41.28,77.56,42.52
12,41.35,78.44,42.52
104,40.82,77.16,41.95
109,40.9,78.04,41.97
224,40.24,75.88,41.37
272,40.34,76.76,41.36
322,39.69,76.38,40.56
190,39.91,77.24,41.47
255,40.48,78.52,41.39
197,40.08,79,41.46
288,40.4,77.64,41.38
391,39.66,78.19,40.57
287,39.17,79.18,40.58
126,39.71,79.93,41.48
93,40.59,79.41,42.01
9,41.03,79.8,42.52
78,40.81,80.72,41.93
7,41.18,81.56,42.52
7,41.51,80.21,42.52
6,41.58,81.09,42.52
2,41.18,81.56,43.15
3,43.7,82.12,56.27
4,43.51,82.34,56.27
3,43.65,82.48,56.9
4,44.53,84.38,55.65
4,44.46,83.5,55.65
4,44.38,82.62,55.65
3,44,82.27,55.65
2,44.05,83.97,56.27
2,43.98,83.09,56.27
3,43.82,82.64,56.27
5,44,82.27,55.02
7,44.38,82.62,55.02
9,44.46,83.5,55.02
10,44.53,84.38,55.02
3,44.14,84.86,55.65
5,42.87,82.28,46.26
2,43.98,83.09,58.15
2,43.69,82.74,58.61
2,43.82,82.63,58.15
2,44,83.31,60.18
2,44,83.31,59.86
2,43.69,82.74,59.86
2,43.56,82.57,59.86
2,43.69,82.74,60.18
2,43.56,82.57,60.18
2,44,83.31,60.49
2,44,83.31,60.8
2,43.69,82.74,60.49
2,43.56,82.57,60.49
2,43.56,82.57,60.8
2,43.69,82.74,60.8
371,42.24,67.78,40.38
6,42.93,69.38,42.46
6,42.74,69.87,42.52
56,42.34,69.48,41.9
57,42.73,69.01,41.89
202,42.28,68.61,41.28
139,41.25,70.04,41.13
152,42.24,69.5,40.77
254,42.18,68.63,40.79
180,41.5,69.57,41.04
162,41.91,69.08,41.37
159,40.98,70.06,40.49
253,41.25,69.16,40.46
250,42.02,69.09,40.39
341,41.92,68.23,40.4
341,41.54,67.82,40.42
6,42.44,70.36,42.52
64,41.94,69.96,41.9
141,41.56,69.56,41.47
5,42.02,70.84,42.52
3,42.1,71.72,42.52
5,41.69,72.2,42.52
111,41.3,70.03,41.55
59,41.54,70.44,41.9
40,41.62,71.32,41.9
73,41.36,70.9,41.52
34,41.23,71.8,41.91
60,41.01,70.94,41.22
31,40.74,71.4,41.32
108,40.69,70.52,40.51
55,40.26,71,40.54
362,42.83,68.15,40.39
307,43.26,68.12,40.47
2,43.09,69.01,42.66
239,43.08,68.47,40.7
150,43.12,68.96,41.1
214,42.95,68.5,41.31
239,43.27,68.49,41.12
238,43.28,68.07,41.41
367,42.55,67.76,40.39
341,42.36,67.73,40.75
318,42.71,68.12,40.82
17,43.17,68.55,42.14
75,43.28,68.09,41.82
70,42.98,68.54,41.88
257,42.64,68.13,41.27
2,48.38,82.71,57.52
2,47.98,83.19,58.15
2,47.58,83.67,58.77
2,45.91,85.88,62.52
2,45.94,85.68,61.9
2,46.37,85.1,60.64
2,46.77,84.62,60.02
2,47.21,84.61,59.08
2,47.9,82.35,57.52
2,47.1,83.27,58.77
2,45.1,85.68,62.52
2,45.11,85.45,61.9
2,45.65,85.25,61.25
2,45.89,84.7,60.65
2,46.62,82.86,58.15
2,47.02,82.4,57.52
2,47.5,82.79,58.15
2,44.2,85.47,62.52
2,44.55,85.68,62.52
2,44.61,85.24,61.9
2,45.01,84.78,61.27
2,43.69,82.2,62.05
2,43.72,81.95,62.05
2,43.87,81.86,61.74
3,43.52,81.94,62.52
2,43.7,81.66,62.05
2,44.15,81.66,61.74
2,44.53,84.38,61.27
2,44.16,82.63,61.74
2,44.46,83.5,61.27
3,43.7,82.12,55.65
4,43.51,82.34,55.65
4,43.7,82.12,55.02
5,43.51,82.34,55.02
7,43.7,82.12,54.4
11,43.98,83.09,54.4
10,43.82,82.64,54.4
6,43.51,82.34,54.4
15,43.7,82.12,53.78
29,43.98,83.09,53.77
25,43.82,82.64,53.77
13,43.51,82.34,53.77
14,43.49,82.81,53.15
47,43.65,82.48,53.15
9,43.39,82.43,53.14
139,41.77,73.08,41.9
155,41.37,73.56,41.9
6,42.17,72.61,42.52
146,41.85,73.96,41.9
127,42.25,73.49,41.9
15,41.45,74.44,42.52
77,42.7,73.89,41.89
87,42.33,74.37,41.9
40,42.73,74.77,41.89
51,42.91,74.25,41.84
13,41.52,75.32,42.52
11,41.92,74.84,42.52
6,42.43,75.24,42.52
9,42,75.73,42.52
2,43.06,73.93,42.55
3,43.05,74.31,42.53
3,43.05,74.83,42.53
24,43.39,82.57,52.52
5,42.65,73.01,42.52
96,42.92,73.45,41.87
67,43.04,73.19,41.98
2,43.1,73.38,42.54
2,43.69,85.35,61.23
2,44.14,84.86,61.26
2,44.14,84.86,61.9
2,44,83.31,61.11
2,44,83.31,61.43
2,43.69,82.74,61.11
2,43.56,82.57,61.11
2,43.56,82.57,61.43
2,49.74,83.03,58.15
2,49.26,82.63,57.52
2,49.34,83.51,58.77
2,48.86,83.11,58.15
2,48.97,84.47,59.07
2,48.46,83.59,58.77
2,49.49,85.26,60.65
2,48.06,84.07,59.4
2,48.53,84.47,60.02
2,47.61,85.88,61.9
2,47.64,85.68,61.24
2,47.74,85.35,60.63
2,46.81,85.88,62.52
2,48.2,85.51,61.25
2,46.83,85.68,61.9
2,46.83,85.4,61.25
2,47.65,84.55,60.02
2,47.25,85.05,60.64
2,48.13,84.95,60.65
2,49.41,84.39,60.02
2,51.43,84.99,56.58
2,50.86,85.43,57.83
2,50.9,85.68,59.08
2,49.05,85.72,61.19
2,50.74,84.28,57.83
2,49.93,85.11,59.09
2,49.82,83.91,58.77
2,51.72,84.18,56.58
2,51.7,90.39,64.11
2,51.32,90.88,63.72
2,51.96,90.85,63.11
2,51.9,90.43,63.81
2,52.13,90.91,62.91
2,52.11,90.43,63.35
2,52.12,89.94,63.22
2,52.1,87.67,64.06
2,51.25,90,63.72
2,51.58,89.52,63.72
2,51.83,89.06,64.11
2,51.6,88.63,64.11
2,52.11,88.64,63.4
2,51.91,88.65,63.82
2,51.8,88.15,64.11
2,51.92,89.06,63.8
2,51.96,89.59,63.26
2,51.93,88.11,63.79
2,52.1,87.2,63.94
2,52.12,89.01,63.27
2,52.13,89.51,62.91
2,52.12,88.08,63.28
2,44.2,83.08,61.74
2,43.93,82.07,62.05
2,44.12,82.2,62.05
2,43.82,82.28,62.05
2,43.69,82.74,61.43
2,43.96,82.87,61.74
2,43.82,82.63,61.74
2,43.94,82.44,62.05
2,44,83.31,61.74
2,43.56,82.57,61.74
2,43.65,82.47,62.05
3,43.47,82.43,62.05
3,43.51,82.33,62.51
123,40.6,74.52,41.99
127,40.09,74.12,41.41
180,40.17,75,41.39
116,39.76,75.48,41.47
189,39.54,74.62,40.56
137,40.67,75.41,41.97
15,41.12,75.8,42.52
16,41.04,74.92,42.52
7,41.29,72.68,42.52
16,39.39,71.78,40.58
26,40.85,72.29,41.97
7,39.99,71.95,41.48
64,39.51,72.95,40.57
20,40.46,72.77,42.03
43,40.01,73.24,41.43
25,39.61,73.72,41.49
8,40.89,73.16,42.52
72,40.52,73.64,42
14,40.97,74.04,42.52
2,43.25,85.63,60.6
2,43.25,85.64,60.02
15,40.72,76.28,42.52
102,40.27,75.88,42.04
96,40.36,76.76,42.03
67,39.98,77.22,42.1
93,40.51,78.52,42.05
12,40.95,78.92,42.52
14,40.8,77.16,42.52
14,40.87,78.04,42.52
91,40.43,77.63,42.05
77,40.1,79.01,42.1
121,39.68,76.38,41.49
211,39.1,76.43,40.58
259,39.05,78.01,40.58
138,39.65,78.19,41.52
165,38.55,79.09,40.59
71,39.15,79.18,41.56
11,40.55,79.4,42.52
69,39.91,79.83,42.08
6,40.65,80.73,42.81
3,43.65,82.48,56.27
2,44.05,83.97,55.65
3,43.98,83.09,55.65
3,43.82,82.64,55.65
5,43.82,82.64,55.02
4,43.98,83.09,55.02
5,44.05,83.97,55.02
73,37.93,80.09,40.59
353,42.1,67.76,40.8
351,41.84,67.38,40.4
8,42.72,69.01,42.51
11,42.34,69.48,42.52
97,41.86,69.08,41.9
91,42.27,68.6,41.9
246,41.84,68.2,41.36
107,40.95,70.06,41.24
208,41.2,69.16,41.15
206,41.9,69.09,40.89
312,41.8,68.22,40.91
200,41.5,68.71,41.48
324,41.46,67.81,41.02
223,40.93,69.19,40.5
159,40.63,69.64,40.52
298,41.5,68.7,40.43
321,41.24,67.84,40.46
9,41.94,69.96,42.52
91,41.47,69.56,41.9
165,41.23,69.15,41.58
6,41.54,70.44,42.52
3,41.62,71.32,42.52
2,41.21,71.8,42.52
60,41.09,70.05,41.93
37,41.15,70.92,41.92
11,40.77,71.4,42
46,40.67,70.52,41.32
8,40.25,71,41.44
53,40.04,70.14,40.55
349,43.03,67.66,40.37
294,43.09,68.12,40.6
304,43.26,67.64,40.58
297,42.46,66.91,40.4
4,43.11,68.51,42.53
2,43.25,68.07,42.67
256,42.88,67.67,41.27
250,43.14,68.51,41.2
208,43.17,68.15,41.48
188,43.26,67.6,41.21
295,42.75,67.3,40.41
269,42.48,67.27,40.73
317,42.42,67.71,40.9
326,42.88,67.64,40.78
87,43.15,68.17,41.83
25,43.26,67.6,41.89
9,42.92,68.54,42.47
81,42.64,68.13,41.89
259,42.21,67.73,41.29
65,42.87,67.66,41.89
2,48.38,82.71,58.15
2,47.98,83.19,58.77
2,45.94,85.68,62.52
2,45.95,85.42,61.9
2,46.37,85.11,61.26
2,45.11,85.45,62.52
2,45.49,85.16,61.9
2,45.89,84.7,61.27
2,44.61,85.24,62.52
2,45.01,84.78,61.9
2,45.41,84.3,61.27
2,43.7,82.11,62.52
2,43.87,81.86,62.05
3,43.52,81.95,63.15
2,43.7,81.66,62.52
2,44.16,81.66,62.05
2,44.53,84.38,61.9
2,44.93,83.9,61.27
2,44.16,82.63,62.05
2,44.36,82.4,62.05
2,44.4,82.84,62.05
2,44.4,82.84,61.74
2,44.46,83.5,61.9
4,43.65,82.48,55.65
5,43.65,82.48,55.02
2,43.49,82.81,54.4
8,43.65,82.48,54.4
2,43.39,82.43,54.4
6,43.49,82.81,53.77
18,43.65,82.48,53.77
4,43.39,82.43,53.77
11,43.39,82.57,53.14
10,41.77,73.08,42.52
13,41.37,73.56,42.52
12,41.85,73.96,42.52
8,42.25,73.49,42.52
5,42.69,73.89,42.52
8,42.33,74.37,42.52
5,42.73,74.75,42.52
5,42.87,74.31,42.52
5,42.91,73.38,42.48
2,43.25,85.62,61.23
2,48.86,83.11,58.77
2,48.46,83.59,59.4
2,47.64,85.68,61.9
2,47.74,85.36,61.26
2,46.83,85.68,62.52
2,46.83,85.39,61.9
2,50.85,85.43,59.09
2,51.61,90.4,63.73
2,52.13,90.45,62.91
2,51.94,90.41,63.26
2,51.96,89.93,63.12
2,52.15,90.43,62.82
2,52.13,89.93,62.91
2,51.92,87.71,63.9
2,51.73,89.07,63.7
2,52.14,89.5,62.82
2,52.13,88.08,62.91
2,44,83.31,62.05
2,44.2,83.08,62.05
2,44,82.27,62.52
2,43.69,82.74,61.74
2,43.96,82.87,62.05
2,43.82,82.63,62.05
2,43.56,82.57,62.05
3,43.65,82.47,62.51
3,43.51,82.34,63.15
261,42.28,66.86,40.76
327,42.15,66.94,40.38
13,40.57,74.52,42.52
82,40.19,75,42.06
47,40.12,74.12,42.07
49,39.83,75.48,42.1
109,38.95,74.67,40.58
51,39.54,74.62,41.5
15,40.64,75.4,42.52
2,40.81,72.28,42.52
20,38.9,72.85,40.58
2,40.17,71.99,42.09
6,39.5,72.95,41.54
11,40.04,73.25,42.08
7,39.68,73.72,42.12
7,40.49,73.64,42.52
59,38.44,75.6,40.58
13,40.24,75.88,42.52
12,40.32,76.76,42.52
61,39.83,76.37,42.1
10,39.91,77.24,42.51
12,40.47,78.52,42.52
13,40.39,77.64,42.52
67,39.83,78.23,42.13
10,40.07,79,42.52
2,40.47,78.52,43.15
2,40.07,79,43.15
36,39.1,76.43,41.56
132,38.59,77.36,40.58
23,39.04,78.01,41.58
47,37.78,78.32,40.59
13,38.55,79.09,41.58
36,39.27,79.14,42.16
7,39.71,79.93,42.81
10,36.94,79.3,40.59
6,37.94,80.08,41.58
340,41.73,67.35,40.92
292,41.45,66.97,40.43
19,42.27,68.6,42.52
19,41.86,69.08,42.52
141,41.4,68.68,41.89
143,41.77,68.2,41.88
266,41.51,67.79,41.44
167,40.89,69.18,41.27
84,40.6,69.64,41.36
256,41.43,68.69,41.06
296,41.18,67.83,41.13
183,40.56,68.77,40.53
75,40.12,69.24,40.55
276,40.97,68.3,40.49
239,40.89,67.43,40.49
12,41.46,69.56,42.52
102,41.02,69.17,41.94
6,41.06,70.04,42.52
2,41.14,70.92,42.52
36,40.63,69.64,42.03
21,40.7,70.52,42
2,40.31,70.99,42.07
13,39.44,70.19,40.58
10,40.02,70.14,41.48
313,43.1,67.63,40.68
206,43.26,66.87,40.57
236,42.67,66.49,40.39
4,43.07,68.1,42.64
2,43.25,67.58,42.54
177,42.57,67.25,41.27
220,43.1,67.63,41.25
64,43.25,66.83,41.2
235,43,66.84,40.38
245,42.65,67.24,40.83
228,42.34,66.83,40.91
48,43.09,67.62,41.89
19,43.25,66.83,41.87
14,42.64,68.13,42.52
12,42.85,67.64,42.5
109,42.19,67.72,41.9
266,41.77,67.32,41.37
67,42.56,67.25,41.89
2,45.95,85.42,62.52
2,46.37,85.11,61.9
2,45.49,85.16,62.52
2,45.89,84.7,61.9
2,45.01,84.78,62.52
2,45.41,84.3,61.9
3,43.52,81.95,63.77
3,43.7,82.12,63.15
2,43.87,81.86,62.52
3,43.71,81.66,63.15
2,44.15,81.66,62.51
2,44.53,84.38,62.52
2,44.93,83.9,61.9
2,44,82.27,63.15
2,44.32,82.05,62.51
2,44.46,83.5,62.52
2,44.38,82.62,62.52
2,43.39,82.57,54.4
4,43.39,82.57,53.77
2,43.82,82.64,63.15
2,52.31,90.38,62.82
2,51.65,90.4,63.13
2,52.21,89.94,62.82
2,43.52,81.95,64.54
3,43.52,81.95,64.23
3,43.51,82.34,63.77
2,43.82,82.64,62.52
2,43.69,82.74,62.05
2,43.65,82.48,63.15
210,42.45,66.35,40.7
289,42.02,66.89,40.81
211,42.41,66.13,40.37
251,41.73,66.52,40.4
7,38.29,73.84,40.58
11,38.95,74.67,41.57
10,40.16,75,42.52
5,40.09,74.12,42.52
7,39.76,75.48,42.51
26,39.68,74.61,42.11
2,37.48,74.8,40.59
5,38.44,75.6,41.58
18,37.63,76.56,40.59
3,39.4,76.4,42.81
16,38.59,77.36,41.58
3,39.55,78.16,42.82
4,36.8,77.54,40.59
6,37.79,78.32,41.58
269,41.39,66.93,41.03
249,41.15,66.98,40.46
30,41.79,68.2,42.52
24,41.39,68.68,42.52
146,40.94,68.28,41.94
2,41.79,68.2,43.15
182,41.31,67.8,41.87
112,40.53,68.76,41.38
25,40.11,69.24,41.47
240,40.92,68.29,41.24
198,40.84,67.41,41.24
25,39.91,68.39,40.56
145,40.48,67.89,40.53
72,40.39,67.02,40.53
11,40.98,69.16,42.52
66,40.56,68.76,42.04
11,40.17,69.24,42.1
3,40.58,69.64,42.52
5,40.17,70.14,42.09
202,43.09,66.81,40.68
168,43.26,66.28,40.53
176,42.94,66.04,40.37
6,43.06,67.6,42.52
4,43.25,66.84,42.51
198,42.13,66.84,41.29
107,42.82,66.78,41.27
101,43.07,66.79,41.25
70,43.26,66.26,41.17
185,42.85,66.76,40.77
181,42.59,66.36,40.84
25,43.26,66.26,41.85
32,43.06,66.8,41.88
26,42.19,67.72,42.52
2,42.19,67.72,43.15
19,42.56,67.25,42.52
161,41.7,67.32,41.88
216,41.43,66.91,41.44
115,42.11,66.84,41.9
44,42.82,66.78,41.89
2,45.41,84.3,62.52
3,43.72,81.66,64.23
3,43.7,82.12,63.77
3,43.72,81.66,63.77
2,43.88,81.86,63.15
2,44.25,81.86,62.51
2,44.15,81.66,63.14
2,44.93,83.9,62.52
2,44.02,82.27,63.77
2,44.38,82.62,63.15
2,44.32,82.05,63.15
2,43.25,70.77,48.14
2,43.25,71.65,48.14
2,43.7,82.12,64.23
3,43.51,82.34,64.54
3,43.51,82.34,64.23
2,43.65,82.48,63.77
164,42.73,65.96,40.63
178,42.3,66.05,40.73
219,41.64,66.47,40.93
118,42.62,65.61,40.4
199,42.08,66.04,40.38
127,41.37,66.09,40.44
209,41.1,66.95,41.14
72,41.08,66.11,40.46
98,40.8,66.56,40.49
32,41.31,67.8,42.52
23,40.91,68.28,42.52
61,40.48,67.87,42.04
124,40.86,67.4,41.95
8,39.9,68.39,41.5
92,40.45,67.88,41.38
28,40.36,67.01,41.39
4,39.9,66.49,40.56
16,39.98,67.49,40.56
6,40.5,68.76,42.52
12,40.03,68.37,42.11
27,43.41,66.05,41.83
68,43.41,66.05,41.14
161,43.11,66.16,40.65
137,43.42,66.05,40.51
142,43.15,65.78,40.38
7,43.26,66.26,42.49
9,43.06,66.8,42.52
177,41.69,66.44,41.38
141,42.52,66.36,41.27
100,43.1,66.15,41.23
134,42.28,65.57,40.38
154,42.31,65.99,40.92
146,42.84,65.95,40.78
44,43.1,66.16,41.88
58,42.97,65.3,40.4
29,41.71,67.32,42.52
2,41.71,67.32,43.15
23,42.11,66.84,42.52
14,42.82,66.78,42.52
128,41.24,66.92,41.87
102,41.62,66.44,41.88
79,42.52,66.37,41.89
40,41.37,66.03,41.47
2,43.88,81.86,64.23
2,43.88,81.86,63.77
2,44.16,81.66,63.77
2,44.24,81.86,63.14
16,43.3,69.1,48.86
3,43.38,68.21,48.9
2,43.05,70.77,48.14
17,43.25,70.77,48.77
3,43.27,69.14,48.38
17,43.27,69.18,48.91
2,43.25,72.46,48.14
14,43.25,71.65,48.77
2,43.65,82.48,64.23
85,42.47,65.5,40.76
143,41.98,65.97,40.83
60,41.31,66.05,41.06
29,42.01,65.15,40.41
67,41.61,65.62,40.42
30,41.04,66.08,41.16
43,40.77,66.54,41.25
3,40.29,65.74,40.53
18,40.83,67.4,42.52
4,40.05,67.53,42.11
11,40.43,67.88,42.52
20,40.43,66.99,42.03
5,39.97,67.49,41.49
7,43.41,66.05,42.49
39,43.28,65.91,41.87
18,43.97,66.04,41.81
83,43.28,65.91,41.22
44,43.98,66.04,41.11
32,44.81,66.03,40.49
134,43.29,65.91,40.64
93,43.44,65.53,40.4
63,43.99,66.04,40.5
126,43.07,65.69,40.77
77,43.33,65.27,40.7
4,46.47,65.74,40.38
45,44.77,65.81,40.37
60,43.85,65.29,40.39
11,43.1,66.16,42.51
66,42.21,65.51,40.8
116,42.06,65.97,41.31
109,42.81,65.92,41.27
90,42.57,65.55,40.91
60,42.81,65.92,41.9
43,42.87,65.16,40.77
17,42.94,65,40.38
17,41.23,66.92,42.52
14,41.63,66.44,42.52
15,42.52,66.37,42.52
21,40.79,66.52,41.95
18,41.17,66.05,41.89
68,42.03,65.96,41.9
13,41.64,65.61,41.43
7,42.43,64.69,40.41
8,43.2,68.98,48.87
8,43.35,68.55,49.32
3,43.27,68.08,48.8
11,43.05,70.77,48.77
68,43.25,70.78,49.39
21,43.25,70.01,48.78
9,43.28,69.03,49.47
26,43.27,69.13,49.45
7,43.15,69.07,48.89
22,43.26,69.46,48.79
2,43.25,73,48.14
11,43.25,72.46,48.76
55,43.25,71.65,49.38
9,43.05,71.65,48.77
9,41.95,65.1,40.95
20,41.56,65.58,41.01
2,40.34,67,42.51
8,43.25,68,49.6
6,44.78,66.03,41.8
17,44.79,66.03,41.08
2,46.88,65.51,40.38
9,43.28,65.91,42.51
7,43.96,66.04,42.48
87,43.04,65.67,41.27
46,43.04,65.67,41.9
26,43.86,65.87,41.86
4,46.37,65.83,40.66
10,45.62,66.03,40.49
58,43.87,65.87,41.21
40,44.73,65.83,40.67
87,43.88,65.87,40.65
84,43.93,65.8,40.38
99,43.33,65.46,40.82
6,46.42,65.44,40.66
57,43.76,65.09,40.74
45,44.69,65.55,40.62
21,43.84,64.99,40.37
57,44.3,65.55,40.38
13,45.56,65.62,40.36
11,42.81,65.93,42.52
59,42.44,65.5,41.29
53,42.86,65.23,40.91
37,42.44,65.48,41.9
13,42.86,64.9,40.82
3,43.35,64.68,40.39
3,40.75,66.52,42.52
3,41.15,66.04,42.52
10,42.03,65.96,42.52
8,41.55,65.55,41.88
4,41.95,65.08,41.88
6,42.02,65.12,41.39
2,42.38,64.62,40.97
4,43.26,67.58,48.77
5,43.25,67.55,49.45
6,43.28,68.73,49.47
7,43.31,68.58,49.2
7,43.27,68.35,49.59
2,42.49,71.25,48.77
5,42.77,70.78,48.77
3,43.25,76.1,49.07
2,42.44,70.36,48.77
46,43.05,70.77,49.39
13,43.06,69.99,48.78
68,43.25,70.79,50
72,43.25,70.02,49.4
13,43.26,69.01,50.15
15,43.16,68.95,49.38
22,43.14,69.04,49.36
48,43.27,69.42,49.48
10,43.11,69.4,48.79
10,43.25,73,48.76
30,43.25,72.99,49.37
6,43.05,72.46,48.77
40,43.25,72.46,49.37
60,43.25,71.65,49.98
4,42.8,71.66,48.77
31,43.05,71.65,49.39
3,43.25,68.06,50.08
3,46.9,65.65,40.79
4,44.77,66.03,42.47
3,45.62,66.03,41.42
18,44.71,65.84,41.86
32,44.71,65.84,41.2
4,46.38,65.83,41.2
4,46.38,65.83,41.86
2,46.86,65.27,40.71
6,45.67,65.12,40.37
9,43.04,65.67,42.52
7,43.86,65.87,42.51
60,43.31,65.39,41.26
34,43.32,65.4,41.9
33,43.78,65.64,41.9
6,46.44,65.55,40.8
13,45.57,65.83,40.67
63,43.78,65.64,41.27
62,43.73,65.15,40.89
45,44.67,65.59,40.8
86,43.78,65.64,40.77
22,43.75,64.85,40.78
52,44.28,65.29,40.69
14,45.48,65.32,40.68
7,44.67,64.63,40.4
6,42.44,65.48,42.52
20,42.85,65.02,41.3
14,42.84,65.01,41.9
2,43.27,64.56,40.88
2,42.39,64.68,41.41
2,43.25,67.56,50.04
3,43.25,66.84,49.4
6,43.16,68.74,49.38
4,43.12,68.4,49.5
9,43.26,68.54,50.05
7,42.49,71.25,49.4
21,42.77,70.78,49.4
9,43.25,74.42,49.07
2,43.25,76.14,50.3
5,42.75,69.87,48.77
3,42.34,69.48,49.4
9,42.44,70.36,49.4
50,43.05,70.77,50.01
54,43.07,69.99,49.39
40,43.25,70.82,50.56
57,43.25,70,50.02
9,43.25,69,50.59
12,43.08,69,50.14
23,43.26,69.39,50.01
6,42.72,69,49.4
3,42.94,69.38,48.76
37,43.11,69.37,49.43
3,42.82,72.5,48.77
5,43.05,73,48.77
13,43.05,73,49.39
37,43.25,72.99,49.97
16,43.25,73.39,49.07
19,43.05,72.46,49.39
47,43.25,72.45,49.98
32,43.25,72.98,50.45
8,42.82,72.5,49.39
42,43.25,71.65,50.57
13,42.8,71.66,49.4
36,43.05,71.65,50.01
2,43.06,68.09,50.05
2,46.91,65.83,42.49
4,46.9,65.65,41.27
2,47.31,65.5,40.82
3,46.9,65.65,41.9
2,45.6,66.03,42.79
6,44.71,65.84,42.5
3,46.38,65.83,42.5
24,44.66,65.58,41.9
36,44.66,65.58,41.27
10,45.58,65.83,41.52
8,46.45,65.5,41.26
4,46.86,65.31,40.86
6,46.45,65.5,41.9
7,45.6,64.9,40.81
7,43.32,65.4,42.52
8,43.78,65.64,42.52
24,43.71,64.94,41.28
15,43.72,64.93,41.9
24,44.2,65.32,41.9
19,45.47,65.45,40.83
41,44.19,65.32,41.27
61,44.19,65.38,40.85
6,44.6,64.43,40.94
3,42.84,65.01,42.52
4,43.25,64.56,41.36
3,43.24,64.53,41.9
2,43.25,66.86,50.02
3,42.93,68.54,49.4
9,43.08,68.55,50.02
5,43.25,68.49,50.61
9,42.49,71.25,50.02
24,42.77,70.78,50.02
19,43.25,70.9,51.13
4,43.05,74.41,49.08
10,43.25,74.46,50.26
25,42.75,69.87,49.4
2,42.34,69.48,50.02
11,42.44,70.36,50.02
31,43.06,70.78,50.61
58,43.06,69.98,50.03
35,43.25,69.99,50.58
5,43.26,68.93,51.12
6,43.05,69.01,50.62
16,43.25,69.43,50.59
5,42.7,69.01,50.02
23,42.95,69.37,49.43
22,43.09,69.38,50
4,42.55,72.13,49.4
3,42.63,73.01,49.4
18,43.05,72.99,50
6,43.05,73.39,49.08
26,43.25,73.42,50.12
24,43.05,72.46,50
36,43.25,72.47,50.57
27,43.25,73.26,50.63
15,43.06,72.99,50.51
12,42.82,72.5,50.02
19,43.25,71.63,51.16
18,42.8,71.66,50.02
27,43.05,71.65,50.62
2,46.9,65.65,42.52
3,47.32,65.45,41.26
2,47.32,65.45,41.9
5,44.66,65.58,42.52
3,45.57,65.83,42.82
3,46.45,65.5,42.52
12,45.53,65.17,41.59
4,46.84,65.1,41.26
3,46.84,65.1,41.9
4,43.72,64.93,42.52
6,44.2,65.32,42.52
8,44.55,64.48,41.69
6,42.89,68.57,49.98
2,43.05,68.51,50.63
2,43.26,68.4,51.17
5,42.5,71.25,50.65
13,42.78,70.78,50.65
13,43.07,70.84,51.21
6,43.25,70.94,51.79
17,43.26,70.45,51.22
10,43.26,74.26,51.09
5,43.05,74.44,50.29
3,43.26,74.98,51.57
25,42.75,69.87,50.01
5,42.45,70.36,50.65
34,43.06,69.96,50.61
19,43.26,70.02,51.11
3,43.28,68.87,51.45
2,43.09,68.98,51.2
12,43.26,69.41,51.17
2,42.69,69.01,50.65
17,42.93,69.39,49.95
12,43.05,69.42,50.63
7,42.55,72.13,50.02
4,42.63,73.01,50.02
3,42.85,73.41,49.08
11,43.05,73.42,50.16
19,43.06,72.49,50.62
12,43.07,73.26,50.7
23,43.26,72.58,51.07
20,43.26,73.3,51.13
3,42.62,73.01,50.64
8,42.84,72.52,50.66
10,43.26,72.27,51.61
2,43.71,66.5,50.51
6,43.25,71.62,51.81
13,43.06,71.64,51.23
13,42.8,71.66,50.65
2,45.52,65.15,42.83
2,46.32,64.33,41.75
2,44.57,66.49,50.51
2,43.78,66.31,50.58
2,45.54,77.58,50.59
2,42.5,71.25,51.27
5,42.8,70.76,51.28
3,43.08,70.88,51.86
10,43.11,70.35,51.33
6,43.27,70.47,51.76
4,43.09,74.21,51.18
9,43.35,74.25,51.44
4,43.38,74.51,51.73
11,42.74,69.87,50.65
13,43.29,70.02,51.44
12,43.1,69.96,51.2
8,43.36,69.4,51.44
6,42.88,69.43,50.66
4,43.1,69.41,51.26
14,43.35,70.2,51.44
7,43.36,70.31,51.76
11,43.45,69.92,51.44
8,43.48,70.31,51.76
3,43.69,69.85,51.11
5,42.55,72.13,50.65
5,42.86,73.39,50.38
11,43.1,72.64,51.16
9,43.11,73.32,51.23
13,43.4,73.4,51.44
6,43.09,72.35,51.68
8,43.39,72.63,51.76
2,43.53,72.34,50.95
2,44.07,71.56,50.86
2,43.89,71.56,50.71
3,44.09,71.97,50.51
3,43.75,72.46,50.51
2,43.77,73.48,50.51
2,44.53,76.54,50.51
3,43.83,75.18,50.51
6,42.81,71.66,51.27
4,43.06,71.64,51.86
2,43.77,66.31,51
2,44.53,66.31,50.58
2,45.5,66.45,50.51
2,46.93,77.58,50.6
2,46.37,77.58,50.59
2,45.05,77.02,50.51
2,45.53,77.37,50.51
5,43.44,68.84,51.45
2,43.67,68.94,51.21
2,43.7,69.35,51.02
2,45.62,77.38,50.78
3,42.98,70.3,51.44
2,43.12,70.36,51.85
5,43.31,74.16,51.57
3,43.38,74.38,51.84
2,43.52,75.34,51.24
5,43.19,69.93,51.57
2,42.78,69.89,51.29
3,43.32,69.41,51.58
9,43.32,70.08,51.57
4,43.33,70.18,51.87
8,43.52,69.84,51.57
2,43.9,69.81,51.26
6,43.58,70.18,51.87
5,43.52,70.79,51.76
2,43.52,73.57,50.96
2,43.52,72.25,51.77
2,43.53,71.57,52.8
2,42.9,73.37,51.41
8,43.41,73.42,51.57
5,43.39,72.77,51.87
2,43.99,71.56,51.23
3,43.71,72.38,51.12
3,44.37,71.97,50.88
4,44.09,72.51,50.87
2,44.3,75.97,50.88
2,44.72,76.37,50.89
3,44.23,71.97,50.71
4,43.92,72.46,50.71
3,43.94,73.48,50.71
2,44.65,76.44,50.71
3,44,75.14,50.71
6,44.67,72.38,50.51
6,44.2,72.86,50.51
4,44.34,73.95,50.51
4,44.4,74.55,50.51
2,44.99,75.99,50.51
2,44.46,75.57,50.51
2,44.48,66.31,51.01
2,45.47,66.31,50.59
2,45.97,66.31,50.56
2,46.02,66.71,50.51
2,46.99,77.38,50.78
2,46.43,77.38,50.78
2,45.14,76.88,50.71
2,45.61,77.2,50.71
2,47.32,77.58,50.6
2,46.91,77.5,50.51
2,46.47,77.32,50.51
2,45.5,76.44,50.51
2,45.98,76.96,50.51
2,43.87,68.95,51.34
4,43.5,68.9,51.58
2,45.63,77.38,51.19
2,45.66,77.09,50.89
2,45.2,76.79,50.89
3,44.21,75.14,50.87
2,43.71,75.25,51.38
2,43.7,69.78,51.92
3,43.69,70.7,51.85
3,43.69,73.57,51.11
4,44.13,73.38,50.87
2,43.52,72.27,52.77
2,43.69,72.34,51.86
2,44,71.56,51.89
4,43.35,73.41,51.92
3,44.31,71.97,51.25
3,44,72.47,51.26
5,44.81,72.37,50.89
6,44.41,72.85,50.89
5,44.52,73.77,50.86
2,44.26,75.97,51.9
2,44.25,75.97,51.25
2,44.72,76.37,51.27
5,44.6,74.65,50.86
3,44.64,75.49,50.89
3,45.12,75.9,50.89
6,44.76,72.37,50.71
6,44.33,72.85,50.71
5,44.47,73.94,50.71
5,44.52,74.53,50.71
3,45.07,75.93,50.71
3,44.57,75.52,50.71
2,45.12,71.9,50.51
9,45.22,73.26,50.51
5,45.38,75.05,50.51
2,47.86,77.58,50.6
2,45.39,66.3,51.74
2,45.57,66.5,50.78
2,46.04,66.51,50.76
2,46.23,66.31,50.56
2,45.44,66.3,51.02
2,46.4,66.42,50.51
2,47.35,77.58,51.09
2,47,77.38,51.2
2,47.02,77.19,50.89
2,46.57,77.04,50.89
2,46.44,77.38,51.19
2,47.39,77.38,50.78
2,46.98,77.31,50.71
2,46.53,77.15,50.71
3,45.56,76.35,50.71
2,46.04,76.82,50.71
2,47.33,77.25,50.51
3,46.89,76.81,50.51
4,46.39,75.88,50.51
2,44.12,69.33,51.91
2,45.66,77.09,51.27
2,45.2,76.79,51.27
2,46.08,76.74,50.89
3,45.6,76.3,50.89
3,44.07,75.12,51.54
2,43.93,70.64,51.91
2,44.18,70.19,51.9
2,43.68,72.36,52.8
2,44.32,71.97,51.89
3,43.99,72.48,51.9
3,43.99,73.46,51.55
2,44.74,71.49,51.27
2,45.22,71.9,50.89
3,44.41,72.85,51.9
4,44.81,72.37,51.9
4,44.81,72.37,51.27
5,44.41,72.85,51.27
7,45.16,73.1,50.87
4,44.56,74.19,51.54
2,44.64,75.49,51.9
3,44.64,75.49,51.27
2,45.12,75.9,51.9
3,45.12,75.9,51.27
4,45.35,75.16,50.87
2,45.18,71.9,50.71
8,45.28,73.25,50.71
5,45.44,75.02,50.71
10,46.22,74.06,50.51
3,46.06,72.25,50.51
2,43.77,66.31,54.03
2,47.85,77.58,51.08
2,47.94,77.39,50.77
3,47.81,77.47,50.51
2,48.66,77.59,50.63
2,45.56,66.47,51.18
2,47.02,77.19,51.9
2,46.57,77.04,51.9
2,47.41,77.38,51.2
2,47.02,77.19,51.27
2,47.44,76.99,50.89
3,46.96,76.62,50.89
2,46.57,77.04,51.27
2,47.4,77.09,50.71
3,46.93,76.69,50.71
4,46.42,75.82,50.71
3,47.77,76.71,50.51
3,47.32,76.25,50.51
7,47.22,75.19,50.51
2,46.08,76.74,51.27
2,46.08,76.74,51.9
3,45.6,76.3,51.27
2,45.6,76.3,51.9
4,46.45,75.88,50.88
9,47.18,74.58,50.51
2,44.74,71.49,51.9
2,45.12,75.9,52.52
2,44.39,72.43,52.83
3,45.22,71.9,51.9
2,45.62,71.42,51.9
2,45.62,71.42,51.27
3,45.22,71.9,51.27
3,45.95,72.12,50.87
5,45.33,73.24,51.54
5,45.49,74.98,51.55
9,46.25,74.04,50.71
7,47.06,73.04,50.51
4,46.09,72.25,50.71
2,43.78,66.31,55.29
2,51.24,77.59,51.17
3,49.13,77.6,50.59
2,51.11,77.44,50.76
2,50.98,77.6,50.65
8,50.62,77.14,50.49
2,48.21,77.58,51.25
2,47.92,77.38,51.19
2,47.96,77.17,50.89
3,51.1,77.37,50.65
2,47.9,77.29,50.7
2,48.78,77.43,50.77
16,49.66,77.05,50.5
2,48.6,77.43,50.5
3,48.2,77.13,50.51
2,44.5,66.31,55.35
2,47.44,76.99,51.9
3,46.96,76.62,51.9
3,47.84,76.55,50.89
2,47.44,76.99,51.27
4,47.36,76.14,50.89
3,46.96,76.62,51.27
3,47.81,76.61,50.71
3,47.35,76.18,50.71
7,47.24,75.16,50.71
8,48.14,75.73,50.51
2,46.08,76.74,52.52
2,45.6,76.3,52.52
7,47.27,75.28,50.86
4,46.44,75.77,51.57
8,47.19,74.57,50.71
10,48.03,73.9,50.51
2,45.18,71.46,52.83
3,45.33,73.22,52.83
2,45.49,74.98,52.83
4,46.13,72.26,51.55
7,46.28,74.03,51.51
7,47.07,73.04,50.71
2,43.96,66.51,55.32
3,51.22,77.59,51.93
2,51.73,77.58,51.81
3,50.99,77.6,51.58
3,51.11,77.42,51.23
3,49.26,77.47,50.71
3,51.01,77.28,50.85
4,50.84,77.46,50.77
9,50.55,77.05,50.66
6,51.21,76.78,50.5
14,50.15,76.68,50.5
2,47.94,77.17,51.91
2,48.29,77.38,51.32
2,47.94,77.17,51.25
3,48.32,76.91,50.88
3,48.83,77.2,50.86
2,48.77,77.42,51.2
2,51.52,77.15,50.69
2,52.1,77.46,51.72
14,49.7,76.96,50.66
3,48.7,77.28,50.67
3,48.27,77,50.7
10,49.1,76.57,50.5
2,45.42,66.3,55.45
2,47.44,76.99,52.52
2,46.96,76.62,52.52
3,47.84,76.55,51.9
3,47.36,76.14,51.9
7,48.05,75.81,50.87
3,47.84,76.55,51.27
4,47.36,76.14,51.27
7,48.16,75.69,50.71
12,48.98,74.73,50.51
2,46.44,75.78,52.83
7,47.23,74.82,51.53
10,48.04,73.9,50.71
2,46.13,72.26,52.83
3,46.29,74.02,52.83
6,47.08,73.05,51.51
3,51.09,77.42,51.91
2,51.68,77.58,52.51
2,51.59,77.39,51.17
2,51.57,77.39,51.86
3,51.01,77.27,51.26
4,50.86,77.46,51.57
13,49.63,77.05,50.81
2,51.33,77.06,50.86
8,50.63,77.11,50.83
2,51.59,76.65,50.86
6,51.11,76.69,50.69
13,50.14,76.62,50.69
8,50.99,76.16,50.51
2,52.1,77.46,52.4
2,52.1,77.46,53.06
2,49.26,77.46,51.57
2,48.82,77.18,51.24
8,49.1,76.68,50.85
2,48.82,77.18,51.91
2,48.32,76.92,51.89
2,48.32,76.92,51.27
2,51.9,77.28,51.83
9,49.13,76.49,50.69
13,49.97,75.53,50.51
2,47.84,76.55,52.52
2,47.36,76.14,53.15
2,47.84,76.55,53.15
3,47.36,76.14,52.52
7,48.19,75.64,51.56
11,48.97,74.72,50.71
3,47.25,74.82,52.83
7,48.04,73.88,51.51
2,46.13,72.26,54.08
3,47.09,73.06,52.83
3,51.01,77.26,51.89
2,50.18,77.41,52.88
2,51.52,77.39,52.52
2,51.48,77.38,53.15
2,51.42,77.06,51.24
5,51.04,76.76,50.85
2,51.41,77.06,51.9
2,51.65,76.65,51.9
7,50.51,77.01,51.54
10,49.93,76.77,51.52
5,51.71,75.43,50.51
7,50.91,76.1,50.7
2,48.83,77.18,52.49
2,48.32,76.92,52.52
2,51.9,77.28,52.47
2,51.9,77.28,53.11
2,52.1,76.81,52.43
2,52.1,76.82,53.08
8,49.19,76.48,51.55
11,49.95,75.5,50.71
2,50.96,74.54,50.51
3,48.2,75.63,52.83
8,48.99,74.69,51.51
3,48.05,73.87,52.83
2,47.09,73.06,54.08
2,51.47,77.38,53.76
2,51.65,76.65,52.52
2,51.42,77.06,52.52
2,51.65,76.65,53.15
2,51.43,77.06,53.15
3,50.13,76.99,52.81
5,51.56,75.38,50.71
5,50.91,76.27,51.53
2,51.9,77.28,53.75
2,52.1,76.81,54.36
2,52.1,76.81,53.72
3,49.17,76.44,52.82
2,51.9,76.7,52.48
2,51.9,76.71,53.12
7,49.95,75.48,51.51
2,50.87,74.52,50.71
2,49.01,74.67,52.83
2,48.05,73.87,54.08
2,51.65,76.65,54.4
2,51.65,76.65,53.77
2,51.43,77.06,54.4
2,51.43,77.06,53.77
2,51.47,75.34,51.52
2,50.91,76.3,52.84
2,52.1,76.82,55.59
2,52.1,76.82,54.98
2,51.9,76.71,54.38
2,51.9,76.71,53.75
2,49.96,75.47,52.83
2,51.65,76.65,55.02
2,50.91,76.31,54.08
2,51.9,76.71,55
2,52.12,68.2,52.77
2,52.48,68.99,50.51
2,52.92,69.85,50.51
2,52.24,68.43,52.77
3,52.37,69.9,50.92
3,52.54,70.8,50.51
6,52.38,70.91,51.28
2,51.97,68.33,52.8
2,52.67,69.02,50.71
2,52.53,69.03,51.15
2,53.06,69.87,50.71
2,52.24,68.43,54.16
2,52.24,68.57,52.81
3,52.54,69.88,51.09
2,52.28,70.31,52.78
3,52.36,70.45,51.68
3,52.72,70.81,50.71
5,52.56,70.87,51.42
8,52.37,71,52.78
2,52.74,69.03,51.43
3,53.15,69.79,51.32
2,52.15,69.24,52.83
2,52.33,70.18,52.82
4,52.52,70.34,51.77
7,52.36,70.47,52.78
2,52.89,68.13,52.81
4,52.81,70.81,51.54
7,52.55,70.91,52.82
8,52.37,70.99,54.12
2,52.72,69.67,51.98
4,53.12,70.25,51.86
4,52.75,69.6,52.83
6,52.5,70.34,52.82
7,52.36,70.47,54.15
2,53.02,68.06,53.97
2,53.79,68.9,52.82
7,52.38,71.72,54.09
6,52.8,70.81,52.83
7,52.55,70.9,54.1
5,52.38,70.94,55.42
3,52.38,72.72,55.31
2,52.38,69.05,56.46
3,52.37,69.98,55.73
5,52.36,70.46,55.13
3,52.74,69.6,54.08
4,53.18,70.03,52.83
6,52.5,70.34,54.11
2,53.79,68.78,53.95
6,52.58,71.67,54.09
4,52.38,71.7,55.36
6,52.8,70.81,54.08
4,52.56,70.87,55.37
2,52.38,70.88,56.62
2,52.58,72.71,55.31
2,52.38,69.83,56.67
2,52.57,69.05,56.41
3,52.53,69.94,55.63
2,52.67,69.71,54.87
5,52.52,70.35,55.05
5,53.19,70.02,54.08
2,53.83,68.92,55.33
4,53.25,71.64,54.08
3,52.58,71.67,55.34
3,52.82,70.81,55.33
2,52.57,69.81,56.64
3,53.15,69.8,55.45
4,53.08,70.3,55
2,53.98,70.68,54.08
2,77.23,133.5,42.72
2,77.22,133.42,45.96
2,79.13,135.03,48.46
2,81.05,136.66,45.9
2,77.21,133.38,44.01
2,79.14,135.12,43.01
2,81.02,136.38,44.27
2,79.13,135.03,45.96
2,79.11,134.94,44.14
